200 591
1 2
1 3
1 4
1 5
1 6
1 8
1 10
1 11
1 12
1 13
1 14
1 15
1 18
1 20
1 21
1 26
1 33
1 50
1 53
1 57
1 60
1 73
1 79
1 84
1 86
1 91
1 92
1 93
1 96
1 97
1 98
1 104
1 107
1 112
1 120
1 128
1 129
1 140
1 163
1 175
1 191
1 192
1 196
2 5
2 6
2 13
2 17
2 35
2 51
2 99
2 101
2 155
2 164
2 172
2 173
3 5
3 7
3 8
3 9
3 10
3 11
3 13
3 16
3 18
3 19
3 22
3 23
3 27
3 43
3 44
3 49
3 52
3 54
3 57
3 87
3 111
3 115
3 116
3 127
3 154
3 158
3 167
3 180
3 189
4 31
4 32
4 64
4 96
5 6
5 7
5 8
5 9
5 15
5 18
5 26
5 29
5 33
5 36
5 38
5 39
5 41
5 44
5 45
5 48
5 59
5 63
5 64
5 70
5 71
5 73
5 79
5 81
5 85
5 103
5 110
5 125
5 133
5 149
5 156
5 164
5 168
5 169
5 174
5 187
6 7
6 12
6 17
6 22
6 27
6 39
6 40
6 41
6 42
6 59
6 60
6 62
6 76
6 87
6 102
6 112
6 135
6 140
6 141
6 150
6 153
6 171
6 178
6 193
6 198
7 9
7 12
7 14
7 29
7 50
7 56
7 66
7 78
7 100
7 102
7 139
7 156
7 196
8 10
8 15
8 20
8 23
8 28
8 38
8 40
8 45
8 58
8 60
8 76
8 81
8 83
8 87
8 92
8 95
8 101
8 106
8 135
8 139
8 150
8 153
8 183
8 193
9 11
9 21
9 25
9 43
9 58
9 62
9 67
9 105
9 109
9 115
9 119
9 137
9 155
10 25
10 28
10 44
10 88
10 113
10 118
10 170
10 200
11 14
11 17
11 46
11 53
11 64
11 71
11 93
11 97
11 106
11 147
11 199
12 20
12 28
12 32
12 46
12 52
12 55
12 65
12 72
12 124
12 128
12 134
12 136
12 146
12 152
12 154
12 188
13 16
13 32
13 33
13 34
13 36
13 37
13 39
13 55
13 82
13 89
13 100
13 111
13 113
13 119
13 138
13 145
13 153
13 157
13 186
14 16
14 19
14 24
14 31
14 34
14 48
14 59
14 62
14 66
14 72
14 77
14 119
14 125
14 198
15 47
15 61
15 113
16 23
16 50
16 51
16 55
16 80
16 82
16 90
16 108
16 130
16 132
16 143
16 169
16 198
17 19
17 24
17 30
17 41
17 67
17 70
17 74
17 79
17 81
17 90
17 99
17 108
17 168
17 172
18 21
18 53
18 66
18 111
18 116
18 176
19 22
19 29
19 35
19 73
19 95
19 117
19 132
19 133
19 147
19 158
19 166
19 186
20 24
20 27
20 61
20 112
20 124
21 36
21 37
21 43
21 47
21 48
21 63
21 68
21 126
21 141
21 190
21 194
22 45
22 54
22 72
22 80
22 88
22 89
22 173
23 25
23 56
23 70
23 82
23 98
23 114
23 121
23 152
23 160
23 188
24 26
24 47
24 132
24 146
24 187
25 40
25 56
25 57
25 131
25 141
25 144
25 165
26 30
26 78
26 122
26 149
26 163
27 30
28 42
28 94
28 143
29 31
29 34
29 69
29 77
29 89
30 49
30 54
31 75
31 83
31 91
31 99
31 100
31 110
31 131
31 148
31 171
31 178
32 35
32 38
33 86
33 144
34 37
34 46
34 80
34 98
34 124
34 176
35 65
35 91
35 93
36 162
37 42
37 155
38 61
38 67
38 78
38 94
38 107
38 136
39 175
40 105
40 147
40 187
41 69
41 88
41 92
41 108
41 150
41 162
43 74
43 129
44 69
44 83
44 123
44 163
46 51
46 52
47 49
47 95
48 104
48 159
49 71
49 114
49 117
49 130
50 85
51 134
51 142
52 94
52 161
52 179
53 77
53 109
53 167
53 180
53 185
54 65
54 76
54 105
54 125
54 131
54 151
54 182
54 190
54 191
56 68
56 75
56 122
56 136
56 137
57 58
57 74
57 123
57 159
57 195
58 174
59 63
59 68
59 86
59 110
59 140
59 171
60 116
60 199
62 134
62 159
64 126
65 84
65 103
65 118
65 160
66 138
67 97
67 120
67 127
67 192
68 90
68 179
69 148
69 181
71 75
71 85
71 96
71 101
71 146
71 184
73 161
73 177
74 179
74 194
76 107
76 123
76 139
76 157
76 184
76 200
77 114
77 121
78 169
79 188
80 115
80 172
81 84
81 120
81 127
82 182
82 196
85 118
85 149
86 130
86 177
86 181
87 133
89 117
90 121
91 145
92 126
94 102
94 109
95 175
95 186
98 156
98 162
99 104
99 185
100 128
101 103
101 106
101 122
101 142
101 180
102 166
102 183
105 151
105 154
105 170
107 157
107 177
108 135
108 145
108 164
108 191
110 137
110 199
111 185
113 166
114 129
116 158
120 144
120 197
124 152
125 183
129 138
129 160
129 194
133 142
133 165
134 143
134 148
135 189
136 151
136 165
140 161
145 170
146 184
146 190
149 173
151 178
156 176
158 182
158 200
159 174
159 197
160 181
161 168
161 197
162 167
170 192
175 195
178 189
178 195
184 193
