500 2475
1 2
1 3
1 4
1 5
1 6
1 7
1 8
1 9
1 12
1 13
1 14
1 16
1 17
1 18
1 20
1 21
1 23
1 25
1 28
1 30
1 31
1 34
1 42
1 45
1 49
1 52
1 61
1 64
1 67
1 74
1 76
1 77
1 78
1 88
1 106
1 109
1 126
1 129
1 136
1 144
1 146
1 152
1 155
1 170
1 172
1 174
1 175
1 180
1 208
1 211
1 213
1 229
1 240
1 248
1 289
1 290
1 293
1 296
1 301
1 323
1 326
1 328
1 337
1 342
1 351
1 367
1 382
1 385
1 393
1 401
1 413
1 416
1 423
1 452
1 474
1 476
1 490
1 493
2 25
2 32
2 63
2 69
2 121
2 124
2 127
2 207
2 209
2 275
2 375
2 477
3 7
3 8
3 9
3 10
3 11
3 14
3 15
3 17
3 18
3 24
3 25
3 30
3 33
3 34
3 35
3 36
3 37
3 40
3 42
3 51
3 56
3 57
3 64
3 65
3 80
3 87
3 88
3 91
3 92
3 98
3 120
3 137
3 140
3 150
3 157
3 160
3 163
3 167
3 172
3 173
3 177
3 178
3 181
3 182
3 197
3 206
3 211
3 215
3 221
3 224
3 235
3 271
3 281
3 327
3 368
3 371
3 398
3 404
3 409
3 458
3 473
3 477
4 7
4 8
4 10
4 11
4 15
4 20
4 21
4 23
4 26
4 27
4 32
4 33
4 36
4 37
4 45
4 46
4 57
4 68
4 72
4 85
4 98
4 100
4 113
4 131
4 133
4 141
4 142
4 161
4 162
4 168
4 170
4 199
4 216
4 230
4 238
4 245
4 265
4 267
4 280
4 295
4 318
4 329
4 331
4 342
4 389
4 391
4 398
4 418
4 425
4 427
4 444
4 445
4 454
4 455
5 7
5 10
5 12
5 13
5 16
5 26
5 50
5 51
5 56
5 58
5 75
5 115
5 116
5 145
5 185
5 194
5 216
5 233
5 239
5 242
5 257
5 261
5 264
5 288
5 315
5 339
5 356
5 394
5 403
5 432
5 455
5 462
6 7
6 8
6 9
6 10
6 11
6 12
6 16
6 21
6 38
6 44
6 46
6 48
6 50
6 56
6 63
6 67
6 89
6 122
6 153
6 154
6 187
6 197
6 201
6 242
6 246
6 289
6 290
6 333
6 336
6 357
6 369
6 377
6 406
6 422
7 8
7 9
7 10
7 11
7 13
7 14
7 18
7 19
7 23
7 24
7 30
7 31
7 35
7 58
7 67
7 70
7 71
7 78
7 82
7 83
7 86
7 90
7 102
7 105
7 114
7 115
7 124
7 129
7 132
7 164
7 183
7 186
7 189
7 228
7 239
7 243
7 255
7 267
7 288
7 302
7 329
7 330
7 332
7 342
7 359
7 366
7 376
7 400
7 407
7 410
7 422
7 488
7 491
8 9
8 12
8 13
8 15
8 17
8 19
8 20
8 21
8 22
8 32
8 36
8 39
8 53
8 55
8 56
8 69
8 73
8 90
8 94
8 99
8 124
8 126
8 128
8 130
8 132
8 137
8 142
8 147
8 150
8 165
8 167
8 177
8 178
8 184
8 185
8 192
8 194
8 196
8 213
8 218
8 229
8 234
8 251
8 259
8 272
8 277
8 282
8 314
8 315
8 353
8 360
8 461
8 468
8 488
9 11
9 12
9 14
9 17
9 19
9 26
9 31
9 35
9 38
9 58
9 59
9 61
9 68
9 76
9 82
9 107
9 111
9 146
9 166
9 172
9 189
9 208
9 220
9 241
9 263
9 307
9 333
9 362
9 375
9 378
9 410
9 479
9 483
9 498
10 13
10 15
10 17
10 19
10 25
10 27
10 37
10 38
10 47
10 48
10 50
10 54
10 80
10 108
10 126
10 127
10 143
10 148
10 155
10 161
10 165
10 171
10 177
10 193
10 206
10 215
10 233
10 240
10 264
10 295
10 356
10 392
10 395
10 413
10 430
10 454
10 475
10 476
10 495
10 499
11 16
11 18
11 20
11 22
11 24
11 27
11 28
11 31
11 33
11 35
11 40
11 41
11 43
11 48
11 60
11 63
11 66
11 68
11 74
11 83
11 87
11 93
11 94
11 95
11 96
11 104
11 118
11 124
11 144
11 148
11 151
11 181
11 188
11 194
11 204
11 225
11 292
11 320
11 328
11 334
11 348
11 358
11 384
11 386
11 399
11 411
11 412
11 443
11 459
11 472
11 473
11 474
11 477
12 18
12 21
12 24
12 27
12 38
12 40
12 44
12 49
12 70
12 71
12 72
12 77
12 81
12 91
12 98
12 99
12 106
12 109
12 117
12 131
12 138
12 152
12 153
12 157
12 176
12 193
12 202
12 242
12 248
12 267
12 319
12 320
12 335
12 338
12 345
12 359
12 370
12 373
12 394
12 428
12 434
12 435
12 436
12 438
13 14
13 15
13 26
13 42
13 59
13 62
13 83
13 88
13 102
13 111
13 116
13 132
13 173
13 183
13 217
13 222
13 282
13 288
13 346
13 349
13 391
13 392
13 395
13 400
13 414
13 450
13 487
13 499
14 16
14 22
14 26
14 28
14 29
14 38
14 64
14 71
14 72
14 103
14 106
14 120
14 125
14 131
14 149
14 156
14 163
14 174
14 205
14 232
14 236
14 278
14 289
14 377
14 426
14 432
14 471
14 486
14 500
15 22
15 29
15 32
15 41
15 55
15 200
15 204
15 251
15 256
15 261
15 286
15 313
15 350
15 362
15 370
15 384
15 385
15 450
15 457
16 19
16 27
16 35
16 39
16 42
16 43
16 45
16 47
16 52
16 60
16 61
16 76
16 80
16 88
16 89
16 90
16 92
16 95
16 123
16 128
16 138
16 142
16 175
16 176
16 187
16 188
16 192
16 238
16 251
16 276
16 309
16 310
16 321
16 323
16 379
16 394
16 406
16 447
16 476
17 22
17 23
17 24
17 25
17 40
17 45
17 56
17 63
17 80
17 83
17 99
17 119
17 133
17 140
17 159
17 186
17 200
17 207
17 226
17 253
17 263
17 275
17 285
17 333
17 341
17 387
17 390
17 400
17 403
17 458
17 468
18 32
18 33
18 50
18 67
18 82
18 162
18 168
18 178
18 181
18 201
18 268
18 274
18 290
18 304
18 306
18 318
18 333
18 356
18 384
18 470
19 20
19 23
19 29
19 30
19 33
19 34
19 36
19 37
19 39
19 41
19 42
19 44
19 45
19 55
19 58
19 68
19 69
19 73
19 82
19 89
19 90
19 97
19 101
19 105
19 108
19 112
19 121
19 131
19 136
19 138
19 143
19 145
19 153
19 163
19 175
19 183
19 190
19 203
19 252
19 256
19 265
19 267
19 299
19 320
19 322
19 336
19 346
19 381
19 382
19 384
19 387
19 390
19 411
19 453
19 458
19 464
19 484
19 485
20 78
20 88
20 122
20 127
20 139
20 240
20 246
20 283
20 374
20 494
21 29
21 30
21 44
21 61
21 62
21 65
21 71
21 168
21 169
21 191
21 210
21 257
21 306
21 308
21 312
21 328
21 330
21 436
21 448
22 34
22 39
22 43
22 46
22 48
22 52
22 53
22 70
22 72
22 84
22 93
22 121
22 123
22 149
22 155
22 158
22 162
22 182
22 211
22 243
22 281
22 300
22 315
22 317
22 359
22 368
22 371
22 446
22 453
23 31
23 50
23 51
23 57
23 64
23 74
23 91
23 92
23 120
23 284
23 463
24 28
24 46
24 51
24 59
24 62
24 83
24 186
24 193
24 199
24 209
24 215
24 248
24 335
24 342
24 345
24 348
24 417
24 437
24 440
24 460
24 469
24 470
25 43
25 59
25 66
25 67
25 75
25 81
25 86
25 89
25 95
25 96
25 98
25 108
25 123
25 135
25 155
25 165
25 179
25 248
25 249
25 253
25 285
25 298
25 310
25 369
25 419
25 494
26 28
26 49
26 85
26 86
26 104
26 110
26 147
26 174
26 197
26 216
26 219
26 255
26 276
26 338
26 344
27 29
27 34
27 74
27 79
27 86
27 112
27 140
27 162
27 179
27 273
27 303
27 330
27 340
27 341
27 417
27 471
28 41
28 65
28 94
28 98
28 100
28 112
28 117
28 134
28 172
28 354
28 355
28 418
28 436
28 447
28 451
28 470
29 39
29 41
29 43
29 44
29 47
29 52
29 53
29 54
29 70
29 79
29 106
29 116
29 137
29 139
29 142
29 149
29 173
29 188
29 198
29 227
29 235
29 249
29 328
29 343
29 396
29 448
29 468
29 471
29 482
29 499
30 37
30 40
30 52
30 53
30 108
30 114
30 134
30 146
30 189
30 217
30 219
30 231
30 254
30 275
30 294
30 364
30 367
31 54
31 57
31 69
31 78
31 80
31 118
31 120
31 122
31 159
31 196
31 213
31 226
31 257
31 268
31 322
31 370
31 373
31 391
32 54
32 58
32 65
32 66
32 68
32 94
32 130
32 166
32 179
32 189
32 190
32 198
32 223
32 275
33 69
33 157
33 202
33 220
33 231
33 233
33 292
33 324
33 369
33 444
33 452
34 47
34 49
34 77
34 94
34 115
34 236
34 239
34 270
34 327
34 441
35 36
35 48
35 85
35 101
35 135
35 144
35 147
35 152
35 231
35 245
35 250
35 345
35 354
35 415
35 466
36 46
36 55
36 90
36 95
36 102
36 104
36 113
36 134
36 138
36 164
36 181
36 192
36 238
36 374
36 401
37 73
37 91
37 214
37 218
37 268
37 392
37 397
37 418
38 49
38 79
38 81
38 104
38 158
38 188
38 190
38 213
38 242
38 252
38 323
38 334
38 350
38 390
38 411
38 434
38 448
38 475
38 495
39 57
39 73
39 85
39 96
39 111
39 118
39 120
39 126
39 133
39 177
39 214
39 228
39 230
39 307
39 317
39 359
39 363
39 387
39 398
39 405
39 460
39 462
40 51
40 87
40 105
40 121
40 132
40 133
40 134
40 136
40 139
40 169
40 171
40 182
40 183
40 221
40 244
40 301
40 396
40 429
41 92
41 111
41 150
41 151
41 155
41 287
41 362
42 59
42 70
42 77
42 79
42 127
42 164
42 185
42 203
42 212
42 224
42 232
42 260
42 269
42 276
42 299
42 321
42 426
42 466
43 54
43 72
43 116
43 175
43 214
43 284
43 338
43 352
43 383
43 467
43 473
44 62
44 109
44 130
44 347
44 353
45 47
45 60
45 107
45 132
45 141
45 170
45 171
45 250
45 336
45 420
45 434
46 66
46 172
46 212
46 279
46 296
46 361
46 375
46 383
46 472
46 480
47 55
47 95
47 137
47 201
47 215
47 237
47 246
47 252
47 254
47 311
47 330
47 366
47 489
48 84
48 97
48 112
48 164
48 184
48 241
48 260
48 266
48 282
48 298
48 315
48 409
48 419
48 449
48 486
49 221
49 331
49 343
49 395
49 490
50 53
50 97
50 234
50 303
50 464
51 75
51 79
51 84
51 107
51 111
51 117
51 128
51 129
51 214
51 216
51 227
51 263
51 309
51 376
51 421
51 496
52 81
52 110
52 135
52 166
52 245
52 262
52 431
52 442
53 60
53 159
53 181
53 422
54 78
54 141
54 171
54 176
54 179
54 264
54 297
54 325
54 355
54 390
54 454
55 104
55 167
55 225
55 248
56 66
56 74
56 76
56 84
56 86
56 87
56 100
56 103
56 141
56 184
56 208
56 220
56 228
56 229
56 255
56 272
56 287
56 342
56 356
56 381
56 427
56 450
57 61
57 85
57 118
57 130
57 194
57 273
57 336
57 343
58 60
58 63
58 76
58 101
58 110
58 125
58 147
58 169
58 197
58 210
58 250
58 258
58 338
58 385
58 387
58 450
58 457
59 62
59 113
59 115
59 122
59 146
59 158
59 195
59 200
59 232
59 297
59 298
59 303
59 352
59 379
59 449
59 469
60 64
60 102
60 108
60 112
60 121
60 191
60 241
60 247
60 267
60 356
60 366
60 411
60 431
60 444
60 498
61 84
61 109
61 128
61 154
61 165
61 202
61 265
61 339
61 347
62 200
62 318
62 340
62 373
62 414
62 479
62 481
63 65
63 127
63 284
63 465
63 467
64 82
64 102
64 117
64 164
64 168
64 225
64 241
64 260
64 271
64 278
64 338
64 339
64 344
64 400
65 75
65 91
65 101
65 157
65 222
65 230
65 281
65 302
65 305
66 93
66 129
66 148
66 160
66 225
66 288
66 303
66 305
66 349
66 367
66 447
67 75
67 77
67 152
67 194
67 237
67 247
67 410
67 453
68 71
68 118
68 294
68 308
68 323
68 325
68 430
68 433
69 73
69 97
69 175
69 191
69 226
69 409
69 486
70 110
70 184
70 205
70 226
70 235
70 284
70 295
70 354
70 419
70 466
71 214
71 271
71 277
71 465
72 161
72 187
72 364
72 378
72 489
73 143
73 169
73 247
73 256
73 312
73 451
73 483
74 81
74 93
74 97
74 103
74 105
74 123
74 128
74 139
74 246
74 290
74 296
74 301
74 318
74 383
74 393
74 418
74 449
74 455
74 485
75 129
75 154
75 190
75 234
75 406
75 493
76 144
76 250
76 304
76 340
76 399
77 89
77 114
77 262
77 283
77 285
77 288
78 96
78 133
78 171
78 247
78 270
78 347
78 369
79 119
79 167
79 238
79 254
79 287
79 408
79 416
79 430
80 105
80 160
80 193
80 204
80 212
80 230
80 232
80 373
80 382
81 99
81 141
81 163
81 257
81 285
81 444
82 252
83 96
83 216
83 447
83 477
84 87
84 92
84 109
84 110
84 205
84 209
84 231
84 253
84 289
84 374
84 380
84 393
84 421
84 424
85 100
85 114
85 117
85 125
85 145
85 197
85 208
85 212
85 273
85 304
85 352
86 142
86 251
86 455
86 491
87 150
87 158
87 281
87 394
88 131
88 153
88 210
88 229
88 244
88 378
88 391
88 488
89 106
89 115
89 125
89 136
89 140
89 223
89 239
89 261
89 280
89 377
89 451
90 156
90 300
90 392
90 427
90 428
90 437
91 173
91 176
91 202
91 259
91 448
91 468
92 93
92 156
92 195
92 244
92 321
92 348
92 440
93 126
93 136
93 180
93 183
93 217
93 221
93 261
93 271
93 364
93 455
93 459
94 101
94 123
94 190
94 192
94 230
94 238
94 258
95 148
95 180
95 245
95 259
95 297
95 492
96 188
96 270
96 309
96 403
96 405
96 407
96 448
96 481
97 103
97 195
97 302
97 395
97 467
98 99
98 166
98 199
98 272
98 274
98 456
99 100
99 107
99 122
99 152
99 159
99 266
99 282
99 406
99 423
99 441
99 496
100 350
101 114
101 145
101 160
101 276
101 312
101 366
101 452
101 459
102 103
102 113
102 135
102 151
102 218
102 289
102 324
102 347
102 403
102 441
103 107
103 148
103 149
103 255
103 285
103 311
103 319
103 384
103 422
104 177
104 348
104 400
104 410
104 461
104 465
105 156
105 160
105 205
105 268
105 354
105 374
105 456
105 488
105 489
106 116
106 343
106 386
106 423
108 113
108 119
108 167
108 235
108 292
108 379
109 161
109 253
109 344
109 358
109 371
109 442
109 458
109 496
110 119
110 151
110 274
110 290
110 402
110 417
111 235
111 271
112 184
112 217
112 357
112 380
112 421
113 134
113 135
113 138
113 140
113 276
113 297
113 355
113 380
113 402
113 500
114 119
114 204
114 205
114 243
114 283
114 334
114 360
114 403
114 407
114 420
114 458
115 149
115 370
115 436
115 473
116 258
118 176
118 254
118 266
118 280
118 314
118 440
118 445
119 124
119 125
119 146
119 174
119 185
119 198
119 219
119 294
119 322
119 352
119 469
119 480
119 494
121 162
121 170
121 187
121 196
121 302
121 326
121 399
122 161
122 182
122 196
122 215
122 262
122 266
122 299
122 328
122 404
122 415
122 471
122 500
123 143
123 157
123 251
124 139
124 154
124 207
124 222
124 298
125 130
125 143
125 242
125 260
125 401
126 253
126 311
126 465
127 272
127 287
127 312
127 323
127 472
128 154
128 305
129 186
129 278
129 296
129 339
129 497
130 219
130 293
130 374
130 446
131 137
131 228
131 402
132 166
132 278
132 424
132 441
133 274
133 283
133 397
134 145
134 158
134 237
134 313
134 329
134 331
135 144
135 233
135 327
136 156
136 224
136 385
136 438
137 153
137 199
137 200
137 243
137 408
138 203
138 227
138 269
138 381
138 387
138 439
138 491
139 257
139 263
139 300
139 368
139 454
140 165
140 307
140 378
141 147
141 163
141 207
141 362
141 499
142 182
142 237
142 361
142 388
142 462
142 498
143 179
143 213
143 327
143 365
143 404
144 198
144 223
144 270
144 292
144 380
144 389
144 434
145 192
145 236
146 198
146 286
146 319
146 341
147 236
147 246
147 406
148 150
148 151
148 207
148 314
148 325
148 484
149 168
149 173
149 174
149 206
149 264
149 294
149 373
149 426
149 463
150 185
150 187
150 451
150 465
151 201
151 460
152 159
152 193
152 220
152 240
152 351
152 364
152 432
152 450
152 483
153 199
153 201
153 211
153 291
153 320
153 401
153 457
153 472
153 494
154 286
154 332
155 206
155 220
155 232
155 237
155 262
155 286
155 293
155 296
155 321
155 334
155 472
155 493
156 431
156 453
156 459
157 169
157 180
157 249
157 360
157 364
157 383
157 463
158 170
158 209
158 212
158 280
158 313
159 203
159 222
159 395
160 254
160 258
160 274
160 308
161 210
161 226
161 300
161 320
161 421
161 439
161 443
161 500
162 284
163 191
163 196
163 218
163 221
163 224
163 398
163 461
163 499
165 314
165 319
166 191
166 266
166 442
167 339
168 202
168 234
168 478
169 195
169 404
169 444
170 178
170 186
170 217
170 234
170 360
170 363
171 405
172 178
172 209
172 210
172 311
172 334
172 495
173 278
173 483
174 399
175 255
175 304
175 349
175 420
176 337
177 223
177 412
177 426
177 488
178 180
178 243
178 330
178 422
179 379
179 429
179 489
180 297
180 386
181 204
181 241
181 291
181 294
183 189
183 258
183 307
183 311
183 316
183 397
183 399
183 435
183 476
184 208
184 223
184 249
184 250
185 256
185 496
186 203
186 412
186 432
187 440
188 280
188 340
188 474
189 461
190 227
191 195
191 229
191 240
191 314
191 408
191 443
191 463
191 469
192 245
192 433
193 265
193 269
193 298
193 378
193 388
193 392
194 228
194 269
194 402
195 259
195 303
195 418
196 279
196 496
197 291
197 357
197 431
197 451
198 219
198 275
198 324
198 340
198 346
198 351
199 222
199 302
199 322
199 478
200 353
200 417
202 304
204 206
204 227
204 260
204 319
205 277
205 301
205 345
205 462
206 287
206 433
206 480
207 305
208 218
208 225
208 368
209 293
209 349
210 211
210 322
210 428
210 495
211 396
212 409
213 316
213 416
214 224
214 388
215 291
215 317
216 244
216 247
216 261
216 295
216 443
216 474
218 231
218 268
218 273
218 329
219 393
221 244
221 256
221 281
221 308
221 315
221 397
222 375
223 233
223 291
223 351
223 361
223 377
223 497
224 349
224 386
224 393
224 460
226 337
226 341
226 408
226 425
226 427
227 236
227 262
227 485
228 445
229 252
230 272
231 362
231 369
232 306
232 388
232 456
232 482
233 363
234 404
235 249
235 313
235 358
235 438
237 357
238 239
238 361
240 331
241 259
241 343
241 361
242 423
243 283
243 367
243 459
244 277
245 337
245 436
245 478
246 316
246 321
246 337
246 456
246 491
247 277
247 293
247 335
249 317
250 299
250 344
250 420
251 318
251 366
251 424
251 430
251 432
252 269
252 439
252 466
252 484
252 490
253 442
254 300
254 409
254 485
255 279
255 335
256 263
256 348
256 479
257 316
257 487
258 265
258 447
259 270
259 433
260 264
260 299
260 317
260 326
260 441
261 279
261 419
262 492
264 445
265 346
265 386
266 324
266 325
266 365
266 401
266 486
267 286
267 295
267 333
267 344
267 370
267 382
268 325
268 365
268 396
268 463
269 273
269 398
269 433
270 306
270 376
271 279
271 376
272 475
273 282
273 396
273 411
274 437
274 439
274 480
274 489
275 326
278 358
278 439
279 355
279 467
280 407
280 412
280 461
281 332
281 410
282 352
284 292
284 306
284 309
284 457
285 354
286 382
286 390
288 310
289 437
290 437
292 353
292 475
293 357
294 301
294 336
295 307
295 417
295 434
296 341
296 438
296 492
298 363
300 305
300 310
300 365
302 309
302 310
302 332
302 353
302 372
302 413
303 372
304 316
304 335
304 429
304 435
304 484
305 308
305 313
306 347
306 380
306 391
306 428
307 460
308 430
308 446
308 478
309 312
309 414
310 487
311 331
311 346
311 360
311 407
312 324
312 492
313 372
313 464
315 326
315 368
316 413
316 420
317 358
317 359
319 355
319 405
320 351
320 435
321 329
322 327
322 381
324 345
324 402
324 414
325 332
325 467
325 471
327 394
328 385
329 415
336 377
336 492
339 413
343 350
344 365
345 421
346 456
346 462
347 350
349 379
350 381
352 424
352 453
352 498
353 388
354 397
354 427
354 482
355 372
355 375
355 464
356 367
357 389
358 408
358 416
359 372
359 449
360 363
360 443
361 412
362 452
362 498
363 415
365 383
366 425
367 371
367 389
367 425
369 371
369 376
369 454
369 470
369 486
371 419
371 426
371 469
373 476
373 490
375 481
377 389
377 442
380 425
382 477
382 494
386 405
387 428
388 473
389 449
393 495
394 423
394 424
396 487
397 416
398 429
402 431
402 479
406 415
407 479
407 482
408 474
409 478
409 484
412 435
413 414
414 457
418 440
419 446
421 438
421 446
423 429
424 445
432 497
437 483
437 487
438 466
438 475
443 452
444 464
444 470
444 481
445 482
451 491
456 481
458 490
459 500
460 468
469 480
473 493
477 485
480 493
484 497
496 497
