500 499
1 2
1 3
1 4
1 5
1 17
1 49
1 52
1 110
1 123
1 240
1 263
1 310
1 396
2 75
2 109
2 118
2 148
2 167
2 221
2 316
2 427
3 10
3 23
3 26
3 30
3 33
3 37
3 41
3 60
3 85
3 114
3 160
3 182
3 186
3 191
3 196
3 206
3 302
3 319
3 383
3 398
3 419
3 436
3 471
3 474
4 6
4 7
4 8
4 9
4 11
4 12
4 14
4 20
4 21
4 22
4 27
4 32
4 34
4 35
4 39
4 54
4 63
4 64
4 67
4 71
4 77
4 87
4 88
4 90
4 93
4 97
4 105
4 112
4 128
4 133
4 136
4 142
4 150
4 171
4 201
4 207
4 208
4 211
4 213
4 231
4 236
4 239
4 253
4 259
4 293
4 347
4 354
4 364
4 367
4 376
4 391
4 394
4 439
4 442
4 470
4 493
5 42
5 176
5 444
6 36
6 43
6 48
6 82
6 147
6 162
6 165
6 166
6 226
6 275
6 488
7 101
8 25
8 194
8 248
8 267
8 402
9 13
9 15
9 18
9 19
9 111
9 126
9 145
9 180
9 265
9 318
9 322
9 325
9 395
10 16
10 215
11 57
11 100
11 185
11 358
12 29
12 69
12 94
12 134
12 329
12 348
12 443
12 483
13 304
13 327
16 55
17 175
17 356
18 190
18 250
18 418
19 40
19 205
19 262
19 307
19 397
19 409
20 53
20 80
20 120
20 127
20 219
20 330
22 24
22 378
23 68
23 79
23 154
23 179
23 384
23 390
23 445
25 290
25 414
27 28
27 156
27 247
28 58
28 73
28 89
28 92
28 220
28 415
29 31
29 38
29 96
29 234
29 288
29 486
32 107
32 228
34 314
34 338
34 475
36 289
37 45
37 121
37 157
37 189
37 295
37 468
38 46
38 59
38 62
38 169
38 224
38 229
38 336
38 411
38 452
39 140
39 280
39 386
39 456
39 492
40 44
40 56
40 74
40 131
40 135
40 223
40 249
40 349
40 410
41 130
41 178
41 193
41 315
41 352
41 361
41 368
41 412
41 421
42 99
43 50
43 65
43 95
43 119
43 161
43 168
43 235
43 238
43 400
43 469
44 98
44 255
45 138
45 158
45 197
45 294
45 339
45 446
45 466
46 47
46 86
46 149
46 246
47 51
47 81
47 264
47 308
47 311
47 351
47 375
47 393
47 405
47 426
47 455
48 78
49 163
49 187
49 266
50 91
50 448
50 464
51 104
51 218
51 370
51 388
52 326
53 381
55 70
57 102
57 276
57 476
58 453
59 83
59 117
59 225
59 287
59 312
59 485
60 61
60 72
61 66
61 195
61 209
61 252
61 283
61 346
63 108
63 241
63 461
64 143
64 272
64 422
64 497
65 496
68 174
68 199
69 188
69 297
69 337
70 103
70 106
70 113
70 115
70 132
70 242
70 323
70 449
70 462
71 129
71 210
71 359
73 76
73 84
73 125
73 321
75 137
75 146
78 212
79 177
80 184
80 202
80 420
81 258
81 291
81 365
83 159
83 170
89 350
90 153
90 284
94 116
94 438
95 204
95 269
95 328
96 155
96 173
96 282
98 164
100 124
100 279
101 463
102 340
103 335
105 227
105 278
106 141
106 144
106 181
106 341
107 243
108 139
111 360
113 122
113 192
113 256
113 303
113 431
113 451
115 363
118 257
118 260
118 268
118 467
120 230
120 425
122 237
122 416
124 200
124 217
126 172
126 274
126 371
128 465
129 151
132 331
133 406
134 357
137 152
137 216
137 369
140 203
140 333
143 366
145 389
145 472
146 286
146 437
149 305
149 429
151 301
152 482
156 317
157 459
158 300
160 222
160 298
160 499
161 245
161 292
161 296
161 473
161 490
164 198
164 244
166 355
173 183
173 342
174 270
176 424
179 385
180 432
183 214
183 401
183 434
189 299
191 417
195 285
196 254
199 320
207 251
207 460
208 478
213 489
216 324
216 423
220 441
226 233
226 271
226 277
228 281
228 373
229 343
230 273
231 232
231 362
232 309
232 372
232 479
235 261
235 450
238 382
239 392
246 491
250 344
253 306
253 379
257 428
261 435
265 377
268 458
277 345
281 334
282 495
291 403
296 407
310 404
311 313
326 332
331 487
336 353
342 481
344 374
348 454
355 498
359 408
364 380
364 387
364 480
374 399
380 433
382 430
388 477
406 494
410 413
410 500
411 457
415 447
425 484
433 440
