300 1475
1 2
1 3
1 4
1 5
1 6
1 7
1 8
1 9
1 13
1 22
1 26
1 32
1 44
1 49
1 51
1 58
1 73
1 79
1 82
1 88
1 94
1 98
1 106
1 121
1 165
1 172
1 200
1 206
1 235
1 239
1 250
1 263
1 299
2 7
2 8
2 11
2 12
2 13
2 22
2 28
2 37
2 43
2 44
2 45
2 47
2 52
2 72
2 78
2 79
2 92
2 93
2 101
2 103
2 104
2 117
2 130
2 134
2 139
2 143
2 149
2 153
2 161
2 222
2 243
2 265
2 274
2 281
2 290
2 293
3 7
3 8
3 9
3 10
3 13
3 15
3 19
3 23
3 32
3 33
3 39
3 51
3 53
3 57
3 61
3 62
3 67
3 78
3 146
3 148
3 178
3 180
3 194
3 198
3 276
3 282
3 291
4 7
4 79
4 84
4 95
4 173
4 261
5 7
5 9
5 10
5 11
5 15
5 16
5 18
5 21
5 27
5 30
5 35
5 38
5 46
5 49
5 54
5 58
5 63
5 77
5 86
5 88
5 104
5 108
5 109
5 111
5 118
5 119
5 128
5 130
5 137
5 149
5 153
5 156
5 179
5 186
5 187
5 193
5 199
5 203
5 210
5 218
5 233
5 249
5 262
5 270
5 277
5 283
5 285
5 287
5 295
6 8
6 9
6 23
6 30
6 78
6 110
6 163
7 8
7 9
7 10
7 11
7 12
7 14
7 15
7 16
7 17
7 18
7 25
7 26
7 27
7 28
7 43
7 45
7 46
7 56
7 59
7 60
7 76
7 83
7 90
7 91
7 94
7 95
7 111
7 113
7 114
7 140
7 147
7 172
7 187
7 196
7 202
7 209
7 210
7 217
7 221
7 252
7 255
7 259
7 272
7 278
7 288
7 297
8 10
8 13
8 14
8 15
8 16
8 18
8 19
8 24
8 28
8 30
8 36
8 37
8 40
8 43
8 48
8 50
8 51
8 54
8 69
8 73
8 83
8 90
8 94
8 95
8 102
8 103
8 104
8 105
8 109
8 112
8 122
8 136
8 153
8 159
8 162
8 166
8 167
8 168
8 173
8 181
8 183
8 196
8 200
8 204
8 207
8 218
8 230
8 234
8 236
8 243
8 262
8 272
8 279
8 281
8 300
9 10
9 11
9 12
9 15
9 16
9 17
9 18
9 23
9 27
9 29
9 31
9 34
9 36
9 46
9 50
9 51
9 53
9 55
9 56
9 63
9 71
9 85
9 90
9 97
9 104
9 113
9 122
9 124
9 127
9 129
9 134
9 139
9 143
9 147
9 148
9 171
9 176
9 185
9 202
9 232
9 235
9 237
9 262
9 295
10 11
10 12
10 14
10 17
10 19
10 20
10 21
10 22
10 23
10 32
10 33
10 36
10 37
10 40
10 41
10 42
10 44
10 52
10 55
10 56
10 59
10 61
10 75
10 81
10 85
10 86
10 95
10 97
10 101
10 102
10 109
10 111
10 119
10 137
10 142
10 150
10 167
10 184
10 190
10 193
10 199
10 211
10 217
10 224
10 245
10 247
10 265
10 280
10 293
11 12
11 14
11 19
11 20
11 26
11 28
11 29
11 31
11 33
11 34
11 46
11 47
11 69
11 86
11 88
11 99
11 107
11 120
11 131
11 133
11 139
11 147
11 154
11 172
11 181
11 185
11 187
11 192
11 204
11 210
11 216
11 230
11 231
11 240
11 252
11 257
11 259
11 264
11 268
11 273
11 292
12 13
12 16
12 18
12 19
12 20
12 24
12 25
12 27
12 35
12 42
12 43
12 50
12 52
12 58
12 60
12 62
12 70
12 72
12 74
12 76
12 86
12 87
12 107
12 112
12 114
12 125
12 135
12 138
12 142
12 147
12 152
12 174
12 179
12 188
12 204
12 214
12 218
12 219
12 249
12 251
12 261
12 280
12 282
12 294
13 14
13 21
13 26
13 30
13 39
13 41
13 47
13 53
13 61
13 63
13 64
13 66
13 71
13 72
13 75
13 76
13 77
13 82
13 92
13 96
13 97
13 99
13 135
13 170
13 178
13 244
13 245
13 251
13 256
13 259
13 269
13 276
13 278
13 283
14 17
14 20
14 21
14 22
14 25
14 32
14 40
14 48
14 52
14 69
14 70
14 73
14 80
14 89
14 112
14 115
14 118
14 120
14 146
14 157
14 161
14 199
14 208
14 214
14 226
14 240
14 241
14 254
14 271
15 17
15 26
15 33
15 36
15 37
15 41
15 47
15 70
15 84
15 86
15 149
15 192
15 197
15 203
15 266
15 274
16 22
16 24
16 28
16 30
16 34
16 38
16 48
16 49
16 52
16 56
16 65
16 107
16 123
16 125
16 129
16 132
16 142
16 154
16 155
16 167
16 178
16 188
16 190
16 191
16 195
16 202
16 205
16 208
16 209
16 214
16 228
16 236
16 257
16 260
16 263
16 292
17 20
17 61
17 66
17 115
17 137
17 150
17 189
17 227
17 236
17 272
17 277
17 293
18 21
18 29
18 55
18 57
18 62
18 74
18 98
18 126
18 140
18 155
18 157
18 196
18 199
18 213
18 225
18 227
18 243
18 271
18 299
19 24
19 25
19 45
19 54
19 59
19 62
19 71
19 78
19 84
19 85
19 87
19 90
19 95
19 96
19 108
19 112
19 113
19 115
19 132
19 147
19 158
19 177
19 211
19 221
19 247
19 250
19 253
20 23
20 31
20 41
20 64
20 81
20 103
20 108
20 114
20 136
20 137
20 141
20 170
20 172
20 201
20 220
20 222
21 24
21 25
21 37
21 40
21 42
21 43
21 47
21 65
21 72
21 81
21 85
21 93
21 97
21 100
21 101
21 112
21 113
21 118
21 120
21 133
21 136
21 140
21 145
21 166
21 173
21 190
21 203
21 205
21 249
21 256
21 274
21 299
22 45
22 54
22 59
22 61
22 87
23 29
23 31
23 32
23 34
23 35
23 59
23 64
23 75
23 87
23 92
23 94
23 99
23 119
23 128
23 177
23 185
23 195
23 220
23 252
23 253
23 256
24 39
24 91
24 92
24 115
24 123
24 224
24 232
24 251
24 282
25 27
25 31
25 38
25 39
25 110
25 148
25 186
25 216
25 219
26 58
26 89
26 114
26 117
26 133
26 151
26 231
26 264
26 275
26 278
27 60
27 68
27 84
27 149
27 270
27 283
28 29
28 35
28 50
28 53
28 54
28 64
28 72
28 83
28 93
28 94
28 99
28 100
28 119
28 122
28 197
28 208
28 227
28 279
28 292
29 33
29 36
29 38
29 44
29 48
29 51
29 78
29 79
29 83
29 126
29 129
29 195
29 198
29 213
29 225
29 294
29 296
30 35
30 40
30 67
30 128
30 163
30 167
30 169
30 170
30 174
30 188
30 217
30 241
30 267
30 286
30 288
30 290
31 62
31 64
31 67
31 69
31 76
31 77
31 80
31 85
31 135
31 151
31 170
31 172
31 211
31 228
31 242
32 34
32 38
32 45
32 57
32 70
32 76
32 77
32 107
32 150
32 193
32 194
32 249
32 257
32 277
32 290
33 55
33 105
33 114
33 116
33 131
33 142
33 182
33 221
33 248
34 41
34 46
34 81
34 141
34 180
34 259
35 175
35 209
36 79
36 176
36 219
37 49
37 60
37 66
37 93
37 97
37 117
37 118
37 143
37 145
37 152
37 168
37 194
37 214
37 231
38 39
38 63
38 65
38 69
38 201
38 207
38 233
38 260
38 270
39 42
39 66
39 74
39 100
39 106
39 108
39 129
39 166
39 177
39 203
39 204
39 230
39 238
39 266
39 281
40 44
40 50
40 65
40 134
40 142
40 238
40 294
41 42
41 48
41 55
41 82
41 96
41 125
41 144
41 192
41 202
41 232
42 254
43 49
43 65
43 66
43 71
43 77
43 84
43 96
43 99
43 103
43 110
43 123
43 127
43 134
43 135
43 137
43 175
43 184
43 185
43 195
43 226
43 227
43 233
43 246
43 248
43 253
43 257
43 300
44 60
44 124
44 131
44 138
44 183
44 228
45 157
45 164
45 204
45 219
46 124
46 165
46 206
46 217
46 242
47 100
47 131
47 145
47 181
47 214
47 226
47 234
47 299
48 58
48 125
48 138
48 171
48 184
48 268
48 277
49 53
49 160
49 235
50 57
50 74
50 109
50 126
50 186
50 242
50 280
51 63
51 68
51 110
51 124
51 144
51 151
51 157
51 158
51 173
52 80
52 98
52 101
52 151
52 169
52 241
52 300
53 56
53 70
53 75
53 127
53 132
53 218
53 255
53 264
53 265
53 277
53 286
54 57
54 68
54 75
54 80
54 82
54 105
54 122
54 123
54 140
54 145
54 156
54 159
54 164
54 174
54 189
54 194
54 206
54 244
54 268
55 100
55 156
56 178
56 242
56 272
57 73
57 74
57 96
57 133
57 134
57 141
57 154
57 190
57 223
57 270
58 67
58 106
58 169
58 174
58 221
59 82
59 104
59 148
59 152
59 188
59 202
60 67
60 68
60 126
60 158
60 165
60 297
61 73
61 158
61 210
61 215
61 223
61 261
61 263
62 71
62 91
62 182
62 211
62 266
63 175
64 121
64 189
64 226
64 275
64 288
65 167
66 88
66 106
66 117
66 184
66 212
66 224
66 249
66 254
66 289
66 296
67 68
67 121
67 135
67 159
67 163
67 176
67 186
67 205
67 232
67 276
68 102
68 122
68 212
68 220
68 264
68 267
69 103
69 106
69 116
69 121
69 130
69 154
69 159
69 162
69 177
69 212
69 224
69 225
69 229
70 89
70 110
70 126
70 128
70 199
70 224
70 262
71 143
72 91
72 105
72 108
72 125
72 132
72 133
72 154
72 193
72 206
72 213
72 247
72 260
72 274
72 287
74 80
74 89
74 143
74 166
74 196
74 197
74 281
75 81
75 124
75 127
75 218
75 235
75 259
75 273
75 289
76 83
76 117
76 207
76 237
76 260
76 266
76 284
77 93
77 101
77 116
77 123
77 191
77 217
77 221
78 87
78 88
78 90
78 91
78 102
78 146
78 173
78 180
78 197
78 244
78 247
78 268
78 284
79 139
79 168
79 183
79 215
79 238
79 287
79 294
80 105
80 113
80 120
80 144
80 177
80 208
81 116
81 165
81 166
81 179
81 197
81 238
81 285
82 253
83 89
83 109
83 150
83 156
83 183
83 229
83 276
84 270
84 298
85 98
86 92
86 98
86 213
86 276
86 288
87 164
87 169
87 258
87 263
87 295
88 164
89 138
89 168
90 140
90 183
91 169
91 186
91 189
91 209
91 256
91 268
92 223
93 155
93 176
93 219
93 250
94 141
94 146
94 188
94 297
95 141
95 160
95 205
95 207
95 279
96 118
96 175
97 130
97 136
97 139
97 158
97 239
97 263
97 283
98 138
98 296
100 102
100 120
100 185
100 228
100 274
101 155
101 162
101 213
102 107
102 111
102 152
102 156
102 187
102 234
102 241
102 287
103 132
103 194
103 287
104 195
104 229
106 148
106 271
107 111
107 243
109 128
109 152
109 179
109 207
109 230
109 244
111 115
111 127
111 131
111 187
111 266
112 129
112 171
113 212
114 144
114 155
114 163
114 299
115 116
115 241
115 254
116 119
116 184
117 121
117 161
117 215
117 216
118 160
118 239
118 256
118 269
119 146
119 237
119 239
119 260
119 289
120 136
120 191
121 151
121 206
121 285
122 150
122 209
123 225
125 175
126 200
127 191
128 130
128 144
128 145
128 170
128 182
128 226
128 240
129 157
129 239
130 165
130 192
130 292
131 161
131 164
131 191
131 215
131 248
132 159
132 228
132 295
133 265
134 160
134 176
134 215
134 225
134 273
135 168
135 210
135 222
135 238
137 246
137 258
137 298
140 289
142 265
143 161
143 180
143 275
143 279
143 291
144 149
145 179
145 203
145 230
145 240
145 275
146 171
146 223
146 231
146 242
147 182
147 193
147 198
147 278
148 153
148 222
148 300
149 178
150 160
150 162
150 286
151 171
151 190
151 247
151 272
151 282
152 153
152 211
152 234
152 255
152 267
153 223
154 254
155 198
155 201
155 251
156 216
157 182
157 252
158 258
158 278
159 181
159 205
159 235
160 162
160 163
160 174
160 189
160 201
160 240
161 181
161 201
162 216
162 236
162 289
163 293
166 286
166 291
167 180
167 192
167 196
167 293
169 212
170 255
176 283
177 222
178 208
179 246
181 234
181 250
182 258
183 291
186 250
188 245
188 269
190 200
190 220
190 252
190 257
190 295
191 200
192 245
193 198
193 246
195 236
198 282
199 231
199 280
201 237
201 290
203 285
204 296
205 267
205 273
205 285
206 233
207 246
208 271
209 229
209 248
209 288
211 279
212 229
212 251
212 280
212 297
213 232
214 262
216 220
216 261
216 291
221 227
221 233
222 275
226 248
226 296
227 284
227 298
233 237
233 243
233 244
233 245
233 255
238 281
240 253
240 298
241 261
241 267
241 269
242 258
243 264
245 271
249 292
250 269
252 284
256 286
262 273
263 298
265 300
269 284
269 290
274 297
293 294
