100 609
1 57
1 24
1 76
1 6
1 7
1 94
1 41
1 5
1 1
1 2
1 50
1 66
1 87
1 97
2 3
2 66
2 6
2 88
2 94
2 2
2 81
2 62
2 4
2 50
2 59
2 80
3 22
3 87
3 75
3 4
3 81
3 57
3 85
3 88
3 70
3 45
3 66
3 80
4 64
4 39
4 24
4 85
4 75
4 57
4 41
4 13
4 5
4 50
4 65
4 80
5 99
5 25
5 81
5 94
5 97
5 76
5 57
5 23
5 6
5 45
5 75
5 87
6 85
6 75
6 59
6 65
6 7
6 81
6 10
6 24
6 45
6 50
6 80
6 88
6 97
7 65
7 24
7 75
7 41
7 80
7 8
7 7
8 44
8 16
8 55
8 65
8 8
8 57
8 66
8 49
8 45
8 50
8 97
9 48
9 23
9 68
9 18
9 52
9 46
9 47
9 77
9 86
9 24
9 19
9 39
10 56
10 43
10 69
10 10
10 17
10 33
10 37
10 13
10 77
10 71
10 89
10 92
10 95
10 19
11 60
11 95
11 92
11 53
11 11
11 91
11 22
11 31
11 29
11 64
11 99
11 50
12 28
12 83
12 42
12 36
12 77
12 74
12 68
12 18
12 98
12 15
12 48
13 21
13 99
13 56
13 43
13 70
13 16
13 49
13 31
13 48
13 33
13 81
14 58
14 60
14 27
14 20
14 62
14 15
14 93
14 38
14 30
14 71
14 34
14 44
14 51
14 79
14 89
15 78
15 60
15 32
15 62
15 93
15 51
15 61
15 34
15 43
15 21
15 58
16 64
16 53
16 84
16 92
16 16
16 37
16 71
16 22
16 33
16 40
16 43
16 56
16 82
16 95
17 22
17 53
17 40
17 89
17 82
17 37
17 71
17 17
17 69
17 95
17 24
18 78
18 42
18 46
18 28
18 86
18 83
18 52
18 49
18 19
18 29
18 73
18 74
19 100
19 23
19 68
19 74
19 35
19 29
19 39
19 25
19 36
19 42
19 47
19 55
20 67
20 20
20 58
20 72
20 26
20 90
20 21
20 86
20 51
20 54
20 63
20 33
20 48
20 88
21 93
21 30
21 62
21 72
21 27
21 54
21 51
21 26
21 32
21 38
21 58
21 60
21 63
21 78
21 90
22 56
22 91
22 84
22 22
22 71
22 33
22 43
22 49
23 77
23 52
23 48
23 68
23 55
23 42
23 23
23 36
23 46
23 98
23 100
23 45
24 81
24 65
24 24
24 50
24 85
25 67
25 73
25 100
25 29
25 42
25 68
25 86
25 55
25 28
25 35
25 83
26 44
26 62
26 61
26 27
26 38
26 90
26 93
26 66
26 58
26 63
26 72
26 78
27 32
27 44
27 54
27 72
27 96
27 30
27 50
27 90
27 40
28 72
28 77
28 39
28 98
28 29
28 55
28 75
28 47
28 52
29 46
29 83
29 77
29 47
29 84
29 42
30 34
30 78
30 96
30 32
30 30
30 97
30 62
30 67
30 80
31 53
31 40
31 31
31 49
31 82
31 71
31 41
31 37
32 54
32 38
32 96
32 79
32 44
32 48
32 63
33 82
33 56
33 69
33 33
33 43
33 70
33 91
33 92
34 96
34 67
34 63
34 60
34 79
34 72
34 81
34 38
34 71
34 87
35 48
35 46
35 36
35 35
35 68
35 77
35 62
35 55
35 100
36 93
36 36
36 74
36 77
36 41
37 56
37 37
37 71
37 70
37 94
37 40
37 49
37 69
37 84
38 54
38 90
38 60
38 96
38 92
38 51
38 67
38 93
39 90
39 73
39 86
39 39
39 74
39 55
40 63
40 84
40 91
40 43
40 82
40 49
40 92
40 99
41 81
41 76
41 87
41 75
41 61
41 45
41 57
41 80
42 84
42 77
42 86
42 58
43 99
43 84
43 73
43 49
43 64
43 70
43 82
43 95
44 96
44 58
44 62
44 51
44 72
44 63
44 79
44 91
45 59
45 88
45 97
45 76
45 57
45 66
45 80
45 85
46 77
46 47
46 74
46 48
46 90
46 100
47 95
47 86
47 48
47 55
47 99
47 52
47 74
48 68
49 99
49 91
49 89
49 86
49 53
49 71
50 65
50 76
50 59
50 97
51 93
51 78
51 54
51 75
51 79
52 55
52 86
52 68
52 83
52 99
53 99
53 82
53 64
53 91
53 60
53 69
53 70
53 89
53 74
54 60
54 93
54 96
54 98
54 61
54 62
54 90
54 100
54 59
55 98
55 73
56 56
56 89
56 58
56 69
56 84
56 68
57 85
57 94
57 83
57 66
57 88
58 96
58 78
58 67
58 82
58 60
58 62
58 66
59 82
59 76
59 87
59 80
59 94
59 66
60 61
60 72
60 63
60 90
60 97
61 93
61 79
61 67
61 90
61 96
61 74
62 67
62 68
62 78
63 67
63 79
63 78
64 89
64 64
64 69
64 95
64 71
65 88
65 94
65 81
65 72
65 97
66 88
66 75
66 76
67 72
67 75
69 69
69 77
70 79
70 92
70 99
70 84
70 76
71 82
71 89
72 90
73 83
73 77
73 86
73 74
73 94
73 100
74 98
76 76
78 96
79 96
79 93
80 94
80 85
80 87
81 87
81 85
83 98
83 100
83 86
83 92
83 85
84 92
84 91
85 88
85 87
86 98
87 88
88 97
89 91
89 95
91 99
92 92
92 95
93 94
95 99
98 98
100 100
