100 622
1 45
1 39
1 56
1 89
1 11
1 76
1 38
1 60
1 67
1 33
1 5
1 28
1 46
2 55
2 76
2 10
2 63
2 3
2 13
2 90
2 34
2 29
2 83
2 6
2 69
3 95
3 18
3 63
3 26
3 3
3 42
3 6
3 28
3 9
3 12
3 29
3 100
4 43
4 76
4 89
4 28
4 5
4 45
4 41
4 82
4 67
4 24
4 11
4 38
4 58
4 64
4 80
4 8
4 19
5 61
5 60
5 28
5 46
5 64
5 89
5 62
5 93
5 41
5 56
5 58
5 67
5 79
5 100
6 78
6 29
6 34
6 26
6 14
6 42
6 31
6 57
6 69
6 75
6 81
7 22
7 98
7 7
7 83
7 30
7 21
7 25
7 20
7 84
7 15
7 17
7 23
7 35
7 88
8 8
8 51
8 16
8 40
8 54
8 57
8 73
8 71
8 36
8 37
8 47
8 49
8 72
8 87
8 92
8 97
9 29
9 86
9 95
9 18
9 9
9 31
9 26
9 27
9 10
9 12
9 69
9 75
9 78
9 90
9 100
10 95
10 78
10 81
10 18
10 29
10 34
10 48
10 38
10 12
10 13
10 69
10 86
10 90
10 57
11 20
11 59
11 11
11 82
11 89
11 46
11 53
11 28
11 39
11 91
12 75
12 18
12 31
12 63
12 34
12 48
12 41
12 100
13 48
13 84
13 14
13 29
13 13
13 63
13 22
13 34
13 69
14 33
14 26
14 31
14 14
14 84
14 100
14 27
14 29
15 77
15 55
15 23
15 17
15 21
15 27
15 85
15 24
15 99
15 30
15 32
15 83
15 93
15 94
15 98
15 48
16 37
16 47
16 70
16 68
16 87
16 53
16 51
16 50
16 79
16 92
16 99
17 88
17 22
17 24
17 77
17 83
17 43
17 20
17 26
17 27
17 64
18 81
18 48
18 18
18 86
18 87
18 34
18 42
18 90
19 39
19 56
19 37
19 72
19 71
19 99
19 47
19 97
19 44
19 49
19 51
19 96
20 77
20 32
20 85
20 22
20 25
20 20
20 21
20 23
20 27
20 33
20 74
20 88
20 80
20 73
21 27
21 24
21 33
21 74
21 21
21 39
21 25
21 65
21 77
22 65
22 98
22 23
22 43
22 33
22 85
22 97
22 24
22 55
22 77
22 67
22 72
23 33
23 55
23 85
23 27
23 93
23 61
23 24
23 30
23 35
23 43
23 77
23 49
24 55
24 32
24 74
24 65
24 95
24 25
24 27
24 35
24 43
24 77
24 98
24 70
25 74
25 85
25 35
25 93
25 94
25 26
25 55
26 48
26 63
26 31
26 55
26 84
26 54
27 93
27 32
27 55
27 90
27 43
27 85
27 82
28 61
28 79
28 66
28 60
28 45
28 77
28 38
28 41
28 46
28 58
28 82
28 91
29 42
29 31
29 50
29 90
30 35
30 30
30 94
30 43
30 88
30 96
30 33
30 50
30 52
31 75
31 90
31 63
31 43
31 36
32 83
32 85
32 43
32 32
32 34
32 65
32 88
33 65
33 98
33 94
33 35
33 83
33 61
33 87
34 79
34 63
34 60
34 69
34 81
34 86
35 94
35 85
35 93
35 50
35 77
36 44
36 68
36 71
36 57
36 52
36 87
36 54
36 70
36 40
36 49
36 50
36 96
37 96
37 53
37 49
37 73
37 99
37 70
37 42
37 40
37 51
37 54
37 87
37 97
38 46
38 45
38 56
38 64
38 66
38 39
38 95
38 58
39 46
39 89
39 60
39 64
39 91
39 56
40 70
40 99
40 47
40 54
40 49
40 57
40 98
40 51
40 52
40 68
40 97
41 64
41 62
41 60
41 58
41 79
41 61
41 52
41 66
41 76
42 48
42 75
42 63
42 81
42 95
42 70
42 69
43 88
43 98
43 74
43 83
43 75
44 71
44 52
44 49
44 97
44 96
44 53
44 57
44 65
44 87
44 92
45 74
45 76
45 56
45 80
45 46
45 72
45 59
45 62
46 83
46 64
46 81
46 59
46 76
47 57
47 68
47 53
47 71
47 51
47 98
47 49
47 54
47 72
47 92
48 85
48 60
48 84
48 86
49 89
49 52
49 68
49 87
50 65
50 88
50 86
50 96
50 68
50 53
50 54
50 57
50 70
50 73
50 92
51 57
51 97
51 87
51 61
51 99
52 98
52 96
52 52
52 71
52 72
53 87
53 57
53 71
53 59
53 68
53 73
54 78
54 73
54 68
55 88
55 83
55 93
55 74
55 94
56 76
56 82
56 58
56 62
56 61
56 66
56 91
56 84
56 97
57 71
57 73
57 92
57 99
58 91
58 82
58 60
58 95
58 59
58 67
58 79
58 81
59 82
59 80
59 89
59 60
59 59
60 62
60 61
60 76
60 80
61 76
61 82
61 62
61 66
61 80
61 91
62 79
62 82
62 67
62 78
62 64
62 66
62 80
62 91
63 90
63 74
63 86
64 64
64 80
64 91
65 94
65 93
65 77
65 98
65 99
66 93
66 79
66 82
66 100
66 67
67 80
67 67
68 91
68 81
69 95
69 75
69 72
70 99
70 72
70 97
70 92
71 92
71 78
71 72
72 73
73 73
73 99
74 98
74 88
74 83
75 86
75 81
75 84
75 78
76 79
77 96
77 83
77 98
78 86
78 78
78 84
78 96
79 79
79 91
80 89
81 86
81 84
83 92
84 95
84 90
85 93
85 90
86 100
87 92
88 94
88 93
89 89
93 94
94 95
95 100
96 97
100 100
