100 1436
1 4
1 11
1 60
1 53
1 39
1 94
1 54
1 70
1 100
1 80
1 76
1 33
1 19
1 29
1 93
1 91
1 41
1 65
1 44
1 86
1 34
1 1
1 36
1 92
1 45
1 52
1 71
1 10
2 54
2 65
2 55
2 85
2 40
2 15
2 78
2 77
2 2
2 25
2 7
2 38
2 48
2 57
2 64
2 36
2 75
2 96
2 87
2 42
2 63
2 93
2 90
2 52
2 5
2 9
2 30
2 37
2 58
2 61
2 84
3 21
3 11
3 76
3 91
3 13
3 56
3 92
3 10
3 68
3 95
3 14
3 51
3 22
3 12
3 8
3 90
3 79
3 61
3 69
3 74
3 23
3 28
3 53
3 83
3 43
3 16
3 47
3 84
4 21
4 91
4 54
4 71
4 41
4 65
4 29
4 4
4 52
4 19
4 11
4 94
4 33
4 34
4 45
4 100
4 60
4 70
4 44
4 76
4 22
4 97
4 6
4 80
4 93
5 65
5 80
5 5
5 96
5 9
5 87
5 75
5 42
5 15
5 77
5 78
5 48
5 37
5 36
5 55
5 40
5 63
5 25
5 57
5 85
5 39
5 47
5 23
5 7
5 30
5 38
5 58
5 64
5 68
6 62
6 17
6 99
6 32
6 27
6 46
6 97
6 81
6 83
6 89
6 21
6 31
6 6
6 67
6 73
6 43
6 82
6 59
6 49
6 24
6 88
6 68
6 96
6 10
6 20
6 66
6 72
6 52
6 86
6 30
6 13
6 35
7 41
7 60
7 58
7 55
7 57
7 77
7 25
7 30
7 75
7 50
7 37
7 38
7 15
7 48
7 78
7 40
7 64
7 87
7 63
7 7
7 91
7 31
7 9
7 42
7 61
7 90
7 98
8 34
8 69
8 79
8 14
8 8
8 12
8 22
8 56
8 47
8 35
8 23
8 74
8 13
8 68
8 51
8 61
8 28
8 90
8 10
8 92
8 89
8 76
8 30
8 16
8 26
8 84
8 95
8 98
9 59
9 55
9 48
9 77
9 75
9 78
9 87
9 64
9 25
9 63
9 15
9 30
9 58
9 96
9 36
9 57
9 85
9 40
9 50
9 12
9 13
9 69
9 37
9 38
9 42
10 15
10 42
10 92
10 61
10 14
10 13
10 51
10 12
10 98
10 47
10 26
10 95
10 10
10 68
10 84
10 56
10 28
10 90
10 17
10 86
10 16
10 22
10 35
10 74
11 49
11 76
11 34
11 39
11 71
11 29
11 11
11 33
11 44
11 54
11 65
11 45
11 100
11 94
11 53
11 60
11 86
11 52
11 91
11 12
11 21
11 19
11 41
11 80
11 26
11 47
11 74
12 89
12 45
12 12
12 16
12 74
12 90
12 69
12 47
12 84
12 51
12 68
12 28
12 35
12 61
12 56
12 79
12 64
12 62
12 48
12 13
12 26
12 95
12 98
13 49
13 90
13 47
13 22
13 13
13 79
13 28
13 56
13 92
13 26
13 16
13 69
13 61
13 35
13 74
13 95
13 17
13 55
13 14
13 23
13 51
13 68
13 84
14 75
14 35
14 28
14 92
14 90
14 61
14 26
14 95
14 68
14 51
14 56
14 16
14 79
14 74
14 22
14 84
14 23
14 14
14 46
14 36
14 69
14 98
15 75
15 57
15 64
15 50
15 15
15 40
15 87
15 36
15 77
15 25
15 78
15 38
15 48
15 42
15 58
15 63
15 96
15 79
15 49
15 30
15 85
15 28
16 18
16 24
16 43
16 90
16 92
16 47
16 98
16 69
16 79
16 51
16 22
16 16
16 35
16 84
16 28
16 82
16 32
16 54
16 23
16 26
16 95
17 89
17 24
17 32
17 20
17 67
17 73
17 59
17 66
17 97
17 62
17 27
17 21
17 83
17 49
17 72
17 17
17 99
17 81
17 18
17 88
17 77
17 86
17 51
17 31
17 43
17 46
17 82
18 62
18 27
18 81
18 59
18 20
18 43
18 24
18 21
18 83
18 88
18 89
18 66
18 49
18 82
18 46
18 99
18 97
18 32
18 67
18 72
18 31
18 87
18 33
18 73
18 58
19 81
19 91
19 54
19 65
19 76
19 29
19 86
19 71
19 41
19 60
19 34
19 39
19 19
19 100
19 33
19 44
19 80
19 94
19 89
19 27
19 78
19 45
19 53
19 93
19 30
19 37
20 31
20 46
20 27
20 89
20 82
20 67
20 83
20 62
20 88
20 73
20 81
20 99
20 72
20 97
20 66
20 59
20 21
20 43
20 32
20 54
20 63
20 53
20 24
20 49
20 71
21 43
21 66
21 32
21 72
21 82
21 31
21 81
21 62
21 46
21 89
21 88
21 27
21 99
21 97
21 59
21 67
21 21
21 78
21 49
21 73
21 83
21 80
21 57
21 26
22 62
22 72
22 95
22 51
22 26
22 35
22 68
22 28
22 56
22 79
22 92
22 84
22 90
22 74
22 23
22 63
22 87
22 97
22 69
22 98
23 97
23 87
23 79
23 95
23 74
23 35
23 26
23 28
23 92
23 90
23 68
23 23
23 51
23 69
23 64
23 44
23 72
23 47
23 61
23 84
24 46
24 27
24 83
24 81
24 97
24 49
24 72
24 66
24 43
24 99
24 88
24 89
24 82
24 62
24 32
24 31
24 24
24 56
24 69
24 59
24 67
24 73
24 70
24 57
24 85
25 33
25 38
25 40
25 78
25 96
25 87
25 36
25 37
25 85
25 77
25 75
25 57
25 30
25 42
25 58
25 64
25 63
25 74
25 28
25 43
25 48
25 50
25 55
25 56
26 66
26 72
26 88
26 80
26 98
26 74
26 51
26 84
26 68
26 95
26 69
26 90
26 47
26 92
26 44
26 28
26 35
26 56
26 61
27 49
27 72
27 88
27 46
27 31
27 32
27 97
27 67
27 62
27 27
27 82
27 43
27 99
27 89
27 83
27 39
27 96
27 92
27 73
27 81
27 48
28 89
28 54
28 36
28 84
28 92
28 56
28 47
28 74
28 35
28 28
28 42
28 91
28 61
28 95
28 98
29 65
29 86
29 70
29 33
29 71
29 39
29 41
29 76
29 45
29 34
29 94
29 60
29 29
29 93
29 52
29 44
29 91
29 31
29 82
29 79
29 53
29 54
29 80
30 94
30 78
30 96
30 85
30 37
30 58
30 50
30 77
30 48
30 55
30 75
30 42
30 36
30 30
30 40
30 86
30 57
30 63
30 64
30 68
30 69
31 49
31 97
31 81
31 59
31 31
31 62
31 73
31 72
31 83
31 88
31 99
31 32
31 82
31 89
31 93
31 54
31 55
31 43
31 46
31 66
31 67
31 90
32 73
32 82
32 83
32 49
32 59
32 81
32 89
32 46
32 62
32 97
32 32
32 43
32 72
32 36
32 98
32 65
32 67
32 99
32 60
33 39
33 60
33 76
33 91
33 33
33 65
33 44
33 100
33 52
33 93
33 71
33 45
33 54
33 80
33 94
33 50
33 68
33 34
33 41
33 53
33 70
33 86
33 38
33 55
33 85
33 69
34 62
34 80
34 45
34 86
34 39
34 76
34 52
34 44
34 34
34 91
34 94
34 54
34 65
34 70
34 53
34 88
34 75
34 41
34 60
34 71
34 100
34 42
34 92
35 66
35 36
35 68
35 74
35 98
35 47
35 35
35 79
35 51
35 92
35 61
35 81
35 88
35 69
35 84
35 90
36 73
36 54
36 63
36 57
36 87
36 55
36 58
36 96
36 50
36 64
36 77
36 37
36 75
36 48
36 86
36 38
36 40
36 42
36 78
36 85
36 68
37 62
37 53
37 37
37 96
37 57
37 42
37 77
37 75
37 38
37 55
37 50
37 48
37 40
37 78
37 86
37 52
37 58
37 63
37 64
37 85
37 87
38 46
38 39
38 53
38 63
38 77
38 38
38 87
38 42
38 64
38 48
38 85
38 96
38 57
38 88
38 59
38 40
38 55
38 75
39 83
39 44
39 52
39 54
39 45
39 76
39 91
39 53
39 39
39 86
39 70
39 65
39 60
39 41
39 74
39 96
39 80
39 100
39 56
39 84
40 77
40 55
40 48
40 57
40 87
40 50
40 58
40 64
40 63
40 85
40 96
40 40
40 86
40 82
40 42
41 53
41 76
41 54
41 94
41 80
41 100
41 41
41 44
41 93
41 52
41 60
41 86
41 45
41 50
41 51
41 65
41 70
41 91
42 71
42 76
42 87
42 50
42 75
42 64
42 96
42 85
42 78
42 48
42 58
42 61
42 55
42 57
42 63
43 97
43 66
43 99
43 49
43 82
43 88
43 59
43 73
43 83
43 62
43 67
43 89
43 43
43 51
43 46
43 72
43 81
43 94
43 63
44 89
44 97
44 80
44 60
44 53
44 44
44 45
44 94
44 91
44 70
44 93
44 54
44 74
44 68
44 67
44 52
44 65
44 76
44 86
44 58
44 77
44 92
45 82
45 91
45 93
45 100
45 52
45 94
45 53
45 86
45 60
45 71
45 54
45 65
45 83
45 59
45 70
45 76
45 48
46 99
46 49
46 89
46 88
46 82
46 66
46 67
46 72
46 62
46 73
46 97
46 59
46 79
46 57
46 81
46 83
46 51
46 56
47 59
47 70
47 90
47 84
47 79
47 47
47 98
47 92
47 51
47 74
47 72
47 100
47 56
47 61
47 68
47 69
47 95
48 78
48 48
48 85
48 77
48 87
48 58
48 75
48 50
48 64
48 86
48 55
48 57
48 63
49 89
49 67
49 99
49 88
49 66
49 49
49 73
49 83
49 81
49 97
49 100
49 59
49 62
49 72
50 67
50 77
50 96
50 78
50 55
50 87
50 50
50 75
50 85
50 80
50 66
50 60
50 57
50 58
50 63
50 64
51 88
51 99
51 70
51 98
51 68
51 92
51 95
51 64
51 89
51 61
51 69
51 79
51 84
51 90
52 59
52 100
52 60
52 70
52 91
52 53
52 80
52 54
52 93
52 65
52 86
52 94
52 62
52 73
52 71
52 76
52 78
52 87
53 54
53 70
53 71
53 80
53 53
53 93
53 86
53 100
53 91
53 56
53 60
53 65
53 76
53 94
53 55
54 93
54 71
54 86
54 80
54 76
54 100
54 70
54 60
54 90
55 60
55 55
55 63
55 78
55 85
55 75
55 64
55 100
55 96
56 87
56 79
56 68
56 98
56 90
56 56
56 84
56 92
56 74
56 95
57 82
57 93
57 75
57 77
57 85
57 96
57 87
57 81
57 63
57 64
57 95
58 67
58 81
58 78
58 85
58 96
58 75
58 87
58 77
58 64
58 79
59 97
59 89
59 99
59 73
59 83
59 66
59 59
59 67
59 88
59 81
59 62
59 72
59 82
59 63
59 85
60 76
60 91
60 65
60 60
60 94
60 80
60 70
60 71
60 93
60 100
61 99
61 79
61 98
61 61
61 90
61 68
61 74
61 69
61 65
61 84
62 99
62 81
62 73
62 66
62 89
62 62
62 82
62 72
62 67
62 88
62 95
63 96
63 78
63 77
63 85
63 64
63 82
63 75
64 85
64 64
64 77
64 79
64 92
64 91
64 78
64 87
65 91
65 71
65 76
65 86
65 94
65 100
65 93
65 89
65 70
66 72
66 89
66 99
66 88
66 66
66 83
66 67
66 97
66 82
66 79
66 73
67 81
67 82
67 73
67 97
67 72
67 67
67 84
67 88
67 91
67 100
68 90
68 68
68 98
68 79
68 69
68 74
69 98
69 90
69 79
69 95
69 92
69 84
69 82
70 83
70 80
70 76
70 86
70 100
70 71
70 94
70 91
71 100
71 93
71 71
71 80
71 76
71 94
71 86
71 97
72 89
72 97
72 88
72 81
72 82
72 72
72 73
72 83
73 88
73 99
73 97
73 82
73 89
73 77
73 98
74 86
74 93
74 96
74 92
74 80
74 81
74 90
74 95
74 98
75 99
75 96
75 85
75 78
75 79
75 92
75 77
76 80
76 91
76 94
76 93
76 77
77 87
77 94
77 83
77 85
77 96
78 82
78 86
78 78
78 81
78 87
79 93
79 91
79 83
79 84
79 90
79 95
80 80
80 93
80 94
80 91
80 86
80 100
81 81
81 88
81 99
81 89
81 97
81 91
81 82
81 83
81 100
82 99
82 82
82 88
82 83
82 89
83 88
83 99
83 83
83 89
83 93
83 97
83 91
84 98
84 92
84 84
84 90
84 95
85 85
85 87
86 86
86 93
86 91
86 94
86 100
86 98
87 87
88 99
88 97
88 90
88 89
88 93
88 98
89 97
89 99
89 96
90 95
91 91
91 100
92 92
92 95
92 98
93 93
93 100
94 94
94 100
94 99
94 95
95 95
96 96
97 97
97 99
97 100
98 98
