100 1404
1 11
1 13
1 30
1 45
1 63
1 21
1 75
1 83
1 9
1 37
1 16
1 85
1 94
1 1
1 42
1 86
1 93
1 68
1 90
1 26
1 80
1 97
1 60
1 17
1 24
1 65
1 70
1 62
1 69
1 77
1 78
1 81
2 93
2 58
2 57
2 33
2 8
2 55
2 27
2 29
2 22
2 61
2 28
2 71
2 36
2 32
2 2
2 4
2 73
2 76
2 48
2 72
2 91
2 60
2 11
2 88
2 49
2 66
2 5
3 44
3 43
3 59
3 23
3 50
3 19
3 13
3 92
3 39
3 40
3 53
3 47
3 14
3 6
3 17
3 96
3 89
3 35
3 100
3 11
3 38
3 3
3 62
3 85
3 20
3 52
4 53
4 16
4 72
4 57
4 55
4 4
4 73
4 22
4 36
4 91
4 66
4 48
4 58
4 29
4 32
4 95
4 28
4 71
4 27
4 76
4 78
4 85
4 20
4 8
4 33
4 41
4 54
4 82
5 23
5 56
5 85
5 22
5 88
5 78
5 18
5 10
5 62
5 77
5 46
5 31
5 74
5 7
5 54
5 5
5 15
5 82
5 64
5 87
5 25
5 55
5 72
5 99
6 50
6 52
6 35
6 89
6 44
6 53
6 43
6 20
6 92
6 40
6 17
6 96
6 59
6 13
6 34
6 38
6 100
6 47
6 14
6 19
6 23
6 97
6 33
6 42
6 11
6 56
6 28
7 39
7 95
7 25
7 81
7 88
7 74
7 82
7 31
7 79
7 15
7 60
7 78
7 7
7 67
7 87
7 64
7 62
7 99
7 69
7 54
7 43
7 45
7 80
7 12
7 46
8 9
8 27
8 28
8 29
8 61
8 33
8 48
8 22
8 55
8 49
8 58
8 32
8 76
8 73
8 66
8 36
8 95
8 57
8 72
8 8
8 64
8 17
8 51
8 71
8 12
8 77
8 87
9 35
9 100
9 16
9 98
9 86
9 75
9 45
9 9
9 70
9 21
9 65
9 24
9 84
9 26
9 90
9 63
9 83
9 85
9 37
9 94
9 18
9 76
9 30
9 42
9 56
9 68
9 80
9 93
9 36
10 75
10 25
10 81
10 74
10 54
10 46
10 79
10 31
10 62
10 64
10 77
10 67
10 82
10 60
10 88
10 69
10 12
10 15
10 97
10 78
10 87
10 16
10 100
10 50
10 18
11 89
11 100
11 96
11 20
11 38
11 92
11 43
11 59
11 23
11 11
11 17
11 34
11 44
11 13
11 53
11 50
11 39
11 40
11 35
11 60
11 16
11 19
11 47
11 52
11 25
12 13
12 38
12 89
12 93
12 87
12 54
12 31
12 67
12 88
12 15
12 12
12 79
12 60
12 64
12 18
12 81
12 78
12 82
12 69
12 100
12 72
12 25
12 46
12 77
12 99
13 39
13 17
13 59
13 23
13 47
13 96
13 43
13 53
13 20
13 34
13 35
13 14
13 19
13 89
13 50
13 38
13 44
13 100
13 92
13 57
13 78
13 97
14 17
14 89
14 14
14 19
14 100
14 35
14 59
14 38
14 23
14 44
14 40
14 20
14 92
14 39
14 52
14 53
14 47
14 34
14 74
14 99
14 27
14 50
14 96
14 69
15 20
15 59
15 75
15 29
15 66
15 79
15 97
15 81
15 88
15 74
15 77
15 31
15 99
15 46
15 54
15 69
15 64
15 25
15 73
15 17
15 85
15 18
15 62
15 67
16 52
16 65
16 45
16 68
16 70
16 56
16 26
16 42
16 83
16 30
16 16
16 80
16 86
16 93
16 94
16 37
16 75
16 24
16 96
16 34
16 21
16 63
16 98
16 74
16 82
17 39
17 38
17 40
17 17
17 34
17 100
17 92
17 89
17 59
17 96
17 53
17 44
17 50
17 43
17 23
17 19
17 56
17 78
17 84
17 20
17 35
17 47
17 42
17 29
17 91
17 46
17 54
18 21
18 45
18 41
18 87
18 62
18 99
18 31
18 88
18 77
18 79
18 74
18 64
18 54
18 82
18 97
18 78
18 81
18 48
18 50
18 37
18 46
18 60
18 67
19 47
19 23
19 52
19 89
19 39
19 59
19 53
19 96
19 34
19 20
19 35
19 92
19 100
19 38
19 44
19 40
19 33
19 71
19 98
19 43
19 50
19 26
19 54
19 99
20 35
20 38
20 96
20 39
20 43
20 50
20 23
20 34
20 44
20 92
20 59
20 89
20 52
20 100
20 47
20 63
20 22
20 40
20 53
20 83
20 94
20 41
20 95
20 81
21 35
21 52
21 42
21 26
21 94
21 80
21 68
21 83
21 24
21 75
21 30
21 65
21 56
21 86
21 84
21 70
21 45
21 37
21 21
21 67
21 63
21 90
21 98
22 63
22 27
22 49
22 32
22 58
22 91
22 61
22 29
22 51
22 71
22 55
22 33
22 76
22 36
22 41
22 73
22 22
22 47
22 99
22 28
22 48
22 72
22 31
23 59
23 40
23 35
23 47
23 100
23 89
23 96
23 23
23 50
23 52
23 44
23 38
23 34
23 65
23 27
23 43
23 24
23 31
24 47
24 59
24 30
24 42
24 56
24 37
24 26
24 83
24 68
24 84
24 85
24 80
24 65
24 75
24 70
24 86
24 63
24 24
24 33
24 45
24 90
24 36
25 26
25 81
25 74
25 69
25 87
25 46
25 54
25 60
25 97
25 99
25 82
25 62
25 64
25 77
25 67
25 31
25 78
25 92
25 53
26 96
26 94
26 56
26 26
26 45
26 93
26 68
26 75
26 80
26 98
26 30
26 42
26 83
26 70
26 37
26 84
26 77
26 63
26 65
26 85
27 65
27 83
27 48
27 91
27 32
27 95
27 27
27 72
27 76
27 33
27 51
27 49
27 58
27 57
27 41
27 62
27 84
27 77
27 28
27 29
27 36
27 55
27 73
28 66
28 61
28 58
28 41
28 72
28 33
28 49
28 73
28 95
28 57
28 71
28 51
28 76
28 48
28 28
28 36
28 82
28 93
28 29
28 32
28 55
28 91
28 60
29 95
29 66
29 41
29 61
29 91
29 48
29 36
29 33
29 57
29 51
29 58
29 73
29 72
29 29
29 71
29 80
29 32
29 49
29 55
30 75
30 85
30 68
30 63
30 98
30 84
30 83
30 45
30 42
30 30
30 93
30 65
30 56
30 90
30 86
30 55
30 87
30 91
30 37
30 70
30 48
31 64
31 74
31 77
31 62
31 78
31 79
31 46
31 82
31 31
31 81
31 69
31 97
31 67
31 54
31 50
32 34
32 80
32 33
32 66
32 76
32 71
32 41
32 61
32 48
32 73
32 58
32 95
32 57
32 36
32 91
32 86
32 35
32 96
32 49
32 55
32 72
33 40
33 33
33 66
33 36
33 57
33 71
33 58
33 72
33 48
33 49
33 44
33 82
33 97
33 41
33 55
33 76
33 95
33 60
34 59
34 89
34 35
34 39
34 47
34 52
34 50
34 100
34 96
34 92
34 38
34 40
34 34
34 82
34 99
34 43
34 44
34 65
34 81
35 40
35 50
35 47
35 96
35 44
35 89
35 43
35 100
35 35
35 38
35 59
35 81
35 39
35 53
35 92
35 82
36 38
36 76
36 55
36 36
36 91
36 58
36 71
36 57
36 95
36 41
36 48
36 49
36 70
36 51
36 61
36 66
36 72
36 67
37 86
37 94
37 68
37 56
37 70
37 83
37 65
37 93
37 98
37 75
37 37
37 85
37 45
37 80
37 41
37 71
37 81
37 63
37 84
37 90
37 99
38 96
38 44
38 89
38 50
38 47
38 43
38 39
38 40
38 100
38 92
38 53
38 67
38 52
38 59
38 70
38 61
38 71
38 73
39 92
39 40
39 96
39 43
39 53
39 44
39 100
39 52
39 50
39 39
39 47
39 69
39 81
39 59
39 89
39 48
39 76
40 52
40 44
40 89
40 47
40 53
40 59
40 96
40 43
40 40
40 48
40 72
40 92
40 57
41 96
41 68
41 91
41 61
41 55
41 76
41 95
41 48
41 49
41 58
41 41
41 66
41 47
41 51
41 72
41 73
41 88
42 98
42 45
42 90
42 80
42 42
42 94
42 84
42 93
42 68
42 86
42 65
42 83
42 56
42 66
42 49
42 63
42 70
42 55
42 61
42 71
43 47
43 53
43 59
43 92
43 96
43 44
43 43
43 52
43 69
43 78
43 91
43 50
43 89
43 100
43 48
43 88
44 50
44 96
44 89
44 44
44 53
44 59
44 80
44 66
44 88
44 47
44 100
44 58
44 74
45 84
45 45
45 90
45 56
45 83
45 63
45 75
45 70
45 85
45 94
45 80
45 86
45 81
45 77
45 93
45 66
45 72
45 97
46 75
46 54
46 88
46 79
46 82
46 62
46 60
46 74
46 87
46 67
46 64
46 77
46 99
46 97
46 71
46 76
46 78
47 92
47 47
47 52
47 59
47 100
47 90
47 71
47 53
47 73
47 67
47 87
48 61
48 71
48 73
48 66
48 49
48 57
48 95
48 58
48 76
48 72
48 51
48 55
48 91
49 66
49 58
49 49
49 55
49 95
49 76
49 51
49 71
49 73
49 59
49 67
49 63
49 57
49 61
49 72
49 91
50 52
50 89
50 53
50 50
50 100
50 96
50 87
50 60
50 75
50 59
51 85
51 94
51 76
51 72
51 51
51 66
51 55
51 57
51 73
51 71
51 91
51 61
51 69
51 68
51 83
51 95
52 53
52 96
52 59
52 52
52 92
52 100
52 89
52 79
52 58
53 92
53 59
53 53
53 89
53 74
53 55
53 96
53 56
53 68
53 94
54 70
54 82
54 74
54 77
54 88
54 67
54 78
54 99
54 81
54 87
54 97
54 64
54 79
55 58
55 73
55 72
55 76
55 91
55 61
55 90
55 98
55 57
55 66
55 71
55 95
55 64
56 90
56 98
56 75
56 94
56 63
56 80
56 70
56 84
56 86
56 93
56 68
56 83
56 65
56 85
56 79
57 86
57 57
57 76
57 61
57 58
57 66
57 71
57 97
57 84
57 95
58 76
58 61
58 58
58 73
58 91
58 71
58 92
58 66
58 72
58 95
59 89
59 96
59 88
59 92
59 80
60 70
60 60
60 79
60 69
60 97
60 81
60 67
60 78
60 87
60 64
60 74
60 86
60 77
60 99
61 73
61 61
61 95
61 66
61 71
61 91
61 76
61 90
61 72
62 97
62 81
62 88
62 79
62 64
62 74
62 69
62 62
62 87
62 77
62 99
62 83
62 92
62 67
63 92
63 94
63 85
63 98
63 86
63 84
63 90
63 93
63 68
63 65
63 67
63 77
63 80
63 88
64 69
64 77
64 97
64 99
64 82
64 74
64 88
64 79
64 64
64 72
64 78
65 65
65 94
65 70
65 93
65 68
65 83
65 80
65 75
65 85
65 82
65 86
65 90
65 98
65 91
65 78
66 72
66 66
66 95
66 87
66 73
66 91
66 79
67 92
67 86
67 81
67 82
67 74
67 99
67 67
67 69
67 77
67 78
67 79
68 94
68 93
68 84
68 83
68 70
68 68
68 98
68 85
68 90
68 100
68 80
68 86
68 91
69 85
69 98
69 76
69 82
69 99
69 79
69 77
69 78
69 88
69 93
70 84
70 93
70 70
70 83
70 86
70 85
70 90
70 75
70 98
71 91
71 76
71 73
71 82
71 95
72 91
72 73
72 76
72 78
72 93
72 95
73 73
73 76
73 91
73 81
74 77
74 74
74 81
74 87
74 79
74 82
74 96
74 88
74 99
75 96
75 98
75 94
75 80
75 84
75 90
75 83
75 86
75 85
75 93
75 79
76 91
76 82
76 95
76 87
77 99
77 88
77 82
77 96
77 87
78 87
78 81
78 78
78 79
79 100
79 90
79 99
79 79
79 88
80 85
80 93
80 90
80 83
80 84
80 94
80 86
80 87
80 98
81 87
81 99
81 82
81 97
82 97
82 87
83 98
83 93
83 94
83 86
83 85
83 84
83 89
83 90
84 100
84 90
84 94
84 85
84 93
84 84
84 97
84 87
84 86
85 86
85 98
85 85
85 93
85 95
86 93
86 90
86 86
86 94
86 98
87 87
88 92
88 93
88 97
88 88
88 99
89 89
89 93
89 97
89 92
89 96
89 98
90 94
90 98
90 93
90 97
90 100
92 100
92 92
92 98
93 94
94 94
94 98
95 95
96 100
97 99
97 97
98 98
99 100
100 100
