100 886
1 3
1 43
1 19
1 36
1 51
1 89
1 87
1 13
1 6
1 99
1 98
1 84
1 9
1 69
1 34
1 24
1 83
2 36
2 99
2 81
2 15
2 18
2 29
2 71
2 31
2 74
2 63
2 58
2 77
2 23
2 34
2 50
2 14
2 62
3 87
3 44
3 98
3 37
3 51
3 93
3 84
3 13
3 6
3 69
3 8
3 95
3 83
3 48
3 7
3 9
3 24
3 35
3 16
3 78
4 45
4 42
4 46
4 58
4 4
4 25
4 33
4 34
4 67
4 29
4 31
4 39
4 23
4 13
4 15
4 26
4 71
4 74
5 68
5 56
5 22
5 45
5 16
5 73
5 11
5 49
5 92
5 64
5 40
5 88
5 41
5 57
5 90
5 12
5 20
5 28
5 61
5 66
5 59
6 37
6 84
6 87
6 89
6 13
6 43
6 36
6 7
6 69
6 8
6 83
6 6
6 19
6 29
7 51
7 69
7 99
7 93
7 85
7 9
7 98
7 37
7 43
7 83
7 36
7 95
7 49
7 8
7 13
7 19
7 35
7 84
8 35
8 44
8 84
8 99
8 87
8 69
8 98
8 51
8 13
8 37
8 85
8 71
8 19
8 24
8 43
8 93
8 95
8 73
8 77
8 47
9 83
9 69
9 99
9 24
9 36
9 87
9 44
9 37
9 9
9 51
9 45
9 19
9 35
9 95
9 57
10 88
10 12
10 22
10 56
10 100
10 55
10 73
10 68
10 41
10 40
10 11
10 49
10 92
10 64
10 39
10 16
10 63
10 94
11 64
11 30
11 28
11 40
11 11
11 48
11 92
11 20
11 55
11 49
11 100
11 62
11 22
11 45
11 56
11 57
11 61
11 68
12 35
12 57
12 41
12 45
12 20
12 73
12 92
12 66
12 56
12 22
12 30
12 100
12 42
12 16
12 28
12 40
12 48
12 88
13 84
13 36
13 99
13 44
13 69
13 35
13 93
13 85
13 24
13 64
13 19
13 43
13 83
13 87
13 89
13 49
13 25
14 29
14 58
14 31
14 26
14 46
14 71
14 74
14 62
14 77
14 18
14 63
14 59
14 82
14 94
14 34
14 81
14 32
15 34
15 77
15 33
15 81
15 62
15 39
15 63
15 67
15 23
15 46
15 26
15 58
15 93
15 29
15 71
15 74
16 16
16 92
16 56
16 66
16 73
16 100
16 22
16 20
16 48
16 61
16 40
16 41
16 45
16 49
16 55
16 68
16 88
17 75
17 17
17 80
17 60
17 78
17 86
17 21
17 65
17 32
17 50
17 76
17 96
17 27
17 85
17 38
17 72
17 91
18 24
18 42
18 62
18 63
18 59
18 26
18 34
18 39
18 46
18 82
18 67
18 81
18 30
18 23
18 29
18 58
18 77
18 72
19 84
19 51
19 85
19 35
19 83
19 89
19 24
19 69
19 82
19 37
19 44
19 95
19 56
19 71
20 48
20 88
20 20
20 61
20 30
20 28
20 41
20 56
20 49
20 34
20 45
20 57
20 64
21 26
21 50
21 52
21 79
21 32
21 21
21 47
21 53
21 90
21 70
21 91
21 75
21 55
21 78
22 45
22 73
22 49
22 57
22 100
22 48
22 66
22 55
22 22
22 28
22 30
22 40
22 41
22 80
22 97
23 58
23 29
23 71
23 23
23 74
23 46
23 81
23 25
23 67
23 84
23 26
23 31
23 33
23 62
23 82
24 84
24 69
24 37
24 44
24 43
24 95
24 83
24 51
24 35
24 36
24 89
24 31
25 34
25 82
25 46
25 58
25 63
25 33
25 77
25 59
25 25
25 81
25 67
26 31
26 58
26 42
26 33
26 39
26 74
26 46
26 34
26 59
26 77
26 82
27 79
27 91
27 96
27 94
27 70
27 78
27 50
27 90
27 47
27 76
27 54
27 65
27 72
27 39
27 38
27 52
27 97
28 88
28 92
28 30
28 40
28 41
28 28
28 73
28 68
28 38
28 45
28 49
28 64
28 66
29 67
29 34
29 71
29 29
29 63
29 58
29 62
29 42
29 59
29 82
30 73
30 66
30 61
30 68
30 57
30 40
30 49
30 92
30 88
30 96
30 48
30 56
30 100
31 31
31 82
31 62
31 71
31 81
31 34
31 33
31 46
31 39
31 42
31 58
31 59
31 60
32 94
32 78
32 65
32 53
32 86
32 52
32 72
32 70
32 75
32 54
32 50
32 76
32 38
32 79
32 91
33 62
33 81
33 39
33 42
33 67
33 33
33 59
33 61
33 46
33 82
34 77
34 39
34 58
34 89
34 46
35 44
35 95
35 69
35 37
35 87
35 99
35 51
35 36
35 43
35 84
35 85
35 89
36 93
36 85
36 98
36 95
36 44
36 51
36 83
36 37
36 69
37 89
37 95
37 43
37 98
37 83
37 92
37 69
37 81
38 70
38 60
38 94
38 47
38 76
38 53
38 54
38 90
38 65
38 72
38 83
38 75
38 79
38 97
39 39
39 77
39 71
39 46
39 58
39 78
39 42
39 59
39 74
40 55
40 64
40 49
40 41
40 57
40 100
40 67
40 48
40 56
40 61
40 73
40 92
40 46
41 73
41 64
41 100
41 66
41 55
41 88
41 54
41 45
41 48
41 57
42 69
42 77
42 81
42 58
42 46
42 59
42 50
42 62
42 65
43 83
43 51
43 85
43 98
43 99
43 95
43 74
43 69
43 89
43 93
44 85
44 83
44 89
44 44
44 87
44 63
44 98
45 61
45 64
45 49
45 92
45 68
45 55
45 100
46 55
46 74
46 59
46 63
46 71
46 82
46 86
47 54
47 47
47 72
47 60
47 52
47 53
47 90
47 50
47 70
47 80
47 75
47 86
47 94
47 96
48 55
48 68
48 56
48 88
48 49
48 65
48 57
48 64
48 66
49 64
49 100
49 57
49 61
49 68
49 88
50 53
50 52
50 97
50 91
50 94
50 78
50 60
50 99
50 70
50 86
50 90
51 95
51 98
51 85
51 51
51 89
52 87
52 66
52 68
52 58
52 91
52 94
52 76
52 75
52 80
52 85
52 53
52 65
52 72
52 78
52 79
52 86
52 90
52 97
53 76
53 65
53 94
53 70
53 91
53 97
53 90
53 53
53 54
53 60
53 72
53 75
53 80
53 86
53 96
54 98
54 76
54 91
54 86
54 54
54 65
54 80
54 64
54 70
54 72
54 78
55 92
55 68
55 55
55 61
55 73
55 88
56 68
56 56
56 66
56 64
57 68
57 66
57 73
57 92
57 61
57 100
58 67
58 74
58 82
59 77
59 62
59 67
59 81
59 74
60 76
60 79
60 80
60 96
60 60
60 75
60 90
60 91
60 78
60 86
60 97
61 92
61 100
61 66
61 88
61 76
61 68
62 67
62 81
62 63
62 97
62 74
62 70
63 85
63 67
63 82
63 63
63 77
63 81
64 88
64 68
64 95
65 82
65 75
65 94
65 96
65 80
65 86
65 72
65 79
65 91
65 97
66 66
66 100
66 73
66 91
67 82
67 67
67 71
67 81
68 79
69 95
69 84
69 85
69 87
69 93
69 98
70 78
70 70
70 96
70 75
70 76
70 72
70 86
71 100
71 71
71 77
72 93
72 75
72 79
72 97
72 80
72 86
72 90
72 91
72 96
73 92
73 100
74 74
74 96
75 89
75 79
75 97
75 100
75 86
75 96
76 90
76 96
76 94
76 76
76 79
76 80
77 77
77 81
77 82
77 96
78 83
78 80
78 97
78 91
78 94
79 90
79 94
79 79
79 86
79 96
79 97
80 86
80 91
80 80
80 97
83 93
83 99
83 85
84 85
84 99
84 84
84 94
84 98
85 93
85 89
85 98
85 99
85 92
86 94
87 87
87 89
87 93
87 98
88 88
89 99
89 93
90 96
90 90
90 91
93 93
93 98
93 95
95 99
95 97
99 99
