100 889
1 11
1 41
1 1
1 33
1 53
1 46
1 91
1 51
1 55
1 47
1 34
1 52
1 20
1 40
1 14
1 58
1 69
1 72
2 66
2 25
2 70
2 82
2 48
2 16
2 37
2 73
2 80
2 79
2 95
2 32
2 81
2 2
2 31
2 36
2 67
2 89
2 93
2 74
3 100
3 11
3 45
3 35
3 44
3 8
3 21
3 38
3 23
3 18
3 40
3 76
3 64
3 60
3 12
3 4
3 63
4 27
4 35
4 8
4 64
4 85
4 83
4 4
4 45
4 76
4 11
4 23
4 61
4 70
4 29
4 40
4 44
5 42
5 62
5 88
5 6
5 5
5 78
5 17
5 7
5 63
5 65
5 12
5 99
5 68
5 58
5 13
5 71
5 87
6 40
6 65
6 15
6 54
6 13
6 19
6 49
6 87
6 26
6 68
6 78
6 6
6 16
6 7
6 9
6 22
6 42
6 62
6 88
6 86
7 22
7 65
7 54
7 7
7 12
7 68
7 15
7 62
7 49
7 75
7 78
7 92
7 17
7 42
7 63
7 71
7 84
7 88
7 24
8 77
8 74
8 8
8 60
8 38
8 44
8 61
8 11
8 83
8 45
8 29
8 47
8 18
8 21
8 76
8 100
8 75
8 33
9 49
9 9
9 13
9 54
9 42
9 22
9 15
9 99
9 12
9 63
9 84
9 17
9 61
9 19
9 26
9 62
9 65
9 68
9 71
9 75
9 87
10 81
10 66
10 94
10 77
10 57
10 73
10 70
10 80
10 82
10 25
10 10
10 67
10 97
10 26
10 32
10 37
10 39
10 48
10 79
10 30
10 20
11 67
11 74
11 45
11 98
11 29
11 27
11 38
11 44
11 30
11 11
11 18
11 35
11 40
11 60
11 85
12 12
12 17
12 13
12 15
12 75
12 63
12 71
12 49
12 19
12 30
12 22
12 88
12 99
13 68
13 54
13 75
13 78
13 99
13 15
13 62
13 22
13 13
13 38
13 17
13 42
13 65
14 22
14 52
14 50
14 53
14 43
14 34
14 14
14 96
14 28
14 72
14 46
14 51
14 62
14 20
14 24
14 41
14 55
14 69
14 86
15 49
15 84
15 87
15 54
15 78
15 99
15 42
15 19
15 62
15 100
15 17
15 22
15 65
15 75
16 70
16 25
16 77
16 80
16 81
16 66
16 37
16 32
16 79
16 94
16 97
16 31
16 89
16 74
16 39
16 48
16 27
16 69
17 87
17 78
17 54
17 84
17 19
17 88
17 26
17 22
17 92
17 42
17 62
17 63
17 99
18 76
18 100
18 74
18 21
18 18
18 45
18 83
18 64
18 29
18 60
18 62
18 27
18 30
18 35
18 61
18 90
19 62
19 99
19 42
19 88
19 54
19 65
19 84
19 75
19 78
19 70
19 22
19 63
19 92
20 78
20 87
20 33
20 92
20 86
20 24
20 43
20 28
20 91
20 96
20 46
20 53
20 41
20 56
20 58
20 69
21 40
21 98
21 44
21 85
21 27
21 60
21 64
21 90
21 21
21 83
21 55
21 29
21 30
21 61
21 74
22 45
22 78
22 71
22 88
22 42
22 84
22 49
22 54
22 68
23 82
23 74
23 61
23 100
23 85
23 98
23 64
23 60
23 35
23 45
23 23
23 55
23 27
23 38
23 40
23 44
23 83
23 99
24 36
24 37
24 46
24 58
24 96
24 47
24 72
24 51
24 52
24 91
24 41
24 53
24 34
24 86
25 73
25 32
25 57
25 31
25 67
25 37
25 94
25 93
25 36
25 97
25 95
25 60
25 39
25 48
25 66
25 70
25 77
25 80
25 88
26 68
26 63
26 54
26 75
26 65
26 26
26 71
26 49
26 78
26 34
26 84
26 87
26 88
27 29
27 27
27 90
27 61
27 44
27 98
27 60
27 76
27 35
27 38
27 74
28 59
28 86
28 53
28 96
28 46
28 92
28 43
28 72
28 91
28 56
28 69
28 52
28 95
28 34
28 41
28 50
28 55
29 64
29 30
29 35
29 98
29 29
29 45
29 60
29 56
29 38
29 42
29 84
30 35
30 61
30 40
30 74
30 38
30 76
30 30
30 60
30 83
30 44
30 90
30 41
31 39
31 81
31 79
31 70
31 77
31 36
31 57
31 73
31 93
31 48
31 89
31 98
31 66
31 80
31 82
31 51
32 95
32 48
32 66
32 77
32 73
32 57
32 82
32 97
32 70
32 80
32 44
32 93
32 90
33 64
33 51
33 34
33 41
33 43
33 96
33 52
33 55
33 47
33 56
33 50
33 59
33 46
33 53
33 58
34 41
34 55
34 92
34 58
34 56
34 43
34 50
34 34
34 52
34 59
34 69
35 64
35 85
35 90
35 98
35 83
35 100
35 93
35 38
35 61
35 59
36 94
36 67
36 89
36 97
36 70
36 73
36 66
36 93
36 57
36 36
36 39
36 77
36 79
36 81
36 62
37 39
37 89
37 77
37 82
37 95
37 67
37 81
37 97
37 80
37 93
37 66
38 60
38 98
38 83
38 40
38 90
38 85
38 91
38 61
38 64
38 74
38 76
39 57
39 89
39 79
39 94
39 81
39 39
39 95
39 55
39 70
39 77
39 82
39 97
40 70
40 74
40 100
40 45
40 60
40 98
40 64
40 76
41 43
41 50
41 53
41 52
41 51
41 96
41 69
41 46
41 59
42 99
42 87
42 75
42 49
42 63
42 71
43 48
43 97
43 58
43 69
43 51
43 47
43 59
43 56
43 74
43 46
43 52
43 55
43 86
43 91
44 100
44 85
44 44
44 64
44 47
44 74
44 83
44 90
45 98
45 76
45 61
45 64
45 74
45 83
45 85
45 90
45 100
45 52
46 91
46 92
46 47
46 69
46 72
46 86
46 73
46 50
46 53
47 93
47 50
47 86
47 55
47 52
47 92
47 58
47 87
47 51
47 56
47 69
48 57
48 95
48 80
48 77
48 48
48 89
48 67
48 81
48 93
48 94
48 61
49 100
49 78
49 54
49 84
49 49
49 82
49 63
49 65
49 71
50 86
50 55
50 50
50 53
50 92
50 56
50 93
50 72
50 91
51 52
51 55
51 56
51 72
51 92
51 96
51 86
51 59
51 69
52 72
52 86
52 59
52 69
52 58
52 91
52 92
53 83
53 72
53 92
53 56
53 96
53 80
53 59
53 86
54 62
54 65
54 78
54 68
54 91
54 63
54 99
55 79
55 58
55 90
55 56
55 59
55 72
55 86
55 96
56 56
56 96
56 60
56 58
56 59
56 72
56 91
57 57
57 89
57 73
57 97
57 95
57 82
57 88
57 67
57 70
57 77
57 79
57 80
57 81
57 94
58 69
58 59
58 72
58 88
58 91
59 71
59 92
59 69
60 76
60 90
60 92
60 83
61 74
61 100
61 64
61 85
61 76
61 90
62 98
62 71
62 78
62 84
62 63
62 65
63 99
63 78
63 87
63 75
63 84
64 76
64 98
64 100
65 87
65 99
65 88
65 70
65 68
66 95
66 94
66 93
66 67
66 79
66 97
66 88
66 80
66 89
67 89
67 67
67 97
67 95
67 81
67 70
67 94
68 68
68 71
68 84
68 87
68 79
68 75
68 88
69 81
69 72
69 91
70 77
70 70
70 95
70 82
70 89
70 94
70 97
70 76
71 88
71 75
71 71
71 87
72 72
73 80
73 82
73 89
73 93
73 73
73 79
73 83
73 77
73 94
74 85
74 90
75 84
75 75
75 87
76 76
76 85
76 100
77 97
77 79
77 80
77 82
78 84
79 95
79 79
79 82
80 95
80 94
80 83
81 95
81 89
81 81
81 93
82 94
82 89
82 97
83 100
83 91
84 88
84 99
85 100
85 85
85 89
85 90
86 96
86 92
87 87
89 96
89 93
90 100
90 98
91 96
93 93
93 95
93 94
94 98
95 98
95 97
96 96
99 99
