100 317
1 36
1 77
1 87
1 26
1 73
2 26
2 42
2 12
2 22
2 48
2 55
2 60
2 70
3 25
3 37
3 28
3 33
3 40
3 4
3 34
3 51
4 22
4 30
4 25
4 26
5 30
5 92
5 65
5 34
5 66
5 28
6 88
6 97
6 65
6 51
6 49
6 30
7 82
7 47
7 49
7 98
7 33
7 43
7 85
8 50
8 94
8 48
8 46
8 22
8 44
9 9
9 50
9 72
9 92
9 27
9 67
9 73
10 16
10 100
10 98
10 57
10 25
10 11
10 18
10 20
11 36
11 96
11 70
11 79
11 20
11 85
12 32
12 88
12 77
12 46
12 56
13 41
13 56
13 61
13 13
13 70
14 99
14 45
14 50
14 76
14 88
14 21
14 27
15 77
15 65
15 86
15 33
15 94
15 23
15 51
16 63
16 84
16 56
16 71
16 43
16 47
16 89
17 75
17 64
17 55
17 74
17 49
17 39
17 42
18 40
18 61
18 29
18 19
18 82
19 32
19 25
19 93
19 52
19 46
19 62
19 63
19 65
19 31
19 89
20 49
20 61
20 75
20 70
21 81
21 27
21 84
21 58
21 91
22 69
22 74
22 81
22 36
22 27
23 97
23 92
23 86
23 45
23 34
23 72
23 85
24 90
24 96
24 99
24 95
24 71
24 35
25 86
25 39
25 63
26 58
26 81
26 52
26 32
26 39
26 66
26 69
26 74
27 37
27 38
27 50
27 76
28 28
28 60
28 37
29 87
29 89
29 98
29 38
29 43
29 68
30 92
30 81
30 37
30 52
31 39
31 99
31 45
31 35
32 59
32 80
32 55
32 69
32 43
33 78
33 33
33 52
34 93
34 82
34 62
34 71
35 45
35 99
35 40
35 91
35 94
36 58
36 39
36 60
36 88
36 54
37 71
37 51
38 99
38 84
38 45
38 81
39 77
39 55
39 60
40 40
40 68
41 82
41 41
41 88
41 89
41 100
42 75
42 59
42 97
42 81
43 48
43 85
44 52
44 95
44 56
44 57
45 72
46 48
46 100
46 54
46 47
46 82
47 61
47 85
47 100
48 78
49 75
49 57
50 55
50 79
51 84
52 62
52 93
53 73
53 89
53 68
53 53
54 95
54 76
54 79
54 67
55 98
55 66
56 83
57 98
57 59
58 90
58 64
58 91
59 75
59 77
59 95
59 74
59 67
60 87
60 86
61 94
61 70
62 93
62 88
63 86
63 83
64 80
64 87
64 92
64 66
64 81
64 65
66 90
66 71
66 88
67 72
67 76
68 80
68 86
69 75
69 78
69 80
69 88
69 91
71 92
71 73
72 96
72 79
73 96
73 100
74 86
74 80
75 92
75 90
76 77
77 94
78 86
78 83
79 91
79 97
83 86
83 97
84 93
87 90
94 95
96 97
