100 1165
1 66
1 84
1 100
1 94
1 18
1 59
1 1
1 54
1 97
1 30
1 44
1 29
1 75
1 65
1 10
1 26
1 25
1 14
1 45
1 34
1 35
1 36
1 43
1 49
1 51
1 55
1 71
1 85
1 24
2 95
2 63
2 76
2 33
2 24
2 58
2 3
2 73
2 82
2 40
2 92
2 37
2 83
2 28
2 8
2 74
2 7
2 31
2 94
2 59
2 52
2 67
2 72
2 99
3 72
3 73
3 82
3 52
3 48
3 33
3 27
3 3
3 74
3 31
3 58
3 24
3 8
3 83
3 99
3 76
3 64
3 16
3 7
3 19
3 92
4 23
4 79
4 84
4 88
4 42
4 12
4 41
4 93
4 4
4 5
4 66
4 56
4 39
4 96
4 17
4 68
4 81
4 26
4 8
4 6
4 45
4 50
4 61
4 32
5 88
5 12
5 95
5 77
5 81
5 68
5 66
5 39
5 42
5 56
5 41
5 45
5 5
5 23
5 96
5 89
5 51
5 24
5 61
5 78
5 84
5 93
5 75
5 22
5 70
5 40
5 72
6 39
6 41
6 84
6 95
6 45
6 89
6 61
6 79
6 93
6 78
6 56
6 66
6 50
6 17
6 81
6 6
6 86
6 73
6 12
6 68
6 77
6 88
7 63
7 28
7 83
7 33
7 27
7 48
7 99
7 19
7 73
7 52
7 24
7 76
7 72
7 37
7 92
7 8
7 25
7 77
8 94
8 73
8 28
8 83
8 74
8 92
8 99
8 52
8 40
8 24
8 33
8 37
8 27
8 58
8 75
8 25
8 19
8 31
8 67
9 25
9 57
9 22
9 21
9 69
9 16
9 60
9 46
9 98
9 62
9 11
9 91
9 14
9 15
9 80
9 32
9 87
9 38
9 54
9 49
9 13
9 20
9 64
9 86
10 59
10 25
10 65
10 18
10 85
10 51
10 34
10 29
10 36
10 55
10 54
10 100
10 43
10 94
10 71
10 90
10 97
10 73
10 74
10 26
10 30
10 35
10 44
10 49
11 30
11 22
11 69
11 47
11 32
11 53
11 98
11 38
11 16
11 80
11 15
11 60
11 21
11 62
11 70
11 87
11 13
11 85
11 35
11 20
11 46
11 57
11 91
11 99
12 45
12 88
12 61
12 84
12 56
12 79
12 77
12 23
12 66
12 89
12 78
12 41
12 68
12 95
12 42
12 13
12 14
12 17
12 75
13 29
13 65
13 47
13 22
13 15
13 38
13 14
13 70
13 57
13 46
13 60
13 13
13 32
13 16
13 73
13 93
13 20
13 53
13 80
14 56
14 46
14 91
14 15
14 70
14 98
14 16
14 20
14 60
14 80
14 32
14 86
14 53
14 38
14 41
14 76
14 21
14 47
14 57
14 62
14 69
15 93
15 98
15 70
15 87
15 64
15 16
15 38
15 15
15 69
15 57
15 47
15 91
15 53
15 35
15 28
15 21
15 22
15 32
15 46
15 60
15 62
16 61
16 38
16 32
16 80
16 53
16 16
16 46
16 60
16 20
16 57
16 87
16 70
16 95
16 65
16 22
16 47
16 69
16 86
17 81
17 17
17 56
17 61
17 95
17 45
17 89
17 79
17 50
17 77
17 96
17 39
17 23
17 84
17 70
17 48
17 42
17 66
17 62
17 40
18 23
18 34
18 49
18 36
18 100
18 54
18 25
18 94
18 35
18 18
18 30
18 55
18 29
18 43
18 71
18 33
18 93
18 26
18 44
18 59
18 97
18 37
19 36
19 91
19 33
19 27
19 52
19 67
19 58
19 31
19 74
19 83
19 76
19 19
19 28
19 37
19 65
19 50
19 73
19 92
19 99
20 35
20 38
20 87
20 86
20 47
20 64
20 70
20 22
20 32
20 57
20 69
20 21
20 53
20 82
20 24
20 80
21 34
21 54
21 65
21 47
21 91
21 70
21 53
21 46
21 98
21 57
21 21
21 62
21 78
21 94
21 38
21 60
21 64
21 87
21 58
22 98
22 38
22 47
22 60
22 22
22 62
22 32
22 70
22 87
22 46
22 80
22 44
22 64
22 69
22 86
22 24
22 67
23 93
23 45
23 61
23 89
23 88
23 95
23 39
23 42
23 96
23 41
23 23
23 56
23 79
23 40
23 77
23 78
23 97
24 97
24 63
24 40
24 99
24 82
24 52
24 33
24 72
24 48
24 83
24 76
24 74
24 28
24 37
24 58
24 67
24 73
25 51
25 25
25 90
25 43
25 36
25 97
25 35
25 71
25 30
25 94
25 54
25 44
25 29
25 59
25 48
25 26
25 49
25 55
25 65
25 85
25 57
25 86
25 28
25 33
25 76
25 82
26 84
26 59
26 97
26 26
26 30
26 90
26 85
26 51
26 35
26 100
26 54
26 49
26 67
26 82
26 55
26 38
27 64
27 83
27 63
27 67
27 40
27 28
27 99
27 76
27 52
27 33
27 48
27 37
27 31
27 27
27 59
27 58
27 82
28 83
28 31
28 33
28 58
28 37
28 67
28 63
28 72
28 76
28 73
28 48
28 68
28 52
28 74
29 29
29 65
29 85
29 71
29 44
29 30
29 97
29 100
29 54
29 34
29 35
29 55
29 75
29 96
29 36
29 51
29 90
29 63
30 50
30 30
30 100
30 85
30 51
30 97
30 55
30 75
30 34
30 49
30 59
30 89
30 36
30 43
30 65
30 71
30 90
30 94
30 37
30 73
31 61
31 85
31 37
31 33
31 48
31 99
31 63
31 40
31 74
31 67
31 92
31 73
31 46
31 55
31 52
31 72
32 47
32 91
32 80
32 46
32 86
32 38
32 64
32 69
32 62
32 57
32 75
32 53
32 60
32 70
32 98
33 72
33 52
33 67
33 37
33 40
33 92
33 82
33 73
33 44
33 58
33 63
33 76
34 85
34 51
34 71
34 75
34 44
34 54
34 55
34 94
34 65
34 97
34 36
34 34
34 80
34 35
34 43
34 59
34 100
34 46
34 86
35 88
35 35
35 36
35 59
35 100
35 90
35 71
35 54
35 85
35 55
35 82
35 43
35 44
35 49
35 75
35 94
35 97
35 46
36 49
36 44
36 85
36 65
36 94
36 71
36 55
36 97
36 43
36 100
36 96
36 51
36 59
36 75
37 95
37 47
37 72
37 83
37 48
37 37
37 76
37 52
37 63
37 92
38 79
38 49
38 87
38 91
38 98
38 60
38 69
38 47
38 67
38 57
38 64
38 86
39 56
39 78
39 88
39 42
39 39
39 81
39 66
39 41
39 89
39 68
39 96
39 61
39 62
39 82
39 50
39 79
39 84
39 58
40 81
40 71
40 40
40 48
40 76
40 92
40 83
40 73
40 72
40 58
40 52
40 63
40 82
40 99
41 78
41 81
41 68
41 41
41 45
41 77
41 61
41 50
41 66
41 93
41 95
41 48
41 51
41 42
41 56
41 79
41 84
42 66
42 45
42 61
42 88
42 77
42 84
42 78
42 42
42 81
42 93
42 99
42 51
42 56
42 68
42 79
42 89
42 96
42 49
43 75
43 59
43 44
43 100
43 65
43 90
43 54
43 97
43 43
43 79
43 81
43 49
43 51
43 85
44 71
44 49
44 59
44 54
44 100
44 55
44 94
44 65
44 90
44 74
44 67
44 51
44 75
45 93
45 61
45 95
45 45
45 88
45 81
45 56
45 96
45 77
45 83
45 85
45 50
45 66
45 78
45 84
45 89
46 47
46 91
46 80
46 53
46 46
46 60
46 57
46 69
46 64
46 70
46 86
46 98
47 50
47 68
47 64
47 53
47 60
47 86
47 47
47 57
47 87
47 91
48 81
48 59
48 100
48 82
48 63
48 92
48 52
48 60
48 90
48 72
49 59
49 85
49 65
49 71
49 97
49 51
49 90
49 75
49 94
49 100
50 93
50 77
50 81
50 50
50 66
50 96
50 95
50 78
50 61
50 84
50 56
50 68
50 89
50 80
51 90
51 75
51 59
51 94
51 60
51 61
51 54
51 65
51 71
51 85
51 100
52 67
52 74
52 82
52 99
52 72
52 53
52 80
52 63
52 92
53 87
53 53
53 70
53 91
53 57
53 64
53 98
53 71
53 76
53 62
53 69
53 63
54 55
54 54
54 71
54 85
54 65
54 59
54 96
54 75
54 90
54 94
54 82
55 89
55 94
55 71
55 90
55 75
55 65
55 83
55 69
55 85
56 79
56 61
56 77
56 78
56 66
56 68
56 56
57 70
57 57
57 69
57 98
57 61
57 64
57 86
57 87
58 77
58 88
58 72
58 67
58 73
58 74
58 83
58 99
58 92
58 76
58 82
59 90
59 97
59 71
59 100
59 83
59 65
59 75
60 80
60 91
60 86
60 60
60 83
60 84
60 62
60 69
60 87
60 98
61 96
61 81
61 93
61 95
61 84
61 68
61 78
61 79
61 88
61 90
61 67
62 78
62 96
62 70
62 62
62 64
62 80
62 69
62 94
62 86
62 91
62 98
62 99
63 87
63 73
63 92
63 99
63 74
63 72
63 76
64 86
64 80
64 98
64 64
64 91
64 77
64 87
65 65
65 75
65 90
65 71
65 85
65 94
65 98
66 81
66 79
66 95
66 78
66 88
66 68
66 66
66 77
66 84
66 89
66 96
66 90
67 74
67 92
67 73
67 83
67 72
68 95
68 68
68 89
68 96
68 77
68 93
68 90
68 79
68 88
69 96
69 70
69 87
69 95
69 83
69 86
69 91
70 98
70 80
70 70
70 87
71 85
71 71
71 94
72 77
72 74
72 72
72 80
73 76
73 99
73 75
73 82
74 98
74 76
74 83
74 99
74 89
74 95
74 92
75 85
75 100
75 75
75 90
75 94
75 97
76 89
76 92
76 100
76 82
77 89
77 77
77 78
77 81
77 96
77 79
77 95
78 96
78 79
78 95
78 89
78 93
78 97
78 81
78 84
78 88
79 88
79 79
79 93
79 87
80 85
80 100
80 80
80 83
80 86
81 84
81 96
81 81
81 88
81 93
81 87
82 92
82 82
83 93
83 99
84 84
84 95
84 96
84 89
84 93
85 90
85 100
86 91
86 98
87 91
87 98
88 96
88 88
88 93
88 89
89 95
89 93
89 96
90 94
91 98
91 91
92 92
92 93
93 93
94 97
94 95
94 100
95 95
95 96
97 97
97 100
99 99
