100 1161
1 15
1 69
1 43
1 56
1 35
1 62
1 64
1 4
1 86
1 23
1 17
1 95
1 55
1 1
1 8
1 39
1 60
1 92
1 97
1 24
1 27
1 28
1 88
2 85
2 61
2 42
2 97
2 13
2 99
2 69
2 20
2 15
2 18
2 65
2 36
2 19
2 9
2 2
2 96
2 33
2 89
2 50
2 7
2 10
2 77
2 81
2 75
2 37
2 56
3 53
3 63
3 34
3 32
3 70
3 92
3 67
3 25
3 3
3 16
3 71
3 30
3 54
3 83
3 31
3 44
3 93
3 11
3 62
3 5
3 45
3 51
3 68
4 14
4 56
4 62
4 95
4 39
4 35
4 55
4 49
4 60
4 26
4 23
4 84
4 86
4 80
4 27
4 28
4 64
4 13
4 57
4 21
4 91
5 7
5 79
5 53
5 31
5 54
5 30
5 16
5 25
5 44
5 93
5 70
5 14
5 45
5 83
5 51
5 92
5 32
5 26
5 38
5 34
5 37
5 67
5 68
5 71
5 8
5 49
5 84
6 6
6 78
6 59
6 94
6 57
6 90
6 52
6 22
6 11
6 50
6 12
6 29
6 43
6 48
6 58
6 41
6 98
6 71
6 60
6 46
6 47
6 89
6 100
7 97
7 42
7 19
7 7
7 18
7 65
7 15
7 85
7 77
7 36
7 69
7 81
7 13
7 9
7 87
7 73
7 94
7 20
7 61
7 82
7 24
8 55
8 23
8 17
8 39
8 8
8 26
8 62
8 28
8 24
8 95
8 88
8 27
8 91
8 21
8 80
8 86
8 37
8 49
8 64
8 66
9 99
9 65
9 10
9 42
9 61
9 73
9 36
9 33
9 85
9 77
9 96
9 74
9 20
9 19
9 97
9 13
9 78
9 67
9 15
9 18
9 69
9 82
9 94
9 93
9 84
10 97
10 42
10 20
10 65
10 15
10 81
10 73
10 96
10 36
10 77
10 33
10 74
10 10
10 18
10 69
10 44
10 14
10 19
10 61
10 25
11 98
11 78
11 41
11 58
11 12
11 40
11 52
11 38
11 22
11 48
11 89
11 11
11 47
11 43
11 90
11 29
11 71
11 16
11 46
11 75
11 54
12 41
12 48
12 78
12 43
12 22
12 57
12 46
12 94
12 40
12 100
12 52
12 89
12 58
12 98
12 47
12 29
12 21
12 44
12 38
12 53
12 64
13 65
13 61
13 87
13 13
13 97
13 19
13 36
13 20
13 85
13 96
13 33
13 81
13 73
13 42
13 58
13 53
13 15
13 18
13 74
13 82
13 99
13 41
13 88
14 33
14 36
14 38
14 67
14 45
14 92
14 30
14 32
14 79
14 54
14 37
14 93
14 63
14 70
14 53
14 72
14 80
14 25
14 31
14 51
14 68
15 97
15 96
15 42
15 19
15 77
15 33
15 73
15 69
15 15
15 82
15 65
15 81
15 75
15 18
15 74
15 99
15 30
16 44
16 31
16 72
16 32
16 83
16 54
16 92
16 68
16 30
16 70
16 79
16 16
16 93
16 67
16 40
16 17
16 34
16 51
16 53
16 71
17 74
17 58
17 34
17 71
17 88
17 60
17 28
17 17
17 39
17 23
17 55
17 95
17 35
17 64
17 100
17 87
17 26
17 27
17 62
17 80
17 84
17 86
18 18
18 19
18 77
18 73
18 82
18 99
18 20
18 61
18 33
18 65
18 81
18 59
18 86
18 36
18 42
18 63
19 20
19 69
19 77
19 87
19 61
19 73
19 36
19 85
19 33
19 42
19 96
19 31
19 75
19 74
19 82
19 97
19 99
19 29
19 43
19 90
19 67
20 77
20 96
20 42
20 97
20 73
20 74
20 36
20 65
20 85
20 61
20 87
20 45
20 30
20 33
20 81
20 99
20 37
21 58
21 59
21 78
21 55
21 80
21 95
21 49
21 60
21 23
21 88
21 84
21 28
21 24
21 86
21 39
21 63
21 75
21 26
21 56
21 62
21 64
21 66
21 91
22 98
22 38
22 52
22 100
22 75
22 29
22 90
22 89
22 94
22 47
22 40
22 78
22 48
22 58
22 46
22 74
22 26
22 43
22 50
22 59
22 76
22 93
22 60
23 96
23 28
23 88
23 26
23 23
23 86
23 91
23 24
23 60
23 84
23 35
23 55
23 36
23 59
23 49
23 56
24 97
24 39
24 35
24 88
24 95
24 60
24 28
24 64
24 49
24 66
24 86
24 26
24 84
24 56
24 29
24 27
24 55
25 69
25 76
25 83
25 37
25 25
25 51
25 72
25 70
25 68
25 79
25 92
25 34
25 63
25 31
25 36
25 44
25 45
25 53
26 70
26 80
26 62
26 55
26 26
26 35
26 56
26 27
26 88
26 67
26 90
26 39
26 49
26 60
26 66
27 73
27 57
27 100
27 32
27 79
27 28
27 84
27 27
27 35
27 66
27 62
27 76
27 97
27 49
27 55
27 60
27 91
27 95
28 73
28 77
28 48
28 84
28 55
28 35
28 66
28 62
28 88
28 95
28 34
28 59
28 39
28 56
28 60
28 64
28 80
29 41
29 52
29 29
29 98
29 57
29 100
29 43
29 90
29 78
29 75
29 89
29 50
29 40
29 65
29 46
29 47
29 59
29 76
29 45
30 41
30 75
30 72
30 67
30 53
30 30
30 63
30 70
30 37
30 51
30 31
30 92
30 40
30 32
30 44
30 54
30 68
30 79
30 93
31 99
31 76
31 72
31 71
31 37
31 32
31 34
31 45
31 92
31 93
31 63
31 77
31 65
31 51
31 53
31 67
31 68
31 79
31 83
32 92
32 37
32 79
32 45
32 67
32 72
32 70
32 71
32 54
32 51
32 63
32 68
32 98
33 36
33 61
33 85
33 73
33 87
33 81
33 65
33 77
33 97
33 42
33 43
33 82
33 99
33 63
33 39
33 86
34 50
34 63
34 34
34 45
34 93
34 79
34 92
34 37
34 51
34 71
34 72
34 54
34 41
34 68
34 70
34 55
35 36
35 85
35 98
35 80
35 66
35 86
35 88
35 35
35 39
35 67
35 47
35 64
35 91
36 97
36 81
36 69
36 87
36 73
36 85
36 77
36 61
36 42
36 74
36 82
36 96
37 61
37 82
37 37
37 79
37 93
37 68
37 45
37 54
37 67
37 71
37 44
37 51
37 70
37 83
38 59
38 100
38 58
38 78
38 43
38 94
38 38
38 90
38 48
38 50
38 46
38 52
38 57
38 47
38 56
38 40
38 75
38 89
39 49
39 56
39 88
39 84
39 62
39 66
39 55
39 95
39 86
39 81
39 64
40 59
40 48
40 57
40 47
40 98
40 78
40 46
40 94
40 100
40 40
40 43
40 76
40 97
40 79
40 41
40 50
40 52
40 58
40 75
40 89
41 100
41 47
41 41
41 43
41 78
41 52
41 94
41 57
41 48
41 98
41 58
41 46
41 50
41 59
41 76
41 90
42 74
42 87
42 81
42 73
42 77
42 69
42 97
42 72
42 98
42 65
42 85
42 96
42 99
43 90
43 94
43 78
43 98
43 50
43 76
43 75
43 100
43 58
43 46
43 47
43 48
43 57
43 89
44 81
44 59
44 45
44 54
44 51
44 63
44 92
44 71
44 93
44 83
44 76
44 48
44 68
45 94
45 45
45 54
45 63
45 93
45 67
45 51
45 100
45 53
45 68
46 57
46 90
46 47
46 100
46 78
46 52
46 76
46 75
46 50
46 55
46 83
46 58
46 94
47 78
47 48
47 59
47 50
47 94
47 57
47 90
47 47
47 62
47 52
47 58
47 76
47 89
47 100
48 99
48 76
48 90
48 75
48 48
48 52
48 58
48 59
48 97
48 78
48 98
48 100
48 72
49 87
49 54
49 60
49 49
49 80
49 86
49 66
49 88
49 91
49 97
49 56
50 89
50 94
50 59
50 98
50 76
50 90
50 57
50 75
50 92
50 52
51 83
51 92
51 51
51 67
51 93
51 77
51 66
51 53
51 63
51 70
52 94
52 75
52 76
52 59
52 90
52 57
52 80
52 62
52 58
52 89
53 79
53 54
53 63
53 93
53 67
53 71
53 92
53 83
53 56
53 68
53 70
53 62
53 95
54 79
54 63
54 72
54 67
54 92
54 54
54 68
54 71
55 70
55 66
55 80
55 55
55 64
55 61
55 56
55 91
56 96
56 56
56 80
56 86
56 91
56 79
56 62
56 64
57 90
57 57
57 58
57 100
57 98
57 76
57 74
57 59
57 89
57 94
58 100
58 90
58 78
58 75
58 76
58 83
58 62
59 78
59 100
59 59
59 90
59 75
59 89
60 89
60 83
60 80
60 84
60 62
60 60
60 75
60 64
60 66
60 86
60 88
60 95
61 65
61 96
61 61
61 82
61 73
61 97
61 85
61 84
61 81
61 87
61 89
61 64
61 95
62 88
62 86
62 66
62 84
62 64
62 91
62 95
63 65
63 68
63 93
63 72
63 63
63 67
63 70
63 79
63 83
63 66
64 88
64 66
64 95
64 80
64 91
64 86
65 82
65 99
65 69
65 81
65 85
65 96
65 74
65 88
65 87
66 77
66 80
66 88
66 91
66 98
66 84
67 70
67 83
67 71
67 72
67 78
67 79
68 83
68 72
68 93
68 77
68 76
68 71
69 69
69 99
69 96
69 82
69 87
69 85
69 97
69 81
70 81
70 71
70 92
70 79
70 93
70 72
71 78
71 93
71 79
71 86
71 72
71 91
72 83
72 72
72 92
72 84
72 86
73 87
73 74
73 97
73 81
73 82
73 99
73 77
73 96
73 90
74 74
74 96
74 87
74 81
74 97
74 82
74 99
74 90
74 77
74 85
75 76
75 78
75 94
75 100
75 98
76 97
76 90
76 78
76 98
76 89
76 91
77 77
77 87
77 96
77 82
77 97
77 99
78 98
78 100
78 79
79 79
80 95
80 91
80 84
80 90
80 97
81 85
81 81
81 82
81 87
81 99
82 97
82 87
82 96
82 95
82 92
83 85
83 83
83 92
84 87
84 86
84 84
84 91
84 95
85 85
85 96
85 87
85 97
85 99
86 88
86 91
87 87
88 88
88 95
89 94
89 89
89 100
90 98
90 94
90 100
91 95
91 91
92 92
93 93
94 94
95 98
96 99
96 100
97 99
98 98
