100 1174
1 37
1 43
1 99
1 65
1 5
1 38
1 44
1 1
1 67
1 91
1 2
1 32
1 11
1 81
1 30
1 50
1 54
1 19
1 97
1 4
1 18
1 24
1 31
1 82
1 77
2 76
2 2
2 49
2 43
2 81
2 54
2 65
2 99
2 38
2 82
2 44
2 31
2 91
2 45
2 59
2 75
2 87
2 62
2 4
2 5
2 18
2 24
2 30
2 32
2 47
3 58
3 36
3 3
3 94
3 83
3 42
3 17
3 70
3 73
3 16
3 22
3 87
3 21
3 57
3 60
3 23
3 100
3 65
3 8
3 56
3 98
3 76
4 75
4 43
4 44
4 50
4 4
4 45
4 30
4 99
4 91
4 54
4 49
4 59
4 24
4 18
4 81
4 84
4 48
4 5
4 11
4 31
4 38
4 67
4 82
5 9
5 10
5 96
5 11
5 31
5 59
5 45
5 44
5 24
5 54
5 75
5 91
5 50
5 5
5 15
5 69
5 18
5 30
5 32
5 38
5 43
5 49
5 67
5 81
5 82
5 99
6 90
6 78
6 42
6 83
6 6
6 36
6 57
6 37
6 17
6 58
6 21
6 60
6 94
6 73
6 16
6 39
6 46
6 99
6 10
6 23
6 56
6 70
6 87
6 38
6 91
6 20
7 42
7 90
7 76
7 63
7 68
7 12
7 8
7 7
7 97
7 40
7 48
7 9
7 89
7 10
7 51
7 88
7 15
7 31
7 81
7 14
7 19
7 61
7 69
7 71
7 96
8 89
8 14
8 64
8 28
8 69
8 97
8 63
8 48
8 40
8 61
8 15
8 8
8 51
8 9
8 19
8 65
8 47
8 10
8 12
8 68
8 71
8 76
8 88
8 67
8 84
9 36
9 89
9 19
9 76
9 92
9 97
9 15
9 10
9 28
9 96
9 68
9 64
9 40
9 74
9 12
9 88
9 59
9 14
9 48
9 51
9 61
9 32
10 19
10 48
10 64
10 74
10 14
10 92
10 28
10 97
10 61
10 88
10 15
10 89
10 10
10 75
10 12
10 51
10 63
10 96
10 26
11 22
11 87
11 100
11 64
11 91
11 49
11 18
11 31
11 99
11 11
11 38
11 50
11 67
11 65
11 70
11 26
11 24
11 30
11 43
11 45
11 81
12 92
12 76
12 88
12 74
12 61
12 96
12 14
12 69
12 19
12 71
12 40
12 68
12 48
12 12
12 83
12 64
12 97
12 47
13 56
13 98
13 68
13 71
13 44
13 25
13 13
13 66
13 85
13 35
13 41
13 86
13 62
13 52
13 33
13 26
13 29
13 38
13 92
13 27
13 47
13 53
13 80
13 84
13 93
14 58
14 71
14 92
14 14
14 48
14 68
14 19
14 64
14 69
14 28
14 74
14 89
14 75
14 86
14 15
14 40
14 51
14 63
14 96
15 57
15 89
15 97
15 51
15 64
15 71
15 19
15 92
15 63
15 15
15 48
15 76
15 65
15 84
15 28
15 40
15 61
15 68
15 69
15 74
15 18
15 54
15 93
16 78
16 60
16 58
16 22
16 73
16 57
16 83
16 94
16 98
16 87
16 90
16 39
16 100
16 42
16 56
16 17
16 24
16 26
16 21
16 46
17 73
17 42
17 21
17 23
17 58
17 36
17 56
17 83
17 70
17 22
17 37
17 94
17 57
17 87
17 78
17 43
17 26
17 39
17 46
17 90
17 98
17 100
17 68
17 99
17 33
18 50
18 31
18 54
18 45
18 59
18 18
18 82
18 91
18 99
18 49
18 24
18 43
18 97
18 30
18 32
18 38
18 44
18 81
19 64
19 51
19 96
19 89
19 61
19 92
19 19
19 40
19 63
19 71
19 47
19 83
19 28
19 74
19 88
20 86
20 53
20 47
20 72
20 52
20 66
20 80
20 84
20 93
20 41
20 62
20 35
20 29
20 26
20 79
20 25
20 34
20 27
20 90
20 55
21 22
21 94
21 70
21 57
21 56
21 60
21 42
21 39
21 78
21 36
21 58
21 90
21 98
21 87
21 31
21 93
21 23
21 46
21 48
21 41
22 94
22 23
22 39
22 78
22 46
22 58
22 98
22 87
22 22
22 56
22 100
22 36
22 42
22 63
22 37
22 60
22 73
22 27
22 34
22 80
23 70
23 83
23 58
23 94
23 23
23 57
23 56
23 39
23 37
23 46
23 100
23 90
23 80
23 96
23 36
23 42
23 60
23 78
23 98
23 93
24 45
24 54
24 50
24 81
24 24
24 43
24 75
24 32
24 49
24 44
24 33
24 98
24 38
24 59
24 65
24 82
24 91
24 53
25 94
25 44
25 52
25 77
25 26
25 34
25 80
25 25
25 95
25 55
25 35
25 27
25 62
25 86
25 29
25 83
25 92
25 33
25 47
25 66
25 84
25 85
25 93
26 39
26 51
26 61
26 49
26 53
26 85
26 72
26 80
26 41
26 79
26 55
26 95
26 68
26 27
26 33
26 34
26 35
26 66
26 77
26 84
27 73
27 93
27 47
27 72
27 79
27 86
27 62
27 33
27 95
27 66
27 53
27 41
27 35
27 55
27 83
27 34
27 52
27 77
28 92
28 28
28 69
28 96
28 68
28 88
28 48
28 61
28 97
28 40
28 63
28 35
28 98
28 51
28 64
28 71
28 76
29 53
29 62
29 79
29 33
29 84
29 66
29 41
29 86
29 35
29 34
29 77
29 80
29 93
29 95
29 72
29 97
29 64
29 52
30 31
30 38
30 59
30 49
30 43
30 91
30 50
30 67
30 81
30 44
30 54
30 30
30 95
30 32
31 65
31 59
31 43
31 49
31 45
31 91
31 31
31 67
31 98
31 40
31 38
31 44
31 81
32 71
32 67
32 49
32 81
32 32
32 82
32 54
32 44
32 43
32 65
32 45
32 97
32 50
32 75
33 56
33 95
33 41
33 79
33 84
33 62
33 34
33 80
33 77
33 52
33 35
33 47
33 91
33 55
33 66
33 72
33 93
34 83
34 85
34 84
34 93
34 77
34 80
34 55
34 79
34 47
34 41
34 95
34 52
34 54
34 66
35 90
35 41
35 86
35 80
35 85
35 55
35 77
35 93
35 72
35 47
35 100
35 60
35 62
35 66
36 83
36 73
36 36
36 87
36 42
36 39
36 94
36 78
36 37
36 60
36 100
36 61
36 46
36 56
36 57
36 90
36 98
36 63
36 41
37 70
37 87
37 100
37 39
37 60
37 83
37 37
37 78
37 46
37 90
37 42
37 73
37 77
37 57
37 94
37 97
37 49
38 40
38 50
38 82
38 81
38 75
38 54
38 44
38 49
38 43
38 56
38 99
38 53
39 42
39 73
39 98
39 56
39 94
39 83
39 58
39 78
39 57
39 70
39 97
39 90
39 79
40 60
40 74
40 69
40 89
40 63
40 40
40 61
40 97
40 88
40 56
40 48
40 51
40 68
40 71
40 76
40 82
41 73
41 48
41 88
41 95
41 79
41 52
41 47
41 53
41 66
41 84
41 72
41 80
41 93
42 42
42 87
42 56
42 78
42 73
42 83
42 46
42 61
42 58
42 90
43 50
43 67
43 43
43 44
43 65
43 88
43 61
43 45
43 49
43 54
43 59
43 99
44 91
44 75
44 44
44 82
44 45
44 81
44 49
44 54
44 59
44 55
45 49
45 75
45 99
45 67
45 81
45 91
45 65
45 59
45 97
45 48
45 50
45 54
45 82
46 98
46 57
46 90
46 56
46 58
46 94
46 70
46 83
46 78
46 51
46 54
46 87
46 96
47 61
47 93
47 86
47 47
47 53
47 77
47 66
47 52
47 55
47 85
48 69
48 48
48 63
48 92
48 89
48 97
48 96
48 88
48 51
48 64
48 71
48 74
48 76
48 95
49 67
49 81
49 65
49 49
49 50
49 82
50 94
50 100
50 65
50 91
50 67
50 54
50 63
50 74
50 59
50 82
50 99
51 61
51 89
51 71
51 74
51 92
51 69
51 97
51 67
51 63
51 64
51 68
51 76
51 88
52 78
52 84
52 80
52 79
52 55
52 52
52 53
52 86
52 83
52 59
52 62
52 66
52 85
52 95
53 63
53 74
53 89
53 80
53 85
53 55
53 93
53 62
53 72
53 86
53 79
54 74
54 65
54 59
54 91
54 58
54 75
54 81
55 98
55 86
55 93
55 77
55 72
55 79
55 85
55 95
55 68
55 66
55 80
56 100
56 98
56 87
56 90
56 73
56 58
56 78
56 60
56 70
56 94
56 84
57 58
57 78
57 70
57 57
57 87
57 100
57 90
57 85
57 60
57 73
57 98
58 73
58 100
58 83
58 87
58 58
58 65
58 94
58 98
59 69
59 91
59 65
59 99
59 59
59 94
59 67
59 75
59 82
59 85
60 98
60 78
60 70
60 60
60 100
60 94
60 73
60 91
60 83
60 90
60 67
60 86
61 69
61 97
61 64
61 61
61 76
61 68
61 71
61 74
61 88
61 92
61 91
62 79
62 66
62 80
62 85
62 86
62 62
62 72
62 98
62 81
62 84
63 92
63 64
63 63
63 76
63 88
63 89
63 69
63 71
63 74
64 74
64 64
64 76
64 89
64 71
64 77
64 68
64 69
64 88
64 96
65 67
65 82
65 77
65 87
65 81
65 91
65 99
65 72
66 79
66 84
66 72
66 66
66 67
66 95
67 75
67 67
67 91
67 82
68 89
68 69
68 92
68 74
68 68
68 71
68 96
69 76
69 96
69 71
69 97
69 88
69 84
70 87
70 78
70 90
70 73
70 94
70 100
70 70
70 91
70 83
70 98
71 92
71 96
71 74
71 88
72 72
72 95
72 79
72 77
72 86
72 80
72 78
72 93
73 83
73 98
73 78
73 100
73 90
74 92
74 74
74 88
74 76
74 89
74 96
74 97
75 83
75 82
75 75
75 99
75 95
75 100
75 79
76 87
76 92
76 97
76 89
76 96
77 92
77 97
77 79
77 84
77 77
77 93
78 100
78 87
78 79
78 92
78 85
78 86
79 86
79 80
79 85
80 84
80 85
80 96
81 99
81 96
81 100
81 82
82 99
82 86
83 90
83 94
83 98
83 87
83 100
84 95
84 86
84 85
84 93
85 95
85 85
85 86
86 93
87 87
87 90
87 100
88 96
88 97
88 95
88 89
89 97
89 96
89 95
89 92
90 100
90 94
91 95
92 96
92 97
92 99
93 95
94 100
98 98
99 99
