100 1414
1 11
1 25
1 26
1 37
1 98
1 90
1 94
1 61
1 32
1 67
1 81
1 68
1 87
1 59
1 24
1 64
1 80
1 3
1 100
1 52
1 1
1 73
1 7
1 62
1 2
1 21
1 39
1 86
1 16
2 25
2 37
2 52
2 71
2 68
2 61
2 67
2 90
2 21
2 32
2 26
2 83
2 94
2 80
2 24
2 81
2 100
2 3
2 98
2 87
2 2
2 13
2 42
2 39
2 86
2 36
2 10
2 56
3 23
3 34
3 90
3 3
3 87
3 61
3 86
3 24
3 52
3 21
3 67
3 37
3 94
3 59
3 80
3 98
3 39
3 32
3 26
3 18
3 96
3 73
3 68
3 71
3 81
3 100
3 27
4 19
4 60
4 87
4 9
4 65
4 84
4 33
4 78
4 43
4 56
4 47
4 66
4 8
4 6
4 30
4 95
4 70
4 4
4 17
4 7
4 42
4 99
4 79
4 48
4 27
4 58
4 74
5 19
5 69
5 23
5 25
5 46
5 60
5 20
5 15
5 79
5 82
5 96
5 41
5 5
5 63
5 28
5 54
5 92
5 93
5 45
5 51
5 50
5 16
5 49
5 57
5 18
5 34
5 72
5 26
6 65
6 33
6 78
6 7
6 56
6 10
6 89
6 66
6 84
6 43
6 16
6 40
6 30
6 95
6 70
6 74
6 35
6 6
6 31
6 47
6 90
6 68
6 25
6 8
6 27
7 52
7 97
7 33
7 47
7 84
7 7
7 31
7 35
7 43
7 95
7 78
7 16
7 42
7 56
7 70
7 89
7 8
7 74
7 61
7 83
7 11
7 10
7 27
7 30
7 40
7 58
8 42
8 33
8 95
8 30
8 56
8 16
8 66
8 74
8 43
8 58
8 84
8 70
8 31
8 17
8 89
8 10
8 40
8 47
8 78
8 34
8 12
8 24
9 46
9 54
9 72
9 75
9 13
9 36
9 88
9 73
9 91
9 57
9 12
9 48
9 65
9 76
9 97
9 44
9 38
9 22
9 55
9 85
9 29
9 9
9 32
9 14
9 49
9 53
9 62
9 77
10 41
10 21
10 81
10 91
10 47
10 40
10 89
10 33
10 27
10 58
10 78
10 74
10 66
10 42
10 35
10 10
10 17
10 16
10 26
10 18
10 30
10 31
10 56
10 84
10 95
11 54
11 45
11 51
11 23
11 72
11 50
11 11
11 63
11 28
11 19
11 92
11 34
11 20
11 15
11 60
11 96
11 79
11 41
11 93
11 18
11 82
11 39
11 38
11 46
11 87
11 48
11 53
11 73
11 78
12 37
12 13
12 88
12 29
12 53
12 99
12 38
12 22
12 49
12 91
12 48
12 73
12 44
12 62
12 65
12 97
12 14
12 77
12 85
12 76
12 12
12 67
12 46
12 36
12 55
12 57
12 75
12 31
13 26
13 36
13 76
13 22
13 55
13 57
13 13
13 53
13 44
13 62
13 65
13 73
13 14
13 77
13 97
13 99
13 88
13 38
13 50
13 90
13 72
13 29
13 48
13 75
13 85
13 91
13 16
13 35
13 56
13 58
13 70
14 100
14 48
14 22
14 36
14 85
14 57
14 91
14 53
14 73
14 29
14 88
14 55
14 65
14 97
14 38
14 14
14 62
14 75
14 32
14 28
14 46
14 44
14 76
15 69
15 25
15 50
15 45
15 18
15 28
15 15
15 20
15 23
15 72
15 63
15 41
15 79
15 19
15 34
15 93
15 54
15 60
15 96
15 97
15 84
15 90
15 46
15 51
15 82
15 92
15 36
16 71
16 29
16 44
16 42
16 89
16 66
16 40
16 78
16 35
16 70
16 16
16 17
16 31
16 56
16 84
16 43
16 55
16 27
16 33
16 47
16 95
17 63
17 67
17 83
17 100
17 55
17 70
17 42
17 40
17 27
17 89
17 84
17 47
17 17
17 33
17 74
17 43
17 78
17 79
17 46
17 91
17 31
17 35
17 56
17 95
18 41
18 60
18 50
18 45
18 72
18 46
18 28
18 79
18 96
18 34
18 54
18 20
18 82
18 23
18 18
18 63
18 25
18 19
18 40
18 31
18 38
18 51
18 69
18 93
18 78
19 28
19 72
19 60
19 93
19 96
19 82
19 20
19 92
19 79
19 50
19 63
19 25
19 69
19 46
19 34
19 54
19 23
19 45
19 86
19 67
19 41
19 61
19 98
20 28
20 20
20 51
20 46
20 93
20 41
20 79
20 25
20 82
20 54
20 60
20 23
20 50
20 69
20 92
20 72
20 84
20 58
20 61
20 34
20 96
20 65
21 86
21 90
21 83
21 68
21 61
21 21
21 94
21 37
21 32
21 52
21 39
21 71
21 87
21 64
21 80
21 26
21 67
21 100
21 97
21 35
21 24
21 59
21 81
21 40
21 74
22 41
22 97
22 57
22 29
22 77
22 55
22 22
22 76
22 53
22 48
22 44
22 36
22 75
22 99
22 88
22 85
22 91
22 47
22 42
22 63
22 38
22 49
23 25
23 82
23 45
23 69
23 23
23 96
23 79
23 63
23 50
23 72
23 46
23 51
23 28
23 60
23 93
23 81
23 77
23 34
23 41
23 54
23 92
23 94
24 45
24 51
24 93
24 90
24 26
24 61
24 87
24 24
24 86
24 68
24 94
24 64
24 59
24 32
24 39
24 67
24 83
24 50
24 31
24 53
24 37
24 71
24 38
24 77
24 95
25 46
25 72
25 93
25 63
25 50
25 54
25 96
25 28
25 60
25 25
25 51
25 69
25 79
25 41
25 34
25 35
25 45
25 92
25 40
25 47
25 84
26 32
26 71
26 86
26 37
26 52
26 90
26 100
26 26
26 67
26 68
26 64
26 83
26 39
26 98
26 61
26 59
26 74
26 80
26 87
26 94
26 62
26 91
27 41
27 44
27 85
27 97
27 84
27 78
27 27
27 35
27 42
27 95
27 89
27 30
27 40
27 58
27 43
27 65
27 38
27 31
27 33
27 47
27 74
28 50
28 72
28 92
28 96
28 34
28 46
28 28
28 79
28 60
28 41
28 54
28 45
28 93
28 57
28 86
28 37
28 63
28 69
28 82
28 32
28 42
29 69
29 93
29 75
29 44
29 38
29 55
29 99
29 76
29 48
29 62
29 49
29 57
29 29
29 77
29 36
29 85
29 78
29 89
29 65
29 91
30 48
30 33
30 35
30 47
30 43
30 40
30 74
30 31
30 42
30 78
30 89
30 66
30 70
30 30
30 58
30 39
30 80
30 49
30 95
31 82
31 78
31 43
31 35
31 31
31 95
31 89
31 66
31 58
31 84
31 33
31 75
31 71
31 40
31 42
31 47
31 56
31 74
32 51
32 83
32 52
32 59
32 37
32 94
32 90
32 86
32 68
32 32
32 64
32 61
32 39
32 87
32 100
32 45
32 44
32 71
32 80
32 98
33 60
33 89
33 58
33 47
33 66
33 35
33 70
33 43
33 74
33 78
33 33
33 93
33 73
33 34
33 56
33 95
34 79
34 92
34 63
34 50
34 72
34 51
34 41
34 82
34 34
34 46
34 60
34 69
34 98
34 87
34 45
34 93
34 90
34 74
35 59
35 87
35 43
35 89
35 58
35 35
35 78
35 56
35 70
35 84
35 53
35 52
35 40
35 42
35 47
36 93
36 86
36 77
36 53
36 62
36 49
36 57
36 48
36 76
36 99
36 73
36 36
36 65
36 88
36 85
36 90
36 44
36 55
36 75
36 91
36 97
36 42
36 56
36 84
37 94
37 64
37 81
37 37
37 39
37 67
37 100
37 86
37 68
37 98
37 71
37 52
37 80
37 57
37 43
37 87
37 90
38 82
38 62
38 75
38 73
38 99
38 38
38 76
38 77
38 88
38 49
38 53
38 65
38 55
38 79
38 69
38 48
38 57
38 66
39 79
39 64
39 59
39 83
39 90
39 81
39 100
39 80
39 98
39 61
39 67
39 94
39 87
39 78
39 51
39 93
39 52
39 68
39 71
39 75
40 88
40 95
40 40
40 84
40 70
40 47
40 56
40 43
40 66
40 42
40 51
40 58
41 93
41 51
41 63
41 41
41 92
41 96
41 60
41 50
41 45
41 46
41 54
41 69
41 72
42 92
42 49
42 89
42 58
42 47
42 42
42 74
42 66
42 85
42 95
43 63
43 64
43 90
43 98
43 100
43 77
43 78
43 95
43 89
43 88
43 99
43 79
43 56
43 70
43 84
44 72
44 71
44 80
44 81
44 91
44 53
44 77
44 88
44 97
44 76
44 57
44 44
44 85
44 74
44 55
44 62
44 75
44 99
44 89
45 93
45 45
45 96
45 79
45 92
45 50
45 51
45 69
45 63
45 72
45 60
45 65
45 66
45 46
45 54
45 52
45 86
45 53
46 54
46 72
46 92
46 96
46 69
46 79
46 46
46 63
46 93
46 49
46 65
46 50
46 68
47 62
47 84
47 58
47 47
47 56
47 89
47 48
47 51
47 95
48 64
48 98
48 53
48 85
48 57
48 48
48 62
48 65
48 88
48 77
48 97
48 75
48 49
48 78
48 73
48 76
48 91
48 99
48 95
49 64
49 68
49 77
49 73
49 91
49 85
49 55
49 65
49 75
49 49
49 53
49 57
49 67
49 58
49 62
50 96
50 82
50 60
50 54
50 51
50 63
50 93
50 72
50 69
50 88
50 66
50 99
50 92
51 51
51 72
51 63
51 93
51 82
51 60
51 69
51 92
51 54
51 96
51 70
51 79
51 90
52 80
52 59
52 94
52 98
52 86
52 61
52 81
52 52
52 71
52 68
52 83
52 100
52 90
52 63
52 64
52 87
52 73
52 76
53 62
53 76
53 77
53 85
53 88
53 91
53 99
53 73
53 55
53 53
53 58
53 57
53 65
53 75
53 97
54 60
54 63
54 82
54 54
54 93
54 96
54 92
54 83
54 70
54 69
54 72
54 79
54 61
54 71
54 94
55 88
55 99
55 97
55 77
55 85
55 73
55 76
55 62
55 65
55 57
55 91
55 68
55 80
56 70
56 95
56 84
56 89
56 66
56 56
56 78
56 74
56 58
57 97
57 65
57 57
57 73
57 76
57 98
57 63
57 68
57 62
57 77
57 85
57 91
57 99
57 84
58 58
58 89
58 95
58 70
58 78
58 63
58 97
58 66
58 74
59 94
59 80
59 61
59 87
59 64
59 67
59 90
59 71
59 59
59 83
59 81
59 68
59 86
59 76
59 66
59 98
60 63
60 96
60 69
60 60
60 79
60 82
60 83
60 72
61 79
61 100
61 90
61 61
61 94
61 83
61 86
61 67
61 64
61 98
61 75
61 71
61 80
61 81
62 75
62 91
62 99
62 88
62 76
62 62
62 85
62 80
62 73
62 77
62 66
62 89
62 95
63 72
63 93
63 96
63 82
63 69
63 79
63 65
63 76
63 66
64 69
64 67
64 94
64 81
64 83
64 86
64 100
64 64
64 87
64 90
64 68
64 80
65 67
65 85
65 75
65 65
65 91
65 77
65 76
65 99
66 94
66 84
66 74
66 78
66 66
66 95
67 98
67 83
67 90
67 81
67 67
67 80
67 87
67 71
67 94
67 82
67 86
67 100
68 90
68 94
68 87
68 68
68 83
68 81
68 98
68 71
68 80
68 75
69 92
69 79
69 96
69 82
69 72
69 98
69 93
69 88
70 92
70 81
70 86
70 99
70 95
70 70
70 76
70 90
70 74
70 84
71 82
71 92
71 94
71 83
71 98
71 71
71 81
71 100
71 80
71 86
71 90
71 77
72 96
72 82
72 93
72 89
72 79
72 92
72 88
72 91
73 77
73 91
73 73
73 76
73 99
73 75
73 85
73 81
73 97
74 75
74 76
74 95
74 74
74 92
75 75
75 85
75 97
75 99
75 90
75 76
75 91
76 88
76 97
76 85
76 91
76 99
77 96
77 83
77 91
77 97
77 88
77 85
77 99
78 80
78 83
78 84
78 82
78 89
78 95
79 82
79 92
79 79
79 90
80 94
80 98
80 83
80 80
80 86
80 87
80 89
80 90
80 97
81 96
81 98
81 100
81 94
81 83
81 81
81 87
81 86
82 96
82 82
82 93
82 92
82 85
83 87
83 83
83 98
83 100
84 99
84 84
85 88
85 99
85 85
85 97
86 90
86 87
86 100
86 98
87 94
87 100
87 98
87 90
88 96
88 88
88 91
88 97
88 99
89 95
89 89
90 100
91 99
91 97
92 92
92 96
92 93
93 96
94 94
94 100
94 98
97 97
98 100
99 99
100 100
