1000 3184
1 822
1 157
1 858
1 585
1 394
1 147
1 554
1 401
2 867
2 210
2 984
2 361
2 979
2 1000
2 806
3 489
3 448
3 837
3 99
3 966
3 16
3 658
3 979
3 233
4 65
4 38
4 4
4 978
4 546
4 603
4 860
4 479
4 506
5 305
5 217
5 694
5 914
5 500
5 670
5 566
5 503
5 807
6 195
6 6
6 582
6 25
6 274
6 620
6 629
6 911
6 433
7 529
7 694
7 862
7 496
7 809
7 537
7 325
8 321
8 108
8 569
8 580
8 855
8 916
8 24
8 487
8 589
9 477
9 131
9 9
9 180
10 943
10 296
10 80
10 555
10 944
10 987
10 27
11 547
11 489
11 233
11 741
11 754
12 523
12 151
12 729
12 867
12 347
12 935
12 686
13 64
13 331
13 18
13 135
13 379
13 527
13 88
14 801
14 937
14 674
14 47
14 879
14 679
15 999
15 965
15 183
15 92
15 339
15 545
15 754
16 99
16 826
16 448
16 121
17 269
17 526
17 599
17 992
17 208
17 422
17 91
17 605
17 98
17 667
18 603
18 135
18 581
18 418
18 88
19 844
19 549
19 355
19 617
19 39
19 27
19 807
19 852
20 659
20 515
20 138
20 997
20 466
20 542
20 211
20 614
21 404
21 491
21 855
21 877
21 898
21 86
21 713
22 652
22 176
22 344
22 369
22 384
23 399
23 659
23 953
23 142
23 120
23 85
23 993
23 611
23 887
23 841
24 106
24 128
24 674
24 583
24 46
24 108
24 469
25 904
25 403
25 774
25 498
25 755
25 68
26 899
26 294
26 796
26 311
26 421
26 441
26 673
26 969
27 593
27 649
27 617
27 980
27 866
27 242
28 657
28 446
28 843
28 405
28 990
29 228
29 297
29 817
29 760
29 210
29 353
30 283
30 946
30 424
30 79
30 323
30 720
30 592
31 652
31 344
31 357
31 31
31 129
31 432
32 435
32 450
32 281
32 668
32 992
32 850
33 446
33 762
33 170
33 894
33 198
34 821
34 770
34 360
34 470
34 133
34 359
35 857
35 889
35 840
35 783
35 287
35 295
35 824
35 322
35 495
35 257
35 345
36 250
36 166
36 585
36 186
36 242
36 413
37 67
37 575
37 235
37 559
37 661
37 602
37 738
38 57
38 385
38 806
38 734
38 678
38 479
39 658
39 156
39 189
39 39
40 541
40 929
40 938
40 290
40 218
40 425
40 586
40 232
41 598
41 544
41 870
41 556
41 910
41 178
41 969
42 984
42 680
42 335
42 583
42 421
42 56
43 909
43 43
43 173
43 576
43 703
44 133
44 619
44 422
44 269
44 361
44 471
44 879
45 45
45 301
45 714
45 993
45 320
45 607
46 786
46 47
46 679
46 513
46 105
47 363
47 257
47 519
47 786
47 934
48 930
48 812
48 718
48 647
48 798
49 536
49 697
49 509
49 49
49 853
49 742
49 625
50 779
50 141
50 50
50 612
50 322
50 203
50 477
50 816
51 690
51 943
51 643
51 805
51 936
51 475
52 265
52 211
52 521
52 221
52 945
52 614
52 631
53 802
53 395
53 259
53 852
53 695
53 512
54 932
54 436
54 571
54 672
54 379
55 674
55 873
55 93
55 167
55 505
56 365
56 940
56 911
56 430
56 873
57 626
57 313
57 896
57 387
58 394
58 572
58 485
58 977
58 700
59 261
59 655
59 784
59 271
59 396
60 81
60 704
60 343
60 840
60 936
60 477
60 368
61 226
61 445
61 712
61 267
61 592
61 871
62 540
62 887
62 136
62 675
62 211
62 846
63 450
63 451
63 748
63 834
63 350
63 850
63 374
63 124
64 130
64 936
64 64
64 992
64 778
65 160
65 185
65 695
65 972
65 942
66 306
66 123
66 655
66 190
66 760
66 255
67 525
67 656
67 813
67 563
68 236
68 75
68 398
68 628
68 468
68 723
68 832
68 979
69 443
69 518
69 811
69 531
69 747
69 627
70 422
70 310
70 260
70 773
70 921
70 163
70 324
70 730
71 903
71 405
71 791
71 302
71 116
71 231
71 808
72 942
72 557
72 562
72 274
72 871
72 912
73 903
73 791
73 843
73 231
73 238
73 623
74 93
74 702
74 962
74 334
74 968
74 800
75 902
75 677
75 498
75 370
75 250
75 751
75 770
76 190
76 162
76 180
76 564
76 320
77 141
77 295
77 418
77 203
77 802
77 81
77 426
77 281
78 442
78 716
78 172
78 881
78 866
78 743
78 490
79 543
79 436
79 407
79 451
80 191
80 517
80 442
80 278
80 743
81 857
81 495
81 373
82 388
82 839
82 780
82 82
82 517
82 139
83 388
83 384
83 899
83 572
83 192
83 882
83 163
84 480
84 350
84 816
84 177
84 275
84 507
85 399
85 993
85 778
85 283
86 315
86 452
86 402
86 575
87 343
87 145
87 527
87 87
88 435
88 699
88 698
89 147
89 186
89 573
89 456
89 340
90 258
90 754
90 534
90 640
90 112
90 502
91 151
91 769
91 389
91 712
91 999
92 225
92 116
92 775
92 697
92 919
93 814
93 381
93 167
93 869
94 848
94 259
94 727
94 593
94 134
94 111
95 522
95 813
95 738
95 208
95 332
95 645
96 521
96 387
96 589
96 313
96 963
97 975
97 775
97 754
97 183
97 600
98 604
98 393
98 488
98 789
98 619
98 866
99 138
99 658
99 105
100 311
100 447
100 572
100 100
100 892
101 283
101 421
101 317
101 196
101 198
102 284
102 836
102 282
102 461
102 346
102 351
102 380
103 427
103 511
103 119
103 652
103 104
104 917
104 644
104 728
104 971
104 754
105 254
105 108
105 679
105 178
106 567
106 964
106 934
106 528
106 249
106 122
106 128
107 832
107 637
107 202
107 379
107 301
108 786
108 364
109 949
109 109
109 519
109 713
110 889
110 667
110 836
110 931
110 600
111 259
111 807
111 866
111 435
111 538
112 650
112 991
112 386
112 240
112 126
113 159
113 826
113 549
113 314
113 877
114 904
114 292
114 403
114 535
114 381
114 383
115 552
115 706
115 873
115 876
115 491
115 500
115 976
115 533
116 729
116 211
116 406
117 645
117 589
117 297
117 609
117 786
118 294
118 394
118 441
118 899
118 669
118 878
119 845
119 986
119 427
119 497
119 229
120 547
120 823
120 741
120 592
121 292
121 643
121 805
121 809
121 634
122 257
122 679
122 487
122 796
122 455
122 390
122 794
123 803
123 298
123 596
123 481
124 834
124 850
124 963
124 184
125 910
125 664
125 743
125 533
125 616
125 402
126 516
126 747
126 797
126 930
127 539
127 586
127 459
127 474
127 893
128 257
128 519
128 700
128 953
129 621
129 736
129 726
129 689
129 687
129 976
130 964
130 936
130 967
130 338
130 283
130 812
130 884
131 787
131 364
131 758
131 132
131 562
131 195
131 457
131 620
131 629
131 375
131 872
132 330
132 181
132 635
132 995
132 767
132 305
132 195
132 901
133 605
133 619
133 879
133 476
133 279
133 471
133 988
134 955
134 782
134 508
134 164
134 315
134 962
134 897
135 340
135 728
135 653
135 733
135 912
135 959
136 467
136 675
136 337
136 619
136 590
136 761
137 195
137 797
137 595
137 410
137 834
137 727
138 515
138 841
138 968
138 785
138 669
138 542
138 183
139 294
139 594
139 678
139 603
139 420
140 648
140 384
140 475
140 943
140 695
140 565
140 593
141 880
141 308
141 477
141 872
141 783
141 418
141 824
141 368
141 646
142 354
142 225
142 529
142 426
142 308
142 654
142 659
142 241
143 891
143 736
143 143
143 859
143 154
143 621
144 170
144 146
144 606
144 788
144 150
144 437
144 187
145 388
145 454
145 194
145 723
145 404
146 258
146 187
146 924
146 423
146 788
146 660
146 284
147 213
147 166
147 235
147 318
147 207
147 849
148 525
148 575
148 835
148 208
148 314
148 813
148 449
149 698
149 809
149 690
149 863
149 231
150 888
150 227
150 501
150 868
150 704
150 153
150 475
151 735
151 767
151 361
151 434
151 829
152 418
152 375
152 158
152 607
152 573
152 382
153 868
153 501
153 888
153 532
153 935
153 829
153 210
153 984
153 732
154 735
154 689
154 247
154 327
154 624
155 704
155 859
155 243
155 438
155 485
155 156
155 179
155 950
155 574
156 263
156 353
156 856
156 950
156 243
157 982
157 419
157 615
157 196
158 277
158 897
158 532
158 231
158 579
158 757
159 658
159 469
159 547
159 770
159 326
160 541
160 429
160 705
160 534
160 474
161 601
161 941
161 427
161 176
161 696
161 168
161 430
161 191
162 405
162 894
162 932
162 170
162 302
162 643
163 273
163 222
163 366
163 324
163 636
164 657
164 917
164 791
164 623
164 905
164 958
165 752
165 410
165 177
165 947
165 460
166 705
166 213
166 912
166 710
167 447
167 263
167 818
167 878
167 608
167 709
168 652
168 176
168 357
168 722
168 745
168 256
169 643
169 550
169 698
169 690
169 807
169 577
169 983
170 405
170 342
171 278
171 540
171 370
171 484
171 759
171 364
171 218
172 533
172 555
172 664
172 688
172 687
173 897
173 538
173 854
173 568
173 724
174 317
174 944
174 288
174 421
174 249
175 822
175 858
175 419
175 318
175 544
175 329
176 414
176 430
177 516
177 650
177 816
177 263
177 350
177 890
178 974
178 671
178 709
179 686
179 818
179 814
179 204
179 574
179 353
180 920
180 656
180 458
180 408
180 663
181 942
181 305
181 949
181 376
181 457
181 212
182 538
182 854
182 998
182 377
182 288
183 183
183 510
183 576
184 923
184 517
184 533
184 665
184 555
184 303
185 541
185 197
185 929
185 747
185 459
186 207
186 473
186 232
186 740
187 606
187 187
187 321
187 209
187 856
188 496
188 340
188 954
188 537
188 837
188 217
188 940
188 703
189 814
189 353
189 859
189 569
190 312
190 226
190 655
190 803
191 661
191 357
191 492
191 733
191 338
192 311
192 192
192 303
193 285
193 968
193 759
193 267
193 633
193 963
194 931
194 734
194 725
194 899
194 839
195 758
195 212
195 995
196 412
196 288
196 944
196 692
196 763
197 203
197 695
197 938
197 792
197 746
198 540
198 412
198 198
199 407
199 666
199 401
199 811
199 264
199 715
200 804
200 836
200 358
200 931
200 856
201 508
201 855
201 782
201 524
201 795
201 334
202 777
202 911
202 552
202 558
202 592
202 702
203 295
203 857
203 704
204 228
204 723
204 466
204 667
204 324
204 608
205 313
205 817
205 971
205 609
205 915
205 597
205 347
206 291
206 266
206 717
206 808
206 302
207 554
207 573
207 648
208 408
208 563
208 835
208 796
209 437
209 861
209 831
209 473
210 227
210 952
210 894
211 669
211 830
211 281
212 774
212 942
212 771
213 554
213 994
213 416
214 914
214 537
214 349
214 862
214 530
214 638
214 921
215 596
215 564
215 966
215 320
215 368
215 834
216 404
216 497
216 358
216 388
216 488
217 721
217 349
217 679
218 334
218 855
218 962
219 769
219 689
219 898
219 536
219 666
219 853
220 858
220 589
220 626
220 645
220 644
220 224
220 268
221 785
221 669
221 515
221 449
222 921
222 730
222 960
222 451
222 491
223 236
223 680
223 777
223 379
223 653
223 682
224 387
224 413
224 234
224 713
224 961
225 275
225 771
225 426
225 299
226 306
226 300
226 551
227 434
227 888
227 670
227 563
227 481
228 474
228 393
228 734
228 496
229 692
229 659
229 933
229 483
230 612
230 369
230 395
230 428
230 382
231 302
231 903
231 883
232 774
232 677
232 232
233 277
233 549
233 655
234 662
234 922
234 413
234 842
235 396
235 408
235 559
235 575
236 236
236 398
236 449
237 728
237 578
237 640
237 510
237 956
238 609
238 909
238 431
238 612
239 904
239 514
239 918
239 924
239 934
239 930
240 840
240 418
240 704
240 308
240 849
241 734
241 808
241 241
242 550
242 593
242 447
243 888
243 818
243 510
243 987
244 782
244 955
244 588
244 334
244 712
245 698
245 826
245 264
245 276
245 536
245 411
245 853
245 744
245 415
246 602
246 922
246 313
246 597
246 441
247 299
247 726
247 247
247 382
248 481
248 366
248 960
248 248
249 487
249 674
249 954
250 774
250 535
250 363
250 383
251 905
251 260
251 960
251 711
251 345
251 479
252 813
252 415
252 675
252 432
252 407
253 282
253 689
253 455
253 338
253 864
254 257
254 580
254 786
254 399
254 818
255 373
255 676
255 475
255 820
255 693
256 414
256 864
256 492
256 442
258 660
258 692
258 981
258 918
258 284
258 851
258 585
259 966
259 696
259 428
259 301
259 416
259 512
260 961
260 390
260 601
260 915
260 921
260 708
260 730
260 482
261 790
261 551
261 865
261 400
261 271
261 926
261 743
262 900
262 600
262 329
262 331
262 822
262 581
263 652
263 878
263 513
263 574
263 543
263 686
263 814
263 691
263 438
264 898
264 770
264 264
264 470
265 542
265 406
265 795
265 878
265 614
265 366
266 802
266 895
266 957
266 407
266 483
266 872
267 374
267 712
267 451
267 267
268 348
268 771
268 809
268 755
268 293
268 847
268 719
268 913
269 373
269 289
269 471
269 302
269 422
269 604
270 368
270 830
270 940
270 777
270 340
271 439
271 300
271 647
271 803
271 596
271 756
271 957
272 680
272 517
272 548
272 555
272 470
272 664
272 490
272 881
273 551
273 604
273 960
273 799
273 763
273 324
273 978
273 636
273 600
274 758
274 330
274 478
274 882
274 305
274 453
274 582
274 722
275 746
275 771
275 908
275 759
275 853
276 411
276 666
276 642
276 766
276 684
277 448
277 919
277 489
278 967
278 927
278 567
278 552
278 540
279 526
279 279
279 976
279 814
279 996
280 319
280 544
280 969
280 556
280 805
280 415
280 590
280 996
281 514
281 709
281 712
282 578
282 338
282 771
282 299
282 976
282 624
283 567
283 967
284 530
284 910
284 775
285 539
285 938
285 474
285 893
285 695
285 419
286 336
286 328
286 546
286 939
286 766
286 800
286 806
286 307
286 948
286 909
287 627
287 352
287 518
287 433
287 693
287 958
288 967
288 927
288 370
288 964
288 521
288 421
288 833
288 543
288 754
289 619
289 599
289 471
289 884
289 992
289 989
290 539
290 705
290 541
290 586
290 450
290 444
291 543
291 499
291 821
291 1000
291 808
291 946
291 720
292 801
292 634
292 535
292 677
292 332
293 635
293 616
293 719
293 764
293 718
293 886
294 440
294 472
294 568
294 310
294 447
295 783
295 418
295 691
295 824
295 880
296 533
296 548
296 555
296 487
296 945
296 716
296 618
297 875
297 645
297 609
297 656
297 597
297 555
298 551
298 865
298 790
298 548
298 756
299 346
299 891
299 362
300 803
300 551
300 570
300 626
301 783
301 930
301 504
301 749
302 885
302 602
302 623
303 881
303 743
303 535
304 671
304 675
304 556
304 974
304 682
305 949
305 995
305 994
306 551
306 756
306 804
306 848
306 534
306 828
307 594
307 546
307 307
307 713
308 783
308 418
308 308
308 889
308 798
309 542
309 520
309 965
309 534
309 609
310 874
310 907
310 572
310 977
310 472
311 739
311 773
311 431
312 397
312 371
312 784
312 756
312 494
313 413
313 896
313 877
313 971
314 658
314 549
314 823
314 826
315 402
315 524
315 681
315 811
316 643
316 805
316 820
316 384
316 947
316 891
317 484
317 967
317 870
317 964
318 342
318 926
318 333
318 548
319 694
319 997
319 545
319 639
319 974
319 590
320 893
320 718
320 646
320 886
321 880
321 606
321 514
321 356
322 857
322 704
322 920
322 845
322 343
323 384
323 493
323 676
323 983
323 973
324 539
324 711
324 486
325 378
325 638
325 951
325 420
325 411
326 867
326 456
326 549
326 980
327 520
327 534
327 545
327 838
327 960
327 975
328 571
328 672
328 499
328 957
328 592
329 810
329 476
329 331
330 330
330 652
330 635
331 527
331 956
331 633
332 774
332 332
332 428
332 372
333 333
333 402
333 643
334 401
335 683
335 832
335 706
335 362
335 653
336 563
336 575
336 656
336 559
336 598
337 574
337 544
337 870
337 537
338 461
338 687
338 891
339 339
339 945
339 503
340 378
340 638
341 974
341 467
341 675
341 761
341 885
342 793
342 815
342 843
342 885
342 748
343 880
343 889
343 636
344 414
344 652
344 468
345 863
345 450
345 759
346 400
346 689
346 432
346 750
346 624
346 881
347 842
347 896
347 924
348 393
348 605
348 662
348 992
348 879
349 566
349 584
349 637
350 993
350 651
350 556
351 972
351 658
351 549
351 979
352 531
352 715
352 443
352 827
353 574
354 804
354 426
354 908
354 397
354 959
355 539
355 615
355 772
355 980
355 727
356 648
356 391
356 770
356 411
356 744
356 509
357 652
357 430
357 864
357 745
358 836
358 454
358 670
358 400
359 423
359 770
359 360
359 608
360 986
360 411
360 435
360 625
361 523
361 735
361 982
362 455
362 736
362 396
362 625
363 885
363 904
363 398
363 403
364 927
364 553
364 936
365 832
365 552
365 365
365 850
366 819
366 481
367 573
367 852
367 962
367 828
367 905
368 495
368 704
369 655
369 601
369 864
370 412
370 370
370 737
371 439
371 570
371 596
371 510
371 779
372 725
372 804
372 836
372 376
373 662
373 488
373 864
374 918
374 825
374 497
375 478
375 557
375 635
376 404
376 839
376 713
377 766
377 909
377 532
377 844
377 883
378 951
378 862
378 561
379 911
379 583
379 769
380 392
380 958
380 531
380 901
381 513
381 685
381 452
382 586
382 641
383 403
383 535
383 930
385 594
385 800
385 460
385 848
386 386
386 747
386 816
386 553
386 516
386 991
387 760
387 626
387 538
388 695
388 849
388 466
388 667
388 631
389 599
389 389
389 653
389 526
389 879
389 744
390 921
390 819
390 915
390 711
390 482
391 470
391 666
391 391
391 411
391 825
392 522
392 443
392 764
392 606
392 913
392 531
392 445
393 393
393 526
393 662
393 605
393 810
394 554
394 970
394 460
394 892
395 772
395 395
395 682
396 522
396 396
397 875
397 784
397 655
397 790
397 863
397 570
397 848
397 640
398 824
398 468
398 535
398 539
399 426
399 936
399 781
400 844
400 689
400 736
401 647
401 913
401 737
402 803
402 566
402 508
402 962
403 468
403 846
403 677
403 498
404 667
404 532
405 903
405 418
406 646
406 521
406 463
406 673
407 717
407 872
407 957
407 621
408 464
408 525
408 433
408 835
408 786
409 483
409 742
409 480
409 650
409 435
409 900
410 516
410 480
410 622
410 825
410 797
412 412
412 944
412 594
412 936
412 441
412 977
413 645
413 817
413 609
414 601
414 427
414 491
414 941
414 983
415 415
416 649
416 789
416 616
417 991
417 516
417 752
417 480
417 702
418 840
419 982
419 849
419 822
419 615
420 794
420 420
421 540
421 567
421 919
422 526
422 769
422 772
423 488
423 749
423 966
424 465
424 707
424 672
424 912
424 808
424 436
424 821
424 752
425 586
425 972
425 707
425 661
425 429
425 695
426 908
427 874
427 511
427 462
427 745
428 597
428 663
429 539
429 929
429 928
429 705
430 722
430 519
430 874
431 847
431 897
431 532
431 909
431 587
431 998
432 515
432 950
432 546
433 651
433 595
433 797
433 998
434 784
434 630
434 768
434 732
435 912
435 989
436 543
436 821
436 722
436 957
437 514
437 660
437 774
438 915
438 818
438 873
439 784
439 551
439 608
439 570
440 796
440 472
440 977
440 733
440 486
441 472
441 907
441 572
441 696
442 618
442 946
443 958
443 764
443 985
443 729
444 695
444 444
444 983
444 707
444 613
444 669
445 649
445 913
445 828
446 917
446 793
446 773
446 654
447 690
447 892
447 796
448 525
448 798
449 525
449 458
449 563
449 464
449 598
449 714
449 789
450 933
450 668
450 709
451 741
451 668
451 724
451 890
452 629
452 782
452 955
452 917
452 491
453 949
453 557
453 582
453 756
453 973
454 466
454 836
454 994
454 839
454 572
455 610
455 621
456 926
456 554
456 573
456 473
457 562
457 457
458 656
458 835
458 962
458 738
459 539
459 938
459 497
459 746
459 738
459 480
460 806
460 948
460 506
461 689
461 687
461 1000
462 499
462 736
462 719
462 925
463 515
463 795
463 841
463 930
464 656
464 522
464 673
464 502
464 561
464 627
465 791
465 917
465 843
465 762
465 885
465 537
466 780
466 836
466 839
466 706
466 512
467 870
467 467
468 634
468 577
469 661
469 916
469 919
470 744
470 886
470 742
471 757
471 488
471 700
472 730
472 739
473 740
473 695
474 539
475 565
475 690
476 980
476 906
476 852
477 783
478 942
478 562
478 949
478 888
479 560
479 546
481 978
481 773
482 482
482 888
483 815
483 778
483 905
483 763
483 765
484 553
484 540
484 584
485 907
485 568
485 485
486 799
486 819
486 773
487 679
487 639
487 937
487 963
488 488
488 576
489 535
489 919
489 741
490 987
490 743
490 728
492 652
492 986
492 864
492 958
492 642
493 648
493 805
493 943
493 863
494 678
494 560
494 794
494 657
495 845
495 704
495 723
495 880
495 622
496 923
496 710
497 519
497 931
497 734
498 904
498 822
498 531
499 571
499 717
499 718
500 680
500 583
500 608
501 952
501 523
501 673
501 914
502 762
502 838
502 534
503 914
503 923
503 710
503 530
503 869
504 785
504 795
504 591
504 504
505 909
505 846
505 505
506 713
506 560
506 788
507 871
507 759
507 850
507 709
508 605
508 807
509 684
509 625
509 663
510 775
510 809
511 601
511 986
511 545
512 807
512 649
513 686
513 513
513 685
514 788
514 692
514 751
514 651
515 997
516 916
517 987
517 716
518 901
518 764
518 828
518 518
519 639
519 674
519 786
519 569
520 920
520 733
520 838
520 586
520 534
520 975
520 650
521 968
521 830
521 591
522 813
522 656
522 738
523 952
523 735
523 767
523 699
523 829
523 630
524 595
524 990
524 955
524 877
524 575
524 702
524 962
525 602
525 559
525 678
526 850
527 959
527 810
527 744
527 956
527 973
528 910
528 788
528 981
528 833
528 768
528 692
528 831
529 529
529 908
530 910
530 851
530 660
530 981
530 940
530 751
531 725
531 985
532 641
533 688
533 945
533 881
534 733
534 576
535 753
536 625
536 917
536 853
537 827
537 582
537 954
538 909
538 883
538 757
539 746
539 929
539 656
540 553
540 827
541 707
541 691
542 669
542 631
543 592
544 944
544 557
544 687
545 640
546 902
546 939
547 798
547 787
548 548
550 676
550 943
550 698
550 983
551 860
552 873
552 614
552 558
553 927
553 553
553 827
553 941
553 882
554 740
556 776
556 865
556 996
556 761
557 927
557 758
557 635
558 911
558 706
558 840
558 832
558 675
559 575
559 931
559 749
560 603
560 678
560 860
560 902
561 647
561 616
561 966
562 949
562 764
563 602
563 835
564 647
564 749
564 712
564 966
564 847
565 863
565 698
565 565
565 956
566 694
566 584
567 927
567 827
568 767
568 892
568 899
568 901
569 916
569 937
569 886
569 580
569 721
570 661
570 596
570 875
571 720
571 681
573 849
573 585
573 994
575 894
576 733
576 728
577 690
577 676
577 792
577 974
578 785
578 775
578 838
578 728
578 965
578 975
578 640
579 854
579 607
579 909
579 906
580 916
580 973
581 906
581 810
581 663
581 989
582 620
583 911
583 972
584 954
584 910
585 926
585 615
585 805
587 909
587 768
587 607
587 812
587 846
588 975
588 990
588 877
588 768
589 842
589 760
589 817
590 673
590 901
591 646
591 795
591 722
592 869
593 649
593 663
594 907
594 800
594 678
594 948
594 860
595 781
595 797
596 865
597 645
597 922
598 656
598 835
599 604
599 784
600 633
601 900
601 986
601 934
601 837
603 726
603 906
604 662
604 992
605 999
606 910
606 639
607 768
607 998
608 812
608 847
609 760
610 791
610 726
610 736
610 694
611 778
611 953
611 908
611 972
612 731
612 904
612 634
613 929
613 707
613 746
613 994
614 856
614 812
615 822
616 714
616 847
616 835
617 630
617 899
617 990
618 987
618 664
618 693
619 896
619 782
620 722
620 657
620 629
621 726
622 951
622 651
622 816
623 894
623 851
623 715
624 844
624 952
624 978
625 744
626 999
626 898
627 828
627 958
628 867
628 868
628 630
628 787
628 705
629 949
630 729
631 646
631 856
632 923
632 721
632 710
632 632
633 792
633 989
633 780
634 801
634 799
634 839
634 685
634 792
636 711
636 773
637 777
637 876
637 647
638 710
638 927
638 641
639 934
639 982
641 870
641 854
641 703
642 946
642 770
642 642
643 809
644 838
644 644
644 775
646 841
647 755
648 820
649 750
649 682
650 797
650 651
651 947
652 986
652 874
653 900
653 959
654 905
654 763
654 908
654 993
655 790
655 848
655 875
655 665
656 920
656 777
657 917
657 843
657 878
657 815
659 887
660 660
660 717
661 941
661 874
662 769
662 999
663 789
664 945
664 688
664 984
665 688
665 665
666 776
666 684
666 697
666 742
667 734
668 759
668 748
668 977
669 841
669 795
670 914
670 688
670 951
670 710
670 854
671 868
671 922
671 673
671 761
671 906
671 996
672 895
672 720
672 802
672 735
674 916
675 969
676 943
676 676
676 820
676 945
677 941
677 731
678 948
679 937
679 855
679 985
680 683
680 706
680 876
681 835
681 755
681 749
681 811
681 714
681 718
681 886
682 697
682 789
683 780
683 777
683 743
683 1000
684 898
684 886
684 757
685 838
685 686
687 687
687 736
687 726
687 750
688 716
689 976
689 750
691 814
691 889
693 985
693 988
694 954
694 951
694 721
696 789
696 807
697 776
698 925
699 756
699 810
699 792
699 749
700 700
701 931
701 971
701 901
701 828
701 736
701 715
702 955
703 703
704 840
704 779
705 972
705 893
706 873
706 1000
706 876
708 799
708 961
708 773
708 994
709 712
709 884
710 954
711 961
711 809
712 884
714 719
715 764
716 859
716 773
717 924
717 872
719 862
720 755
721 923
721 862
722 722
722 795
723 780
724 825
724 724
725 780
725 839
726 891
727 852
727 807
727 955
728 965
728 948
729 867
729 888
729 767
730 961
730 879
731 801
731 753
731 939
732 984
732 952
732 999
735 984
737 894
737 901
737 764
739 970
739 899
739 765
740 740
741 826
742 898
744 928
745 790
745 894
747 991
747 797
747 787
748 834
748 963
748 890
750 844
751 831
751 851
752 781
752 816
753 753
753 954
753 876
756 793
757 846
758 995
761 902
762 932
762 791
763 778
763 905
765 905
765 933
765 953
765 817
766 960
766 766
767 868
769 952
769 769
770 776
771 771
771 928
772 772
773 929
773 817
774 902
775 965
776 898
777 1000
777 940
777 832
778 908
778 993
779 889
779 857
779 840
779 845
780 804
780 836
781 797
781 947
782 877
783 845
783 824
784 790
784 803
784 848
784 851
785 997
785 830
786 937
787 867
787 952
787 787
788 794
788 918
788 831
789 866
791 815
791 932
792 912
793 815
793 843
794 800
794 925
794 860
795 830
795 968
796 899
796 977
797 877
798 826
798 837
799 820
801 801
802 957
803 991
804 931
805 820
806 925
807 852
808 895
808 946
810 912
811 811
812 966
813 920
814 818
817 879
817 922
817 842
818 950
818 869
819 915
819 920
819 978
820 901
821 895
822 827
823 823
823 957
825 890
825 871
825 884
827 964
828 988
829 935
829 916
830 856
831 918
831 939
832 903
833 924
833 861
833 981
837 979
842 842
842 920
843 903
844 844
846 909
848 875
849 994
851 910
855 965
856 861
858 858
859 950
861 910
861 924
864 986
865 865
866 980
868 935
869 950
871 970
876 911
882 935
882 970
883 883
885 917
886 933
887 908
887 928
890 963
892 985
893 972
895 946
896 971
897 998
900 989
900 906
901 982
902 902
903 932
903 917
904 963
905 933
906 989
906 956
907 907
908 908
913 913
915 960
917 932
918 981
921 961
921 978
925 939
926 982
928 933
928 953
934 937
936 947
937 939
938 972
938 938
940 1000
944 944
951 954
952 984
959 973
968 997
969 996
970 970
971 971
987 987
988 988
990 995
