1000 6134
1 221
1 831
1 914
1 236
1 314
1 894
1 347
1 730
1 528
1 700
1 296
1 65
1 961
1 901
2 515
2 844
2 233
2 962
2 158
2 437
2 711
2 20
2 325
2 661
2 157
2 928
2 929
2 808
2 46
2 932
2 185
3 423
3 486
3 404
3 10
3 159
3 248
3 907
3 71
3 633
3 886
3 623
3 276
3 702
4 562
4 696
4 28
4 468
4 4
4 724
4 209
4 368
4 278
4 937
4 85
4 884
5 995
5 846
5 559
5 5
5 168
5 509
5 585
5 653
5 893
5 655
5 152
5 815
5 315
5 581
6 260
6 752
6 578
6 975
6 760
6 910
6 738
6 869
6 535
6 899
6 13
6 951
6 955
6 317
7 949
7 608
7 619
7 736
7 372
7 199
7 313
7 334
7 827
7 979
7 421
7 809
7 942
7 356
8 674
8 240
8 703
8 312
8 330
8 8
8 626
8 998
8 976
8 401
8 938
8 637
8 155
9 499
9 258
9 388
9 519
9 904
9 44
9 316
9 944
9 433
9 632
9 917
9 435
9 93
9 126
10 701
10 486
10 66
10 764
10 52
10 71
10 867
10 10
10 159
10 49
10 633
11 651
11 524
11 31
11 502
11 227
11 11
11 89
11 225
11 367
11 270
11 453
11 472
12 133
12 774
12 816
12 478
12 966
12 902
12 178
12 358
12 45
12 241
12 689
12 190
12 986
12 863
12 992
12 523
13 167
13 387
13 260
13 370
13 989
13 869
13 969
13 738
13 411
13 798
13 955
13 752
14 897
14 781
14 262
14 62
14 364
14 800
14 889
14 183
14 920
14 454
14 15
14 146
14 297
14 994
14 94
15 722
15 135
15 800
15 297
15 920
15 442
15 994
15 688
15 932
15 146
15 311
15 183
15 145
16 924
16 400
16 464
16 496
16 329
16 531
16 33
16 597
16 56
16 26
16 419
16 678
17 962
17 46
17 325
17 20
17 220
17 158
17 801
17 157
17 731
17 838
17 926
17 558
17 437
17 707
17 843
18 279
18 130
18 947
18 469
18 857
18 642
18 272
18 55
18 497
18 322
18 179
18 824
18 445
18 838
18 338
19 480
19 132
19 508
19 573
19 724
19 43
19 368
19 209
19 696
19 358
19 28
19 418
19 505
19 348
20 929
20 371
20 731
20 926
20 20
20 558
20 958
20 157
20 928
20 801
20 151
20 774
20 927
21 377
21 592
21 73
21 100
21 205
21 500
21 21
21 80
21 157
21 687
21 950
21 187
21 69
21 474
21 861
21 480
21 99
21 919
21 277
21 274
22 644
22 645
22 390
22 470
22 36
22 893
22 649
22 820
22 881
22 463
22 288
22 682
22 306
22 825
22 866
23 899
23 658
23 705
23 985
23 654
23 576
23 75
23 202
23 369
23 820
23 81
24 405
24 964
24 247
24 905
24 970
24 516
24 201
24 379
24 859
24 234
24 930
24 473
25 361
25 170
25 702
25 438
25 25
25 164
25 828
25 935
25 786
25 303
25 324
25 853
25 627
26 770
26 776
26 665
26 276
26 749
26 991
26 141
26 374
26 918
26 631
26 554
26 873
26 32
27 782
27 269
27 817
27 780
27 684
27 983
27 744
27 799
27 959
27 746
27 289
27 428
27 110
28 132
28 562
28 505
28 43
28 573
28 696
28 884
28 882
28 555
28 209
28 90
29 770
29 131
29 918
29 280
29 276
29 203
29 304
29 141
29 873
29 571
29 37
29 39
29 229
29 226
29 856
30 681
30 518
30 522
30 915
30 664
30 542
30 189
30 291
30 493
30 883
30 323
30 582
30 336
31 651
31 524
31 270
31 198
31 31
31 365
31 673
31 385
31 453
31 472
31 858
31 89
31 743
31 961
32 281
32 176
32 124
32 571
32 459
32 476
32 427
32 295
32 119
32 53
32 321
32 649
32 410
33 266
33 783
33 149
33 768
33 320
33 948
33 464
33 309
33 842
34 657
34 536
34 154
34 504
34 230
34 479
34 241
34 769
34 91
34 324
34 77
34 849
34 634
34 793
35 150
35 432
35 285
35 449
35 988
35 186
35 981
35 301
35 745
35 308
35 694
35 72
35 848
35 628
36 644
36 390
36 288
36 645
36 36
36 822
36 841
36 326
36 306
36 821
37 73
37 131
37 776
37 276
37 665
37 374
37 770
37 512
37 672
37 554
37 50
37 709
38 402
38 804
38 719
38 148
38 819
38 60
38 328
38 718
38 38
38 598
38 742
38 111
38 900
38 643
39 770
39 543
39 512
39 304
39 50
39 280
39 749
39 203
39 741
39 229
39 374
39 976
40 673
40 532
40 439
40 235
40 197
40 335
40 353
40 954
40 580
40 715
40 569
40 956
40 716
40 216
40 103
40 107
41 388
41 900
41 494
41 631
41 565
41 865
41 44
41 316
41 904
41 871
41 433
41 435
41 243
42 708
42 393
42 286
42 855
42 927
42 795
42 42
42 177
42 825
43 562
43 418
43 937
43 733
43 48
43 462
43 508
43 352
43 696
43 90
43 390
43 300
44 690
44 517
44 494
44 433
44 865
44 557
44 810
44 419
44 583
44 97
45 133
45 545
45 169
45 992
45 863
45 816
45 987
45 860
45 117
46 710
46 926
46 843
46 962
46 731
46 158
46 801
46 420
46 844
46 868
46 575
47 325
47 395
47 775
47 263
47 523
47 912
47 156
47 527
47 789
47 211
47 740
47 746
48 938
48 99
48 555
48 85
48 368
48 724
48 937
48 48
49 391
49 423
49 49
49 701
49 71
49 404
49 943
49 93
49 979
49 616
49 623
49 764
49 718
50 918
50 665
50 770
50 203
50 280
50 749
50 304
50 663
50 229
50 748
51 391
51 673
51 599
51 365
51 876
51 225
51 858
51 704
51 270
51 668
51 564
51 472
52 907
52 404
52 933
52 943
52 701
52 114
52 486
52 192
52 359
52 66
52 616
52 109
52 847
53 408
53 295
53 476
53 321
53 717
53 638
53 53
53 499
53 879
53 119
54 858
54 514
54 396
54 818
54 488
54 606
54 835
54 977
54 772
54 947
54 953
54 833
54 609
55 130
55 947
55 348
55 272
55 877
55 102
55 469
55 838
55 637
55 824
55 957
55 880
56 427
56 149
56 678
56 496
56 544
56 785
56 758
56 266
56 933
56 329
57 148
57 919
57 499
57 714
57 60
57 598
57 171
57 402
57 896
57 738
57 111
58 140
58 525
58 271
58 660
58 406
58 826
58 200
58 278
58 228
58 793
58 829
58 382
58 929
59 513
59 420
59 594
59 160
59 106
59 579
59 337
59 255
59 685
59 982
59 903
60 402
60 148
60 919
60 598
60 742
60 819
60 153
60 439
60 714
61 413
61 683
61 693
61 697
61 145
61 287
61 61
61 213
61 694
61 349
61 890
62 135
62 147
62 540
62 297
62 688
62 311
62 442
62 146
62 132
62 338
62 392
63 262
63 135
63 781
63 147
63 311
63 442
63 994
63 63
63 607
64 643
64 652
64 399
64 184
64 754
64 95
64 982
64 618
64 999
64 700
64 591
64 775
65 134
65 528
65 416
65 831
65 112
65 347
65 730
65 236
65 807
65 887
66 440
66 159
66 423
66 943
66 192
66 867
66 114
66 588
66 109
66 699
66 568
66 955
67 918
67 123
67 916
67 811
67 579
67 160
67 337
67 588
67 940
67 179
68 646
68 142
68 206
68 451
68 341
68 587
68 231
68 722
68 96
68 694
68 845
68 756
69 687
69 87
69 950
69 480
69 602
69 500
69 187
69 99
69 993
69 592
69 100
69 377
70 624
70 648
70 165
70 421
70 949
70 827
70 447
70 595
70 313
70 610
71 907
71 159
71 436
71 114
71 616
71 192
71 286
71 109
71 880
72 705
72 260
72 923
72 449
72 913
72 745
72 988
72 483
72 758
72 628
73 797
73 950
73 187
73 205
73 500
73 515
73 892
73 86
73 590
73 87
73 480
73 823
74 129
74 259
74 789
74 318
74 775
74 477
74 667
74 527
74 339
74 254
75 654
75 538
75 576
75 202
75 658
75 985
75 232
75 214
75 742
76 643
76 392
76 577
76 332
76 195
76 629
76 196
76 95
76 76
77 274
77 479
77 796
77 154
77 769
77 536
77 249
77 357
77 815
77 230
77 634
77 655
78 786
78 533
78 151
78 410
78 945
78 563
78 456
78 211
78 734
78 657
79 403
79 284
79 434
79 137
79 728
79 376
79 501
79 757
79 537
79 677
80 950
80 590
80 500
80 480
80 187
80 687
80 474
80 797
80 267
80 87
80 885
81 654
81 560
81 690
81 705
81 842
81 81
81 355
81 466
81 725
81 369
82 532
82 412
82 197
82 580
82 107
82 611
82 888
82 335
82 596
82 371
82 216
83 264
83 521
83 674
83 676
83 312
83 703
83 83
83 240
83 532
83 88
83 626
83 637
83 954
84 899
84 538
84 842
84 367
84 232
84 369
84 407
84 84
84 451
84 864
84 994
85 132
85 209
85 724
85 884
85 418
85 696
85 555
85 612
85 92
85 733
85 694
86 515
86 687
86 950
86 872
86 797
86 205
86 86
86 158
86 480
86 377
86 539
87 885
87 872
87 687
87 861
87 950
87 377
87 893
87 99
88 788
88 681
88 703
88 193
88 676
88 674
88 264
88 144
88 561
88 240
88 637
88 557
89 270
89 564
89 453
89 198
89 343
89 858
89 472
89 642
89 743
89 592
89 221
90 937
90 462
90 555
90 92
90 368
90 884
90 562
90 919
90 733
91 395
91 536
91 657
91 849
91 479
91 504
91 862
91 769
91 300
91 489
91 239
91 634
91 532
92 555
92 696
92 937
92 462
92 209
92 562
92 368
92 514
92 569
93 388
93 904
93 810
93 557
93 433
93 631
93 93
93 97
94 288
94 820
94 821
94 841
94 342
94 675
94 682
94 470
94 167
94 996
94 893
95 441
95 333
95 95
95 630
95 360
95 184
95 908
95 999
96 778
96 934
96 341
96 601
96 350
96 206
96 584
96 722
96 807
96 426
96 548
97 517
97 900
97 316
97 494
97 944
97 388
97 565
97 771
97 126
98 153
98 549
98 700
98 714
98 598
98 834
98 718
98 402
98 111
98 353
98 742
99 205
99 872
99 602
99 515
99 687
99 892
99 591
100 515
100 797
100 687
100 602
100 861
100 205
100 872
100 903
100 892
101 457
101 526
101 581
101 430
101 212
101 967
101 976
101 429
101 194
101 464
102 403
102 130
102 272
102 469
102 984
102 613
102 491
102 947
102 903
102 880
102 628
103 569
103 956
103 197
103 716
103 888
103 216
103 353
103 603
103 355
103 235
103 107
103 846
103 656
103 553
104 641
104 922
104 541
104 802
104 551
104 840
104 219
104 458
104 463
104 546
104 117
104 830
104 481
105 865
105 492
105 152
105 581
105 997
105 779
105 471
105 381
105 846
105 177
105 759
106 487
106 717
106 513
106 909
106 911
106 916
106 420
106 811
106 379
106 243
106 255
107 143
107 412
107 439
107 532
107 870
107 888
107 413
107 817
108 491
108 528
108 914
108 924
108 319
108 730
108 314
108 894
108 715
108 897
109 404
109 159
109 436
109 248
109 933
109 633
109 860
109 764
109 509
110 782
110 659
110 799
110 983
110 362
110 744
110 208
110 507
110 619
111 148
111 171
111 834
111 714
111 804
111 153
111 182
111 896
111 237
112 134
112 319
112 352
112 314
112 914
112 961
112 615
112 296
112 137
113 700
113 670
113 298
113 840
113 622
113 219
113 257
113 727
113 458
113 982
113 384
114 943
114 486
114 616
114 159
114 423
114 979
114 237
114 764
114 590
115 380
115 387
115 260
115 600
115 752
115 115
115 832
115 886
115 637
115 850
115 959
116 394
116 406
116 556
116 440
116 826
116 958
116 200
116 228
116 116
117 641
117 922
117 541
117 670
117 802
117 550
117 298
117 219
117 948
118 661
118 793
118 795
118 417
118 461
118 855
118 790
118 226
118 927
118 739
119 806
119 427
119 176
119 717
119 879
119 457
119 546
119 143
119 124
120 257
120 551
120 298
120 840
120 458
120 498
120 882
120 210
120 120
120 731
120 143
121 788
121 408
121 561
121 476
121 699
121 639
121 176
121 218
121 124
121 397
121 580
122 804
122 549
122 834
122 718
122 719
122 742
122 499
122 122
122 251
123 516
123 905
123 139
123 794
123 223
123 813
123 386
123 123
123 363
123 624
124 281
124 806
124 459
124 218
124 176
124 295
124 339
124 639
125 756
125 901
125 172
125 739
125 136
125 936
125 582
125 915
125 326
125 330
126 812
126 519
126 433
126 631
126 435
126 258
126 900
126 589
126 357
127 781
127 688
127 973
127 364
127 127
127 138
127 135
127 146
127 964
127 707
128 663
128 675
128 288
128 825
128 470
128 996
128 893
128 167
128 306
128 215
128 940
129 219
129 188
129 523
129 259
129 775
129 746
129 980
129 527
129 888
129 667
129 156
129 477
130 947
130 824
130 445
130 613
130 877
130 763
130 932
130 642
130 880
130 466
131 776
131 748
131 229
131 141
131 512
131 203
131 374
131 353
131 276
131 543
132 573
132 462
132 508
132 724
132 937
132 368
132 340
132 696
132 505
132 789
133 568
133 686
133 860
133 617
133 358
133 545
133 253
133 508
133 169
133 816
133 689
133 190
133 987
133 478
133 863
133 349
134 236
134 352
134 319
134 296
134 134
134 416
134 565
134 528
134 914
134 924
134 567
134 831
134 839
134 715
135 897
135 338
135 781
135 688
135 973
135 138
135 404
135 311
135 889
136 915
136 672
136 739
136 326
136 136
136 936
136 291
136 518
136 880
137 293
137 757
137 692
137 537
137 376
137 777
137 294
137 851
137 946
137 878
137 403
137 166
137 974
138 946
138 800
138 897
138 920
138 146
138 442
138 147
138 364
138 390
138 889
139 411
139 261
139 720
139 386
139 201
139 363
139 379
139 252
139 769
139 930
139 473
139 247
140 267
140 660
140 814
140 787
140 826
140 525
140 271
140 484
140 533
140 278
140 556
140 440
141 749
141 918
141 203
141 991
141 141
141 770
141 276
141 922
141 280
141 351
141 374
141 729
141 759
142 650
142 766
142 487
142 646
142 206
142 601
142 366
142 587
142 699
142 354
142 231
142 629
143 894
143 716
143 353
143 954
143 235
143 412
143 207
143 870
144 521
144 330
144 193
144 761
144 637
144 401
144 282
144 703
144 998
144 227
144 681
144 938
144 312
144 506
144 697
145 828
145 397
145 891
145 145
145 553
145 695
145 971
145 511
145 287
145 698
145 593
145 213
146 262
146 338
146 973
146 297
146 920
146 147
146 589
146 311
146 994
146 889
147 364
147 338
147 800
147 973
147 897
147 254
147 618
148 834
148 171
148 499
148 805
148 598
148 549
148 835
148 819
148 742
149 906
149 266
149 785
149 621
149 768
149 531
149 419
149 897
150 904
150 923
150 283
150 449
150 186
150 628
150 378
150 534
150 313
150 292
150 723
150 745
151 786
151 895
151 1000
151 734
151 456
151 211
151 410
151 941
151 446
151 708
151 344
152 791
152 614
152 559
152 381
152 653
152 604
152 581
152 374
152 168
152 174
152 721
153 834
153 171
153 742
153 805
153 919
153 499
153 896
153 598
153 357
153 549
153 700
153 719
154 543
154 769
154 751
154 395
154 610
154 504
154 796
154 249
154 337
154 862
154 241
154 634
154 666
155 987
155 698
155 874
155 762
155 971
155 213
155 572
155 553
155 511
155 925
155 413
155 683
155 693
155 891
155 664
156 893
156 399
156 263
156 527
156 667
156 586
156 775
156 395
156 188
156 318
156 575
156 467
156 980
157 884
157 161
157 710
157 962
157 325
157 631
157 158
157 929
157 558
157 843
157 844
157 868
158 711
158 233
158 707
158 437
158 928
158 965
158 926
158 731
159 404
159 933
159 486
159 159
159 436
159 701
159 867
160 513
160 909
160 526
160 916
160 830
160 160
160 579
160 420
160 462
160 680
160 811
160 238
160 243
160 320
161 612
161 175
161 217
161 836
161 251
161 847
161 234
161 709
161 605
161 450
161 614
162 396
162 514
162 772
162 606
162 539
162 465
162 953
162 607
162 503
162 715
162 735
162 609
163 774
163 902
163 253
163 358
163 966
163 568
163 816
163 863
163 545
163 348
163 932
163 169
163 689
163 478
164 170
164 415
164 853
164 164
164 191
164 299
164 669
164 272
164 807
164 305
164 726
164 627
164 397
165 180
165 608
165 942
165 334
165 313
165 619
165 199
165 595
165 444
165 809
166 279
166 537
166 293
166 166
166 968
166 757
166 434
166 357
166 946
166 692
166 974
166 851
166 728
166 871
166 488
167 644
167 649
167 663
167 288
167 820
167 821
167 881
167 390
167 822
167 306
167 996
167 372
167 207
168 604
168 655
168 995
168 846
168 174
168 559
168 791
168 612
168 815
168 721
169 974
169 545
169 932
169 617
169 178
169 686
169 806
169 816
169 253
170 669
170 548
170 807
170 706
170 935
170 726
170 853
170 587
170 438
170 324
171 804
171 805
171 819
171 499
171 328
171 896
171 315
171 718
171 917
172 273
172 664
172 409
172 939
172 679
172 901
172 493
172 189
172 912
173 776
173 520
173 908
173 790
173 793
173 547
173 302
173 226
173 492
173 500
174 653
174 791
174 779
174 815
174 585
174 471
174 997
174 871
174 315
174 481
174 381
175 709
175 732
175 729
175 234
175 251
175 792
175 574
175 452
175 712
175 180
175 383
176 814
176 546
176 295
176 699
176 879
176 408
176 218
176 202
176 459
176 717
176 476
177 389
177 520
177 793
177 927
177 547
177 795
177 431
177 182
177 436
177 226
178 902
178 932
178 358
178 860
178 686
178 966
178 568
178 450
178 478
179 491
179 984
179 469
179 636
179 179
179 763
179 642
179 691
179 947
179 963
179 857
179 613
180 792
180 251
180 246
180 847
180 691
180 747
180 383
180 375
180 729
181 980
181 780
181 269
181 677
181 289
181 817
181 362
181 428
181 181
181 208
181 983
182 944
182 255
182 393
182 302
182 417
182 520
182 346
182 970
182 331
183 897
183 297
183 973
183 800
183 781
183 364
183 311
183 505
183 889
184 535
184 647
184 652
184 591
184 618
184 629
184 982
184 570
184 636
184 333
185 266
185 785
185 678
185 185
185 552
185 906
185 320
185 496
186 646
186 292
186 803
186 432
186 848
186 475
186 856
186 907
187 787
187 515
187 892
187 474
187 187
187 797
187 915
187 602
187 861
187 377
187 794
188 385
188 527
188 789
188 903
188 339
188 912
188 667
188 880
189 781
189 901
189 518
189 530
189 915
189 291
189 679
189 723
190 820
190 932
190 478
190 992
190 686
190 966
190 190
190 939
191 415
191 305
191 438
191 303
191 324
191 935
191 853
191 627
191 316
191 960
192 423
192 943
192 623
192 248
192 867
192 633
192 616
192 556
193 788
193 424
193 312
193 330
193 282
193 998
193 761
193 202
193 978
193 876
193 593
194 898
194 773
194 307
194 883
194 965
194 976
194 322
194 454
194 340
194 309
194 967
194 712
194 212
195 377
195 418
195 392
195 441
195 570
195 999
195 577
195 196
195 629
195 421
195 332
195 754
195 630
196 392
196 399
196 570
196 577
196 754
196 652
196 441
196 643
196 710
196 333
197 771
197 956
197 532
197 207
197 603
197 197
197 335
197 216
198 704
198 365
198 224
198 564
198 472
198 673
198 391
198 379
198 599
198 858
198 225
198 227
198 502
199 247
199 648
199 313
199 199
199 421
199 608
199 358
200 271
200 787
200 814
200 826
200 556
200 200
200 960
201 564
201 386
201 405
201 813
201 905
201 223
201 720
201 968
201 247
202 899
202 654
202 690
202 214
202 921
202 725
202 901
202 864
203 770
203 776
203 918
203 991
203 208
204 450
204 709
204 691
204 847
204 747
204 452
204 605
204 792
204 732
204 885
204 375
204 767
205 687
205 950
205 872
205 500
205 515
205 885
205 205
205 590
206 778
206 845
206 389
206 722
206 601
206 350
206 366
206 800
206 354
207 678
207 771
207 439
207 569
207 956
207 235
207 532
208 783
208 287
208 677
208 817
208 428
208 837
208 208
208 744
209 701
209 562
209 733
209 368
209 724
209 605
209 884
209 508
210 670
210 931
210 463
210 551
210 384
210 840
210 875
210 298
210 727
210 854
210 882
210 498
211 224
211 371
211 895
211 410
211 671
211 945
211 563
211 823
211 446
212 803
212 430
212 444
212 625
212 359
212 883
212 322
212 716
212 753
213 397
213 656
213 287
213 695
213 572
213 553
213 225
213 874
214 407
214 921
214 560
214 576
214 842
214 690
214 369
214 255
214 985
214 864
214 983
215 772
215 443
215 833
215 606
215 465
215 514
215 609
215 784
215 390
215 735
216 356
216 439
216 954
216 580
216 235
216 569
216 588
216 603
217 978
217 792
217 290
217 452
217 327
217 450
217 691
217 732
217 343
217 334
217 464
218 265
218 295
218 561
218 571
218 321
218 459
218 427
218 586
218 721
219 670
219 802
219 931
219 463
219 551
219 257
219 922
220 801
220 808
220 558
220 437
220 843
220 844
220 371
220 868
220 483
220 233
221 319
221 730
221 615
221 567
221 296
221 347
221 715
221 528
221 689
222 733
222 514
222 396
222 539
222 833
222 977
222 854
222 222
222 921
222 488
223 386
223 261
223 813
223 859
223 964
223 970
223 223
223 332
224 651
224 564
224 704
224 453
224 858
224 270
224 254
224 227
224 876
224 365
224 984
224 286
225 524
225 472
225 453
225 391
225 254
225 564
225 793
225 431
226 908
226 795
226 302
226 331
226 547
226 431
226 661
227 506
227 673
227 453
227 472
227 391
227 359
227 502
227 251
227 887
227 510
228 394
228 267
228 271
228 278
228 668
228 829
228 958
228 246
228 382
228 968
228 428
229 770
229 665
229 304
229 554
229 776
229 654
230 796
230 274
230 849
230 610
230 395
230 479
230 357
230 354
230 241
230 510
231 584
231 587
231 341
231 345
231 766
231 354
231 845
231 607
231 366
231 914
231 868
232 654
232 367
232 899
232 232
232 842
232 690
232 519
232 600
233 928
233 710
233 844
233 801
233 808
233 558
233 260
233 773
234 394
234 290
234 836
234 452
234 729
234 747
234 709
234 398
235 797
235 580
235 888
235 771
235 262
236 405
236 924
236 314
236 839
236 615
236 887
236 739
236 308
237 963
237 261
237 905
237 794
237 813
237 964
237 859
237 930
237 379
237 603
238 526
238 680
238 940
238 830
238 579
238 620
238 238
238 742
239 769
239 536
239 589
239 504
239 610
239 489
239 249
239 241
239 861
239 510
240 521
240 330
240 938
240 506
240 788
240 401
240 542
240 626
241 395
241 536
241 489
241 249
241 461
242 418
242 468
242 508
242 562
242 937
242 573
242 555
242 696
242 724
242 881
242 884
242 505
243 911
243 916
243 940
243 255
243 588
243 526
243 420
244 852
244 794
244 720
244 473
244 624
244 363
244 386
244 905
244 813
244 410
244 712
245 790
245 795
245 927
245 302
245 286
245 661
245 331
245 346
245 417
245 792
246 290
246 836
246 729
246 732
246 605
246 792
246 383
246 427
246 835
247 650
247 905
247 964
247 970
247 473
247 624
247 495
248 907
248 404
248 933
248 436
248 979
248 623
248 618
249 849
249 862
249 751
249 657
249 510
249 900
249 419
250 889
250 809
250 949
250 334
250 736
250 372
250 648
250 421
250 448
250 322
251 293
251 792
251 574
251 450
251 709
251 327
252 516
252 905
252 930
252 964
252 720
252 859
252 252
252 498
253 605
253 730
253 689
253 860
253 478
253 774
253 285
253 604
254 391
254 651
254 453
254 743
254 876
254 343
254 704
254 426
254 577
255 909
255 916
255 940
255 830
255 526
256 825
256 782
256 422
256 684
256 817
256 428
256 677
256 659
256 310
256 854
257 641
257 384
257 922
257 670
257 551
257 498
257 257
257 614
257 802
257 931
257 298
257 463
257 727
258 433
258 900
258 944
258 258
258 557
258 810
258 494
258 371
258 812
258 565
258 316
259 385
259 667
259 912
259 259
259 903
259 477
259 802
259 318
259 740
259 746
260 752
260 832
260 666
260 869
260 640
260 798
260 951
260 955
260 317
261 386
261 930
261 794
261 813
261 405
261 859
261 444
261 473
262 540
262 311
262 800
262 781
262 897
262 262
262 623
262 920
262 688
262 338
263 849
263 775
263 527
263 912
263 467
263 903
263 477
263 800
263 667
263 575
263 746
264 998
264 506
264 978
264 424
264 676
264 788
264 626
264 330
264 646
264 521
264 674
264 703
265 626
265 651
265 469
265 571
265 638
265 321
265 281
265 879
265 940
265 408
265 546
265 717
266 477
266 906
266 783
266 758
266 419
266 464
266 585
266 531
266 544
266 552
266 948
266 597
266 679
267 814
267 382
267 440
267 484
267 556
267 990
267 278
267 858
267 525
267 958
268 307
268 750
268 712
268 322
268 268
268 878
268 625
268 444
268 800
268 430
268 566
268 753
269 744
269 422
269 308
269 959
269 289
269 507
269 269
269 817
270 651
270 524
270 743
270 704
270 391
270 876
270 416
270 673
270 710
270 456
270 429
270 340
271 394
271 829
271 556
271 765
271 484
271 616
271 660
272 642
272 491
272 963
272 348
272 469
272 880
272 947
272 411
272 283
272 497
272 862
273 901
273 518
273 936
273 409
273 679
273 530
273 542
273 493
273 568
273 915
273 323
273 326
274 916
274 657
274 589
274 536
274 751
274 769
274 610
274 479
274 849
274 357
274 489
274 510
275 447
275 526
275 811
275 275
275 680
275 635
275 594
275 620
275 778
275 940
275 830
276 512
276 276
276 280
276 304
276 873
276 665
277 529
277 786
277 895
277 277
277 373
277 410
277 344
277 767
277 439
278 765
278 278
278 525
278 852
278 406
278 466
278 826
278 958
278 990
278 554
278 879
278 342
278 951
278 953
279 398
279 662
279 376
279 777
279 946
279 434
279 460
279 284
279 632
280 776
280 770
280 554
280 749
280 280
280 286
280 543
280 873
281 806
281 408
281 699
281 281
281 427
281 884
281 546
281 571
282 788
282 676
282 282
282 998
282 681
282 521
282 637
282 493
282 330
282 626
282 761
282 586
283 943
283 283
283 534
283 988
283 628
283 378
283 501
283 285
283 694
283 723
284 403
284 537
284 376
284 284
284 871
284 777
284 351
284 692
284 968
284 501
285 913
285 475
285 301
285 923
285 723
285 483
285 848
285 505
285 432
285 856
285 628
286 286
286 346
286 492
286 908
286 790
286 927
286 855
286 360
287 719
287 397
287 925
287 413
287 349
287 890
287 495
287 572
287 891
288 390
288 288
288 649
288 733
288 306
288 866
289 742
289 973
289 780
289 659
289 422
289 972
289 959
289 379
289 308
290 327
290 290
290 747
290 732
290 612
290 812
290 574
290 450
290 836
290 452
290 383
290 346
290 995
291 364
291 693
291 522
291 542
291 493
291 582
291 813
291 679
291 939
292 534
292 848
292 723
292 803
292 988
292 475
292 923
292 435
292 745
293 777
293 662
293 537
293 460
293 946
293 871
293 632
293 757
293 968
293 974
293 501
293 691
294 777
294 434
294 662
294 851
294 460
294 946
294 403
294 974
294 333
295 703
295 408
295 699
295 476
295 295
295 571
295 879
295 638
295 639
296 777
296 924
296 831
296 715
296 352
296 314
296 347
296 457
296 319
296 730
297 781
297 540
297 688
297 994
297 439
297 442
298 922
298 550
298 840
298 641
298 458
298 545
298 875
298 882
299 311
299 935
299 415
299 828
299 548
299 305
299 438
299 482
299 879
299 952
300 898
300 429
300 322
300 750
300 454
300 773
300 566
300 965
300 444
301 534
301 856
301 628
301 475
301 378
301 301
301 352
301 432
301 745
302 370
302 908
302 661
302 547
302 855
302 699
302 461
303 548
303 755
303 702
303 706
303 438
303 303
303 952
303 1000
303 828
303 960
304 770
304 776
304 918
304 543
304 873
304 909
304 991
304 351
305 669
305 415
305 438
305 726
305 828
305 706
305 885
305 755
305 627
306 649
306 675
306 390
306 644
306 820
306 466
306 498
307 907
307 359
307 878
307 898
307 967
307 429
307 566
307 779
308 454
308 780
308 659
308 308
308 959
308 837
309 783
309 544
309 320
309 400
309 758
309 597
309 785
309 948
309 501
310 799
310 422
310 428
310 684
310 677
310 310
310 817
310 362
310 690
310 744
311 355
311 442
311 994
311 889
311 547
312 521
312 676
312 788
312 312
312 705
312 921
312 503
313 426
313 334
313 485
313 993
313 421
313 356
313 417
313 448
313 736
314 416
314 567
314 730
314 924
314 887
314 961
314 502
314 894
315 791
315 559
315 815
315 481
315 995
315 655
315 652
315 581
316 904
316 388
316 900
316 810
316 435
316 878
317 387
317 910
317 666
317 832
317 886
317 535
317 975
317 894
317 760
318 513
318 992
318 385
318 775
318 789
318 523
318 892
318 575
319 924
319 839
319 347
319 961
319 907
319 615
320 906
320 678
320 552
320 597
320 419
320 531
320 621
321 806
321 699
321 321
321 546
321 421
321 639
322 634
322 773
322 429
322 566
322 878
322 424
322 454
322 976
322 340
322 625
323 939
323 672
323 336
323 582
323 522
323 936
323 915
323 898
324 702
324 438
324 415
324 952
324 726
324 785
324 853
325 926
325 808
325 962
325 707
325 325
325 710
325 844
326 939
326 679
326 336
326 915
326 493
326 739
326 655
327 792
327 691
327 574
327 836
327 375
327 747
327 971
327 729
327 417
328 402
328 919
328 549
328 805
328 819
328 834
328 718
328 395
328 719
328 969
329 906
329 400
329 785
329 948
329 496
329 544
329 768
329 660
330 788
330 424
330 521
330 805
330 978
330 599
330 632
331 423
331 561
331 793
331 417
331 331
331 795
331 969
331 461
331 782
332 399
332 643
332 591
332 618
332 850
332 392
332 441
332 630
333 620
333 399
333 570
333 577
333 360
333 984
333 618
334 648
334 421
334 949
334 447
334 809
334 608
334 736
335 500
335 412
335 569
335 956
335 596
335 954
335 771
335 628
336 522
336 664
336 336
336 409
336 518
336 472
337 513
337 911
337 830
337 588
337 940
337 680
337 337
337 925
338 897
338 540
338 688
338 364
338 889
339 903
339 713
339 467
339 746
339 789
339 912
339 479
339 740
340 898
340 965
340 750
340 967
340 883
340 359
341 725
341 389
341 650
341 451
341 487
341 354
341 738
341 345
341 460
341 796
342 761
342 645
342 663
342 675
342 682
342 822
342 825
342 866
343 391
343 524
343 673
343 564
343 365
343 502
343 343
343 954
343 876
344 410
344 945
344 563
344 456
344 529
344 533
344 734
344 682
344 393
345 778
345 650
345 845
345 722
345 601
345 934
345 584
345 763
345 354
345 487
345 756
345 696
345 682
346 520
346 793
346 795
346 927
346 431
346 855
346 661
347 567
347 831
347 961
347 715
347 730
347 548
347 615
347 887
347 894
348 633
348 411
348 957
348 445
348 963
348 857
348 947
348 880
348 497
349 925
349 683
349 695
349 697
349 698
349 593
349 511
349 891
350 646
350 778
350 934
350 584
350 722
350 366
350 845
350 555
350 354
350 487
350 756
350 766
351 543
351 554
351 770
351 351
351 748
351 390
351 873
352 970
352 831
352 961
352 352
352 887
352 759
352 615
353 956
353 596
353 569
353 870
353 603
353 770
354 451
354 587
354 737
354 366
354 496
355 654
355 658
355 407
355 921
355 538
355 576
355 725
355 864
356 421
356 426
356 425
356 827
356 447
356 595
356 809
356 619
357 769
357 395
357 849
357 357
357 698
358 902
358 686
358 358
359 610
359 531
359 429
359 965
359 976
360 838
360 643
360 399
360 570
360 591
360 652
360 850
361 807
361 935
361 702
361 960
361 361
361 669
361 627
361 447
362 576
362 780
362 677
362 422
362 972
362 362
362 919
362 507
363 386
363 405
363 813
363 859
363 905
363 363
363 395
364 897
364 540
364 994
364 920
364 889
365 391
365 524
365 673
365 599
365 669
366 389
366 934
366 722
366 451
366 937
366 756
366 766
367 654
367 414
367 725
367 576
367 899
367 560
367 369
367 512
368 573
368 724
368 920
369 899
369 690
369 576
369 654
369 583
369 839
369 811
370 387
370 535
370 951
370 832
370 989
370 798
370 760
370 578
371 929
371 437
371 711
371 844
371 731
371 868
371 432
372 426
372 425
372 942
372 619
372 993
372 447
372 485
373 584
373 588
373 529
373 786
373 895
373 563
373 823
373 446
373 456
373 767
374 770
374 991
374 776
374 918
374 959
375 691
375 836
375 847
375 612
375 709
375 574
375 837
376 777
376 662
376 460
376 968
376 946
376 839
376 501
377 515
377 797
377 885
377 474
377 892
378 913
378 534
378 923
378 803
378 432
378 628
378 741
379 516
379 794
379 930
379 720
379 859
379 393
379 471
380 571
380 895
380 533
380 410
380 563
380 945
380 380
380 1000
380 762
381 655
381 585
381 614
381 779
381 481
381 653
381 440
381 509
382 556
382 814
382 829
382 787
382 826
382 382
382 945
383 691
383 847
383 450
383 709
383 792
383 942
383 482
384 641
384 922
384 551
384 727
384 840
384 931
384 902
385 775
385 912
385 789
385 746
385 477
385 523
385 975
385 575
386 665
386 970
386 386
386 473
386 532
386 794
386 930
386 964
386 624
387 612
387 975
387 666
387 832
387 798
387 935
387 910
387 535
387 969
387 600
388 904
388 917
388 583
388 900
388 944
388 388
388 519
388 435
388 631
388 870
388 625
389 845
389 389
389 451
389 934
389 646
389 737
389 650
389 584
390 645
390 881
390 996
390 470
390 649
391 743
391 453
391 858
391 673
391 876
391 704
391 599
391 544
392 647
392 591
392 652
392 392
392 754
393 520
393 393
393 431
393 417
393 793
393 927
393 492
394 990
394 826
394 394
394 829
394 852
394 668
394 440
394 640
395 862
395 510
395 657
395 504
395 536
395 489
396 772
396 443
396 607
396 488
396 606
396 854
396 849
396 833
396 741
397 886
397 553
397 762
397 874
397 925
397 683
397 695
397 572
397 971
397 890
397 430
398 460
398 434
398 398
398 757
398 728
398 777
398 537
398 837
398 403
398 692
398 968
398 871
399 647
399 630
399 618
399 850
399 441
399 570
399 577
399 754
400 906
400 531
400 400
400 597
400 948
400 496
400 768
400 401
400 785
400 544
400 464
401 761
401 788
401 424
401 401
401 998
401 676
401 969
401 626
401 506
401 639
402 700
402 402
402 834
402 718
402 598
402 428
402 919
402 804
403 934
403 968
403 974
403 537
403 777
403 946
403 460
403 728
403 632
403 748
404 907
404 436
404 979
404 633
404 826
404 933
405 516
405 905
405 930
405 624
405 794
405 675
406 787
406 406
406 440
406 814
406 484
406 660
406 861
406 852
406 727
407 690
407 560
407 414
407 705
407 921
407 899
407 538
407 716
407 864
407 533
408 546
408 561
408 806
408 699
408 459
408 750
408 427
408 638
409 522
409 936
409 672
409 409
409 493
409 542
409 621
409 679
410 767
410 708
410 563
410 823
410 455
411 984
411 469
411 947
411 411
411 613
411 877
411 824
411 838
411 880
411 497
412 771
412 532
412 569
412 716
412 954
412 510
413 762
413 495
413 890
413 698
413 971
413 778
413 553
413 593
413 511
414 899
414 414
414 560
414 725
414 658
414 842
414 751
414 690
414 843
415 949
415 706
415 482
415 627
415 548
415 960
415 828
415 952
415 823
416 528
416 914
416 839
416 887
416 715
416 992
417 829
417 816
417 661
417 417
417 795
417 855
418 555
418 462
418 724
418 937
418 884
418 733
418 468
418 562
418 573
418 546
419 738
419 906
419 552
419 758
419 783
420 526
420 911
420 685
420 579
420 620
420 573
420 680
420 811
420 940
420 594
420 635
421 736
421 421
421 485
421 425
421 652
421 809
421 448
422 817
422 959
422 799
422 983
422 875
422 684
423 907
423 764
423 423
423 933
423 943
424 424
424 703
424 506
424 637
424 443
424 433
425 648
425 942
425 426
425 485
425 809
425 447
425 715
425 827
425 595
426 809
426 447
426 949
426 608
426 942
426 798
427 546
427 638
427 639
427 476
427 561
427 699
427 717
427 822
427 617
428 937
428 806
428 659
428 684
428 428
429 732
429 494
429 430
429 625
429 773
429 878
429 712
430 883
430 750
430 878
430 430
430 444
430 712
431 661
431 795
431 790
431 908
431 492
431 431
432 483
432 848
432 803
432 534
432 856
433 917
433 433
433 435
433 565
433 583
433 865
434 777
434 851
434 968
434 434
434 742
434 632
435 904
435 631
435 583
435 810
435 517
435 890
435 627
436 933
436 979
436 907
436 867
436 819
436 701
436 633
437 928
437 801
437 808
437 558
437 557
437 710
438 669
438 548
438 438
438 952
438 828
439 771
439 569
439 956
439 603
440 668
440 484
440 852
440 990
440 826
440 829
441 652
441 570
441 441
441 577
441 754
441 930
441 850
442 897
442 540
442 688
442 743
442 994
443 936
443 854
443 735
443 503
443 607
443 833
443 692
443 835
443 609
443 490
444 625
444 712
444 878
444 445
444 753
445 491
445 469
445 445
445 957
445 636
445 632
445 838
445 984
445 613
446 529
446 563
446 945
446 708
446 823
446 786
446 478
447 942
447 949
447 595
447 648
447 809
447 448
447 993
447 485
448 648
448 949
448 448
448 595
448 942
448 1000
448 993
448 485
449 913
449 923
449 475
449 848
449 449
449 981
449 816
449 483
450 792
450 574
450 836
450 747
450 605
450 979
450 612
451 650
451 451
451 722
451 584
451 861
451 587
451 487
451 751
452 574
452 747
452 612
452 605
452 709
452 640
452 729
453 673
453 502
453 903
453 599
453 472
454 470
454 898
454 967
454 566
454 976
454 750
455 671
455 941
455 945
455 455
455 456
455 1000
455 734
455 776
455 967
456 786
456 941
456 823
456 1000
457 806
457 571
457 457
457 699
457 639
457 476
457 459
458 601
458 922
458 550
458 727
458 840
458 875
458 541
458 792
458 882
459 699
459 638
459 879
459 991
460 946
460 777
460 632
460 728
461 674
461 790
461 795
461 547
461 793
461 648
462 555
462 562
462 733
462 696
462 573
462 793
462 468
462 505
462 875
462 672
463 641
463 541
463 550
463 670
463 551
463 802
463 622
463 546
463 875
463 882
463 498
464 472
464 785
464 531
464 678
464 948
464 735
465 989
465 514
465 539
465 818
465 953
465 977
465 784
465 488
465 592
465 606
466 786
466 708
466 767
466 529
466 533
466 895
467 912
467 575
467 903
467 667
467 713
467 523
467 984
467 740
467 780
468 562
468 696
468 505
468 724
468 508
468 733
468 910
468 884
469 469
469 613
469 688
470 644
470 649
470 663
470 682
470 822
470 820
470 996
471 779
471 791
471 815
471 581
471 846
471 721
471 481
471 759
471 509
472 599
472 651
472 981
473 964
473 516
473 813
473 783
474 515
474 797
474 687
474 602
474 892
474 500
474 527
475 550
475 534
475 723
475 981
475 856
476 885
476 546
476 535
476 879
477 527
477 912
477 667
477 903
478 966
478 617
478 571
479 749
479 536
479 796
479 862
479 510
479 901
479 634
480 687
480 950
480 590
480 592
480 885
481 821
481 653
481 997
481 791
481 721
481 655
482 669
482 548
482 807
482 935
482 702
482 853
482 726
482 627
483 836
483 996
483 848
483 923
483 819
484 668
484 814
484 829
484 556
484 670
484 853
485 920
485 648
485 608
485 827
485 838
485 619
486 933
486 701
486 486
486 705
486 757
487 737
487 646
487 778
487 587
488 818
488 977
488 854
488 735
488 514
488 490
488 503
489 589
489 862
489 504
489 489
489 803
489 510
490 784
490 818
490 833
490 977
490 606
490 772
490 735
490 789
491 642
491 947
491 957
491 763
491 877
492 908
492 661
492 793
492 547
492 795
493 518
493 522
493 672
493 679
493 939
493 582
493 739
494 904
494 917
494 865
494 494
494 631
495 656
495 693
495 572
495 890
495 925
495 698
495 697
495 891
496 785
496 552
496 948
496 852
497 824
497 984
497 763
497 642
497 636
497 595
498 802
498 931
498 727
498 840
499 919
499 805
499 834
499 719
500 797
500 590
500 592
501 946
501 777
501 974
501 968
501 871
501 933
502 743
502 876
502 502
502 819
503 514
503 772
503 539
503 953
503 835
503 741
504 769
504 849
504 862
504 726
505 937
505 733
505 884
505 751
506 674
506 676
506 978
506 761
506 621
507 780
507 817
507 837
507 782
507 959
507 744
507 513
508 979
508 937
508 573
508 803
509 899
509 574
509 948
509 721
509 614
509 655
510 769
510 862
511 874
511 971
511 762
511 572
511 656
511 558
512 543
512 554
512 991
512 873
512 876
512 619
513 811
513 916
513 909
513 620
513 685
513 680
514 514
514 784
514 606
514 779
514 772
514 539
514 818
514 835
515 861
515 892
515 515
515 797
515 590
515 602
515 885
515 746
516 624
516 516
516 930
516 970
516 708
516 905
516 657
516 988
517 904
517 812
517 631
517 557
517 517
517 865
517 857
517 900
517 519
518 901
518 522
518 939
518 518
518 748
518 542
518 936
519 900
519 904
519 944
519 812
519 917
519 608
519 583
520 908
520 547
520 855
520 661
520 520
521 998
521 676
521 626
521 978
521 538
522 582
522 530
522 679
522 864
522 664
522 672
522 936
523 775
523 586
523 903
523 912
523 980
523 575
523 713
523 791
524 673
524 564
524 858
524 704
524 849
525 814
525 990
525 958
525 668
525 556
525 765
525 828
525 787
525 660
525 829
526 685
526 594
526 811
526 526
526 911
526 588
526 956
527 764
527 903
527 789
527 813
527 713
528 914
528 839
528 567
528 831
528 635
528 924
528 715
528 730
529 533
529 529
529 1000
529 786
529 941
529 776
530 679
530 672
530 901
530 530
530 542
530 715
530 664
530 936
531 783
531 785
531 597
531 758
531 544
531 552
531 621
532 532
532 888
532 611
532 954
533 895
533 786
533 533
533 767
534 913
534 694
534 723
534 534
534 992
534 923
535 910
535 869
535 535
535 886
535 798
535 975
535 989
535 738
535 760
536 536
536 796
536 709
536 849
536 552
537 632
537 662
537 946
537 697
537 692
537 851
537 966
538 576
538 985
538 899
538 690
538 810
538 560
538 864
538 660
538 895
539 772
539 606
539 835
539 818
539 607
539 953
540 994
540 920
540 540
541 641
541 622
541 727
541 670
541 840
541 931
541 758
541 875
541 807
542 826
542 915
542 559
542 582
543 776
543 665
543 991
543 748
543 908
544 734
544 785
544 768
544 597
544 783
545 689
545 987
545 863
545 986
545 568
545 958
545 686
546 699
546 546
546 717
546 639
547 908
547 790
547 795
547 661
548 706
548 960
548 726
548 807
549 804
549 718
549 700
549 819
549 953
549 742
550 802
550 922
550 727
550 551
550 641
550 875
550 622
550 906
551 641
551 840
551 727
551 670
551 551
551 622
552 906
552 758
552 768
552 597
552 948
553 656
553 683
553 874
553 971
553 695
553 697
554 573
554 770
554 918
554 665
555 573
555 724
555 696
555 629
555 562
555 834
556 787
556 660
556 765
556 718
556 958
556 852
557 904
557 812
557 944
557 557
558 808
558 707
558 731
558 926
558 711
558 756
558 710
558 868
558 713
559 791
559 815
559 614
559 779
559 721
559 716
560 658
560 725
560 921
560 705
560 995
560 576
560 842
560 985
560 570
561 806
561 638
561 561
561 965
562 562
563 895
563 671
563 941
563 734
563 672
564 985
564 651
564 599
564 704
564 743
564 752
565 900
565 917
565 810
565 865
565 565
566 773
566 750
566 898
566 967
566 883
566 758
566 965
566 712
567 914
567 894
567 730
567 831
567 924
567 736
567 961
567 715
567 971
568 686
568 932
568 774
568 986
568 860
569 870
569 611
569 888
569 956
569 580
569 603
569 818
570 643
570 999
570 754
570 577
571 717
571 699
571 879
571 639
572 769
572 762
572 890
572 925
572 901
573 937
573 696
574 691
574 836
574 605
574 612
574 709
574 869
575 789
575 713
575 903
575 980
576 899
576 658
577 801
577 647
577 999
577 629
578 798
578 955
578 600
578 752
578 666
578 640
578 989
578 578
578 975
578 869
579 911
579 916
579 940
579 811
579 952
580 716
580 611
580 603
580 580
580 596
580 870
581 819
581 779
581 655
581 653
581 977
582 597
582 664
582 939
582 905
583 583
583 631
583 988
583 595
584 654
584 934
584 722
584 584
584 601
585 779
585 995
585 655
585 997
585 815
585 963
585 721
585 759
586 598
586 982
586 903
586 775
586 912
586 713
586 980
587 646
587 650
587 934
587 756
587 903
587 845
587 601
587 737
588 911
588 940
588 635
588 620
588 830
589 610
589 796
589 657
589 751
589 627
590 797
590 872
590 892
590 975
591 643
591 591
591 982
591 629
592 797
592 687
592 872
592 592
593 656
593 925
593 695
593 762
593 683
593 693
593 890
594 881
594 909
594 830
594 620
594 811
594 975
595 648
595 827
595 993
596 602
596 615
596 611
596 954
596 870
596 597
597 678
598 896
598 598
599 704
599 876
599 990
600 832
600 969
600 975
600 955
600 752
600 640
600 760
601 646
601 934
601 601
601 737
601 756
601 962
602 950
602 602
602 797
603 954
603 956
603 888
603 771
604 687
604 653
604 995
604 779
604 604
604 791
605 691
605 729
605 732
606 818
606 985
606 607
606 659
607 835
607 854
607 828
608 648
608 827
608 822
609 784
609 818
609 835
609 854
609 735
609 658
610 796
610 849
610 862
610 657
610 751
611 771
611 716
611 611
611 846
612 792
612 847
613 957
613 824
613 877
613 807
613 784
614 795
614 655
614 997
614 791
615 715
615 831
615 615
615 894
616 979
616 933
616 907
616 869
617 774
617 986
617 860
617 686
617 902
617 966
617 890
618 647
618 982
618 643
618 630
619 827
619 993
619 736
619 809
620 680
620 685
620 916
621 637
621 933
621 906
621 783
621 678
621 948
622 641
622 670
622 931
622 875
622 892
623 943
623 701
623 979
623 623
623 867
623 652
624 905
624 930
624 813
624 964
625 773
625 976
625 712
625 878
626 681
626 938
626 892
627 726
628 913
628 923
629 647
629 850
629 982
630 999
630 754
630 647
630 850
630 638
631 944
631 662
632 662
632 871
632 974
633 943
633 701
633 867
633 771
634 769
634 862
634 796
634 849
635 916
635 830
635 940
635 680
635 909
635 739
636 642
636 838
636 984
636 880
636 947
636 636
637 938
637 761
637 681
637 765
638 806
638 717
638 673
639 879
640 910
640 666
640 955
640 760
640 738
641 728
641 642
641 931
642 947
642 957
642 963
642 763
642 701
642 838
642 880
643 982
643 850
643 652
643 999
643 647
644 649
644 866
644 996
644 822
644 825
644 772
644 675
644 821
644 841
644 893
645 825
645 682
645 893
645 841
645 821
645 820
645 659
645 663
646 756
646 845
646 737
646 778
646 692
647 647
647 850
647 676
648 949
648 1000
649 675
649 841
649 663
649 893
649 821
649 825
649 996
650 778
650 737
650 766
650 722
651 673
651 876
651 704
652 999
652 850
652 928
652 706
653 759
653 653
653 791
653 997
653 771
654 921
654 658
654 705
654 690
655 779
655 655
655 815
655 995
655 791
656 891
656 762
656 695
656 656
656 683
656 698
656 833
657 831
657 671
657 863
657 751
657 796
658 921
658 690
658 842
658 864
658 674
658 662
658 815
659 782
659 744
659 983
659 959
660 787
660 958
660 814
660 765
661 908
661 790
661 755
661 927
662 777
662 662
662 692
662 974
662 871
663 881
663 821
663 846
663 675
663 822
663 825
663 866
663 996
663 844
664 915
664 936
664 672
665 724
665 776
665 991
666 886
666 666
666 760
666 910
666 798
667 903
667 775
667 912
667 789
667 979
667 677
668 787
668 958
668 826
668 809
668 829
668 852
668 744
669 828
669 807
669 755
669 952
669 684
670 875
670 881
671 734
671 941
671 786
671 671
671 767
671 823
671 723
671 898
672 915
672 939
672 739
673 858
674 703
674 938
674 681
674 676
674 978
674 761
675 866
675 881
675 841
675 820
675 893
676 676
676 973
676 681
676 938
676 761
677 780
677 799
677 817
677 782
677 684
677 972
677 744
678 785
678 906
678 758
678 768
679 679
680 680
680 909
680 998
680 685
681 761
681 681
681 855
682 821
682 881
682 682
682 866
683 693
683 890
683 925
683 938
684 684
684 959
684 780
684 914
685 909
685 830
685 685
685 811
685 693
686 902
686 689
686 987
686 816
686 761
687 950
687 885
688 781
688 889
689 993
689 932
689 987
690 921
690 842
690 725
690 715
691 770
691 991
691 792
691 747
691 836
691 709
692 692
692 968
692 728
692 871
692 714
693 695
693 697
693 762
693 891
694 964
694 913
694 856
694 923
694 723
694 981
694 745
695 999
695 874
695 709
695 697
695 698
695 891
697 971
697 697
697 772
698 925
698 762
698 890
699 717
700 805
700 718
700 919
700 700
701 907
701 979
701 867
702 935
702 726
702 702
702 960
703 938
703 761
704 709
704 858
704 800
705 899
705 985
705 842
705 753
706 960
706 853
706 706
706 755
707 926
707 928
707 801
707 962
707 711
707 731
707 843
708 945
708 823
708 1000
708 895
708 767
708 935
709 747
709 792
709 847
709 729
709 848
710 710
710 929
710 711
711 808
711 928
711 929
711 985
712 712
712 976
713 775
713 980
713 912
713 789
714 919
714 834
714 714
714 804
715 792
715 961
716 771
716 888
716 767
716 870
717 879
718 804
719 919
719 804
719 805
719 819
720 905
720 720
720 930
720 851
721 846
721 791
721 779
722 778
723 803
723 981
723 891
723 750
725 899
725 921
725 985
726 755
726 837
727 727
728 777
728 974
728 968
728 871
729 836
729 785
730 887
730 924
731 929
731 844
731 911
731 754
732 792
732 747
732 732
733 937
733 884
733 915
734 895
734 945
734 786
734 910
735 772
735 833
735 818
735 953
736 827
736 809
736 964
737 778
737 934
737 766
737 868
737 756
738 910
738 951
738 955
738 798
738 752
739 901
739 813
740 912
740 980
740 903
740 746
740 789
740 834
741 896
741 977
741 854
741 818
741 772
741 833
741 999
743 858
743 743
743 967
744 782
744 983
744 780
745 913
745 988
745 981
745 763
746 909
746 775
748 918
748 776
748 873
748 749
748 770
749 770
749 776
749 873
750 773
750 753
751 867
752 951
752 975
753 898
753 967
753 883
753 753
754 850
755 809
755 935
755 828
755 971
756 766
757 974
757 871
757 946
757 777
758 960
759 779
759 791
759 846
759 997
760 955
760 869
760 798
760 789
762 810
763 984
763 877
763 763
764 979
764 933
764 764
765 814
765 990
765 787
765 829
766 934
766 766
767 823
767 895
768 785
768 783
768 935
769 796
769 849
770 776
770 918
770 991
771 888
771 870
771 956
772 977
772 784
772 953
773 941
773 898
773 883
773 965
773 976
773 967
774 932
774 902
774 987
774 774
774 860
774 863
775 980
776 918
776 873
776 922
777 777
777 871
777 851
778 778
778 934
778 845
779 997
779 791
779 815
779 846
779 871
780 817
780 780
780 799
780 837
780 972
780 983
781 920
781 973
781 800
782 854
782 799
782 972
782 983
783 930
783 783
784 953
784 784
784 833
784 977
786 1000
786 786
787 958
787 990
787 826
788 938
788 788
789 789
790 851
790 908
790 855
790 927
790 951
790 795
790 972
791 815
792 836
792 847
793 795
794 964
794 970
796 812
796 862
797 885
798 989
798 869
798 832
799 799
799 837
799 945
799 817
799 972
800 861
800 897
801 926
801 929
801 843
801 868
801 808
802 882
802 802
802 981
803 923
803 848
803 981
803 856
804 805
804 896
804 838
805 851
805 896
806 806
807 935
807 952
808 928
808 929
808 951
808 962
808 843
809 993
809 809
810 810
810 812
810 944
810 865
811 916
811 940
811 909
812 917
812 944
812 865
812 923
813 842
813 859
813 930
813 864
814 990
815 846
815 997
816 932
816 987
816 860
816 986
817 983
818 977
818 953
818 835
819 919
819 896
820 841
820 866
820 822
820 893
821 822
821 881
822 825
823 895
823 823
823 997
823 874
824 957
824 857
824 963
824 824
824 838
824 877
825 841
826 829
827 949
827 958
830 911
830 940
831 924
831 839
832 886
832 832
832 995
832 969
832 989
833 953
833 854
834 919
834 896
836 847
837 960
837 972
837 925
838 963
838 857
838 984
839 914
839 924
840 922
840 931
840 840
841 958
841 899
841 996
841 893
842 921
842 864
843 926
843 962
843 868
844 929
844 962
845 934
845 845
846 995
848 913
848 923
848 856
850 942
851 968
851 851
852 864
852 852
853 866
853 935
855 927
856 981
857 957
857 963
857 877
857 857
858 876
859 930
859 964
859 943
860 966
860 878
861 885
861 861
863 966
863 992
863 902
864 899
865 900
865 917
866 881
867 943
867 907
867 931
868 928
869 969
869 989
870 956
870 888
871 939
872 950
872 872
873 991
873 973
874 925
874 971
874 890
874 891
875 922
875 931
875 882
877 984
877 982
878 976
878 883
880 957
882 922
882 882
883 923
885 892
886 947
886 955
886 969
887 914
887 961
887 894
888 986
894 924
894 961
895 1000
895 941
897 973
897 897
897 920
898 898
898 967
899 985
900 944
901 936
902 987
902 986
902 992
902 950
902 966
903 980
905 970
905 905
905 964
905 913
906 948
907 943
907 979
908 927
909 916
909 911
910 969
910 975
912 980
912 929
913 923
914 924
915 936
917 944
920 973
921 985
922 931
923 981
923 988
925 925
926 926
926 964
928 928
928 971
929 929
931 931
932 966
932 992
933 979
933 933
935 952
936 939
938 998
940 940
941 941
941 1000
941 945
942 942
943 979
945 945
946 946
947 963
949 949
950 982
951 969
951 951
952 960
952 999
954 954
955 955
955 989
956 956
957 963
957 957
958 990
959 998
963 984
964 970
965 965
966 987
966 986
967 967
968 974
970 970
972 972
975 989
978 998
978 978
982 999
986 986
988 988
992 992
993 993
