1000 8922
1 537
1 371
1 953
1 675
1 547
1 669
1 79
1 702
1 160
1 209
1 667
1 549
1 804
1 281
1 220
1 940
1 176
1 820
2 61
2 193
2 846
2 705
2 71
2 109
2 430
2 668
2 53
2 611
2 643
2 202
2 293
2 295
2 334
2 658
2 420
2 302
2 460
2 221
2 118
3 465
3 586
3 877
3 208
3 447
3 745
3 598
3 829
3 902
3 587
3 389
3 117
3 435
3 194
3 342
3 798
3 692
3 997
3 766
3 688
4 266
4 325
4 666
4 92
4 760
4 987
4 853
4 90
4 670
4 515
4 410
4 664
4 398
4 135
4 723
4 517
4 801
4 852
4 480
4 511
4 11
5 630
5 993
5 6
5 402
5 472
5 541
5 778
5 124
5 363
5 882
5 187
5 750
5 5
5 414
5 168
5 86
5 861
5 742
5 873
6 187
6 363
6 168
6 6
6 236
6 472
6 468
6 391
6 856
6 86
6 402
6 993
6 710
6 541
6 28
6 186
6 861
6 239
7 562
7 393
7 923
7 27
7 703
7 759
7 99
7 155
7 969
7 241
7 154
7 104
7 225
7 347
7 976
7 678
7 339
7 872
7 617
7 966
7 953
8 435
8 712
8 783
8 252
8 577
8 37
8 625
8 192
8 913
8 26
8 546
8 166
8 708
8 851
8 919
8 275
8 24
8 799
8 835
9 649
9 637
9 35
9 288
9 238
9 207
9 979
9 434
9 568
9 88
9 349
9 803
9 9
9 256
9 713
9 971
9 205
9 831
9 544
10 136
10 697
10 967
10 215
10 508
10 878
10 10
10 77
10 169
10 324
10 770
10 641
10 679
10 807
10 665
10 285
10 290
10 724
11 911
11 147
11 917
11 183
11 14
11 105
11 218
11 455
11 309
11 68
11 909
11 271
11 439
11 650
11 525
11 958
11 72
11 213
11 355
11 376
12 385
12 513
12 899
12 491
12 341
12 426
12 382
12 338
12 883
12 854
12 989
12 739
12 148
12 807
12 573
12 289
12 567
12 380
13 134
13 775
13 263
13 224
13 131
13 603
13 855
13 127
13 755
13 44
13 163
13 936
13 144
13 1000
13 21
13 927
13 767
14 650
14 525
14 309
14 183
14 218
14 958
14 455
14 69
14 440
14 271
14 871
14 439
14 213
14 988
14 72
14 355
14 639
15 803
15 979
15 907
15 523
15 418
15 219
15 157
15 114
15 146
15 139
15 15
15 538
15 492
15 816
15 814
15 432
15 453
15 454
15 415
16 287
16 369
16 542
16 811
16 16
16 230
16 684
16 551
16 299
16 409
16 210
16 663
16 279
16 537
16 22
16 536
16 818
16 102
16 115
16 249
17 515
17 517
17 141
17 853
17 760
17 17
17 90
17 848
17 709
17 122
17 135
17 398
17 511
17 702
17 801
17 493
18 132
18 456
18 793
18 688
18 879
18 476
18 18
18 773
18 833
18 610
18 655
18 188
18 484
18 140
18 918
18 822
18 839
18 507
18 128
19 286
19 804
19 176
19 178
19 940
19 717
19 702
19 549
19 281
19 552
19 23
19 79
19 726
19 364
19 435
19 667
19 669
20 696
20 751
20 291
20 555
20 91
20 919
20 231
20 874
20 353
20 48
20 463
20 757
20 312
20 277
20 145
20 680
20 815
20 838
20 844
20 589
20 974
20 605
21 912
21 485
21 534
21 596
21 199
21 949
21 481
21 720
21 841
21 51
21 84
21 974
21 802
21 615
21 673
21 570
21 190
21 583
21 87
21 875
21 110
22 466
22 409
22 811
22 153
22 818
22 279
22 684
22 287
22 210
22 441
22 477
22 369
22 230
22 795
22 663
22 808
22 102
23 79
23 178
23 669
23 160
23 940
23 364
23 675
23 820
23 209
23 702
23 667
23 953
23 804
23 484
23 537
23 281
23 552
23 176
24 703
24 362
24 913
24 799
24 656
24 24
24 546
24 708
24 835
24 166
24 320
24 585
24 504
24 192
24 577
25 145
25 403
25 273
25 30
25 695
25 606
25 582
25 267
25 805
25 819
25 701
25 964
25 891
25 164
25 884
25 800
25 301
25 52
25 955
25 960
26 48
26 783
26 656
26 913
26 275
26 682
26 799
26 734
26 56
26 625
26 615
26 252
26 26
26 546
26 577
26 320
26 835
26 851
27 154
27 27
27 393
27 923
27 306
27 969
27 678
27 704
27 348
27 686
27 155
27 350
27 340
27 872
27 241
27 755
27 483
28 447
28 49
28 975
28 307
28 854
28 778
28 402
28 363
28 468
28 239
28 391
28 856
28 541
28 666
28 186
28 86
28 861
28 742
28 750
28 630
28 124
29 137
29 530
29 531
29 524
29 998
29 691
29 29
29 869
29 689
29 932
29 928
29 620
29 429
29 225
29 849
30 869
30 267
30 915
30 403
30 582
30 964
30 800
30 695
30 30
30 145
30 377
30 819
30 183
30 164
30 301
30 52
30 960
30 235
31 131
31 518
31 775
31 263
31 144
31 603
31 936
31 767
31 127
31 633
31 134
31 1000
31 488
31 224
31 462
31 855
31 93
31 509
32 344
32 492
32 792
32 336
32 887
32 937
32 781
32 59
32 445
32 469
32 591
32 621
32 310
32 443
32 225
32 959
32 452
32 211
33 522
33 270
33 791
33 624
33 884
33 749
33 171
33 942
33 659
33 824
33 226
33 563
33 809
33 628
33 135
33 294
33 978
34 660
34 922
34 412
34 796
34 57
34 850
34 370
34 258
34 419
34 862
34 106
34 728
34 246
34 612
34 694
34 601
34 345
34 96
34 930
35 908
35 35
35 434
35 931
35 195
35 568
35 88
35 238
35 719
35 228
35 349
35 737
35 996
35 803
35 812
35 971
35 207
35 622
35 637
36 620
36 772
36 904
36 906
36 640
36 731
36 126
36 736
36 544
36 36
36 795
36 994
36 473
36 973
36 968
36 721
36 223
36 94
36 886
36 635
37 207
37 783
37 656
37 275
37 799
37 546
37 56
37 708
37 585
37 320
37 734
37 851
37 913
37 710
37 682
37 577
37 474
38 641
38 394
38 486
38 379
38 216
38 261
38 687
38 346
38 764
38 561
38 342
38 467
38 38
38 452
38 49
38 565
38 196
38 718
38 593
38 361
38 113
38 989
38 128
39 786
39 129
39 130
39 284
39 532
39 761
39 247
39 177
39 768
39 316
39 50
39 934
39 39
39 122
39 943
39 198
39 362
40 523
40 647
40 392
40 283
40 415
40 930
40 674
40 303
40 383
40 204
40 80
40 151
40 256
40 475
40 584
40 297
40 830
40 232
41 574
41 318
41 813
41 250
41 528
41 315
41 648
41 58
41 311
41 576
41 116
41 845
41 896
41 939
41 174
41 436
41 334
41 609
41 497
41 766
41 591
42 146
42 418
42 219
42 814
42 573
42 715
42 432
42 139
42 143
42 523
42 114
42 604
42 492
42 538
42 905
42 453
42 735
43 522
43 776
43 662
43 566
43 557
43 67
43 616
43 729
43 401
43 83
43 944
43 722
43 314
43 234
43 509
43 47
43 636
44 131
44 901
44 518
44 775
44 263
44 774
44 927
44 163
44 936
44 44
44 127
44 855
44 538
44 224
45 323
45 167
45 847
45 744
45 653
45 888
45 859
45 45
45 821
45 864
45 631
45 424
45 201
45 542
45 180
45 450
45 966
45 200
45 494
46 257
46 400
46 158
46 543
46 554
46 863
46 938
46 574
46 253
46 962
46 442
46 433
46 550
46 175
46 706
46 584
47 409
47 260
47 557
47 662
47 566
47 489
47 594
47 636
47 729
47 83
47 616
47 722
47 521
47 355
47 944
47 67
47 990
47 108
47 319
48 919
48 291
48 975
48 353
48 696
48 589
48 555
48 231
48 751
48 277
48 790
48 831
48 91
48 312
48 463
48 788
48 482
49 394
49 687
49 361
49 49
49 837
49 346
49 261
49 858
49 196
49 561
49 237
49 565
49 342
49 216
49 113
49 764
50 130
50 262
50 914
50 532
50 177
50 316
50 308
50 934
50 437
50 373
50 761
50 247
50 362
50 396
50 198
50 768
51 912
51 278
51 763
51 802
51 51
51 190
51 570
51 720
51 583
51 694
51 485
51 481
51 656
51 199
51 841
51 87
52 267
52 145
52 273
52 915
52 403
52 805
52 301
52 235
52 695
52 582
52 500
52 701
52 338
52 960
52 639
53 241
53 643
53 658
53 293
53 66
53 302
53 202
53 193
53 705
53 738
53 295
53 206
53 668
53 176
53 221
53 109
53 107
54 806
54 559
54 63
54 897
54 304
54 827
54 54
54 451
54 174
54 832
54 629
54 592
54 73
54 932
54 599
54 501
54 121
54 251
54 847
55 170
55 823
55 368
55 378
55 395
55 578
55 973
55 327
55 560
55 645
55 147
55 359
55 329
55 173
55 238
55 331
55 716
55 470
55 984
56 710
56 960
56 656
56 913
56 799
56 682
56 585
56 851
56 577
56 734
56 615
56 783
56 970
56 708
56 727
57 922
57 796
57 345
57 743
57 612
57 140
57 471
57 412
57 850
57 106
57 370
57 419
57 862
57 561
57 601
58 528
58 813
58 436
58 939
58 311
58 366
58 461
58 58
58 315
58 318
58 411
58 497
58 823
58 845
58 981
58 116
58 250
58 896
59 924
59 937
59 181
59 591
59 677
59 445
59 358
59 887
59 443
59 781
59 469
59 75
59 452
59 545
59 317
59 197
59 211
60 926
60 159
60 313
60 539
60 459
60 725
60 553
60 976
60 894
60 499
60 564
60 843
60 326
60 421
60 378
60 840
60 332
60 977
60 889
61 643
61 668
61 295
61 221
61 293
61 118
61 658
61 61
61 206
61 611
61 825
61 71
61 927
61 66
61 460
61 109
61 925
62 862
62 785
62 690
62 948
62 950
62 78
62 600
62 95
62 605
62 386
62 579
62 438
62 62
62 244
62 203
62 464
62 351
62 627
62 638
63 250
63 771
63 174
63 559
63 827
63 957
63 319
63 832
63 375
63 251
63 121
63 972
63 365
63 594
63 629
63 501
63 820
64 516
64 388
64 780
64 399
64 535
64 794
64 413
64 623
64 89
64 575
64 753
64 322
64 374
64 752
64 311
64 212
65 522
65 397
65 659
65 671
65 809
65 563
65 824
65 885
65 335
65 791
65 171
65 624
65 498
65 226
65 251
65 590
65 978
65 85
66 643
66 668
66 295
66 302
66 430
66 109
66 738
66 658
66 460
66 71
66 202
66 193
66 623
66 118
67 776
67 521
67 401
67 662
67 557
67 944
67 307
67 566
67 990
67 616
67 740
67 83
67 908
67 594
68 650
68 909
68 917
68 439
68 440
68 183
68 309
68 871
68 727
68 213
68 525
68 639
68 376
68 247
68 69
68 218
68 372
69 102
69 681
69 131
69 398
69 650
69 525
69 909
69 917
69 958
69 372
69 105
69 727
69 801
69 72
69 871
70 641
70 770
70 136
70 910
70 665
70 290
70 679
70 427
70 184
70 248
70 344
70 367
70 878
70 508
70 153
70 575
71 658
71 668
71 293
71 430
71 302
71 825
71 611
71 705
71 109
71 118
71 71
71 846
71 206
71 221
71 738
72 704
72 650
72 271
72 917
72 440
72 183
72 909
72 639
72 105
72 218
72 309
72 598
72 727
72 355
72 871
72 572
73 897
73 771
73 788
73 174
73 304
73 957
73 375
73 73
73 451
73 243
73 827
73 972
73 153
73 592
73 629
74 582
74 387
74 133
74 903
74 526
74 286
74 699
74 321
74 765
74 595
74 588
74 323
74 100
74 112
74 138
74 490
74 119
74 480
75 792
75 937
75 181
75 959
75 197
75 336
75 317
75 887
75 446
75 443
75 781
75 591
75 445
75 521
75 469
75 621
76 900
76 266
76 911
76 292
76 681
76 779
76 381
76 229
76 280
76 76
76 408
76 333
76 754
76 384
76 343
76 496
76 506
77 641
77 136
77 285
77 290
77 427
77 697
77 324
77 169
77 184
77 770
77 724
77 878
77 679
77 228
78 138
78 690
78 950
78 438
78 203
78 785
78 602
78 600
78 579
78 352
78 996
78 95
78 78
78 464
78 988
78 627
78 638
79 184
79 270
79 160
79 675
79 953
79 717
79 281
79 371
79 79
79 820
79 637
80 730
80 151
80 152
80 415
80 933
80 297
80 475
80 674
80 930
80 303
80 746
80 232
80 647
80 176
80 597
81 272
81 529
81 786
81 661
81 150
81 300
81 685
81 693
81 952
81 710
81 512
81 642
81 505
81 282
81 155
81 608
81 467
82 222
82 905
82 653
82 424
82 821
82 444
82 450
82 847
82 483
82 758
82 494
82 201
82 200
82 296
82 622
82 744
82 888
83 260
83 776
83 521
83 557
83 179
83 566
83 314
83 722
83 616
83 990
83 489
83 159
83 234
84 491
84 912
84 949
84 694
84 570
84 580
84 974
84 720
84 596
84 583
84 190
84 485
84 84
84 87
84 875
85 522
85 270
85 659
85 563
85 824
85 590
85 335
85 809
85 85
85 671
85 498
85 397
85 613
85 226
85 885
85 628
86 778
86 402
86 468
86 742
86 236
86 856
86 363
86 168
86 472
86 124
86 630
86 323
86 861
86 882
87 698
87 912
87 534
87 802
87 583
87 199
87 673
87 763
87 596
87 580
87 278
87 374
87 481
87 875
88 908
88 931
88 434
88 713
88 205
88 238
88 649
88 288
88 622
88 568
88 719
88 971
88 445
88 737
88 228
88 637
89 422
89 516
89 520
89 399
89 535
89 575
89 322
89 983
89 413
89 623
89 374
89 212
89 753
89 981
89 995
89 752
89 244
90 658
90 517
90 664
90 666
90 670
90 848
90 852
90 90
90 92
90 709
90 987
90 469
90 571
91 277
91 790
91 919
91 680
91 815
91 975
91 220
91 353
91 831
91 555
91 838
91 91
91 619
92 819
92 495
92 517
92 135
92 398
92 664
92 801
92 848
92 853
92 760
92 325
92 852
92 671
92 480
92 122
93 901
93 518
93 774
93 927
93 163
93 93
93 127
93 1000
93 603
93 633
93 509
93 755
93 618
94 904
94 544
94 721
94 473
94 736
94 94
94 478
94 482
94 126
94 968
94 886
94 772
94 435
94 994
94 741
94 626
94 245
95 386
95 138
95 785
95 600
95 602
95 352
95 156
95 438
95 690
95 948
95 464
95 988
95 751
96 657
96 922
96 419
96 471
96 601
96 728
96 850
96 862
96 106
96 796
96 140
96 660
96 487
96 634
96 612
96 103
97 215
97 385
97 513
97 899
97 148
97 545
97 567
97 338
97 341
97 989
97 723
97 479
97 97
97 230
97 491
97 380
97 382
97 322
98 779
98 911
98 784
98 280
98 408
98 540
98 333
98 381
98 506
98 762
98 98
98 900
98 457
98 769
98 233
98 495
98 496
98 754
98 183
98 283
99 692
99 393
99 154
99 155
99 686
99 562
99 703
99 969
99 339
99 306
99 225
99 704
99 348
99 863
99 759
99 478
100 387
100 133
100 527
100 321
100 707
100 595
100 607
100 868
100 323
100 526
100 588
100 490
100 100
100 765
100 174
100 363
101 903
101 526
101 527
101 286
101 699
101 836
101 868
101 707
101 490
101 595
101 321
101 588
101 504
101 617
101 805
101 112
102 279
102 542
102 287
102 551
102 811
102 299
102 711
102 210
102 477
102 230
102 153
102 818
102 576
103 140
103 657
103 412
103 796
103 728
103 601
103 345
103 992
103 487
103 103
103 660
103 258
103 182
104 393
104 797
104 678
104 562
104 347
104 348
104 225
104 686
104 339
104 923
104 872
104 510
104 704
104 324
105 585
105 583
105 650
105 909
105 917
105 440
105 455
105 355
105 871
105 439
105 105
105 372
105 639
106 258
106 140
106 922
106 412
106 419
106 471
106 601
106 850
106 246
106 657
106 992
106 629
107 411
107 404
107 161
107 558
107 954
107 449
107 732
107 340
107 999
107 890
107 986
107 733
107 254
107 571
108 154
108 776
108 557
108 944
108 307
108 314
108 722
108 729
108 740
108 616
108 234
108 401
108 179
108 978
109 643
109 658
109 420
109 295
109 825
109 705
109 193
109 846
109 109
110 534
110 278
110 673
110 802
110 949
110 190
110 875
110 694
110 110
110 583
110 485
110 912
110 586
111 797
111 514
111 773
111 655
111 918
111 839
111 328
111 214
111 484
111 842
111 822
111 793
111 747
111 833
111 351
111 507
111 488
112 133
112 527
112 286
112 699
112 323
112 458
112 868
112 490
112 607
112 903
112 836
112 588
112 473
112 765
112 876
113 971
113 261
113 196
113 837
113 593
113 216
113 217
113 858
113 361
113 561
113 486
113 467
113 324
113 764
113 889
114 951
114 907
114 523
114 139
114 143
114 538
114 417
114 814
114 432
114 817
114 573
114 453
114 735
114 492
115 536
115 409
115 811
115 299
115 466
115 808
115 477
115 542
115 287
115 115
115 279
115 230
115 404
116 648
116 528
116 813
116 315
116 461
116 334
116 609
116 366
116 318
116 497
116 576
116 698
116 728
116 766
116 996
117 259
117 902
117 389
117 435
117 951
117 447
117 194
117 982
117 745
117 877
117 921
117 208
117 465
117 584
117 539
118 295
118 430
118 825
118 193
118 202
118 846
118 206
118 221
118 460
118 293
118 571
118 537
119 956
119 387
119 133
119 903
119 526
119 527
119 286
119 321
119 707
119 836
119 588
119 607
119 617
119 331
119 504
120 386
120 138
120 690
120 950
120 438
120 988
120 351
120 352
120 996
120 948
120 785
120 627
120 120
120 782
121 829
121 385
121 897
121 788
121 559
121 319
121 451
121 365
121 243
121 592
121 614
121 304
121 952
122 515
122 801
122 848
122 853
122 493
122 666
122 480
122 122
122 760
122 670
122 519
122 452
123 743
123 653
123 424
123 296
123 821
123 450
123 201
123 847
123 744
123 180
123 758
123 756
123 483
123 444
123 995
124 541
124 187
124 472
124 873
124 236
124 882
124 750
124 186
124 124
124 363
124 357
125 706
125 646
125 264
125 652
125 396
125 787
125 149
125 925
125 162
125 330
125 789
125 929
125 782
125 920
125 201
126 644
126 904
126 795
126 968
126 721
126 994
126 482
126 478
126 473
126 772
126 741
126 886
126 578
127 757
127 131
127 901
127 518
127 134
127 263
127 144
127 927
127 603
127 224
127 204
127 767
128 132
128 773
128 655
128 688
128 822
128 188
128 456
128 484
128 514
128 747
128 842
128 610
128 880
129 497
129 916
129 934
129 943
129 316
129 198
129 914
129 130
129 405
129 284
129 177
129 129
129 870
129 262
129 777
129 308
129 222
129 373
129 761
129 472
129 331
130 130
130 316
130 532
130 284
130 934
130 768
130 916
130 405
130 810
130 222
130 814
130 262
130 777
130 437
130 362
131 603
131 134
131 1000
131 633
131 224
131 131
131 163
131 775
131 927
131 518
131 263
131 936
131 488
132 514
132 476
132 214
132 833
132 880
132 188
132 456
132 773
132 842
132 688
132 484
132 610
132 873
132 655
132 918
132 328
132 879
132 520
133 387
133 868
133 588
133 836
133 707
133 133
133 321
133 699
133 765
133 567
133 903
133 595
133 607
133 617
133 490
134 775
134 134
134 263
134 518
134 509
134 901
134 755
134 1000
134 603
134 633
134 410
134 927
134 163
134 936
134 224
134 767
134 375
135 872
135 515
135 987
135 853
135 135
135 852
135 511
135 493
135 666
135 801
135 945
135 670
135 325
135 848
135 906
135 392
136 641
136 770
136 679
136 910
136 697
136 248
136 367
136 169
136 665
136 878
136 508
136 654
136 724
137 530
137 691
137 431
137 137
137 531
137 956
137 869
137 191
137 998
137 533
137 276
137 895
137 232
137 524
137 689
137 963
138 156
138 579
138 438
138 351
138 600
138 386
138 866
138 203
138 627
138 690
138 816
139 663
139 210
139 268
139 146
139 604
139 139
139 454
139 523
139 715
139 814
139 817
139 219
139 861
139 143
139 538
139 157
139 418
139 432
139 453
140 258
140 660
140 345
140 862
140 657
140 992
140 246
140 612
140 419
140 796
140 140
140 938
140 922
140 412
140 850
140 601
140 487
140 370
141 205
141 515
141 410
141 848
141 325
141 664
141 141
141 493
141 709
141 801
141 670
141 987
141 209
141 398
141 852
141 760
142 646
142 264
142 893
142 652
142 269
142 676
142 929
142 789
142 407
142 330
142 396
142 925
142 162
142 503
142 298
142 920
142 581
143 268
143 523
143 453
143 219
143 417
143 907
143 143
143 817
143 735
143 146
143 715
143 770
143 538
143 157
143 418
143 573
143 604
143 354
143 492
143 559
144 518
144 775
144 774
144 263
144 144
144 1000
144 603
144 163
144 767
144 488
144 921
144 927
144 855
144 224
145 895
145 606
145 891
145 273
145 695
145 964
145 267
145 915
145 428
145 164
145 377
145 805
145 167
145 403
145 800
145 301
145 819
145 701
145 640
145 352
146 907
146 432
146 453
146 538
146 268
146 715
146 157
146 417
146 418
146 604
146 900
146 817
146 354
146 492
146 756
147 395
147 716
147 173
147 984
147 578
147 560
147 147
147 769
147 170
147 470
147 329
147 378
147 327
147 331
147 985
147 384
148 899
148 545
148 739
148 807
148 519
148 148
148 289
148 883
148 513
148 854
148 865
148 446
148 723
148 613
148 402
149 264
149 652
149 269
149 782
149 274
149 789
149 787
149 857
149 581
149 407
149 503
149 646
149 925
149 615
149 162
149 330
150 642
150 272
150 529
150 991
150 952
150 556
150 422
150 150
150 505
150 282
150 786
150 300
150 702
150 172
150 710
150 730
150 632
150 489
151 392
151 256
151 423
151 674
151 830
151 297
151 748
151 597
151 448
151 303
151 933
151 152
151 232
151 670
151 672
151 930
152 532
152 159
152 647
152 152
152 674
152 448
152 303
152 232
152 746
152 423
152 830
152 160
152 672
152 204
152 597
153 279
153 536
153 287
153 210
153 369
153 477
153 153
153 441
153 551
153 542
153 230
153 663
153 689
153 466
154 923
154 704
154 155
154 339
154 703
154 678
154 686
154 562
154 306
154 350
154 225
154 797
154 347
154 348
154 241
154 759
154 506
155 703
155 678
155 969
155 923
155 225
155 306
155 241
155 797
155 872
155 364
155 562
155 339
156 341
156 880
156 386
156 785
156 156
156 605
156 351
156 638
156 866
156 579
156 602
156 948
156 587
156 690
156 438
156 203
156 600
156 988
156 352
156 996
157 367
157 907
157 454
157 715
157 523
157 538
157 417
157 817
157 735
157 573
157 198
157 418
157 814
157 453
158 257
158 400
158 414
158 962
158 158
158 584
158 714
158 433
158 175
158 543
158 442
158 863
158 568
158 806
158 425
158 946
158 182
158 574
158 462
158 881
158 253
159 579
159 539
159 926
159 548
159 326
159 970
159 843
159 706
159 499
159 159
159 889
159 421
159 553
159 683
159 840
159 459
160 347
160 630
160 537
160 281
160 669
160 552
160 160
160 675
160 804
160 578
160 176
160 178
160 953
160 726
161 654
161 999
161 406
161 890
161 298
161 357
161 732
161 254
161 634
161 161
161 571
161 404
161 978
161 816
162 543
162 893
162 269
162 782
162 274
162 407
162 920
162 581
162 646
162 305
162 857
162 554
162 503
163 276
163 518
163 927
163 774
163 163
163 263
163 633
163 488
163 444
163 936
163 224
163 755
163 767
163 912
164 267
164 273
164 377
164 915
164 695
164 805
164 301
164 891
164 701
164 964
164 606
164 204
164 428
164 960
164 508
165 531
165 276
165 533
165 928
165 689
165 569
165 530
165 691
165 998
165 431
165 956
165 895
165 849
165 429
165 394
165 945
165 185
165 963
166 657
166 913
166 275
166 474
166 585
166 656
166 835
166 682
166 577
166 799
166 166
166 818
166 192
166 615
166 625
167 905
167 444
167 296
167 653
167 758
167 483
167 424
167 756
167 631
167 859
167 966
167 450
167 654
167 180
167 201
167 744
167 340
168 226
168 391
168 778
168 402
168 856
168 472
168 187
168 239
168 742
168 993
168 363
168 873
168 581
168 186
168 468
168 630
169 641
169 265
169 910
169 878
169 169
169 508
169 324
169 184
169 724
169 697
169 665
169 229
169 427
169 215
169 302
170 645
170 769
170 716
170 395
170 470
170 173
170 331
170 384
170 867
170 390
170 560
170 359
170 504
170 823
170 327
170 502
171 810
171 270
171 659
171 791
171 671
171 294
171 809
171 397
171 563
171 335
171 885
171 628
171 522
171 804
171 942
171 884
171 843
172 529
172 786
172 661
172 282
172 416
172 422
172 556
172 300
172 272
172 512
172 730
172 693
172 685
172 720
172 710
172 991
172 188
173 769
173 173
173 645
173 327
173 329
173 227
173 560
173 378
173 867
173 973
173 985
173 929
173 823
173 716
173 984
174 771
174 788
174 592
174 243
174 451
174 629
174 972
174 832
174 365
174 897
174 251
174 827
174 957
174 319
174 614
174 501
175 695
175 257
175 543
175 550
175 425
175 938
175 554
175 462
175 253
175 182
175 806
175 962
175 361
175 433
176 669
176 804
176 552
176 549
176 820
176 717
176 371
176 667
176 453
176 178
176 953
177 777
177 914
177 934
177 810
177 177
177 405
177 247
177 916
177 316
177 437
177 255
177 308
177 362
178 537
178 667
178 549
178 940
178 281
178 726
178 820
178 702
178 209
178 371
178 400
179 557
179 307
179 489
179 521
179 636
179 662
179 566
179 776
179 990
179 260
179 234
179 722
179 740
179 974
179 314
179 594
179 616
180 905
180 653
180 494
180 201
180 296
180 631
180 756
180 758
180 424
180 483
180 821
180 847
180 593
180 200
180 864
181 887
181 937
181 336
181 317
181 792
181 876
181 924
181 621
181 446
181 591
181 959
181 452
181 657
181 310
182 414
182 543
182 806
182 938
182 946
182 584
182 257
182 962
182 550
182 574
182 433
182 253
182 293
182 189
182 295
183 650
183 909
183 439
183 440
183 271
183 372
183 183
183 213
183 727
183 218
183 639
184 641
184 290
184 910
184 508
184 679
184 367
184 265
184 697
184 344
184 184
184 967
184 878
184 248
184 419
185 530
185 928
185 429
185 431
185 932
185 869
185 963
185 276
185 998
185 533
185 945
185 569
185 185
185 956
185 849
185 895
186 391
186 402
186 861
186 882
186 541
186 750
186 856
186 363
186 472
186 186
186 898
186 468
186 993
187 246
187 391
187 541
187 472
187 882
187 873
187 993
187 630
187 402
187 750
187 294
187 468
187 363
188 655
188 918
188 214
188 880
188 842
188 484
188 456
188 328
188 793
188 188
188 833
188 839
188 610
189 400
189 414
189 425
189 938
189 554
189 433
189 253
189 189
189 584
189 257
189 442
189 462
189 634
189 336
189 404
190 534
190 673
190 802
190 949
190 570
190 694
190 190
190 278
190 974
190 596
190 665
190 580
190 583
190 199
190 763
191 932
191 431
191 945
191 689
191 691
191 524
191 895
191 531
191 956
191 998
191 276
191 191
191 665
191 849
192 783
192 656
192 913
192 275
192 682
192 851
192 192
192 585
192 625
192 252
192 893
192 474
192 734
192 830
193 658
193 668
193 420
193 295
193 430
193 705
193 206
193 221
193 202
193 611
193 294
193 460
193 236
193 882
194 259
194 902
194 921
194 435
194 828
194 586
194 465
194 798
194 829
194 951
194 598
194 208
194 275
194 965
195 908
195 931
195 803
195 812
195 568
195 434
195 979
195 228
195 649
195 622
195 349
195 713
195 971
195 936
195 719
195 255
196 261
196 394
196 561
196 858
196 764
196 565
196 216
196 356
196 687
196 467
196 240
196 506
196 718
196 217
196 486
196 361
196 237
196 515
197 474
197 781
197 792
197 924
197 677
197 446
197 445
197 211
197 937
197 452
197 310
197 591
197 388
197 876
197 459
198 405
198 934
198 316
198 810
198 284
198 768
198 262
198 914
198 362
198 532
198 502
198 761
199 278
199 802
199 570
199 580
199 912
199 720
199 949
199 974
199 596
199 534
199 595
199 481
199 485
200 484
200 905
200 296
200 444
200 631
200 483
200 653
200 864
200 450
200 744
200 494
200 859
200 490
200 847
200 469
200 269
201 905
201 296
201 821
201 450
201 864
201 494
201 483
201 859
201 631
201 756
201 865
201 888
202 643
202 430
202 302
202 705
202 202
202 206
202 825
202 460
202 633
202 738
203 817
203 948
203 950
203 579
203 203
203 602
203 785
203 866
203 690
203 709
203 464
203 351
204 708
204 627
204 674
204 933
204 297
204 830
204 475
204 423
204 448
204 303
204 335
204 597
205 803
205 812
205 434
205 568
205 931
205 207
205 713
205 649
205 288
205 637
205 737
205 255
205 622
206 668
206 420
206 460
206 658
206 825
206 302
206 738
206 611
206 690
206 221
207 649
207 931
207 434
207 719
207 637
207 713
207 568
207 812
207 979
207 737
207 803
207 622
207 238
207 813
207 546
207 682
207 690
207 421
207 535
208 259
208 902
208 921
208 435
208 692
208 951
208 828
208 447
208 965
208 997
208 829
208 587
208 359
208 465
208 598
208 745
208 877
208 294
208 636
208 221
208 746
209 530
209 537
209 667
209 547
209 675
209 702
209 804
209 717
209 549
209 953
209 738
209 364
209 330
210 663
210 808
210 684
210 441
210 542
210 249
210 287
210 536
210 551
210 466
211 381
211 781
211 924
211 677
211 310
211 443
211 469
211 937
211 336
211 887
211 621
211 331
211 358
212 898
212 388
212 520
212 780
212 399
212 535
212 413
212 623
212 983
212 892
212 502
212 860
212 212
213 525
213 271
213 439
213 650
213 871
213 909
213 372
213 218
213 376
213 727
213 887
213 639
214 514
214 773
214 793
214 688
214 822
214 839
214 456
214 328
214 655
214 214
214 354
214 880
214 493
215 641
215 770
215 665
215 290
215 679
215 324
215 248
215 427
215 285
215 910
215 697
215 878
215 344
216 687
216 561
216 593
216 467
216 342
216 216
216 217
216 837
216 718
216 924
216 346
216 858
216 237
216 943
216 316
217 684
217 261
217 561
217 565
217 718
217 342
217 467
217 217
217 858
217 486
217 264
217 346
217 356
217 361
217 237
217 694
218 917
218 309
218 455
218 727
218 525
218 376
218 440
218 372
218 999
218 355
219 268
219 523
219 538
219 417
219 814
219 453
219 418
219 817
219 492
219 454
219 580
220 919
220 680
220 815
220 312
220 831
220 838
220 353
220 555
220 696
220 751
220 844
220 619
220 757
220 514
221 643
221 658
221 302
221 825
221 846
221 460
221 611
221 738
221 618
222 389
222 262
222 777
222 914
222 916
222 284
222 934
222 810
222 943
222 761
222 373
222 532
223 913
223 772
223 651
223 968
223 721
223 731
223 906
223 736
223 741
223 886
223 795
223 544
223 994
223 233
223 245
223 635
224 263
224 774
224 927
224 855
224 936
224 603
224 474
224 509
225 923
225 797
225 686
225 562
225 306
225 703
225 704
225 347
225 350
225 510
225 645
225 872
225 284
225 986
225 357
226 522
226 397
226 270
226 671
226 978
226 226
226 563
226 498
226 749
226 884
226 624
226 885
227 471
227 769
227 645
227 390
227 823
227 327
227 329
227 331
227 470
227 867
227 227
227 985
227 836
227 368
228 649
228 908
228 812
228 434
228 737
228 238
228 803
228 255
228 979
228 288
228 931
228 641
228 637
229 900
229 779
229 784
229 280
229 343
229 233
229 266
229 381
229 911
229 980
229 333
229 870
229 497
230 409
230 663
230 551
230 299
230 466
230 287
230 441
230 477
230 818
230 684
230 542
230 830
231 870
231 277
231 790
231 919
231 680
231 555
231 696
231 831
231 838
231 844
231 589
231 353
231 585
231 619
231 883
232 415
232 448
232 597
232 256
232 383
232 283
232 232
232 297
232 337
233 900
233 266
233 784
233 280
233 540
233 457
233 333
233 980
233 343
233 506
233 779
233 408
233 264
234 260
234 776
234 521
234 401
234 662
234 944
234 314
234 594
234 740
234 489
234 729
234 457
235 267
235 915
235 955
235 701
235 606
235 964
235 301
235 582
235 960
235 377
235 805
235 891
235 757
235 500
235 237
236 778
236 541
236 468
236 856
236 742
236 873
236 750
236 391
236 239
236 630
236 363
237 561
237 565
237 467
237 342
237 361
237 356
237 687
237 837
237 240
237 718
238 649
238 908
238 931
238 568
238 713
238 719
238 349
238 971
238 737
238 759
239 391
239 402
239 541
239 856
239 742
239 363
239 882
239 873
239 468
239 750
239 446
239 630
240 261
240 561
240 565
240 346
240 361
240 342
240 467
240 240
240 379
240 593
240 356
240 804
241 393
241 797
241 686
241 703
241 339
241 350
241 759
241 348
241 241
241 510
242 642
242 272
242 529
242 786
242 661
242 282
242 416
242 422
242 685
242 300
242 512
242 710
242 952
242 693
242 309
242 505
242 397
243 897
243 771
243 788
243 304
243 319
243 832
243 972
243 599
243 957
243 375
243 365
243 989
243 251
244 436
244 312
244 516
244 388
244 520
244 780
244 535
244 995
244 374
244 898
244 752
244 892
244 453
245 644
245 731
245 478
245 736
245 626
245 721
245 482
245 473
245 906
245 904
245 245
245 834
245 886
245 635
246 657
246 922
246 412
246 850
246 471
246 728
246 345
246 862
246 992
246 370
246 743
247 262
247 914
247 916
247 532
247 284
247 437
247 810
247 405
247 777
247 943
247 316
247 790
247 761
248 641
248 265
248 285
248 290
248 679
248 324
248 367
248 697
248 248
248 360
248 508
248 919
248 833
249 279
249 409
249 542
249 287
249 551
249 808
249 299
249 818
249 711
249 466
249 369
249 811
249 687
250 998
250 528
250 411
250 939
250 436
250 311
250 698
250 318
250 576
250 366
250 845
250 315
250 766
250 896
250 378
251 897
251 559
251 304
251 832
251 629
251 375
251 827
251 614
251 972
251 325
251 823
252 299
252 850
252 783
252 656
252 799
252 546
252 577
252 320
252 851
252 835
252 615
252 572
253 414
253 550
253 425
253 938
253 462
253 881
253 584
253 946
253 863
253 726
254 720
254 935
254 558
254 700
254 961
254 360
254 449
254 340
254 954
254 298
254 986
254 826
254 948
255 649
255 288
255 713
255 971
255 719
255 979
255 622
255 637
255 812
255 803
255 931
255 976
255 941
255 973
256 647
256 392
256 283
256 672
256 674
256 933
256 297
256 303
256 746
256 748
256 837
257 425
257 946
257 584
257 714
257 863
257 257
257 414
257 962
257 400
257 881
257 911
257 543
257 806
257 550
257 442
258 955
258 743
258 412
258 728
258 850
258 612
258 657
258 471
258 796
258 601
258 258
258 811
258 660
258 419
258 345
259 587
259 982
259 828
259 798
259 965
259 941
259 951
259 692
259 902
259 829
259 921
259 370
259 745
259 693
259 822
260 740
260 990
260 944
260 636
260 776
260 521
260 722
260 729
260 307
260 594
260 401
260 688
260 662
260 616
260 406
261 467
261 394
261 361
261 379
261 356
261 346
261 718
261 764
261 342
261 837
261 287
261 687
261 561
261 565
261 593
261 486
262 934
262 308
262 405
262 810
262 761
262 916
262 437
262 532
262 284
262 364
262 914
262 943
262 316
262 768
262 835
263 598
263 518
263 936
263 263
263 509
263 1000
263 856
263 774
263 603
263 488
264 776
264 646
264 652
264 503
264 264
264 929
264 925
264 676
264 620
264 893
264 789
264 407
264 920
264 305
264 581
264 857
265 324
265 770
265 967
265 724
265 641
265 427
265 679
265 697
265 344
265 665
265 265
265 969
265 285
265 290
265 508
265 677
265 893
266 533
266 333
266 495
266 754
266 681
266 980
266 381
266 900
266 779
266 506
266 870
266 343
266 784
266 408
267 695
267 428
267 955
267 582
267 701
267 915
267 964
267 301
267 403
267 800
267 318
267 273
267 819
267 836
268 907
268 817
268 418
268 814
268 604
268 432
268 453
268 523
268 573
268 715
268 735
268 476
268 538
268 417
268 354
268 492
268 599
269 893
269 816
269 787
269 581
269 652
269 646
269 676
269 407
269 330
269 274
269 920
269 396
269 789
269 857
270 294
270 942
270 563
270 522
270 885
270 791
270 671
270 624
270 659
270 498
270 590
270 978
270 628
271 290
271 353
271 650
271 909
271 639
271 439
271 958
271 355
271 455
271 917
271 569
271 309
271 871
271 376
272 642
272 422
272 632
272 661
272 529
272 991
272 505
272 272
272 337
272 300
272 382
272 282
272 685
272 693
272 710
272 608
272 749
273 965
273 403
273 377
273 964
273 500
273 891
273 428
273 582
273 606
273 819
273 588
273 915
273 800
273 805
273 960
273 565
273 383
274 893
274 652
274 782
274 305
274 816
274 274
274 787
274 789
274 396
274 929
274 660
274 407
274 920
274 676
274 857
275 783
275 913
275 851
275 625
275 577
275 835
275 546
275 708
275 706
275 682
275 320
275 474
275 760
276 524
276 530
276 928
276 945
276 276
276 998
276 956
276 429
276 963
276 932
276 895
276 533
276 689
276 569
276 306
277 811
277 844
277 874
277 831
277 838
277 696
277 757
277 919
277 619
277 353
277 277
277 790
277 291
277 312
277 975
277 807
277 473
277 423
278 949
278 974
278 278
278 580
278 596
278 763
278 583
278 481
278 841
278 912
278 319
278 673
278 570
278 720
279 477
279 369
279 663
279 536
279 818
279 441
279 287
279 711
279 466
279 780
279 409
279 542
279 811
279 299
280 900
280 911
280 754
280 457
280 762
280 870
280 779
280 292
280 980
280 681
280 408
280 673
280 540
280 343
280 496
281 770
281 820
281 552
281 549
281 547
281 281
281 371
281 669
281 804
281 601
281 667
281 940
281 953
281 726
282 642
282 693
282 710
282 685
282 952
282 512
282 556
282 416
282 300
282 608
282 461
282 337
282 730
282 632
282 505
282 401
283 647
283 392
283 674
283 283
283 475
283 448
283 297
283 930
283 672
283 830
283 383
283 415
283 423
283 597
284 777
284 405
284 437
284 761
284 362
284 316
284 914
284 943
284 934
285 770
285 910
285 665
285 679
285 367
285 697
285 285
285 724
285 878
285 828
285 290
285 427
285 967
285 344
285 508
286 526
286 868
286 836
286 617
286 527
286 490
286 321
286 323
286 387
286 458
286 588
286 504
286 320
286 774
287 542
287 441
287 369
287 477
287 808
287 551
287 466
287 409
287 978
287 811
287 299
287 711
288 908
288 349
288 649
288 812
288 637
288 971
288 288
288 979
288 719
288 434
288 713
288 386
288 803
288 737
289 385
289 567
289 519
289 479
289 899
289 513
289 426
289 883
289 341
289 723
289 338
289 865
289 769
289 545
289 807
289 739
289 491
289 382
290 910
290 665
290 427
290 344
290 641
290 967
290 679
290 508
291 745
291 790
291 312
291 975
291 589
291 555
291 696
291 751
291 353
291 815
291 874
291 660
291 844
291 619
292 928
292 911
292 784
292 540
292 292
292 762
292 870
292 980
292 506
292 333
292 496
292 654
292 681
292 495
292 381
293 643
293 668
293 420
293 705
293 738
293 846
293 658
293 825
293 302
293 611
293 677
293 295
293 936
294 397
294 659
294 563
294 628
294 624
294 671
294 942
294 884
294 749
294 498
294 885
294 809
294 335
295 643
295 420
295 611
295 668
295 658
295 705
295 825
295 460
296 551
296 905
296 653
296 424
296 744
296 444
296 758
296 296
296 450
296 957
296 821
296 966
296 859
296 483
297 392
297 933
297 423
297 748
297 746
297 383
297 647
297 672
297 778
297 597
298 654
298 404
298 935
298 298
298 357
298 947
298 634
298 558
298 961
298 826
298 999
298 733
298 860
298 700
298 449
298 340
298 986
298 732
298 890
299 536
299 663
299 684
299 818
299 369
299 299
299 337
299 851
299 785
299 638
300 642
300 661
300 416
300 422
300 730
300 952
300 608
300 693
300 337
300 340
300 685
300 710
300 991
300 427
300 354
301 915
301 403
301 800
301 428
301 500
301 960
301 964
301 955
301 521
301 819
301 701
301 573
301 914
302 643
302 420
302 611
302 738
302 460
302 430
302 658
302 302
302 825
302 705
302 846
303 647
303 392
303 415
303 672
303 423
303 748
303 830
303 930
303 303
303 794
303 448
303 746
304 897
304 771
304 319
304 304
304 559
304 972
304 375
304 614
304 827
304 788
304 877
304 957
304 451
304 592
304 501
305 768
305 734
305 646
305 782
305 789
305 929
305 676
305 396
305 787
305 581
305 503
305 820
306 393
306 923
306 678
306 562
306 872
306 759
306 348
306 704
306 969
306 797
306 347
306 373
306 853
306 652
307 661
307 401
307 944
307 594
307 307
307 489
307 636
307 776
307 557
307 566
308 777
308 914
308 943
308 810
308 916
308 308
308 437
308 362
308 532
308 585
309 442
309 540
309 650
309 909
309 917
309 727
309 372
309 455
309 440
309 558
309 439
309 355
309 871
310 781
310 445
310 591
310 310
310 469
310 621
310 937
310 887
310 336
310 677
310 373
310 443
310 959
310 358
311 528
311 411
311 939
311 334
311 576
311 896
311 609
311 845
311 461
311 436
311 497
311 766
311 912
311 698
311 712
312 919
312 555
312 815
312 696
312 680
312 757
312 838
312 751
312 831
312 589
312 975
312 353
312 874
312 619
313 783
313 548
313 421
313 725
313 706
313 977
313 843
313 618
313 894
313 970
313 572
313 499
313 840
313 869
313 459
313 889
314 557
314 944
314 314
314 566
314 489
314 740
314 729
314 594
314 539
314 722
315 648
315 411
315 939
315 436
315 698
315 712
315 981
315 813
315 845
315 576
315 497
315 616
315 461
315 334
315 366
316 405
316 810
316 943
316 777
316 916
316 768
316 362
316 628
317 713
317 361
317 781
317 792
317 924
317 677
317 937
317 443
317 446
317 876
317 887
317 452
317 339
317 469
317 358
317 621
318 411
318 436
318 698
318 813
318 334
318 766
318 981
318 939
318 318
318 798
318 576
318 845
318 366
318 896
319 908
319 788
319 827
319 629
319 319
319 592
319 375
319 599
319 972
319 614
320 708
320 851
320 577
320 734
320 615
320 799
320 320
320 682
321 903
321 527
321 699
321 607
321 868
321 836
321 595
321 765
321 504
321 938
321 707
321 490
321 625
322 944
322 898
322 388
322 399
322 794
322 413
322 834
322 502
322 995
322 374
322 780
322 520
322 860
322 752
323 387
323 903
323 526
323 527
323 607
323 699
323 504
323 588
323 765
323 458
323 323
323 595
324 770
324 910
324 427
324 344
324 367
324 724
324 679
324 324
324 967
325 398
325 666
325 709
325 325
325 853
325 517
325 493
325 848
325 670
325 664
325 396
325 480
325 651
326 673
326 926
326 548
326 553
326 572
326 706
326 326
326 840
326 564
326 725
326 332
326 602
326 618
326 516
326 804
327 390
327 395
327 823
327 716
327 378
327 973
327 327
327 867
327 535
327 984
327 985
327 359
328 655
328 918
328 688
328 839
328 456
328 880
328 833
328 747
328 610
328 793
328 842
328 644
328 879
328 507
329 390
329 395
329 560
329 578
329 645
329 769
329 985
329 716
329 823
329 368
329 404
329 331
329 984
329 867
329 359
330 646
330 893
330 782
330 396
330 787
330 789
330 929
330 652
330 676
330 925
331 769
331 395
331 560
331 716
331 384
331 331
331 984
331 985
331 867
332 548
332 421
332 553
332 970
332 706
332 683
332 840
332 976
332 618
332 459
332 499
332 843
332 567
333 900
333 911
333 784
333 681
333 457
333 506
333 754
333 495
333 496
333 572
333 343
334 648
334 698
334 845
334 528
334 576
334 334
334 366
334 609
334 534
334 981
334 896
334 509
335 522
335 671
335 590
335 397
335 498
335 885
335 791
335 624
335 942
335 824
335 849
335 749
336 486
336 792
336 937
336 443
336 445
336 959
336 452
336 336
336 677
336 469
336 413
337 642
337 786
337 416
337 693
337 710
337 556
337 991
337 337
337 685
337 422
337 730
337 738
338 385
338 513
338 426
338 491
338 341
338 382
338 989
338 479
338 807
338 899
338 824
338 723
338 380
339 665
339 858
339 393
339 678
339 704
339 350
339 797
339 510
339 348
339 383
339 872
339 759
340 790
340 614
340 406
340 558
340 954
340 826
340 961
340 935
340 700
340 360
340 999
340 986
340 733
341 513
341 899
341 426
341 807
341 385
341 854
341 989
341 519
341 723
341 613
341 739
341 491
342 394
342 687
342 356
342 837
342 764
342 486
342 379
342 949
342 361
342 888
343 900
343 911
343 540
343 681
343 343
343 870
343 495
343 669
343 496
343 506
343 381
344 665
344 679
344 724
344 367
344 878
344 508
344 770
344 631
345 660
345 412
345 487
345 743
345 850
345 657
345 796
345 992
345 987
345 747
346 561
346 565
346 837
346 593
346 356
346 361
346 379
346 467
346 930
346 858
346 764
347 923
347 797
347 703
347 704
347 347
347 510
347 350
347 969
347 348
347 994
348 923
348 797
348 686
348 704
348 969
348 393
348 348
348 441
349 649
349 931
349 971
349 719
349 812
349 637
349 434
349 908
349 349
349 622
350 393
350 797
350 686
350 969
350 703
350 350
350 872
350 704
350 489
350 759
350 792
351 718
351 785
351 948
351 600
351 579
351 605
351 950
351 386
351 418
351 352
351 638
352 879
352 785
352 948
352 950
352 438
352 579
352 464
352 988
352 605
352 996
353 790
353 919
353 680
353 463
353 589
353 696
353 972
354 907
354 523
354 417
354 418
354 454
354 604
354 573
354 453
354 492
354 817
354 432
355 980
355 525
355 958
355 455
355 355
355 446
355 372
356 687
356 837
356 718
356 593
356 467
356 394
356 565
356 858
356 356
356 379
357 519
357 654
357 406
357 571
357 826
357 449
357 986
357 733
357 935
357 961
357 954
358 633
358 792
358 937
358 959
358 887
358 358
358 621
358 591
358 677
358 491
358 876
359 769
359 645
359 395
359 578
359 716
359 973
359 985
359 378
359 984
359 482
359 368
360 406
360 935
360 954
360 700
360 986
360 890
360 999
360 826
360 961
360 654
360 733
360 691
361 565
361 837
361 718
361 593
361 848
362 914
362 405
362 934
362 943
362 532
362 768
362 430
363 391
363 778
363 402
363 472
363 993
363 856
363 630
364 567
364 667
364 669
364 547
364 675
364 549
364 552
364 940
364 726
364 395
365 771
365 788
365 827
365 832
365 451
365 972
365 599
365 629
365 592
365 957
365 501
365 740
366 528
366 436
366 576
366 712
366 461
366 845
366 411
366 648
366 374
367 910
367 679
367 697
367 967
367 367
367 641
367 724
367 454
368 769
368 390
368 395
368 560
368 823
368 470
368 985
368 368
368 378
368 580
369 536
369 409
369 663
369 684
369 818
369 477
369 551
369 808
369 891
369 809
369 578
369 667
370 419
370 850
370 471
370 862
370 743
370 660
370 601
370 370
370 562
371 667
371 547
371 804
371 552
371 940
371 702
371 953
371 675
371 820
371 850
372 525
372 909
372 650
372 871
372 727
372 372
372 376
373 914
373 916
373 532
373 810
373 943
373 437
373 777
373 373
373 761
373 768
374 922
374 780
374 535
374 794
374 575
374 834
374 752
374 753
374 502
375 788
375 559
375 827
375 832
375 451
375 592
375 599
375 501
376 650
376 525
376 917
376 871
376 440
376 439
376 958
376 909
376 785
377 915
377 403
377 800
377 805
377 819
377 695
377 960
377 500
377 377
378 418
378 769
378 390
378 395
378 560
378 716
378 470
378 985
379 394
379 687
379 837
379 718
379 593
379 467
379 858
379 486
379 895
380 385
380 513
380 899
380 519
380 545
380 883
380 989
380 723
380 491
380 739
380 613
380 628
381 784
381 681
381 980
381 496
381 762
381 506
381 900
381 911
382 899
382 519
382 426
382 865
382 883
382 513
382 807
382 545
382 723
382 802
383 647
383 392
383 672
383 930
383 933
383 423
383 475
383 746
383 748
384 839
384 645
384 390
384 395
384 578
384 985
384 867
384 470
384 769
384 973
384 635
385 854
385 613
385 426
385 545
385 479
385 807
385 567
385 385
385 899
386 438
386 600
386 950
386 464
386 690
386 988
386 605
386 785
386 996
386 602
386 759
386 948
386 579
386 627
387 701
387 707
387 490
387 588
387 595
387 527
387 387
387 868
387 460
387 903
387 526
387 699
387 607
387 617
388 898
388 399
388 388
388 520
388 780
388 983
388 892
388 502
388 703
388 535
388 834
388 860
388 753
389 587
389 965
389 692
389 877
389 829
389 745
389 941
389 798
389 982
389 435
389 447
389 921
389 828
389 586
389 997
390 645
390 470
390 560
390 395
390 716
390 390
390 984
390 606
390 973
390 654
391 705
391 541
391 742
391 778
391 391
391 993
391 750
391 557
391 402
391 472
391 861
391 882
391 553
392 393
392 647
392 672
392 930
392 748
392 746
392 423
392 933
392 475
393 969
393 678
393 510
393 703
393 393
393 759
393 923
393 797
393 704
393 566
394 687
394 858
394 565
394 394
394 467
394 764
394 932
394 561
394 718
395 671
395 645
395 716
395 769
395 395
395 823
395 578
395 973
396 646
396 893
396 816
396 581
396 652
396 789
396 857
396 396
396 920
396 676
396 503
397 838
397 749
397 942
397 809
397 791
397 628
397 978
397 498
397 884
397 624
397 590
397 671
398 493
398 410
398 760
398 852
398 517
398 398
398 987
398 853
398 670
398 664
398 801
398 511
399 898
399 520
399 794
399 623
399 575
399 780
399 516
399 892
399 983
399 697
400 554
400 543
400 400
400 946
400 550
400 806
400 574
400 962
400 584
400 614
400 414
400 433
400 714
400 863
401 521
401 722
401 594
401 662
401 776
401 740
401 566
401 401
401 489
402 468
402 993
402 873
402 750
402 742
402 541
402 472
402 856
402 861
402 929
403 915
403 819
403 891
403 582
403 606
403 964
403 428
403 403
403 800
403 805
403 695
403 955
403 960
403 826
404 700
404 404
404 961
404 733
404 406
404 558
404 634
404 826
404 947
404 954
404 449
404 890
405 777
405 914
405 916
405 532
405 437
405 810
405 768
405 684
405 761
406 434
406 968
406 406
406 571
406 654
406 947
406 826
406 935
406 732
406 558
406 449
406 986
407 931
407 646
407 893
407 787
407 407
407 581
407 925
407 473
407 816
408 900
408 540
408 779
408 408
408 495
408 762
408 911
408 870
408 754
408 506
408 947
408 457
409 536
409 711
409 441
409 811
409 409
409 477
409 542
409 551
409 808
409 648
410 715
410 515
410 517
410 709
410 493
410 410
410 760
410 853
410 987
410 892
410 666
410 480
410 511
411 648
411 411
411 698
411 939
411 845
411 813
411 896
411 461
411 576
411 712
411 497
412 660
412 922
412 487
412 657
412 601
412 612
412 412
412 796
412 471
412 992
412 743
413 898
413 516
413 520
413 780
413 623
413 502
413 535
413 575
413 834
413 983
413 995
414 550
414 574
414 584
414 543
414 442
414 938
414 806
414 462
414 591
414 946
414 881
414 501
415 647
415 672
415 746
415 748
415 674
415 930
415 448
415 475
415 933
415 830
415 597
416 529
416 661
416 786
416 685
416 730
416 632
416 512
416 991
416 422
416 443
416 710
416 608
417 907
417 538
417 735
417 817
417 417
417 454
417 946
417 814
417 573
418 907
418 523
418 538
418 454
418 604
418 432
418 814
418 817
418 573
418 492
418 709
419 660
419 922
419 850
419 862
419 487
419 728
419 601
419 657
419 992
419 612
419 780
420 658
420 668
420 738
420 611
420 705
420 420
420 852
420 430
421 926
421 548
421 894
421 683
421 572
421 459
421 976
421 564
421 421
421 499
421 553
421 970
422 642
422 952
422 505
422 661
422 608
422 529
422 991
422 730
422 556
422 693
422 632
423 647
423 933
423 423
423 672
423 930
423 746
424 905
424 483
424 821
424 864
424 758
424 444
424 450
424 744
424 653
424 966
424 756
424 1000
424 847
425 812
425 543
425 806
425 550
425 574
425 881
425 863
425 962
425 714
425 476
425 938
425 433
425 946
425 653
426 513
426 519
426 545
426 807
426 899
426 854
426 739
426 491
426 454
426 723
426 613
426 883
427 679
427 878
427 508
427 967
427 770
427 665
427 724
427 924
428 805
428 500
428 915
428 701
428 582
428 695
428 955
428 819
428 922
428 643
428 481
429 524
429 531
429 932
429 998
429 530
429 956
429 533
429 620
429 895
429 869
429 527
429 691
429 569
429 805
430 514
430 658
430 668
430 430
430 846
430 643
430 611
430 825
430 736
431 530
431 531
431 533
431 928
431 932
431 963
431 945
431 849
431 895
431 869
431 516
431 689
431 956
431 890
432 814
432 453
432 538
432 573
432 492
432 523
432 432
432 715
432 604
433 806
433 938
433 714
433 946
433 462
433 554
433 543
433 442
433 517
434 649
434 908
434 803
434 812
434 637
434 713
434 971
434 719
434 979
435 902
435 798
435 941
435 951
435 598
435 829
435 586
435 745
435 828
435 965
435 465
435 606
436 648
436 528
436 461
436 981
436 896
436 609
436 576
436 712
436 845
436 778
437 777
437 916
437 934
437 810
437 761
437 943
437 971
437 768
438 690
438 950
438 638
438 605
438 948
438 627
438 988
438 464
438 963
438 602
439 849
439 909
439 727
439 639
439 439
439 440
439 801
440 650
440 525
440 909
440 917
440 455
440 871
440 639
440 683
440 958
441 536
441 663
441 542
441 551
441 808
441 818
441 477
441 466
441 897
441 711
441 621
441 700
442 543
442 806
442 554
442 946
442 938
442 462
442 574
442 584
442 962
442 714
442 863
442 678
443 792
443 937
443 621
443 446
443 452
443 677
443 445
443 924
443 990
444 905
444 631
444 864
444 966
444 653
444 847
444 483
444 450
444 525
444 859
444 744
445 536
445 781
445 677
445 937
445 591
445 445
445 621
445 609
445 446
445 876
446 781
446 677
446 621
446 887
446 792
446 446
446 690
447 921
447 951
447 829
447 941
447 465
447 692
447 587
447 982
447 798
447 586
447 965
447 598
447 877
448 672
448 933
448 597
448 448
448 930
448 748
448 647
448 903
449 863
449 594
449 935
449 947
449 954
449 826
449 961
449 986
449 733
449 454
449 732
450 966
450 758
450 821
450 653
450 483
450 756
450 831
450 847
450 494
451 897
451 771
451 827
451 832
451 599
451 972
451 451
451 604
451 501
452 622
452 479
452 781
452 924
452 959
452 937
452 677
452 469
452 876
453 523
453 814
453 604
453 454
453 571
453 715
454 523
454 538
454 454
454 735
454 573
454 814
455 737
455 909
455 917
455 958
455 639
455 650
455 938
455 871
456 773
456 688
456 879
456 476
456 747
456 507
456 484
456 880
456 536
457 911
457 784
457 540
457 681
457 779
457 762
457 457
457 900
457 506
457 694
457 495
458 903
458 527
458 699
458 836
458 588
458 595
458 765
458 607
458 526
458 707
458 617
458 900
458 490
458 933
459 917
459 926
459 548
459 683
459 572
459 843
459 894
459 564
459 970
459 539
459 976
459 977
459 725
459 618
459 499
459 889
460 668
460 846
460 705
460 738
460 825
460 737
461 939
461 698
461 981
461 766
461 648
461 528
461 719
461 497
462 543
462 806
462 938
462 946
462 962
462 714
462 550
462 650
463 919
463 680
463 838
463 844
463 975
463 757
463 696
463 815
463 589
463 790
463 619
463 496
463 874
463 751
464 529
464 588
464 785
464 690
464 600
464 627
464 948
464 988
464 949
465 798
465 941
465 951
465 587
465 965
465 598
465 745
465 982
465 465
465 608
465 664
466 536
466 663
466 808
466 811
466 711
466 466
467 687
467 837
467 561
467 565
467 593
467 486
467 858
468 541
468 778
468 630
468 742
468 472
468 468
468 988
469 792
469 924
469 937
469 959
469 876
470 645
470 560
470 973
470 769
470 716
470 823
470 867
470 615
471 660
471 850
471 743
471 487
471 862
471 796
471 657
471 922
471 992
471 612
472 541
472 742
472 882
472 861
472 993
472 873
472 750
472 630
473 644
473 906
473 651
473 795
473 721
473 736
473 482
473 741
473 473
473 478
473 731
474 913
474 799
474 546
474 682
474 835
474 577
474 851
474 585
474 625
474 615
475 647
475 674
475 933
475 597
475 748
475 475
475 757
475 746
476 655
476 793
476 822
476 839
476 918
476 773
476 514
476 879
476 842
476 765
476 507
476 948
477 663
477 542
477 551
477 684
477 818
477 711
477 604
477 793
478 795
478 544
478 968
478 721
478 635
478 994
478 906
478 640
478 731
478 626
478 904
478 482
478 741
479 981
479 513
479 519
479 545
479 807
479 567
479 723
479 989
479 854
479 613
479 883
479 865
480 515
480 517
480 670
480 801
480 709
480 848
480 480
480 666
480 987
480 493
480 760
480 511
481 534
481 949
481 694
481 570
481 583
481 841
481 974
481 580
481 912
481 875
482 772
482 904
482 906
482 651
482 544
482 968
482 736
482 795
482 731
482 626
482 635
483 653
483 821
483 966
483 859
483 631
484 773
484 655
484 793
484 688
484 833
484 839
484 610
484 879
485 912
485 949
485 694
485 570
485 596
485 673
485 802
485 841
485 583
485 720
485 977
485 875
486 687
486 561
486 565
486 718
486 593
486 486
486 764
487 657
487 796
487 862
487 743
487 728
487 601
487 992
487 700
488 901
488 775
488 603
488 518
488 767
488 855
488 927
488 774
488 936
488 755
488 509
488 801
489 521
489 662
489 944
489 722
489 594
489 616
490 526
490 836
490 617
490 607
490 903
490 747
490 504
491 991
491 899
491 545
491 723
491 854
491 865
491 613
491 989
492 817
492 573
492 715
492 538
493 916
493 517
493 493
493 853
493 848
493 760
494 754
494 864
494 888
494 653
494 494
494 758
494 631
494 648
495 711
495 779
495 540
495 980
495 762
495 784
495 496
495 754
495 866
496 637
496 911
496 980
496 870
496 496
496 854
496 581
497 632
497 648
497 528
497 939
497 712
497 698
497 813
497 981
498 791
498 809
498 563
498 824
498 978
498 624
498 590
498 715
498 884
499 926
499 683
499 564
499 706
499 548
499 889
499 725
499 976
499 628
500 915
500 960
500 582
500 800
500 695
500 964
500 606
500 500
501 897
501 771
501 788
501 957
501 972
501 592
501 614
501 599
502 963
502 516
502 995
502 623
502 535
502 860
502 752
502 575
502 892
502 789
503 748
503 646
503 787
503 920
503 676
503 652
503 929
503 925
503 698
504 932
504 527
504 836
504 588
504 699
504 868
504 903
504 607
504 979
505 529
505 786
505 556
505 685
505 952
505 991
505 512
505 693
505 724
506 779
506 900
506 784
507 514
507 773
507 655
507 918
507 793
507 833
507 610
507 839
507 822
507 932
508 641
508 910
508 665
509 901
509 518
509 775
509 603
509 633
509 1000
509 755
509 650
510 569
510 593
510 923
510 797
510 562
510 872
510 510
510 636
511 761
511 664
511 852
511 760
511 517
511 511
511 515
511 927
512 642
512 529
512 685
512 608
512 952
512 730
512 632
512 512
513 854
513 613
513 723
513 545
513 807
513 739
513 519
513 687
513 865
513 883
514 822
514 842
514 773
514 514
514 879
514 918
514 747
514 688
514 793
514 833
515 852
515 853
515 664
515 515
515 987
515 670
515 709
515 666
515 976
516 898
516 520
516 535
516 753
516 623
516 892
516 516
516 780
516 834
516 983
516 860
516 995
517 852
517 760
517 666
517 517
517 801
517 602
517 848
518 962
518 774
518 633
518 1000
518 927
518 670
518 936
518 603
518 755
518 580
519 899
519 545
519 613
519 865
519 989
519 567
519 519
519 739
519 807
520 904
520 520
520 575
520 860
520 752
520 834
520 794
520 983
520 995
520 892
521 776
521 566
521 521
521 636
521 722
521 662
521 719
521 729
522 624
522 884
522 522
522 749
522 628
522 824
522 942
522 590
522 671
523 907
523 573
523 604
523 735
523 538
523 817
523 794
524 531
524 928
524 691
524 869
524 945
524 963
524 956
524 530
524 569
524 524
524 919
524 533
524 849
525 750
525 867
525 525
525 871
525 950
525 958
525 727
526 903
526 699
526 617
526 607
526 707
526 588
526 595
526 600
526 868
527 903
527 836
527 607
527 707
527 772
527 588
527 595
527 868
527 859
528 648
528 698
528 528
528 939
528 896
528 813
528 684
528 609
528 766
528 995
529 991
529 661
529 952
529 730
529 786
529 710
529 693
530 945
530 620
530 932
530 569
530 531
530 956
530 869
530 928
530 689
530 691
530 849
530 998
530 895
530 939
530 954
531 869
531 932
531 533
531 849
531 689
531 998
531 620
531 928
531 772
531 963
532 915
532 777
532 914
532 943
532 810
532 934
532 532
532 768
533 869
533 895
533 569
533 620
533 963
533 691
533 928
533 945
533 689
533 956
534 912
534 949
534 673
534 596
534 580
534 534
534 875
534 588
534 802
534 583
535 740
535 780
535 983
535 623
535 575
535 752
536 808
536 684
536 536
536 542
536 818
537 953
537 675
537 726
537 804
537 940
537 547
537 537
537 667
537 552
537 702
537 717
538 715
538 735
538 814
538 995
539 900
539 539
539 683
539 843
539 889
539 706
539 725
539 840
539 564
539 548
539 894
539 553
539 977
539 618
540 784
540 540
540 754
540 900
540 762
540 681
540 980
541 778
541 873
541 630
541 882
541 914
541 861
542 711
542 551
542 811
542 808
542 582
542 684
542 818
543 881
543 806
543 554
543 714
543 946
543 574
543 863
543 856
543 920
544 685
544 952
544 644
544 904
544 651
544 626
544 640
544 736
544 721
544 635
544 731
544 968
544 994
544 741
544 886
545 883
545 899
545 854
545 989
545 821
545 723
545 865
545 739
545 613
546 783
546 656
546 913
546 577
546 835
546 625
546 851
546 682
546 734
547 669
547 667
547 552
547 940
547 549
547 717
547 726
547 953
547 703
547 804
547 702
548 725
548 553
548 683
548 564
548 706
548 976
548 970
548 763
548 618
549 645
549 675
549 726
549 549
549 953
549 667
549 717
549 752
549 940
550 574
550 550
550 714
550 584
550 881
550 946
550 962
550 761
550 938
550 961
551 663
551 684
551 811
551 711
551 818
552 552
552 820
552 675
552 726
552 756
552 953
552 717
553 563
553 894
553 564
553 572
553 840
553 683
553 926
553 976
553 889
554 938
554 584
554 714
554 574
554 881
554 962
554 806
554 863
554 843
555 790
555 589
555 919
555 844
555 874
555 831
555 696
555 751
555 838
555 757
555 890
555 815
555 763
555 977
556 642
556 661
556 786
556 685
556 710
556 730
556 632
556 556
556 816
556 562
557 814
557 776
557 566
557 990
557 616
557 594
557 636
557 815
557 722
557 729
558 654
558 634
558 571
558 890
558 558
558 700
558 935
558 598
558 947
558 954
558 826
558 732
558 733
559 897
559 771
559 788
559 957
559 972
559 599
559 827
559 559
559 629
560 769
560 867
560 973
560 578
560 560
560 866
561 593
561 858
561 565
561 837
561 902
561 718
562 923
562 797
562 678
562 872
562 562
562 703
562 1000
563 902
563 791
563 809
563 885
563 942
563 749
563 590
563 628
564 616
564 655
564 683
564 618
564 977
564 564
564 889
564 894
564 866
564 706
564 970
565 858
565 837
565 593
566 776
566 662
566 722
566 990
566 944
566 740
567 679
567 899
567 883
567 807
567 854
567 567
567 723
567 989
567 865
568 649
568 908
568 931
568 803
568 622
568 568
568 979
568 971
568 765
568 713
568 719
568 865
569 691
569 620
569 569
569 869
569 849
569 932
570 912
570 802
570 580
570 841
570 694
570 570
571 945
571 935
571 954
571 571
571 634
571 947
571 654
571 700
571 999
572 926
572 683
572 894
572 725
572 572
572 977
572 840
572 618
572 889
573 907
573 715
573 817
573 735
573 604
574 938
574 946
574 863
574 962
574 714
575 780
575 753
575 575
575 752
575 623
575 983
575 860
575 834
575 995
576 648
576 813
576 609
576 712
576 981
576 698
576 896
577 783
577 799
577 682
577 708
577 734
577 952
577 851
577 625
578 769
578 645
578 823
578 578
578 716
578 984
578 985
578 867
579 602
579 627
579 866
579 785
579 600
579 996
579 950
579 605
579 638
580 673
580 949
580 694
580 763
580 580
581 938
581 782
581 787
581 925
581 676
581 857
582 915
582 695
582 955
582 606
582 819
583 912
583 673
583 694
583 583
583 949
583 596
583 720
584 946
584 863
584 938
584 921
584 881
585 992
585 783
585 656
585 799
585 835
585 913
585 708
585 851
585 734
585 615
586 902
586 941
586 692
586 965
586 951
586 997
586 828
586 921
586 586
586 587
586 982
587 798
587 692
587 951
587 828
587 829
587 982
587 745
587 598
587 850
587 877
588 903
588 836
588 765
588 617
588 601
589 680
589 874
589 844
589 589
589 838
589 815
589 831
589 885
589 975
590 659
590 791
590 809
590 942
590 824
590 884
590 671
590 666
590 885
591 677
591 887
591 924
591 591
591 876
592 897
592 827
592 629
592 771
592 957
592 788
592 832
592 704
593 718
593 837
593 858
593 764
594 776
594 944
594 990
594 616
594 729
595 707
595 868
595 617
595 607
595 836
595 674
596 673
596 694
596 841
596 974
596 720
596 875
596 596
597 933
597 746
597 830
597 672
597 680
598 902
598 941
598 692
598 598
598 951
598 829
599 824
599 771
599 827
599 957
599 972
599 599
599 614
600 996
600 627
600 690
600 602
600 785
600 668
600 988
600 866
600 638
601 922
601 728
601 862
601 612
601 743
601 992
601 850
602 948
602 950
602 690
602 627
602 996
602 696
602 988
602 866
603 901
603 774
603 855
603 927
603 890
603 755
603 633
603 767
604 814
604 817
604 907
604 776
604 735
605 772
605 948
605 950
605 785
605 866
605 605
605 627
606 915
606 800
606 805
606 955
606 695
606 819
606 891
607 903
607 699
607 707
607 607
607 745
608 952
608 710
608 685
608 642
608 632
608 730
608 786
608 675
609 813
609 712
609 981
609 609
609 648
609 845
609 879
609 766
609 896
610 982
610 773
610 655
610 918
610 842
610 822
610 610
610 880
610 729
611 643
611 825
611 738
611 985
611 775
612 660
612 796
612 850
612 862
612 992
612 691
612 743
613 989
613 899
613 883
613 865
613 944
614 728
614 897
614 827
614 832
614 972
614 771
614 614
615 783
615 656
615 913
615 682
615 708
615 734
615 799
615 625
615 836
616 662
616 729
616 990
616 740
617 699
617 836
617 868
617 903
617 765
618 926
618 840
618 843
618 725
618 894
619 919
619 680
619 815
619 696
619 757
619 790
619 751
619 865
620 849
620 956
620 689
620 620
620 963
620 691
620 895
620 887
620 669
621 781
621 792
621 924
621 677
622 649
622 931
622 803
622 812
622 719
622 979
622 713
623 834
623 860
623 794
623 780
623 906
623 753
624 659
624 791
624 978
624 809
624 824
624 876
624 884
624 628
625 783
625 656
625 913
625 799
625 835
625 676
626 644
626 772
626 904
626 906
626 651
626 968
626 721
626 635
626 626
626 886
627 680
627 866
627 638
627 948
628 749
628 671
628 885
628 884
628 809
629 897
629 832
629 972
629 629
629 782
630 778
630 861
630 742
631 653
631 859
631 758
631 631
631 756
631 888
632 661
632 685
632 952
632 991
632 642
632 710
632 693
633 775
633 855
633 755
633 1000
633 774
634 935
634 954
634 986
634 732
634 999
634 947
634 733
634 959
635 886
635 644
635 651
635 906
635 795
635 904
635 635
636 776
636 662
636 944
636 740
636 636
637 649
637 908
637 713
637 719
637 803
637 937
638 660
638 690
638 996
638 950
638 866
638 948
639 909
639 958
639 727
639 650
640 907
640 904
640 906
640 795
640 731
640 736
640 994
640 741
640 886
640 968
640 721
641 967
641 679
641 910
641 878
641 697
641 770
641 767
642 952
642 642
642 730
642 710
642 693
642 981
642 685
642 991
642 668
643 846
643 705
643 658
643 825
643 738
644 994
644 721
644 904
644 644
644 736
644 731
644 795
644 718
644 772
645 985
645 973
645 823
645 645
645 984
645 867
646 808
646 857
646 787
646 789
646 652
646 676
646 681
646 893
646 782
646 929
647 674
647 672
647 830
647 930
647 647
647 746
647 748
648 712
648 845
648 766
648 698
648 648
648 939
648 871
649 649
649 737
649 931
649 881
649 908
649 803
649 713
649 719
649 979
649 901
650 781
650 871
650 958
651 772
651 906
651 721
651 741
651 994
651 651
651 886
651 795
652 893
652 925
652 816
652 857
652 782
652 920
652 652
652 789
652 929
653 905
653 744
653 888
653 864
653 966
653 847
653 653
653 821
653 758
654 934
654 732
654 986
654 961
654 954
654 947
654 890
654 733
654 935
654 826
654 999
655 773
655 688
655 747
655 822
655 833
655 839
655 842
656 818
656 682
656 708
656 656
656 681
657 660
657 796
657 728
657 657
657 862
657 992
657 850
657 743
657 744
657 721
658 738
658 705
658 658
658 846
658 926
659 885
659 978
659 749
659 942
659 824
659 809
659 884
659 951
660 660
660 796
660 850
660 922
660 992
660 743
661 693
661 730
661 661
661 710
661 991
662 729
662 740
662 722
662 990
662 894
662 944
663 818
663 663
663 808
663 811
664 664
664 670
664 987
664 709
664 848
664 853
664 801
665 770
665 910
665 878
665 665
665 697
666 670
666 760
666 987
666 709
666 852
666 853
666 819
666 801
667 953
667 804
667 726
667 717
667 675
667 820
668 798
668 846
668 705
668 738
668 825
668 857
669 804
669 717
669 726
669 940
669 702
670 987
670 709
670 848
670 852
670 906
670 853
670 760
671 791
671 809
671 671
671 885
671 942
671 749
671 707
671 899
671 947
672 746
672 830
672 933
672 930
672 814
672 748
673 912
673 694
673 875
673 763
673 802
673 841
674 674
674 933
674 830
674 789
674 748
675 804
675 717
675 675
675 953
676 782
676 787
676 920
676 925
676 893
676 857
676 816
677 781
677 792
677 924
677 876
677 677
677 937
677 959
678 923
678 686
678 678
678 969
678 759
679 770
679 724
679 697
679 967
679 878
680 790
680 838
680 919
680 831
680 844
680 874
680 696
680 757
680 970
681 997
681 779
681 911
681 754
681 900
681 980
682 734
682 708
682 835
682 957
683 926
683 894
683 843
683 976
683 683
683 725
684 811
684 818
684 808
684 684
684 753
685 786
685 693
685 732
686 923
686 872
686 969
686 686
686 759
686 878
686 704
687 687
687 837
687 688
687 858
688 688
688 918
688 822
688 833
688 839
688 747
688 880
689 932
689 945
689 998
689 956
689 750
690 785
690 948
690 996
690 988
690 866
691 928
691 963
691 945
691 869
691 998
691 953
692 921
692 951
692 745
692 941
692 829
692 877
692 798
692 997
693 786
693 710
693 952
693 730
694 802
694 949
694 763
694 841
694 974
694 875
695 915
695 819
695 964
695 891
695 955
695 960
695 978
695 733
696 790
696 815
696 831
696 757
696 696
696 838
696 874
697 770
697 967
697 878
697 826
697 741
698 813
698 712
698 896
698 698
698 981
698 729
699 765
699 707
699 836
699 903
699 875
700 947
700 954
700 826
700 700
700 986
700 999
701 800
701 805
701 955
701 964
701 701
702 820
702 940
702 804
702 927
702 717
702 726
703 923
703 797
703 969
703 759
703 872
704 759
704 704
704 923
704 872
705 723
705 846
706 889
706 926
706 706
706 970
706 840
706 976
706 977
707 903
707 707
707 868
708 783
708 913
708 799
708 835
709 891
709 855
709 987
709 801
709 760
709 848
710 786
710 730
710 991
711 808
711 711
711 811
712 939
712 813
712 845
712 766
713 812
713 737
713 971
713 908
713 719
713 979
714 946
714 714
714 825
714 863
715 814
715 715
715 735
716 823
716 984
716 819
716 973
717 940
717 820
717 953
717 759
718 764
718 718
718 858
719 931
719 908
719 945
719 979
719 737
720 912
720 802
720 841
720 974
720 763
720 875
721 904
721 968
721 772
721 721
721 731
722 944
722 834
722 729
722 740
723 807
723 723
723 989
723 739
723 854
724 964
724 770
724 910
724 957
725 840
725 843
725 977
725 970
725 894
725 767
726 953
726 852
727 909
727 958
727 727
728 759
728 922
728 796
728 850
728 728
728 743
729 776
729 944
729 740
729 990
730 786
730 991
731 772
731 904
731 906
731 795
731 994
731 736
731 945
732 947
732 954
732 826
732 986
732 732
732 890
733 935
733 947
733 961
733 986
733 826
733 954
733 999
734 783
734 799
734 734
735 907
735 817
735 870
736 906
736 968
736 772
736 994
736 741
737 931
737 803
737 812
737 908
737 971
739 899
739 807
739 854
739 989
739 865
739 814
740 990
740 776
741 772
741 904
741 968
741 994
741 741
742 993
742 778
742 873
742 750
742 812
743 862
743 992
744 905
744 864
744 756
744 744
744 888
745 877
745 965
745 982
745 745
746 930
747 918
747 793
747 833
747 839
747 842
747 773
747 747
747 880
748 933
748 830
749 791
749 942
749 824
749 978
749 809
750 856
750 993
750 873
750 861
751 790
751 831
751 844
751 874
751 975
751 751
752 800
752 794
752 834
752 995
752 983
752 892
752 753
752 982
753 777
753 780
753 794
753 834
753 995
753 898
754 779
754 911
754 980
754 870
754 762
755 901
755 775
755 774
755 927
755 936
755 855
755 767
756 877
756 905
756 821
756 966
756 847
756 864
756 859
756 758
756 888
757 919
757 815
757 831
757 838
758 905
758 966
758 847
758 859
758 758
759 797
760 801
760 853
760 909
761 777
761 916
761 768
762 900
762 779
762 784
762 762
762 950
763 912
763 802
763 949
763 841
763 974
763 875
764 764
764 837
764 954
765 903
765 868
765 836
765 907
766 939
766 813
766 766
766 896
767 779
767 774
767 927
767 901
767 855
768 777
768 934
769 984
769 823
769 985
769 867
769 825
770 910
770 770
770 967
770 927
771 897
771 972
771 827
771 832
771 849
771 788
771 957
772 886
772 795
772 968
772 906
772 994
773 879
773 839
773 773
773 785
773 918
773 833
773 842
773 880
774 918
774 901
774 774
774 855
774 936
774 1000
775 1000
775 775
775 936
775 855
776 944
777 943
777 916
777 914
777 934
778 856
778 873
778 778
778 882
779 921
779 900
779 911
779 779
779 980
779 870
780 884
780 898
780 860
780 794
780 834
780 983
780 892
781 868
781 924
781 959
781 887
781 876
781 792
782 787
782 893
782 929
782 857
782 789
782 925
783 835
784 784
784 911
784 870
784 942
784 980
785 844
785 866
785 988
785 996
785 950
786 786
786 991
786 952
787 878
787 787
787 925
787 821
787 789
787 920
788 827
788 897
788 957
788 832
789 893
789 920
789 816
789 857
790 838
790 919
790 844
790 874
790 975
791 824
791 791
791 884
791 998
791 885
791 842
792 792
792 924
792 937
792 959
793 918
793 879
793 793
793 880
793 839
793 842
794 898
794 860
794 995
794 834
794 983
794 892
795 906
795 994
795 904
795 795
795 863
795 968
796 796
796 862
796 993
796 992
797 923
797 797
798 902
798 877
798 829
798 798
798 982
798 965
798 941
798 997
799 799
799 851
799 928
800 964
800 955
800 805
800 960
801 987
801 852
801 848
802 912
802 841
802 990
803 908
803 931
803 971
803 979
803 812
804 940
804 820
805 891
805 819
805 915
805 960
805 821
806 863
806 881
806 806
807 989
807 854
807 899
807 865
807 873
808 818
808 808
808 811
809 978
809 824
809 942
809 885
810 916
810 914
810 934
810 810
810 943
811 818
812 908
812 979
812 931
812 971
813 845
813 981
813 813
814 907
815 919
815 815
815 838
815 975
815 855
815 831
815 844
815 874
816 893
816 920
816 929
816 925
817 907
817 817
819 819
819 955
819 891
819 969
820 905
820 940
820 820
821 888
821 847
821 864
822 918
822 842
822 879
822 839
822 822
822 880
822 833
823 985
823 973
823 984
824 942
824 884
824 824
824 978
825 846
825 825
826 947
826 954
826 935
826 961
826 986
826 890
826 999
827 960
828 902
828 951
828 921
828 828
828 982
828 965
828 997
828 938
829 941
829 877
829 997
829 829
829 921
829 982
830 930
830 830
831 838
831 874
831 975
832 957
832 897
832 850
833 833
833 880
833 842
834 897
834 898
834 925
834 983
835 913
835 835
835 851
836 837
836 903
837 858
837 837
838 919
838 844
839 918
839 879
839 880
840 861
840 949
840 926
840 976
840 970
840 932
840 843
840 977
841 949
841 974
841 875
841 943
842 879
842 842
843 970
843 889
843 977
843 843
843 976
844 844
844 919
845 939
845 845
845 981
845 900
845 999
846 990
846 846
847 966
847 859
847 888
848 987
848 852
849 945
849 956
849 963
849 932
850 992
850 862
851 881
851 913
852 987
852 878
852 853
854 874
855 901
855 936
855 927
855 1000
856 861
856 882
856 873
856 993
857 925
857 929
858 985
859 859
859 905
859 966
860 950
860 894
860 983
860 995
860 898
860 874
860 892
861 967
861 993
861 873
861 882
862 922
863 863
863 881
864 905
864 966
864 888
864 877
865 899
865 883
866 950
866 866
867 984
867 985
868 868
869 932
869 963
869 928
869 895
870 900
870 980
871 917
872 872
874 975
875 974
875 949
875 984
875 940
876 923
876 993
876 959
877 921
877 941
877 982
877 951
879 918
879 880
881 962
881 946
882 882
883 899
883 989
884 978
885 996
885 886
886 968
886 886
886 906
887 937
887 887
887 984
888 905
888 888
889 926
889 977
889 976
890 954
890 961
890 999
890 947
891 955
891 964
891 915
892 898
892 983
892 923
893 929
893 925
894 970
894 976
895 928
895 932
895 945
896 896
897 972
897 957
898 995
898 898
898 991
899 989
900 911
900 980
901 910
901 927
901 901
901 936
901 1000
902 965
902 902
902 951
902 921
902 997
903 982
904 906
904 904
906 968
906 906
907 907
908 979
908 908
908 931
908 935
909 958
910 910
911 980
912 946
912 949
914 934
914 943
914 916
915 964
915 960
916 934
916 943
917 958
917 917
918 918
919 975
920 925
920 929
921 965
921 982
921 951
921 921
921 941
922 992
924 959
924 924
926 926
926 970
926 976
927 1000
928 928
928 998
928 932
928 956
929 929
930 933
930 930
931 979
931 971
932 932
932 963
932 956
935 961
935 999
935 935
935 947
935 986
936 1000
937 937
937 959
938 938
939 939
941 997
941 982
941 951
941 965
942 942
945 998
945 945
946 962
947 986
947 961
948 950
948 948
948 996
951 951
951 982
951 965
952 952
954 961
955 964
955 960
956 963
957 957
958 958
959 959
961 961
961 986
963 998
965 997
966 966
967 967
969 969
970 976
970 977
971 971
973 984
973 985
974 974
975 975
977 977
978 978
981 981
982 997
983 983
984 985
988 988
990 990
997 997
999 999
