1000 6103
1 917
1 487
1 451
1 835
1 214
1 6
1 333
1 886
1 111
1 106
1 780
1 713
2 660
2 510
2 921
2 79
2 890
2 58
2 350
2 511
2 805
2 789
2 263
2 30
2 35
3 501
3 451
3 3
3 973
3 752
3 713
3 780
3 562
3 97
3 7
3 792
3 109
4 306
4 247
4 142
4 366
4 315
4 690
4 385
4 4
4 183
4 270
4 271
4 738
5 231
5 505
5 382
5 771
5 445
5 5
5 242
5 563
5 703
5 534
5 932
5 577
6 434
6 941
6 772
6 181
6 99
6 973
6 7
6 886
6 974
6 111
6 635
6 254
7 917
7 780
7 129
7 835
7 713
7 886
7 562
7 617
7 792
7 752
8 906
8 784
8 602
8 647
8 431
8 460
8 361
8 222
8 716
8 219
8 649
8 794
8 463
8 894
9 358
9 948
9 182
9 624
9 828
9 712
9 422
9 441
9 114
9 762
9 956
9 867
9 359
9 622
9 883
10 394
10 10
10 804
10 426
10 294
10 203
10 324
10 958
10 626
10 295
10 943
10 381
11 500
11 513
11 388
11 198
11 937
11 983
11 684
11 677
11 930
11 887
11 941
11 617
12 12
12 115
12 568
12 82
12 637
12 175
12 782
12 1000
12 119
12 566
12 209
12 469
12 120
13 864
13 228
13 48
13 140
13 924
13 516
13 787
13 287
13 515
13 790
13 20
13 211
13 227
14 69
14 724
14 757
14 838
14 846
14 290
14 817
14 66
14 201
14 875
14 321
14 989
14 609
14 376
14 426
15 385
15 521
15 142
15 658
15 674
15 15
15 759
15 271
15 653
15 113
16 130
16 699
16 371
16 41
16 456
16 162
16 109
16 135
16 330
16 344
16 427
16 307
17 134
17 520
17 785
17 914
17 320
17 559
17 808
17 925
17 397
17 119
17 149
17 281
17 363
17 512
18 641
18 781
18 990
18 300
18 889
18 234
18 127
18 53
18 628
18 775
18 282
18 376
19 450
19 386
19 779
19 28
19 19
19 126
19 504
19 865
19 198
19 860
19 733
19 95
19 96
19 749
19 188
19 448
20 515
20 140
20 787
20 942
20 396
20 789
20 20
20 990
20 23
20 985
20 228
21 135
21 41
21 699
21 456
21 105
21 483
21 427
21 185
21 307
21 439
21 564
21 825
21 73
21 330
21 77
22 927
22 151
22 851
22 159
22 587
22 184
22 227
22 94
22 823
22 778
22 338
22 878
23 396
23 501
23 48
23 980
23 985
23 616
23 748
23 516
23 647
23 611
23 328
24 878
24 278
24 338
24 736
24 348
24 104
24 184
24 24
24 657
24 206
24 856
25 526
25 529
25 530
25 803
25 551
25 71
25 67
25 187
25 143
25 149
25 414
25 158
25 578
25 239
26 404
26 26
26 597
26 566
26 248
26 439
26 796
26 959
26 625
26 289
26 175
26 568
26 851
27 172
27 776
27 488
27 619
27 27
27 249
27 255
27 169
27 925
27 312
27 76
27 607
27 998
28 386
28 779
28 272
28 665
28 801
28 644
28 767
28 745
28 260
28 938
28 733
28 239
29 806
29 656
29 406
29 150
29 277
29 675
29 583
29 977
29 51
29 200
29 967
29 834
30 906
30 263
30 58
30 442
30 666
30 891
30 511
30 660
30 174
30 341
30 751
31 901
31 537
31 489
31 225
31 737
31 383
31 508
31 866
31 960
31 259
31 949
31 574
31 215
31 614
32 898
32 502
32 186
32 32
32 269
32 188
32 253
32 991
32 299
32 49
32 819
32 317
32 331
32 422
33 332
33 774
33 547
33 645
33 446
33 190
33 546
33 884
33 196
33 895
33 449
33 345
33 226
33 338
34 385
34 270
34 911
34 113
34 759
34 674
34 936
34 271
34 690
34 165
34 306
34 366
34 962
34 326
34 752
35 666
35 350
35 58
35 79
35 510
35 263
35 219
35 921
35 575
35 805
35 442
35 204
35 341
35 267
36 390
36 141
36 670
36 161
36 411
36 565
36 43
36 251
36 933
36 586
36 430
36 964
37 805
37 392
37 283
37 544
37 673
37 569
37 89
37 202
37 199
37 228
37 443
37 839
37 612
38 778
38 468
38 114
38 622
38 712
38 182
38 359
38 681
38 948
38 933
38 229
38 624
39 671
39 899
39 773
39 982
39 957
39 969
39 876
39 302
39 375
39 520
39 689
39 830
39 579
39 584
39 720
39 232
39 438
40 190
40 379
40 826
40 846
40 724
40 290
40 730
40 166
40 701
40 571
40 817
40 201
40 989
41 135
41 162
41 77
41 456
41 986
41 519
41 825
41 938
41 842
41 330
41 109
42 210
42 696
42 303
42 996
42 305
42 349
42 952
42 197
42 304
42 551
42 810
42 859
43 262
43 535
43 802
43 933
43 621
43 560
43 205
43 194
43 590
43 430
43 318
43 964
43 207
44 923
44 640
44 141
44 411
44 251
44 670
44 535
44 560
44 430
44 274
44 318
44 863
44 429
45 775
45 278
45 151
45 413
45 159
45 292
45 680
45 555
45 416
45 487
45 94
45 227
46 274
46 659
46 147
46 153
46 549
46 978
46 457
46 389
46 46
46 62
46 984
46 90
46 649
47 520
47 799
47 808
47 995
47 134
47 914
47 363
47 301
47 559
47 970
47 200
47 613
47 224
48 140
48 273
48 287
48 942
48 516
48 748
48 611
48 536
48 211
48 228
48 314
48 214
49 454
49 898
49 269
49 418
49 351
49 502
49 819
49 491
49 924
49 596
49 882
49 435
49 681
50 143
50 803
50 548
50 530
50 235
50 71
50 588
50 50
50 585
50 951
50 187
50 67
50 123
50 208
51 158
51 504
51 655
51 656
51 919
51 423
51 815
51 493
51 122
51 967
51 841
51 977
51 873
52 551
52 385
52 521
52 271
52 690
52 366
52 270
52 759
52 193
52 803
52 738
53 938
53 370
53 241
53 237
53 695
53 53
53 282
53 242
53 217
53 376
54 267
54 527
54 412
54 610
54 629
54 160
54 257
54 775
54 744
54 131
54 482
54 103
54 678
55 100
55 943
55 804
55 55
55 832
55 295
55 561
55 723
55 425
55 334
56 173
56 304
56 309
56 305
56 952
56 662
56 912
56 373
56 589
56 439
56 996
56 620
57 821
57 737
57 732
57 965
57 537
57 215
57 383
57 813
57 57
57 454
57 866
57 225
57 614
57 369
58 660
58 921
58 626
58 221
58 510
58 328
58 758
58 79
58 166
59 908
59 533
59 412
59 931
59 868
59 545
59 775
59 267
59 429
59 597
59 103
60 918
60 788
60 694
60 434
60 369
60 310
60 593
60 902
60 340
60 321
60 575
60 962
60 852
60 117
60 256
61 653
61 176
61 772
61 903
61 380
61 425
61 378
61 266
61 61
61 63
62 389
62 264
62 274
62 640
62 457
62 634
62 598
62 758
62 932
62 223
62 481
62 160
63 266
63 783
63 279
63 259
63 643
63 772
63 174
63 380
63 322
63 858
63 917
64 902
64 918
64 310
64 575
64 340
64 887
64 606
64 117
64 593
64 892
64 961
64 962
64 721
64 107
64 369
64 636
64 638
65 904
65 591
65 816
65 654
65 475
65 119
65 448
65 85
65 711
65 658
65 837
65 974
65 855
66 290
66 704
66 701
66 321
66 379
66 166
66 846
66 609
66 587
66 838
66 724
66 125
66 757
67 143
67 530
67 414
67 187
67 578
67 139
67 235
67 444
67 490
67 356
67 333
68 685
68 896
68 540
68 112
68 376
68 300
68 217
68 127
68 241
68 900
68 990
68 889
69 826
69 701
69 989
69 125
69 724
69 846
69 765
69 609
69 891
69 838
69 213
70 340
70 157
70 671
70 806
70 710
70 220
70 845
70 999
70 849
70 579
71 131
71 139
71 551
71 432
71 951
71 578
71 71
71 870
71 413
72 270
72 517
72 283
72 443
72 719
72 89
72 316
72 673
72 569
72 385
72 343
73 519
73 185
73 564
73 135
73 77
73 456
73 764
73 842
73 90
74 265
74 526
74 145
74 298
74 410
74 603
74 567
74 420
74 601
74 626
75 189
75 875
75 257
75 918
75 434
75 310
75 575
75 788
75 636
75 919
75 721
76 514
76 312
76 776
76 618
76 753
76 255
76 770
76 169
76 853
76 488
77 427
77 307
77 564
77 185
77 700
77 162
77 152
78 659
78 147
78 549
78 153
78 978
78 274
78 216
78 731
78 90
78 979
78 598
78 746
78 758
78 848
79 263
79 906
79 328
79 204
79 511
79 442
79 855
79 751
79 891
80 235
80 777
80 916
80 148
80 928
80 327
80 604
80 718
80 88
80 388
81 132
81 809
81 431
81 649
81 594
81 81
81 384
81 91
81 783
81 894
82 796
82 289
82 175
82 566
82 959
82 822
82 637
82 476
82 97
82 597
82 469
82 248
82 569
83 195
83 649
83 794
83 460
83 850
83 479
83 725
83 431
83 83
83 894
83 384
84 978
84 387
84 137
84 163
84 452
84 536
84 84
84 602
84 95
85 446
85 550
85 820
85 448
85 453
85 591
85 438
85 904
85 279
85 855
85 478
86 661
86 791
86 928
86 299
86 195
86 148
86 531
86 86
86 757
86 769
86 355
87 136
87 558
87 146
87 976
87 778
87 739
87 657
87 625
87 498
87 122
88 518
88 661
88 288
88 195
88 592
88 531
88 743
88 870
88 873
88 250
88 656
88 458
89 283
89 552
89 440
89 719
89 343
89 156
89 827
89 226
89 763
90 389
90 264
90 978
90 216
90 984
90 640
90 659
90 155
90 245
91 250
91 794
91 854
91 633
91 479
91 460
91 649
91 91
92 269
92 418
92 819
92 311
92 188
92 92
92 991
92 243
92 593
92 351
92 480
92 491
92 930
92 809
93 792
93 181
93 451
93 973
93 254
93 752
93 99
93 562
93 111
93 781
93 886
94 159
94 416
94 680
94 413
94 736
94 278
94 94
95 644
95 665
95 354
95 896
95 353
95 95
95 386
95 421
95 126
96 272
96 665
96 865
96 354
96 353
96 997
96 938
96 767
96 572
96 504
96 205
97 532
97 408
97 293
97 276
97 685
97 322
97 236
97 581
97 467
97 507
97 229
98 257
98 392
98 545
98 868
98 482
98 744
98 814
98 412
98 429
98 647
98 885
99 129
99 917
99 792
99 713
99 333
99 111
99 214
99 966
100 652
100 847
100 760
100 546
100 190
100 884
100 226
100 580
100 992
100 135
101 646
101 698
101 466
101 355
101 910
101 400
101 987
101 595
101 907
101 272
102 122
102 157
102 953
102 734
102 849
102 144
102 947
102 800
102 999
102 934
103 516
103 922
103 775
103 885
103 392
103 267
103 908
103 971
103 629
104 327
104 278
104 292
104 680
104 555
104 338
104 878
104 856
104 729
105 576
105 519
105 427
105 307
105 564
105 825
105 699
105 329
105 330
105 483
105 371
106 996
106 756
106 300
106 183
106 370
106 628
106 106
106 234
106 578
106 241
107 694
107 961
107 721
107 473
107 962
107 256
107 340
107 593
107 990
107 117
108 915
108 538
108 927
108 557
108 180
108 447
108 836
108 994
108 573
108 224
108 244
108 766
108 997
108 318
109 653
109 630
109 427
109 307
109 842
109 185
109 564
110 916
110 148
110 663
110 327
110 110
110 718
110 195
110 604
110 348
110 250
111 853
111 123
111 451
111 326
111 713
111 682
111 635
112 641
112 990
112 494
112 241
112 370
112 691
112 127
112 112
113 271
113 306
113 366
113 521
113 275
113 270
113 690
113 756
114 164
114 433
114 441
114 956
114 712
114 229
114 828
114 389
115 897
115 289
115 439
115 959
115 209
115 954
115 175
115 115
116 463
116 208
116 725
116 361
116 809
116 116
116 716
116 854
116 739
117 124
117 852
117 961
117 918
117 721
117 473
117 170
117 887
118 281
118 387
118 403
118 280
118 679
118 834
118 458
118 118
118 249
119 448
119 837
119 709
119 453
119 478
119 119
120 782
120 289
120 822
120 597
120 897
120 175
120 439
120 637
120 414
121 804
121 294
121 426
121 324
121 723
121 362
121 171
121 979
121 203
121 997
122 652
122 402
122 546
122 547
122 196
122 992
122 191
122 345
123 414
123 803
123 548
123 844
123 187
123 235
123 139
123 530
123 894
124 846
124 257
124 775
124 392
124 533
124 931
124 629
124 429
124 412
125 439
125 817
125 321
125 724
125 838
125 379
125 201
125 666
125 176
126 386
126 644
126 938
126 239
126 801
126 779
126 504
126 275
127 641
127 282
127 300
127 691
127 695
127 494
127 376
127 910
128 915
128 926
128 836
128 459
128 864
128 913
128 319
128 128
128 210
128 211
128 664
129 899
129 917
129 562
129 752
129 181
129 780
129 835
129 792
129 853
129 451
129 326
129 635
130 710
130 144
130 953
130 220
130 671
130 734
130 999
130 157
130 806
130 947
130 500
131 551
131 143
131 358
131 588
131 235
131 844
131 529
131 187
131 664
131 414
131 158
131 803
131 951
131 183
131 794
132 794
132 649
132 850
132 647
132 361
132 633
132 384
132 463
132 896
132 809
132 594
133 515
133 516
133 787
133 980
133 924
133 133
133 748
133 273
133 479
133 942
133 985
133 501
134 988
134 925
134 189
134 923
134 808
134 559
134 301
134 512
134 491
134 347
134 289
135 162
135 825
135 330
135 700
135 842
135 185
135 427
136 273
136 642
136 881
136 976
136 657
136 778
136 471
136 323
136 412
136 146
136 558
136 739
136 365
136 713
137 810
137 536
137 750
137 403
137 252
137 398
137 464
137 599
137 661
137 703
137 452
137 714
138 861
138 295
138 203
138 561
138 381
138 979
138 958
138 832
138 138
138 294
138 426
138 171
138 705
138 336
139 421
139 551
139 803
139 530
139 358
139 432
139 588
139 490
139 952
139 708
140 394
140 980
140 228
140 789
140 616
140 140
140 212
140 942
141 637
141 262
141 390
141 933
141 964
141 141
141 973
141 535
141 411
142 538
142 210
142 521
142 271
142 224
142 247
142 142
142 911
142 658
142 690
142 366
143 529
143 951
143 235
143 530
143 551
143 578
143 546
143 421
143 279
144 187
144 797
144 818
144 461
144 800
144 220
144 999
144 849
144 782
144 154
144 806
144 177
144 880
144 500
145 265
145 970
145 420
145 218
145 968
145 601
145 170
145 503
145 208
145 664
145 286
145 298
145 683
145 972
145 592
146 642
146 657
146 471
146 755
146 625
146 539
146 498
146 877
146 147
146 976
146 879
147 462
147 216
147 549
147 153
147 758
147 274
147 304
147 223
147 746
147 245
148 848
148 604
148 661
148 327
148 288
148 743
148 518
148 805
148 928
148 195
149 399
149 925
149 785
149 923
149 520
149 559
149 995
149 914
149 565
149 808
149 347
149 548
150 655
150 277
150 406
150 507
150 768
150 150
150 325
150 908
150 675
151 173
151 227
151 856
151 416
151 184
151 736
151 159
151 749
151 413
151 823
151 878
152 782
152 270
152 911
152 275
152 315
152 193
152 271
152 224
152 674
152 745
152 759
152 163
153 389
153 274
153 245
153 984
153 549
153 758
153 457
153 186
153 598
153 216
153 731
153 875
153 641
154 900
154 710
154 734
154 845
154 500
154 880
154 947
154 177
154 419
154 806
154 220
155 676
155 528
155 346
155 525
155 435
155 485
155 756
155 993
155 306
155 542
155 556
155 686
155 615
156 983
156 238
156 316
156 440
156 719
156 492
156 612
156 199
156 156
156 415
156 552
157 900
157 484
157 177
157 849
157 461
157 500
157 712
157 806
157 845
157 734
157 583
158 515
158 551
158 490
158 414
158 529
158 421
158 844
158 548
158 292
159 278
159 284
159 587
159 184
159 206
159 661
159 416
159 680
159 856
159 979
160 257
160 392
160 412
160 931
160 533
160 775
160 744
160 267
160 429
160 545
160 610
161 891
161 411
161 802
161 535
161 161
161 205
161 585
161 505
161 194
161 297
162 615
162 764
162 185
162 329
162 456
162 699
162 184
162 427
162 842
162 986
162 371
163 258
163 387
163 280
163 602
163 679
163 337
163 703
163 403
163 834
164 261
164 422
164 867
164 441
164 496
164 570
164 828
164 883
164 734
164 468
164 359
164 367
165 899
165 302
165 584
165 824
165 689
165 470
165 957
165 375
165 958
165 720
165 876
165 400
166 728
166 989
166 213
166 701
166 201
166 321
166 846
166 246
166 765
166 757
167 525
167 909
167 405
167 993
167 428
167 784
167 692
167 542
167 756
167 520
167 179
167 708
167 928
168 233
168 259
168 643
168 541
168 934
168 260
168 858
168 945
168 176
168 732
169 770
169 795
169 754
169 762
169 255
169 352
169 312
169 296
169 625
169 308
169 998
169 249
169 973
170 298
170 683
170 286
170 314
170 601
170 526
170 717
170 410
170 540
170 567
170 972
171 372
171 295
171 426
171 203
171 627
171 171
171 958
171 263
172 524
172 913
172 920
172 926
172 927
172 807
172 840
172 180
172 915
172 557
172 319
173 309
173 304
173 349
173 888
173 173
173 571
173 728
173 462
173 996
174 643
174 903
174 523
174 783
174 260
174 541
174 259
174 176
174 673
175 782
175 404
175 209
175 637
175 476
175 954
175 859
175 453
176 377
176 260
176 630
176 541
176 858
176 279
176 378
177 671
177 484
177 953
177 500
177 947
177 220
177 510
177 818
177 710
178 918
178 905
178 534
178 940
178 669
178 741
178 706
178 963
178 445
178 211
178 465
179 786
179 542
179 179
179 784
179 405
179 486
179 360
179 430
179 477
180 524
180 915
180 926
180 807
180 667
180 927
180 319
180 410
180 459
180 212
181 323
181 389
181 917
181 973
181 181
181 931
181 713
182 261
182 681
182 570
182 229
182 441
182 367
182 496
182 228
182 828
182 576
183 398
183 641
183 781
183 691
183 234
183 494
183 217
183 237
184 432
184 284
184 413
184 416
184 206
184 190
184 338
184 851
184 348
184 227
184 850
185 825
185 764
185 986
185 307
185 931
185 329
185 483
186 225
186 540
186 418
186 491
186 898
186 188
186 253
186 427
186 317
186 480
186 482
187 432
187 548
187 358
187 421
187 551
188 819
188 253
188 540
188 715
188 243
188 480
188 317
188 331
188 351
188 882
189 520
189 397
189 925
189 914
189 995
189 320
189 988
189 512
189 613
190 459
190 645
190 652
190 546
190 992
190 495
190 364
190 345
190 446
190 449
190 580
190 847
190 722
190 760
191 976
191 652
191 402
191 645
191 446
191 580
191 226
191 847
191 547
191 612
191 449
191 450
191 722
191 495
191 760
192 930
192 677
192 937
192 939
192 941
192 831
192 829
192 617
192 798
192 948
192 975
192 497
193 924
193 385
193 658
193 275
193 270
193 247
193 306
193 488
193 261
194 218
194 560
194 565
194 670
194 430
194 262
194 411
194 378
194 585
195 803
195 916
195 288
195 718
195 791
195 848
195 856
196 645
196 402
196 449
196 450
196 884
196 364
196 446
196 437
196 947
196 643
197 912
197 662
197 810
197 728
197 462
197 620
197 305
197 309
197 831
197 674
198 513
198 939
198 829
198 419
198 937
198 617
198 684
198 724
198 740
198 266
199 776
199 517
199 544
199 827
199 283
199 202
199 415
199 294
199 763
200 520
200 399
200 785
200 914
200 808
200 320
200 281
200 397
200 305
200 512
200 774
201 590
201 765
201 609
201 704
201 701
201 757
201 837
201 989
201 379
202 505
202 517
202 283
202 415
202 552
202 569
202 827
202 757
203 295
203 943
203 950
203 705
203 324
203 979
203 453
203 723
203 362
203 827
204 805
204 833
204 219
204 660
204 666
204 906
204 442
204 602
204 350
204 626
204 891
204 584
204 967
204 496
205 262
205 390
205 933
205 430
205 964
205 318
205 565
206 278
206 680
206 555
206 878
206 856
206 292
206 757
206 348
206 736
206 460
207 535
207 964
207 262
207 207
207 430
207 621
207 390
207 424
207 863
207 872
208 460
208 463
208 809
208 479
208 361
208 850
208 716
208 594
208 854
209 782
209 822
209 566
209 439
209 568
209 499
209 562
209 469
210 614
210 304
210 952
210 728
210 373
210 571
210 662
211 516
211 394
211 273
211 789
211 980
211 787
211 396
212 778
212 657
212 687
212 437
212 976
212 881
212 877
212 471
212 577
213 817
213 701
213 838
213 846
213 290
213 213
213 539
213 246
214 589
214 666
214 663
214 451
214 326
214 333
214 487
214 562
215 537
215 424
215 955
215 342
215 960
215 949
215 225
215 839
215 732
216 539
216 264
216 274
216 457
216 598
216 747
216 481
216 758
217 282
217 217
217 990
217 628
217 691
217 583
217 376
218 526
218 664
218 410
218 455
218 968
218 970
218 567
218 972
219 248
219 805
219 890
219 906
219 833
219 626
219 921
219 839
219 891
219 511
220 900
220 671
220 818
220 800
220 409
220 500
221 341
221 660
221 221
221 263
221 511
221 891
221 751
221 872
221 626
221 510
221 712
222 613
222 647
222 431
222 463
222 594
222 460
222 716
222 794
222 558
222 361
222 384
223 978
223 274
223 758
223 598
223 457
223 659
223 640
223 1000
223 875
224 658
224 275
224 306
224 315
224 759
224 385
224 366
224 247
224 698
225 424
225 813
225 955
225 342
225 866
225 489
226 774
226 402
226 546
226 547
226 722
226 345
226 652
226 311
226 570
227 502
227 284
227 680
227 292
227 823
228 394
228 287
228 273
228 515
228 372
228 663
228 634
229 681
229 433
229 956
229 624
229 261
229 229
229 883
230 437
230 444
230 471
230 778
230 657
230 506
230 874
230 539
230 881
230 685
230 974
231 391
231 706
231 741
231 577
231 382
231 242
231 905
231 669
231 716
232 899
232 302
232 707
232 470
232 830
232 969
232 773
232 982
232 971
233 304
233 646
233 907
233 651
233 554
233 698
233 843
233 600
233 400
234 605
234 641
234 769
234 781
234 282
234 543
234 695
234 500
235 529
235 530
235 421
235 432
235 578
235 612
236 393
236 276
236 293
236 682
236 582
236 608
236 532
236 408
236 505
236 1000
236 625
237 904
237 282
237 695
237 889
237 990
237 769
237 370
237 541
237 241
238 411
238 889
238 415
238 673
238 291
238 569
238 343
238 283
238 900
239 644
239 665
239 801
239 938
239 865
239 745
239 767
240 407
240 417
240 702
240 344
240 467
240 682
240 608
240 322
240 293
240 613
241 282
241 376
241 241
241 499
242 404
242 905
242 534
242 932
242 563
242 445
242 706
242 586
243 898
243 540
243 819
243 311
243 331
243 480
243 596
243 533
244 913
244 927
244 807
244 447
244 836
244 840
244 994
244 667
244 627
244 683
245 457
245 978
245 481
245 274
245 634
245 245
245 936
246 285
246 701
246 321
246 757
246 989
246 246
246 264
246 379
247 270
247 271
247 674
247 306
247 738
247 501
248 897
248 796
248 469
248 476
248 1000
248 499
248 959
249 776
249 312
249 352
249 753
249 618
249 488
249 308
249 863
250 874
250 663
250 928
250 288
250 916
250 777
250 870
250 945
251 390
251 535
251 670
251 318
251 964
251 251
251 363
252 703
252 602
252 862
252 536
252 252
252 834
252 280
252 937
253 898
253 648
253 311
253 331
253 480
253 502
253 294
254 452
254 326
254 487
254 333
254 752
254 635
254 886
254 408
255 770
255 514
255 650
255 296
255 605
255 352
255 470
256 473
256 606
256 256
256 638
256 788
256 694
256 708
257 545
257 412
257 908
257 814
257 629
257 931
257 392
257 922
258 530
258 288
258 750
258 280
258 895
258 729
258 464
258 714
258 380
258 834
258 452
258 458
258 337
258 599
258 862
259 302
259 382
259 783
259 260
259 772
259 643
259 793
259 920
260 911
260 279
260 378
260 783
260 934
260 266
260 999
260 630
261 956
261 622
261 576
261 712
261 367
261 422
261 433
261 441
262 670
262 318
262 621
262 585
262 964
262 430
262 429
262 535
262 802
262 854
263 660
263 921
263 510
263 906
263 751
263 442
263 890
263 288
263 666
264 731
264 746
264 659
264 634
264 457
264 984
264 615
264 549
264 481
264 875
264 758
265 968
265 601
265 970
265 286
265 455
265 314
265 357
265 622
265 526
265 410
265 603
265 503
266 772
266 653
266 279
266 266
266 945
266 858
266 630
267 620
267 775
267 885
267 482
267 429
267 931
267 814
267 868
267 527
267 533
267 922
267 610
267 744
267 543
268 466
268 523
268 945
268 378
268 772
268 793
268 903
268 541
268 425
268 822
268 653
269 557
269 898
269 418
269 991
269 502
269 648
269 715
269 790
269 596
269 351
269 491
269 747
270 547
270 385
270 936
270 366
270 271
270 911
270 674
271 690
271 271
271 761
271 911
271 738
271 830
271 740
271 998
272 386
272 779
272 860
272 767
272 749
272 896
272 354
272 869
272 938
272 733
272 865
273 516
273 394
273 287
273 372
273 515
273 611
273 992
274 389
274 634
274 758
274 746
274 598
274 447
274 457
274 984
275 347
275 813
275 385
275 315
275 936
275 658
275 604
275 366
276 395
276 668
276 344
276 393
276 276
276 532
276 417
276 519
276 608
277 655
277 656
277 423
277 841
277 509
277 815
277 493
277 977
277 809
277 919
277 675
277 325
277 583
278 284
278 587
278 338
278 851
278 736
278 872
278 292
279 467
279 523
279 653
279 378
279 772
279 934
279 945
280 471
280 387
280 452
280 729
280 679
280 602
280 920
280 834
280 458
280 599
280 862
280 750
281 559
281 512
281 363
281 281
281 347
281 925
281 799
281 923
281 320
282 990
282 543
282 376
282 282
283 517
283 492
283 316
283 552
283 544
283 758
283 291
283 827
284 734
284 416
284 851
284 555
284 292
284 561
284 413
284 587
284 856
284 804
285 757
285 609
285 704
285 765
285 285
285 730
285 817
285 595
285 290
285 989
286 601
286 603
286 286
286 970
286 503
286 717
286 694
286 672
286 567
286 470
286 873
287 396
287 985
287 287
287 616
287 988
288 518
288 791
288 592
288 531
289 566
289 597
289 796
289 404
289 439
289 568
289 1000
289 499
290 321
290 765
290 730
290 704
290 701
290 826
290 841
290 724
290 757
291 517
291 544
291 673
291 763
291 612
291 492
291 569
291 647
291 440
291 827
291 316
291 443
292 413
292 416
292 338
292 555
292 736
292 823
293 407
293 408
293 417
293 582
293 467
293 590
293 395
293 344
293 814
293 682
293 702
293 853
294 469
294 958
294 381
294 561
294 832
294 763
295 574
295 336
295 362
295 627
295 958
295 570
295 950
295 832
295 705
295 334
295 723
296 922
296 795
296 607
296 650
296 971
296 998
296 514
296 762
296 853
296 312
296 754
297 651
297 910
297 466
297 646
297 474
297 335
297 595
297 981
297 472
297 843
297 857
298 567
298 968
298 314
298 869
298 972
298 717
298 306
299 518
299 531
299 916
299 661
299 870
299 791
299 848
299 835
300 739
300 781
300 990
300 641
300 300
300 562
300 691
300 695
300 628
300 376
301 399
301 925
301 988
301 923
301 559
301 785
301 347
301 808
301 715
302 409
302 470
302 688
302 689
302 579
302 623
302 584
302 375
302 359
303 912
303 859
303 888
303 349
303 303
303 305
303 462
303 640
303 696
303 589
303 620
304 912
304 373
304 662
304 728
304 888
304 952
304 462
304 996
304 546
304 622
305 893
305 462
305 952
305 309
305 305
305 979
305 728
305 620
306 520
306 658
306 385
306 992
306 738
307 737
307 371
307 307
307 804
307 764
308 991
308 776
308 754
308 770
308 762
308 971
308 488
308 607
308 487
309 696
309 349
309 373
309 462
309 893
309 996
309 822
309 728
309 620
310 694
310 636
310 902
310 340
310 961
310 638
310 788
310 389
310 962
310 887
311 648
311 715
311 898
311 761
311 502
311 730
311 351
311 946
312 525
312 770
312 650
312 753
312 522
312 971
312 607
312 618
312 754
313 580
313 406
313 790
313 675
313 325
313 493
313 553
313 583
313 313
314 959
314 526
314 567
314 410
314 603
314 455
314 968
314 970
314 717
315 521
315 658
315 690
315 759
315 911
315 593
316 517
316 673
316 552
316 440
316 827
316 343
316 391
316 443
316 763
317 540
317 715
317 418
317 351
317 317
317 789
317 991
318 866
318 535
318 411
318 565
318 670
318 743
319 524
319 920
319 892
319 573
319 447
319 927
319 864
319 320
320 397
320 785
320 363
320 613
320 988
320 912
320 821
321 396
321 491
321 701
321 704
321 831
321 846
321 724
321 730
322 393
322 395
322 407
322 668
322 532
322 853
322 467
322 682
322 322
322 497
323 642
323 437
323 506
323 755
323 498
323 881
323 874
323 976
323 365
323 759
324 971
324 804
324 426
324 705
324 381
324 627
324 776
325 406
325 946
325 873
325 325
325 967
325 548
325 841
325 768
326 780
326 562
326 973
326 333
326 326
326 635
327 518
327 791
327 663
327 870
327 592
327 777
327 916
327 718
327 848
328 906
328 660
328 666
328 805
328 833
328 328
328 390
328 842
329 700
329 371
329 329
329 519
329 456
329 365
330 519
330 825
330 564
330 700
330 362
330 483
331 892
331 648
331 761
331 596
331 540
331 654
331 885
332 407
332 685
332 581
332 582
332 668
332 702
332 332
332 853
332 590
332 467
332 902
333 792
333 562
333 713
333 487
333 973
334 693
334 804
334 705
334 561
334 943
334 979
334 381
334 766
334 336
334 723
334 861
335 509
335 907
335 400
335 554
335 698
335 843
335 466
335 726
335 761
335 857
336 426
336 832
336 705
336 336
336 627
336 893
336 362
337 536
337 337
337 679
337 452
337 387
337 599
337 707
338 348
338 856
338 878
339 444
339 909
339 784
339 786
339 435
339 485
339 477
339 686
339 339
339 486
340 918
340 434
340 694
340 852
340 721
340 961
340 473
341 906
341 660
341 921
341 666
341 442
341 751
341 809
341 464
341 990
342 676
342 813
342 424
342 901
342 342
342 537
342 826
343 415
343 673
343 552
343 612
343 440
343 574
343 835
344 393
344 395
344 685
344 532
344 467
344 344
344 953
345 449
345 580
345 645
345 884
345 992
345 364
345 725
345 588
345 780
346 952
346 528
346 784
346 786
346 542
346 708
346 909
346 615
346 766
346 485
347 397
347 399
347 914
347 799
347 613
347 824
348 555
348 823
348 348
348 693
348 811
349 912
349 662
349 810
349 952
349 571
349 728
349 373
350 410
350 666
350 890
350 511
350 660
350 442
350 380
350 510
351 648
351 540
351 819
351 745
351 480
351 882
351 502
352 937
352 650
352 929
352 605
352 488
352 776
352 599
352 998
352 619
353 801
353 735
353 353
353 644
353 745
353 938
353 783
354 801
354 735
354 749
354 938
354 504
354 354
355 522
355 907
355 651
355 554
355 966
355 981
355 472
355 474
355 857
355 858
356 522
356 910
356 400
356 698
356 595
356 726
356 857
356 646
356 474
357 664
357 410
357 672
357 968
357 717
357 455
357 683
357 601
357 621
358 877
358 414
358 803
358 951
358 578
358 844
359 898
359 433
359 576
359 496
359 867
359 883
359 367
360 884
360 784
360 405
360 686
360 435
360 692
360 993
360 528
360 929
361 649
361 716
361 850
361 460
361 617
362 804
362 832
362 426
362 723
362 561
362 526
363 397
363 914
363 363
363 925
363 718
364 645
364 774
364 546
364 446
364 449
364 722
364 756
364 495
365 778
365 687
365 365
365 642
365 625
365 506
365 530
366 658
366 462
367 373
367 593
367 887
367 617
367 422
367 613
368 689
368 824
368 579
368 982
368 470
368 876
368 409
368 720
368 688
368 456
369 918
369 694
369 961
369 962
369 852
369 473
369 606
370 518
370 769
370 543
370 691
370 695
370 494
371 823
371 456
371 483
371 825
371 473
372 516
372 396
372 924
372 942
372 985
372 394
372 611
373 810
373 859
373 996
373 571
373 893
374 939
374 401
374 669
374 940
374 577
374 963
374 932
374 436
374 693
374 666
374 382
375 760
375 409
375 824
375 707
375 969
375 720
375 881
375 632
376 481
377 773
377 824
377 830
377 707
377 584
377 470
377 623
377 720
377 969
378 943
378 643
378 425
378 451
379 704
379 838
379 846
379 379
380 970
380 684
380 772
380 643
380 523
380 583
381 461
381 426
381 723
381 381
382 771
382 401
382 940
382 563
382 577
382 534
383 424
383 813
383 960
383 737
383 614
383 901
383 574
383 670
383 657
383 841
383 697
383 987
384 845
384 463
384 649
384 594
384 633
384 836
385 738
385 521
385 674
385 402
385 658
385 690
386 749
386 504
386 745
386 644
386 767
386 603
386 779
386 735
386 865
386 488
387 398
387 703
387 387
387 403
387 729
387 618
387 452
387 714
387 458
387 599
387 602
388 798
388 388
388 944
388 812
388 639
388 677
388 941
388 953
388 930
388 935
388 939
388 684
388 983
388 790
389 659
389 731
389 549
389 389
389 634
389 984
389 481
389 746
390 585
390 565
390 670
390 964
390 933
390 535
390 560
390 863
390 872
391 908
391 849
391 677
391 828
391 932
391 391
391 465
391 900
392 744
392 482
392 429
392 629
392 814
392 527
392 868
392 903
393 467
393 742
393 685
393 417
393 668
393 590
393 778
393 532
393 408
394 399
394 516
394 515
394 942
394 980
394 789
394 616
394 501
394 815
395 608
395 408
395 742
395 582
395 853
395 702
395 788
395 490
396 808
396 515
396 501
396 924
396 980
396 748
396 789
396 985
397 914
397 520
397 808
397 988
397 995
397 716
397 925
398 788
398 409
398 729
398 464
398 403
398 398
398 536
398 452
398 458
399 785
399 799
399 988
399 995
399 559
400 646
400 522
400 651
400 726
400 554
400 987
400 910
400 698
400 843
400 466
400 981
401 771
401 905
401 505
401 436
401 706
401 963
401 401
401 741
402 774
402 402
402 884
402 495
402 640
402 546
403 679
403 714
403 750
403 403
403 908
403 536
403 862
403 895
403 764
404 782
404 954
404 897
404 499
404 469
404 637
404 1000
404 566
404 959
405 909
405 784
405 686
405 435
405 405
405 428
405 736
405 477
405 711
406 675
406 841
406 967
406 977
406 493
406 616
406 919
406 423
406 768
407 408
407 853
407 608
407 532
407 682
407 631
407 417
407 702
407 582
408 590
408 581
408 408
408 682
408 763
408 668
408 582
408 853
409 899
409 957
409 632
409 720
409 876
409 584
409 688
409 830
409 707
409 969
410 717
410 664
410 567
410 420
410 970
410 455
410 968
410 869
411 621
411 411
411 565
411 535
411 872
412 908
412 629
412 922
412 533
412 980
412 885
413 413
413 416
413 680
413 823
414 573
414 414
414 686
414 421
414 951
415 604
415 839
415 440
415 673
415 569
415 514
415 544
415 443
415 719
415 492
416 587
416 856
416 417
417 668
417 742
417 467
417 682
417 645
417 702
417 853
417 608
417 838
418 898
418 540
418 480
418 648
418 991
418 848
418 715
418 596
419 798
419 631
419 939
419 831
419 975
419 497
419 930
419 677
419 663
419 935
419 944
419 829
419 740
419 639
420 664
420 672
420 683
420 526
420 455
420 972
420 603
420 692
420 869
420 503
421 803
421 432
421 551
421 490
421 722
421 433
422 622
422 956
422 496
422 576
422 624
422 681
422 433
422 867
423 665
423 790
423 841
423 553
423 423
423 508
423 815
423 509
423 768
424 489
424 821
424 732
424 901
424 614
424 424
424 813
424 572
424 965
425 560
425 944
425 903
425 793
425 541
425 783
425 523
425 857
425 630
426 627
426 950
426 979
426 561
426 705
426 723
426 451
427 519
427 763
427 456
427 842
428 528
428 784
428 786
428 756
428 708
428 542
428 485
428 728
428 686
428 692
428 477
428 486
428 820
429 908
429 527
429 545
429 744
429 629
429 482
429 436
430 802
430 535
430 670
430 863
430 765
430 560
430 585
430 872
431 809
431 854
431 894
431 633
431 794
431 850
431 587
432 717
432 530
432 529
432 548
432 951
432 588
432 704
433 433
433 828
433 948
433 441
433 570
433 576
434 993
434 902
434 887
434 721
434 575
434 434
434 961
434 606
434 636
435 784
435 786
435 556
435 528
435 525
436 594
436 669
436 940
436 693
436 963
436 905
436 445
436 586
437 657
437 539
437 558
437 471
437 874
437 437
438 816
438 678
438 709
438 879
438 974
438 591
438 871
438 711
438 837
438 453
439 897
439 566
439 476
439 597
439 439
439 959
439 499
439 791
440 544
440 719
440 673
440 440
440 827
441 819
441 553
441 948
441 654
441 570
441 576
442 906
442 921
442 666
442 833
442 891
442 541
443 773
443 827
443 763
443 673
443 612
443 689
443 492
444 778
444 506
444 498
444 755
444 471
444 539
444 558
444 739
445 771
445 563
445 669
445 693
445 505
445 768
445 577
445 465
446 652
446 547
446 760
446 495
446 722
446 710
447 524
447 913
447 920
447 667
447 573
447 447
447 994
447 892
447 766
448 581
448 550
448 697
448 879
448 837
448 453
448 478
448 711
448 591
448 475
448 747
449 652
449 546
449 580
449 726
449 533
449 750
450 652
450 547
450 495
450 450
450 847
450 722
450 580
450 992
451 635
451 713
451 886
452 703
452 750
452 536
453 678
453 816
453 709
453 811
453 550
454 676
454 949
454 955
454 574
454 960
454 572
454 454
454 866
454 508
454 950
455 672
455 869
455 601
455 526
455 985
456 839
456 700
456 971
456 842
456 764
457 549
457 640
457 580
457 598
457 731
457 875
458 679
458 862
458 895
458 834
458 729
458 726
459 524
459 920
459 667
459 807
459 840
459 836
459 864
460 647
460 633
460 479
460 809
460 594
460 716
460 850
460 894
461 994
461 797
461 671
461 800
461 806
461 818
461 999
462 589
462 571
462 888
462 620
462 893
463 649
463 463
463 697
463 594
463 725
463 894
464 616
464 876
464 679
464 895
464 464
464 750
464 519
465 940
465 963
465 693
465 534
465 577
465 932
465 692
466 554
466 698
466 966
466 522
466 910
467 532
467 742
467 685
467 581
468 485
468 948
468 570
468 712
468 622
468 496
468 681
468 982
469 796
469 637
469 1000
469 597
470 689
470 982
470 579
470 688
470 916
471 642
471 976
471 498
471 739
471 877
472 907
472 910
472 981
472 646
472 554
472 600
472 651
472 846
472 987
473 860
473 721
473 852
473 575
473 788
473 556
473 857
474 623
474 646
474 522
474 600
474 698
474 857
474 910
474 980
475 904
475 550
475 591
475 811
475 697
475 678
475 871
475 870
476 782
476 822
476 959
476 597
476 566
476 772
477 525
477 909
477 786
477 692
477 708
477 895
478 678
478 550
478 816
478 820
478 855
478 871
478 972
478 879
479 652
479 647
479 809
479 716
479 850
480 819
480 540
480 700
481 978
481 746
481 598
481 984
481 875
482 775
482 533
482 482
482 610
483 519
483 699
483 842
483 564
483 819
484 806
484 845
484 849
484 999
484 947
484 953
484 484
484 514
485 528
485 542
485 556
485 708
485 993
486 542
486 556
486 708
486 686
486 786
486 615
486 885
487 835
487 917
487 752
487 973
487 726
487 635
488 770
488 514
488 650
488 971
488 754
489 949
489 572
489 960
489 737
489 965
489 508
489 875
490 803
490 548
490 844
490 551
490 578
491 648
491 991
491 715
491 502
491 882
492 544
492 673
492 839
492 612
492 823
493 656
493 675
493 946
493 967
493 493
493 507
494 769
494 781
494 543
494 691
494 695
494 990
494 876
495 645
495 760
495 992
495 932
496 755
496 570
496 576
496 867
497 798
497 939
497 941
497 983
497 829
497 497
498 642
498 778
498 539
498 687
498 976
498 739
498 877
499 897
499 782
499 954
499 796
499 662
500 953
500 800
500 818
501 515
501 516
501 789
501 611
501 748
502 540
502 596
503 526
503 664
503 603
503 869
503 972
503 643
504 665
504 801
504 938
504 865
504 997
504 896
505 662
505 706
505 963
505 741
506 642
506 539
506 874
506 877
506 657
506 727
506 963
507 655
507 919
507 873
507 507
507 946
507 885
508 537
508 949
508 574
508 965
508 572
508 901
508 765
509 914
509 779
509 946
509 967
509 841
509 790
509 655
509 768
510 660
510 833
510 751
510 908
511 906
511 921
511 666
511 818
512 923
512 799
512 995
512 520
512 762
513 937
513 831
513 939
513 944
513 617
513 677
513 684
513 551
513 798
513 941
514 558
514 514
514 618
514 605
514 607
514 776
514 650
514 754
515 516
515 924
515 748
515 789
515 942
516 616
516 787
516 789
516 611
516 744
517 719
517 839
517 569
517 526
518 960
518 663
518 777
518 727
518 592
518 531
518 791
518 870
519 825
519 986
519 699
519 564
520 914
520 785
520 808
520 559
520 995
520 799
520 988
521 674
521 759
521 936
521 690
521 857
522 646
522 595
522 726
522 966
522 996
522 907
522 554
522 857
523 645
523 793
523 653
523 541
523 903
523 924
524 864
524 807
524 926
524 766
524 687
524 913
524 915
524 538
524 573
525 909
525 556
525 686
525 993
525 615
525 525
525 784
525 542
526 972
526 683
526 968
526 717
526 664
527 775
527 814
527 744
527 629
527 868
527 799
527 922
528 909
528 993
528 784
528 542
528 615
528 679
529 529
529 548
529 588
529 578
529 592
530 530
530 951
530 548
530 844
531 777
531 743
531 791
531 727
531 718
531 531
531 573
531 928
532 668
532 582
532 581
532 590
532 608
532 871
532 682
533 775
533 868
533 610
533 814
533 922
533 545
533 885
534 905
534 534
534 771
534 741
534 706
534 979
534 669
534 932
534 940
534 693
534 586
535 670
535 802
535 659
535 964
535 872
536 607
536 729
536 602
536 536
536 679
536 750
537 574
537 537
537 572
537 676
537 965
537 883
537 949
538 892
538 538
538 667
538 766
538 557
538 913
538 926
538 807
538 795
539 657
539 778
539 755
539 874
539 687
539 558
540 898
540 540
540 596
540 882
541 783
541 934
541 903
541 661
542 786
542 909
542 986
542 556
542 686
542 940
543 619
543 781
543 691
543 769
543 695
543 628
543 889
544 612
544 544
544 569
545 603
545 922
545 885
545 814
545 653
546 546
546 547
547 884
547 652
547 760
547 722
548 578
548 588
548 551
548 706
549 746
549 598
549 833
549 658
550 654
550 711
550 855
550 871
550 904
550 915
550 811
550 816
550 974
551 578
551 935
552 673
552 839
552 827
552 974
552 569
552 699
553 919
553 790
553 675
553 655
553 815
553 873
553 841
553 656
554 843
554 646
554 651
554 571
554 981
554 600
554 857
554 987
555 847
555 856
555 736
555 740
556 909
556 993
556 556
556 692
556 708
557 913
557 667
557 927
557 557
557 807
557 994
558 778
558 976
558 625
558 558
558 871
559 785
559 914
559 799
559 763
560 789
560 933
560 585
560 565
561 600
561 943
561 979
561 950
561 832
561 893
562 917
562 635
562 713
562 791
562 835
563 797
563 669
563 693
563 563
563 974
564 689
564 986
564 842
564 764
564 700
564 722
564 699
565 670
565 933
565 637
565 872
566 897
566 566
566 568
567 968
567 601
567 717
567 972
567 833
567 970
567 869
567 575
568 782
568 796
568 897
568 1000
568 954
568 640
568 959
568 597
568 637
569 839
569 827
569 612
570 948
570 712
570 681
570 828
570 867
570 843
571 912
571 696
571 952
571 571
571 859
571 662
571 588
571 728
571 996
572 813
572 949
572 614
572 572
572 960
572 943
572 574
572 732
573 920
573 667
573 927
573 807
573 926
573 836
573 913
573 864
574 742
574 821
574 732
574 901
574 960
574 866
575 733
575 902
575 593
575 788
576 828
576 883
576 867
577 905
577 741
577 940
577 586
577 932
578 848
578 844
579 688
579 689
579 982
579 623
579 830
579 879
580 965
580 645
580 847
580 774
580 992
580 884
580 631
581 682
581 581
581 668
581 582
581 685
582 685
582 682
582 771
582 890
582 895
583 656
583 919
583 815
583 583
583 977
583 768
584 724
584 773
584 688
584 824
584 720
585 863
585 670
585 913
585 700
586 771
586 693
586 706
586 932
586 615
587 680
587 587
587 841
587 679
588 951
588 844
589 912
589 810
589 696
589 893
589 662
589 589
589 859
589 670
590 682
590 668
590 590
590 608
590 742
591 820
591 816
591 697
591 855
591 712
592 777
592 916
592 661
592 663
592 727
592 870
593 961
593 962
593 593
593 852
593 606
593 638
594 716
594 725
594 794
594 854
595 651
595 910
595 966
595 843
595 987
595 633
595 600
596 648
596 819
596 882
596 898
596 614
596 761
597 782
597 954
597 860
598 659
598 634
598 654
598 984
598 731
599 834
599 679
599 895
599 689
599 862
600 646
600 910
600 726
600 907
600 987
601 664
601 672
601 717
602 703
602 729
603 972
603 664
603 968
604 985
604 916
604 663
604 928
604 718
604 777
605 776
605 650
605 618
605 971
605 770
605 929
605 619
606 902
606 788
606 694
606 636
606 626
607 736
607 650
607 929
607 753
608 668
608 685
608 702
608 992
608 826
609 826
609 609
609 724
609 716
609 757
610 775
610 922
610 868
610 814
610 610
610 885
611 748
611 985
611 980
611 924
611 843
612 907
613 799
613 613
613 925
614 813
614 949
614 676
614 960
615 786
615 756
615 692
616 787
616 616
616 748
617 937
617 941
617 944
617 740
617 684
618 776
618 971
618 929
618 619
618 753
618 825
619 770
619 929
619 971
619 795
619 998
619 762
619 981
619 783
620 810
620 996
620 888
621 933
621 964
621 863
621 621
622 949
622 956
622 948
622 624
623 688
623 689
623 824
623 707
623 720
623 982
623 632
623 956
624 667
624 681
624 867
624 883
624 742
625 657
625 877
625 881
625 687
625 798
626 906
626 660
626 666
626 921
626 728
627 950
627 832
627 861
627 967
628 691
628 641
628 990
628 769
628 772
628 934
629 744
629 629
629 771
630 807
630 793
630 945
630 858
630 772
631 798
631 930
631 935
631 684
631 812
631 829
631 740
632 899
632 773
632 830
632 969
632 876
632 824
632 811
633 796
633 647
633 649
633 794
633 633
634 984
634 746
634 875
634 865
635 917
635 635
636 721
636 852
636 638
636 694
636 677
637 822
637 796
638 786
638 902
638 788
638 852
638 918
638 744
639 677
639 935
639 684
639 944
639 798
639 812
639 937
639 880
640 659
640 978
641 687
641 990
641 889
641 769
642 877
642 739
642 881
642 673
642 687
643 772
643 903
643 945
643 934
644 779
644 733
644 749
644 767
644 938
644 942
644 896
645 847
645 645
645 722
645 768
646 726
646 910
646 646
646 651
647 647
647 649
647 794
647 716
647 894
648 898
648 991
648 761
648 860
648 819
648 862
649 794
649 809
649 725
649 854
650 770
650 776
650 753
650 718
650 929
651 907
651 910
651 987
651 883
651 698
651 966
651 719
652 774
652 847
653 903
653 793
653 858
654 904
654 654
654 820
654 816
654 779
654 697
654 709
654 871
655 707
655 873
655 967
655 790
655 655
655 946
656 790
656 873
656 977
656 815
656 967
657 755
657 687
657 881
658 738
658 936
658 674
659 978
659 984
659 875
659 731
659 687
660 660
660 745
661 777
661 661
661 848
661 916
661 900
662 893
662 888
662 662
662 952
662 696
662 810
662 859
662 996
663 916
663 743
664 972
664 869
664 672
665 779
665 860
665 767
665 733
665 735
666 890
666 833
666 805
666 751
667 913
667 920
667 766
667 836
667 927
667 840
667 800
667 816
668 853
668 682
668 685
668 745
668 702
669 680
669 905
669 932
669 771
669 963
669 724
669 940
670 670
670 863
670 982
671 947
671 999
671 849
671 806
672 972
672 683
672 672
673 763
673 847
674 911
674 738
675 815
675 946
675 675
675 977
676 901
676 737
676 960
676 732
676 949
676 965
677 975
677 935
677 812
678 690
678 747
678 974
678 811
678 711
678 879
678 820
678 697
678 855
679 862
679 750
679 703
679 834
679 714
680 823
680 856
680 878
681 766
681 948
681 867
681 956
682 742
682 788
682 685
683 869
683 972
683 683
684 935
684 939
684 944
684 930
685 742
685 702
685 883
686 686
686 861
686 993
687 778
687 976
687 877
687 881
688 899
688 982
688 969
688 824
688 715
689 773
689 982
689 707
689 720
690 911
690 759
691 769
691 889
691 980
692 909
692 786
692 692
693 730
693 771
693 932
693 741
693 706
694 961
694 918
694 694
694 906
694 962
695 769
695 889
695 991
696 912
696 888
696 859
696 924
696 893
696 919
697 816
697 820
697 837
697 811
697 974
697 711
697 861
698 698
699 716
699 700
700 954
700 777
701 701
701 761
702 853
702 702
702 822
702 746
703 714
703 834
703 840
704 817
704 724
704 730
704 765
704 838
704 989
705 958
705 832
705 804
705 905
705 723
706 925
707 899
707 830
707 957
707 969
708 786
708 909
709 904
709 820
709 879
709 871
709 709
709 711
710 797
710 800
710 818
710 953
710 849
710 845
711 811
711 855
712 957
712 948
712 867
713 752
713 886
714 787
714 714
714 964
715 898
715 819
715 761
715 908
715 832
716 854
716 850
717 972
717 749
718 718
718 743
718 870
718 848
718 985
718 727
719 839
719 719
720 773
720 830
720 890
721 902
721 788
721 918
721 962
721 900
722 774
722 962
723 950
723 967
724 826
724 757
725 794
725 850
725 854
725 808
725 894
726 981
726 987
727 777
727 791
727 928
727 916
727 782
727 743
728 912
729 862
729 729
730 826
730 730
731 758
731 731
731 931
731 762
732 965
732 821
732 737
732 818
733 749
733 865
733 767
733 896
733 997
734 797
734 800
734 806
734 818
734 849
734 880
735 801
735 860
735 735
735 767
735 846
735 997
736 823
736 878
737 901
737 821
737 965
738 911
738 936
738 748
739 877
739 874
739 755
740 829
740 937
740 939
740 944
740 740
741 831
741 771
741 761
742 742
742 942
742 758
743 777
743 791
743 928
744 908
744 922
744 885
745 779
745 801
745 860
745 997
745 789
745 749
746 984
746 844
747 904
747 811
747 974
747 747
747 820
748 787
748 924
748 942
748 985
749 801
749 997
749 896
750 834
751 751
751 963
752 792
752 835
752 917
752 886
753 881
753 776
753 795
753 971
753 998
753 948
754 770
754 795
754 929
754 925
754 762
754 986
755 912
755 874
755 881
756 784
756 786
756 993
756 770
757 974
759 936
760 774
760 992
760 884
761 913
761 898
761 991
761 761
762 770
762 795
762 929
763 839
764 825
764 764
765 838
765 989
766 915
766 836
766 892
766 994
767 984
767 779
768 790
768 946
768 977
769 990
769 781
769 769
770 998
770 929
770 795
771 905
771 940
772 934
772 858
772 793
773 801
773 824
773 969
773 957
773 830
773 982
774 847
774 992
775 931
775 775
775 908
776 998
776 971
776 795
777 777
777 916
777 928
778 874
778 976
778 964
779 860
779 997
780 780
780 917
780 835
780 886
781 781
781 863
782 954
783 858
783 783
783 934
785 808
785 995
785 925
785 878
786 909
787 924
787 985
787 789
787 942
788 887
788 788
788 962
788 918
789 980
790 919
790 815
790 946
791 916
791 870
791 848
792 886
792 973
792 963
793 961
793 903
793 877
794 809
795 971
795 929
796 897
796 822
796 954
796 1000
796 959
797 880
797 947
797 900
797 818
797 999
797 953
797 845
798 975
798 798
798 831
798 930
798 941
798 829
799 914
799 923
799 947
800 900
800 947
800 999
800 800
800 880
801 938
801 865
802 802
802 872
802 863
802 858
803 844
804 804
804 979
804 861
805 921
805 805
805 890
806 845
806 880
807 926
807 927
807 840
807 913
807 994
808 923
808 995
809 809
809 854
810 912
810 859
810 888
811 904
811 811
811 816
812 930
812 812
812 935
812 939
812 829
812 852
812 944
812 983
813 901
813 955
813 866
813 965
814 908
814 922
814 946
815 833
815 873
816 955
816 904
816 837
817 817
817 838
817 932
818 900
818 899
818 849
819 898
820 879
820 837
820 904
821 965
821 821
821 955
821 960
821 866
822 897
822 822
822 954
823 851
823 823
824 876
824 830
825 932
825 842
825 933
826 951
826 989
828 828
828 883
829 930
829 935
829 829
829 831
829 983
830 957
831 935
831 937
831 944
832 950
833 890
833 921
833 906
834 895
835 917
836 913
836 920
836 926
836 851
836 994
837 879
837 956
837 974
838 846
840 901
840 913
840 920
840 926
840 892
840 860
840 864
840 994
841 946
841 873
842 986
843 907
843 910
845 900
845 880
847 884
847 992
849 953
849 880
850 854
851 988
851 851
852 852
852 968
855 855
857 995
858 934
859 965
860 938
860 896
861 897
861 943
861 958
861 861
862 975
862 895
863 869
863 941
864 927
864 920
864 926
865 938
865 896
866 965
866 960
867 948
867 929
868 922
868 931
868 868
869 970
870 916
870 928
871 974
871 879
872 933
872 939
874 976
875 978
876 957
876 876
878 972
880 900
880 928
882 898
882 991
882 882
883 948
884 992
885 931
886 978
887 989
887 962
887 918
887 961
888 912
888 952
889 889
890 906
890 891
891 921
891 906
892 913
892 915
892 926
892 927
893 893
893 945
894 929
896 997
897 1000
897 954
898 991
899 982
900 953
900 947
900 952
901 901
901 955
901 949
901 960
902 961
902 902
903 945
903 903
903 934
904 904
904 974
905 905
905 963
905 953
907 981
907 910
907 966
907 987
909 983
909 993
910 981
911 936
914 988
915 926
915 927
915 994
915 923
917 973
918 918
918 961
919 980
919 946
919 977
920 920
921 921
921 942
923 995
923 923
924 980
925 988
926 994
926 977
927 972
929 998
930 937
930 935
930 975
931 931
932 940
933 933
935 937
936 936
937 944
937 983
937 975
938 997
939 939
939 975
941 983
941 975
943 950
943 943
945 977
946 967
947 999
947 953
949 955
950 950
952 996
954 954
954 959
954 1000
955 955
956 968
956 956
957 982
957 957
958 958
966 966
966 981
966 999
969 969
969 987
971 998
975 983
980 985
986 986
997 997
