1000 6119
1 992
1 315
1 673
1 636
1 331
1 321
1 149
1 618
1 167
1 51
1 516
1 213
2 377
2 578
2 235
2 179
2 109
2 174
2 418
2 517
2 426
2 844
2 835
2 115
2 345
2 862
2 7
3 86
3 314
3 471
3 267
3 218
3 139
3 252
3 538
3 774
3 410
3 781
3 450
3 579
3 97
4 769
4 722
4 890
4 777
4 708
4 19
4 736
4 964
4 143
4 473
4 46
4 837
4 352
4 528
5 7
5 643
5 845
5 339
5 675
5 830
5 5
5 930
5 907
5 135
5 918
5 920
5 926
5 421
5 61
5 887
6 212
6 22
6 904
6 674
6 906
6 755
6 6
6 88
6 62
6 202
6 975
6 226
6 756
6 526
7 326
7 540
7 421
7 166
7 926
7 339
7 135
7 675
7 918
7 104
8 640
8 311
8 479
8 24
8 320
8 206
8 312
8 255
8 185
8 958
8 150
8 413
8 197
8 629
8 219
8 619
9 743
9 316
9 338
9 154
9 441
9 667
9 284
9 10
9 220
9 292
9 666
9 539
9 45
10 470
10 877
10 666
10 993
10 827
10 154
10 293
10 310
10 445
10 30
10 818
10 338
11 366
11 765
11 729
11 423
11 865
11 638
11 329
11 11
11 859
11 950
11 191
11 145
11 317
12 263
12 977
12 729
12 816
12 638
12 765
12 329
12 865
12 102
12 100
12 423
12 563
12 953
12 191
12 455
12 464
12 982
13 521
13 906
13 975
13 22
13 453
13 504
13 202
13 246
13 212
13 822
13 755
14 909
14 279
14 443
14 271
14 744
14 614
14 780
14 796
14 59
14 840
14 152
15 697
15 47
15 998
15 120
15 75
15 48
15 268
15 633
15 260
15 434
15 428
15 704
15 222
15 610
15 881
15 250
15 482
16 762
16 29
16 255
16 413
16 272
16 24
16 206
16 479
16 311
16 399
16 33
16 588
16 972
16 863
17 275
17 64
17 162
17 73
17 530
17 17
17 403
17 587
17 49
17 25
17 20
17 147
17 416
17 554
17 256
18 280
18 940
18 635
18 854
18 935
18 180
18 155
18 907
18 468
18 766
18 537
18 815
19 111
19 140
19 748
19 36
19 923
19 143
19 360
19 129
19 294
19 278
19 964
19 352
19 112
20 275
20 530
20 802
20 50
20 587
20 804
20 444
20 894
20 188
20 611
21 708
21 898
21 391
21 911
21 524
21 77
21 327
21 551
21 458
21 829
21 851
21 985
21 731
21 616
22 274
22 756
22 504
22 674
22 88
22 226
22 885
22 653
22 453
22 457
22 246
23 644
23 650
23 882
23 776
23 466
23 902
23 27
23 249
23 727
23 630
23 412
23 76
23 91
23 93
23 875
24 972
24 195
24 272
24 330
24 413
24 489
24 762
24 271
24 29
24 320
24 709
24 588
25 530
25 73
25 554
25 256
25 587
25 988
25 403
25 659
25 209
25 147
25 611
26 64
26 905
26 258
26 282
26 113
26 680
26 691
26 43
26 527
26 843
26 419
26 806
26 54
26 336
27 902
27 466
27 875
27 761
27 412
27 93
27 136
27 101
27 719
27 44
27 846
27 727
27 344
27 249
28 882
28 898
28 391
28 137
28 524
28 911
28 715
28 879
28 670
28 99
28 541
28 77
28 731
29 150
29 629
29 312
29 330
29 255
29 185
29 110
29 234
29 489
30 154
30 666
30 669
30 931
30 220
30 45
30 743
30 927
30 641
30 733
31 719
31 217
31 325
31 951
31 833
31 31
31 753
31 305
31 959
31 333
31 474
31 107
31 886
31 758
32 261
32 542
32 798
32 287
32 163
32 547
32 40
32 469
32 350
32 87
32 508
33 272
33 150
33 320
33 197
33 255
33 629
33 206
33 311
33 303
33 709
33 330
33 972
34 921
34 543
34 494
34 623
34 375
34 297
34 580
34 383
34 281
34 484
34 824
34 956
34 219
34 369
35 41
35 753
35 137
35 911
35 670
35 896
35 879
35 898
35 458
35 463
35 985
35 616
36 129
36 777
36 140
36 923
36 736
36 46
36 278
36 630
36 117
36 890
36 615
37 784
37 788
37 487
37 688
37 812
37 943
37 452
37 665
37 294
37 881
37 696
37 313
37 840
37 847
37 963
38 531
38 916
38 127
38 203
38 871
38 662
38 783
38 349
38 794
38 910
38 590
39 464
39 745
39 39
39 160
39 335
39 60
39 119
39 467
39 295
39 600
40 261
40 542
40 798
40 163
40 547
40 192
40 690
40 934
40 378
40 986
40 609
40 253
41 811
41 797
41 801
41 807
41 888
41 694
41 168
41 158
41 962
41 72
41 208
41 89
41 870
41 874
42 257
42 908
42 273
42 661
42 795
42 308
42 173
42 980
42 111
42 45
42 739
42 752
43 547
43 346
43 527
43 680
43 544
43 43
43 983
43 186
43 56
43 336
43 981
43 619
44 136
44 776
44 650
44 990
44 76
44 727
44 344
44 902
44 201
44 51
44 91
44 882
44 983
45 621
45 293
45 215
45 666
45 733
45 927
45 394
45 316
46 412
46 777
46 140
46 278
46 53
46 630
46 112
46 871
46 837
46 228
46 474
46 675
47 268
47 142
47 704
47 625
47 103
47 428
47 250
47 222
47 657
47 571
47 75
47 592
47 353
47 998
47 640
48 260
48 268
48 48
48 103
48 881
48 250
48 625
48 100
48 353
48 230
49 450
49 282
49 680
49 447
49 619
49 181
49 258
49 766
49 829
49 54
49 56
49 981
49 613
49 751
50 275
50 530
50 403
50 147
50 416
50 804
50 554
50 684
50 909
50 444
51 772
51 136
51 846
51 875
51 412
51 990
51 76
51 902
51 321
51 466
51 727
51 101
51 264
52 398
52 156
52 286
52 415
52 575
52 957
52 341
52 713
52 545
52 899
52 565
52 955
53 129
53 143
53 923
53 228
53 769
53 964
53 53
53 977
53 708
53 360
53 748
53 495
53 112
53 781
54 543
54 258
54 680
54 983
54 54
54 447
54 695
54 981
54 113
55 266
55 141
55 561
55 786
55 355
55 839
55 144
55 821
55 552
55 287
55 582
56 766
56 751
56 619
56 544
56 806
56 258
56 981
56 777
56 336
56 613
56 876
57 798
57 287
57 547
57 163
57 296
57 690
57 793
57 934
57 958
57 680
57 212
58 374
58 356
58 724
58 386
58 151
58 116
58 960
58 732
58 300
58 658
58 767
59 279
59 152
59 796
59 439
59 657
59 843
59 157
59 473
59 148
59 573
59 730
60 534
60 407
60 799
60 826
60 620
60 119
60 860
60 160
60 719
60 467
61 643
61 135
61 918
61 926
61 930
61 421
61 920
61 987
61 97
61 326
61 491
62 978
62 918
62 830
62 491
62 448
62 62
62 326
62 574
62 845
63 280
63 155
63 935
63 468
63 537
63 841
63 925
63 683
63 417
63 418
63 635
64 216
64 147
64 802
64 684
64 416
64 804
64 318
64 530
64 587
64 894
64 920
65 784
65 919
65 294
65 295
65 615
65 872
65 595
65 788
65 847
65 573
65 487
66 779
66 306
66 411
66 437
66 270
66 548
66 451
66 183
66 404
66 842
67 658
67 558
67 67
67 463
67 728
67 187
67 584
67 853
67 845
67 484
67 497
68 507
68 854
68 645
68 148
68 436
68 309
68 699
68 647
68 514
68 358
68 90
68 475
68 502
68 639
68 215
69 676
69 774
69 139
69 267
69 538
69 938
69 97
69 991
69 252
69 573
69 867
70 903
70 81
70 488
70 607
70 509
70 1000
70 749
70 381
70 864
70 195
70 211
70 740
71 783
71 153
71 159
71 177
71 531
71 794
71 622
71 399
71 234
71 918
71 203
72 532
72 664
72 807
72 434
72 962
72 874
72 905
72 168
72 382
72 496
73 804
73 554
73 444
73 162
73 611
73 147
73 318
73 135
73 285
74 915
74 790
74 178
74 319
74 427
74 161
74 507
74 357
74 483
74 979
74 978
75 387
75 571
75 704
75 260
75 373
75 142
75 230
75 92
76 650
76 761
76 846
76 76
76 412
76 781
76 727
76 990
76 249
76 875
77 623
77 157
77 898
77 391
77 911
77 458
77 985
77 256
77 164
78 791
78 306
78 193
78 451
78 324
78 512
78 183
78 442
78 779
78 544
78 617
79 664
79 562
79 187
79 460
79 171
79 558
79 484
79 853
79 728
79 451
79 497
79 114
80 901
80 914
80 809
80 239
80 233
80 596
80 80
80 996
80 353
80 472
80 242
81 225
81 749
81 716
81 389
81 740
81 855
81 488
81 414
81 670
81 607
81 315
82 390
82 523
82 144
82 786
82 552
82 834
82 323
82 209
82 141
82 931
82 738
82 747
83 385
83 678
83 298
83 971
83 459
83 205
83 362
83 946
83 553
83 784
83 354
83 485
83 367
84 961
84 465
84 979
84 856
84 944
84 238
84 346
84 941
84 290
84 439
84 470
85 265
85 679
85 685
85 189
85 959
85 194
85 583
85 968
85 857
85 117
85 343
85 498
85 471
86 277
86 488
86 139
86 267
86 556
86 695
86 471
86 938
86 131
86 505
87 655
87 207
87 210
87 87
87 201
87 564
87 759
87 127
87 858
87 763
88 904
88 674
88 453
88 457
88 342
88 99
88 212
88 381
89 513
89 905
89 676
89 425
89 694
89 888
89 807
89 208
89 378
90 934
90 921
90 645
90 949
90 699
90 90
90 852
90 288
90 336
91 332
91 136
91 727
91 344
91 882
91 650
91 776
91 352
91 990
92 642
92 520
92 945
92 831
92 125
92 382
92 201
92 340
92 476
92 735
92 231
92 530
93 776
93 466
93 499
93 344
93 412
93 990
93 761
93 759
94 456
94 386
94 307
94 732
94 960
94 108
94 151
94 440
94 94
95 509
95 641
95 673
95 172
95 568
95 503
95 516
95 653
95 490
95 633
96 394
96 402
96 305
96 951
96 217
96 474
96 96
96 325
96 760
96 107
97 435
97 899
97 267
97 538
97 556
97 726
97 991
97 910
98 775
98 698
98 720
98 237
98 844
98 825
98 772
98 705
98 380
98 809
98 248
99 904
99 521
99 274
99 939
99 457
99 202
99 131
99 453
99 775
99 755
100 658
100 463
100 100
100 114
100 199
100 460
100 526
100 121
101 644
101 776
101 249
101 902
101 466
101 344
101 727
101 302
101 875
102 515
102 816
102 950
102 455
102 464
102 263
102 638
102 865
102 767
103 387
103 142
103 592
103 353
103 998
103 428
103 633
103 800
103 881
104 383
104 920
104 166
104 675
104 317
104 135
104 845
104 326
104 117
105 466
105 437
105 146
105 534
105 799
105 929
105 600
105 826
105 620
105 947
106 141
106 821
106 834
106 582
106 209
106 910
106 632
106 132
106 266
106 568
106 906
106 363
107 400
107 433
107 689
107 951
107 724
107 997
107 217
107 116
107 753
107 186
108 727
108 660
108 917
108 151
108 300
108 307
108 960
108 967
108 165
108 370
108 505
108 981
109 145
109 418
109 179
109 570
109 578
109 593
109 723
109 605
109 442
109 891
110 413
110 197
110 479
110 110
110 972
110 150
110 195
110 842
110 629
111 661
111 308
111 974
111 980
111 221
111 866
111 739
111 880
112 311
112 748
112 769
112 129
112 143
112 722
112 327
112 890
113 419
113 680
113 691
113 983
113 613
113 751
113 981
113 698
114 677
114 687
114 562
114 948
114 463
114 658
114 484
114 317
115 174
115 570
115 593
115 235
115 576
115 605
115 578
115 179
115 393
116 785
116 151
116 164
116 960
116 967
116 732
116 660
116 163
117 194
117 526
117 805
117 822
117 555
117 560
117 677
117 117
117 837
117 607
117 689
118 900
118 388
118 395
118 825
118 572
118 200
118 698
118 237
118 247
118 872
118 823
119 929
119 826
119 863
119 745
119 620
119 254
119 799
119 530
120 387
120 571
120 625
120 881
120 633
120 610
120 704
120 250
120 977
120 640
121 951
121 269
121 558
121 687
121 584
121 199
121 484
121 586
121 181
121 506
122 436
122 418
122 570
122 842
122 593
122 605
122 235
122 179
122 303
122 745
123 849
123 942
123 179
123 545
123 791
123 411
123 548
123 424
123 306
123 184
123 641
124 813
124 190
124 519
124 264
124 188
124 836
124 328
124 850
124 232
124 627
125 396
125 655
125 210
125 477
125 231
125 759
125 642
125 858
125 695
125 557
126 707
126 264
126 710
126 214
126 631
126 519
126 627
126 277
126 126
126 579
127 662
127 177
127 871
127 817
127 794
127 289
127 622
127 743
128 202
128 533
128 716
128 509
128 510
128 992
128 718
128 482
128 903
128 400
129 769
129 495
129 278
129 964
129 923
129 890
129 352
129 879
129 736
129 228
130 308
130 626
130 221
130 196
130 624
130 173
130 273
130 866
130 800
130 804
130 908
130 795
130 880
130 752
130 695
131 359
131 226
131 904
131 202
131 674
131 131
131 521
131 756
131 790
131 939
131 212
132 682
132 765
132 747
132 141
132 323
132 632
132 829
132 392
132 561
132 921
132 821
133 922
133 642
133 520
133 477
133 858
133 759
133 655
133 231
133 382
133 341
133 396
133 945
133 819
133 210
133 889
134 277
134 768
134 188
134 850
134 481
134 631
134 528
134 627
134 969
134 380
134 519
134 264
134 328
134 591
135 247
135 317
135 845
135 926
135 830
135 643
135 265
135 920
135 166
135 491
136 237
136 902
136 499
136 412
136 462
136 644
136 766
136 650
136 321
137 458
137 895
137 616
137 715
137 637
137 391
137 551
137 205
137 985
137 746
137 896
138 970
138 648
138 138
138 897
138 459
138 367
138 283
138 946
138 901
138 678
138 205
138 849
138 721
138 608
138 354
138 374
139 139
139 579
139 471
139 899
139 248
139 647
139 218
140 801
140 769
140 964
140 630
140 923
140 708
140 352
140 178
140 360
141 392
141 323
141 390
141 829
141 355
141 786
141 558
141 214
142 260
142 633
142 142
142 998
142 222
142 373
142 817
142 592
142 614
143 323
143 769
143 777
143 630
143 736
143 923
143 964
143 422
143 278
144 523
144 561
144 786
144 821
144 632
144 144
144 355
144 919
144 323
144 747
145 230
145 174
145 737
145 235
145 578
145 723
145 835
145 179
145 426
145 570
145 576
145 842
145 270
145 585
146 160
146 711
146 745
146 335
146 406
146 826
146 799
146 146
146 929
147 988
147 256
147 554
147 804
147 611
147 919
147 416
147 162
148 592
148 351
148 456
148 148
148 522
148 461
148 524
148 976
148 601
148 502
149 657
149 639
149 516
149 636
149 490
149 671
149 435
149 937
149 538
149 546
149 167
149 172
149 686
149 568
149 596
150 572
150 330
150 195
150 197
150 312
150 185
150 802
151 529
151 585
151 810
151 440
151 732
151 967
151 721
151 932
151 164
151 300
151 742
152 778
152 909
152 657
152 780
152 744
152 614
152 823
152 424
153 398
153 399
153 622
153 559
153 349
153 590
153 177
153 859
153 848
153 794
153 289
153 817
154 816
154 566
154 669
154 220
154 927
154 316
154 692
154 818
154 993
155 455
155 280
155 417
155 928
155 635
155 771
155 854
155 620
155 683
155 940
155 176
155 180
155 966
155 685
155 360
155 938
155 911
156 298
156 651
156 957
156 347
156 398
156 511
156 672
156 713
156 751
156 286
156 725
156 223
156 171
157 549
157 778
157 909
157 787
157 409
157 410
157 351
157 780
157 614
157 301
157 969
158 395
158 310
158 797
158 569
158 807
158 874
158 253
158 694
158 888
158 528
158 557
159 590
159 349
159 358
159 817
159 203
159 859
159 559
159 269
159 527
160 276
160 407
160 406
160 160
160 186
160 534
160 620
160 191
160 467
160 863
161 259
161 790
161 792
161 549
161 357
161 734
161 332
161 376
161 483
161 864
161 486
161 359
161 507
161 384
162 403
162 416
162 256
162 804
162 554
162 611
162 659
162 208
162 444
162 318
163 793
163 192
163 922
163 296
163 287
163 690
163 545
163 350
163 883
164 917
164 307
164 164
164 370
164 529
164 386
164 954
164 742
165 653
165 165
165 937
165 686
165 516
165 546
165 671
165 167
165 261
165 435
165 741
165 503
166 920
166 930
166 540
166 675
166 987
166 448
166 358
166 845
167 671
167 516
167 568
167 435
167 503
167 331
167 343
167 172
167 213
168 664
168 797
168 801
168 569
168 567
168 496
168 905
168 807
168 253
168 671
168 425
168 694
168 962
168 870
168 874
169 648
169 897
169 849
169 432
169 354
169 971
169 485
169 205
169 385
169 955
169 553
169 449
169 721
169 608
169 947
169 314
169 712
170 249
170 654
170 251
170 602
170 371
170 290
170 856
170 346
170 941
170 814
170 238
170 328
171 506
171 199
171 558
171 446
171 658
171 187
171 562
171 948
171 484
171 431
171 463
172 641
172 516
172 671
172 321
172 673
172 653
172 547
173 908
173 532
173 795
173 173
173 980
173 974
173 726
173 438
173 322
173 196
173 866
173 752
173 626
174 303
174 593
174 426
174 737
174 578
174 517
174 327
174 605
174 377
174 424
175 773
175 775
175 380
175 844
175 764
175 572
175 200
175 772
175 720
175 935
176 771
176 928
176 940
176 966
176 262
176 815
176 925
176 854
176 831
176 365
177 269
177 916
177 289
177 358
177 177
177 296
177 693
178 259
178 915
178 420
178 332
178 792
178 790
178 319
178 384
178 373
178 984
178 486
178 359
178 760
178 822
179 291
179 235
179 418
179 737
179 179
179 842
180 771
180 649
180 925
180 966
180 841
180 365
180 935
180 734
181 710
181 295
181 258
181 806
181 766
181 691
181 751
181 377
182 379
182 944
182 290
182 465
182 602
182 936
182 979
182 856
182 603
182 393
182 707
182 612
182 877
183 404
183 548
183 183
183 779
183 424
183 270
183 550
183 442
183 685
183 324
183 994
184 652
184 404
184 548
184 550
184 306
184 424
184 791
184 348
184 345
184 617
185 185
185 413
185 197
185 762
185 312
185 488
186 565
186 406
186 600
186 745
186 407
186 276
186 826
186 863
186 717
186 335
187 687
187 460
187 558
187 853
187 562
187 463
187 586
187 313
187 446
187 728
187 497
187 506
188 259
188 519
188 528
188 277
188 710
188 850
188 225
189 679
189 952
189 857
189 913
189 965
189 685
189 240
189 518
189 916
189 959
189 973
190 543
190 933
190 429
190 375
190 288
190 281
190 646
190 494
190 824
190 236
191 816
191 366
191 814
191 977
191 953
191 638
191 950
191 315
191 577
191 464
191 982
192 922
192 302
192 690
192 958
192 261
192 547
192 350
192 499
192 469
193 779
193 548
193 652
193 963
193 442
193 348
193 270
193 193
194 679
194 913
194 364
194 599
194 973
194 343
194 892
194 265
195 320
195 762
195 972
195 255
195 197
195 709
195 479
195 892
195 489
195 988
195 861
196 273
196 308
196 908
196 795
196 739
196 378
196 974
196 885
197 413
197 311
197 206
197 440
197 972
197 479
197 976
197 218
198 912
198 665
198 696
198 337
198 688
198 847
198 615
198 703
198 368
198 632
199 991
199 658
199 558
199 431
199 446
199 199
199 586
199 407
199 728
200 900
200 388
200 656
200 772
200 825
200 380
200 773
200 879
200 476
200 487
201 642
201 564
201 831
201 655
201 231
201 201
201 945
201 857
201 477
201 750
201 406
202 453
202 342
202 989
202 906
202 274
202 754
203 287
203 269
203 783
203 399
203 289
203 358
203 983
203 568
203 895
204 286
204 545
204 304
204 947
204 701
204 415
204 725
204 223
204 838
204 219
204 347
204 511
205 897
205 385
205 553
205 432
205 678
205 283
205 648
205 669
205 721
205 374
205 347
205 670
206 272
206 311
206 588
206 312
206 255
206 658
206 460
206 643
207 764
207 564
207 763
207 382
207 945
207 750
207 642
207 520
207 998
207 858
208 905
208 425
208 434
208 694
208 208
208 569
208 347
209 390
209 552
209 355
209 821
209 786
209 523
209 632
209 924
209 747
209 289
210 738
210 819
210 564
210 750
210 520
210 382
210 923
210 231
210 759
210 889
211 776
211 389
211 903
211 394
211 414
211 510
211 225
211 716
211 503
211 1000
211 488
212 521
212 457
212 274
212 989
212 885
212 246
212 342
213 516
213 673
213 568
213 331
213 636
213 321
213 671
213 249
213 618
214 251
214 328
214 969
214 591
214 627
214 528
214 606
214 869
215 667
215 818
215 827
215 310
215 284
215 669
215 927
215 993
215 917
216 518
216 913
216 685
216 973
216 343
216 892
216 265
216 679
216 364
216 873
217 474
217 886
217 589
217 724
217 400
217 997
217 433
217 583
217 480
218 267
218 538
218 695
218 314
218 471
218 867
218 712
219 535
219 281
219 429
219 621
219 369
219 219
219 956
220 927
220 539
220 931
220 293
220 566
220 666
220 339
221 257
221 908
221 532
221 800
221 438
221 661
221 795
221 377
221 739
221 752
221 318
222 268
222 428
222 571
222 250
222 222
222 961
222 230
222 625
222 256
223 747
223 457
223 651
223 285
223 415
223 957
223 713
223 248
224 523
224 923
224 770
224 397
224 789
224 809
224 681
224 594
224 596
224 592
224 243
225 903
225 394
225 533
225 718
225 482
225 356
225 852
226 661
226 906
226 939
226 453
226 246
226 756
226 702
226 889
226 341
226 501
227 784
227 770
227 809
227 596
227 634
227 789
227 714
227 681
227 861
227 558
227 233
227 243
227 245
228 425
228 708
228 278
228 228
228 923
228 254
228 845
229 770
229 397
229 914
229 594
229 861
229 243
229 901
229 996
229 229
229 233
229 239
229 242
230 260
230 571
230 268
230 640
230 373
230 633
230 452
231 340
231 520
231 477
231 735
231 381
232 519
232 277
232 581
232 969
232 591
232 481
232 627
232 454
232 848
233 706
233 714
233 397
233 239
233 770
233 901
233 899
233 242
234 269
234 531
234 662
234 794
234 559
234 693
234 234
235 827
235 570
235 576
235 426
235 605
235 867
235 377
235 533
236 281
236 921
236 646
236 429
236 369
236 933
236 383
236 375
236 309
237 773
237 388
237 656
237 663
237 825
237 698
237 705
237 720
238 654
238 936
238 602
238 848
238 603
238 941
238 290
238 408
239 927
239 901
239 914
239 789
239 681
239 996
239 359
239 243
240 729
240 679
240 959
240 599
240 343
240 913
240 498
240 973
240 744
241 485
241 993
241 770
241 789
241 809
241 681
241 596
241 996
241 472
241 545
242 770
242 594
242 245
242 861
242 472
242 901
242 922
243 770
243 914
243 706
243 996
243 861
243 488
243 245
244 367
244 514
244 851
244 431
244 687
244 948
244 562
244 497
244 558
244 925
244 506
244 326
245 570
245 914
245 809
245 681
245 706
245 596
245 762
246 274
246 939
246 975
246 989
246 521
246 515
247 900
247 775
247 395
247 698
247 705
247 720
247 476
247 492
247 880
248 899
248 538
248 314
248 450
248 579
248 712
248 726
248 361
249 413
249 644
249 902
249 776
249 650
249 412
249 306
249 887
250 260
250 428
250 571
250 633
250 716
250 640
251 941
251 848
251 877
251 346
251 290
251 936
251 251
251 718
252 899
252 781
252 579
252 556
252 991
252 726
252 450
252 959
253 380
253 797
253 801
253 664
253 888
253 434
253 557
254 276
254 600
254 860
254 863
254 745
254 620
254 711
254 704
255 272
255 320
255 330
255 588
255 629
255 644
256 403
256 408
256 894
256 684
256 318
257 790
257 980
257 438
257 866
257 378
257 322
257 661
257 414
257 532
258 766
258 282
258 691
258 619
258 258
258 938
258 527
258 544
258 447
258 981
258 983
259 359
259 978
259 792
259 379
259 734
259 427
259 984
259 549
259 376
259 486
259 507
259 869
259 785
260 387
260 268
260 592
260 428
260 353
260 671
260 571
260 640
261 261
261 798
261 832
261 469
261 934
261 287
261 894
261 370
262 262
262 815
262 365
262 537
262 907
262 935
262 280
262 854
262 602
262 649
262 925
262 683
262 886
263 515
263 329
263 464
263 950
263 953
263 366
263 814
263 977
263 777
263 423
263 577
263 455
263 729
264 528
264 277
264 869
264 768
264 591
264 581
264 836
264 710
264 328
264 606
264 458
265 518
265 959
265 913
265 878
265 599
265 679
265 364
265 868
265 763
265 685
265 583
265 857
265 873
265 716
266 582
266 747
266 786
266 910
266 552
266 266
266 561
266 393
266 996
267 899
267 695
267 314
267 556
267 464
267 712
268 592
268 610
268 633
268 387
268 428
268 298
268 704
268 353
268 998
268 881
268 567
269 531
269 662
269 559
269 817
269 269
269 399
269 693
269 590
269 358
269 871
269 622
270 550
270 270
270 617
270 994
270 324
270 512
270 451
270 963
270 437
271 909
271 744
271 843
271 439
271 780
271 301
271 730
271 312
271 657
271 409
271 796
271 403
271 411
272 330
272 311
272 489
272 588
272 762
272 523
272 972
272 479
272 892
272 783
273 908
273 626
273 378
273 800
273 661
273 866
273 501
273 795
273 974
273 739
273 752
273 777
273 352
274 904
274 906
274 885
274 939
274 755
274 504
274 809
274 674
274 975
274 342
275 659
275 530
275 894
275 587
275 444
275 802
275 442
275 318
276 702
276 406
276 407
276 276
276 717
276 361
276 772
276 534
276 799
276 467
277 627
277 519
277 528
277 850
277 710
277 454
277 606
278 748
278 352
278 708
278 736
278 923
278 386
278 964
278 722
278 360
279 351
279 443
279 573
279 787
279 410
279 409
279 778
279 810
279 823
279 730
280 966
280 417
280 537
280 468
280 970
280 705
280 815
280 854
280 913
280 949
281 429
281 803
281 956
281 621
281 383
281 824
281 580
281 373
281 543
281 288
281 700
281 494
281 502
282 447
282 419
282 806
282 613
282 619
282 544
282 564
282 751
282 754
283 648
283 334
283 367
283 849
283 374
283 678
283 946
283 449
283 372
283 432
283 459
283 362
284 667
284 743
284 733
284 993
284 818
284 666
284 316
284 566
284 587
284 310
284 441
284 827
285 955
285 545
285 286
285 415
285 285
285 725
285 304
285 575
286 957
286 575
286 511
286 363
286 701
286 582
286 304
286 347
287 793
287 798
287 287
287 547
287 296
287 813
287 958
287 986
288 921
288 369
288 535
288 623
288 803
288 933
288 956
288 494
288 975
288 700
289 531
289 916
289 794
289 349
289 289
289 817
289 590
289 859
289 871
290 979
290 877
290 936
290 574
290 371
290 893
290 961
290 707
290 848
290 852
290 612
290 481
291 678
291 517
291 418
291 593
291 291
291 723
291 835
291 776
291 303
292 782
292 924
292 292
292 999
292 820
292 808
292 500
292 942
292 762
292 811
292 560
292 822
292 757
293 666
293 733
293 931
293 743
293 927
293 338
293 748
293 827
294 784
294 912
294 595
294 788
294 919
294 943
294 794
294 295
294 840
294 337
294 872
294 487
294 368
295 912
295 788
295 665
295 696
295 452
295 847
295 872
295 812
295 487
296 974
296 542
296 798
296 934
296 922
296 883
296 675
296 813
296 986
296 350
296 426
297 535
297 933
297 297
297 646
297 543
297 383
297 405
297 737
297 824
297 733
298 385
298 648
298 362
298 485
298 298
298 459
298 432
298 721
298 608
298 367
298 374
299 420
299 486
299 357
299 359
299 299
299 978
299 483
299 734
299 765
299 984
299 760
299 898
300 647
300 307
300 967
300 767
300 954
300 917
300 370
300 698
301 320
301 778
301 780
301 657
301 409
301 744
301 443
301 395
302 793
302 542
302 934
302 922
302 547
302 832
302 958
302 986
302 746
302 307
303 705
303 517
303 426
303 377
303 418
303 593
303 917
303 570
303 578
303 723
304 957
304 575
304 347
304 838
304 545
304 725
304 884
304 947
305 433
305 325
305 480
305 758
305 833
305 402
305 719
305 477
305 333
305 724
306 652
306 791
306 550
306 442
306 994
306 512
306 437
307 409
307 529
307 932
307 810
307 967
307 505
308 908
308 661
308 795
308 800
308 752
308 322
308 586
308 624
309 647
309 478
309 639
309 436
309 601
309 852
309 628
309 630
309 456
309 503
310 803
310 667
310 931
310 818
310 310
310 733
310 441
310 957
311 624
311 629
311 489
311 588
311 709
312 413
312 330
312 588
312 320
312 629
312 479
312 450
312 709
313 578
313 912
313 788
313 665
313 368
313 703
313 919
313 812
313 348
313 452
313 595
313 615
313 487
314 774
314 938
314 695
314 712
314 450
315 334
315 653
315 546
315 686
315 331
315 671
315 516
315 741
315 503
315 636
316 743
316 733
316 667
316 669
316 338
316 697
317 376
317 540
317 421
317 828
317 448
317 930
317 987
317 326
317 339
318 659
318 554
318 611
318 408
318 403
318 318
319 420
319 549
319 427
319 319
319 376
319 384
319 379
319 713
319 332
319 984
319 734
319 359
319 507
319 760
319 635
319 434
319 652
320 320
320 629
320 972
320 489
321 353
321 641
321 546
321 686
321 321
321 741
322 795
322 378
322 866
322 438
322 980
322 752
322 910
322 739
322 385
323 829
323 834
323 523
323 632
323 355
323 839
323 871
324 779
324 411
324 548
324 424
324 437
324 550
324 733
325 387
325 433
325 951
325 400
325 997
325 604
325 724
325 768
325 589
325 333
325 474
326 421
326 448
326 830
326 339
326 920
326 987
327 541
327 715
327 895
327 898
327 493
327 879
327 384
327 616
328 581
328 454
328 869
328 627
328 345
328 591
328 606
329 515
329 814
329 563
329 577
329 638
329 692
329 541
329 729
329 366
329 401
330 709
330 588
330 439
330 972
330 479
331 966
331 618
331 673
331 636
331 546
331 382
332 420
332 332
332 384
332 792
332 357
332 984
332 376
332 359
332 791
333 400
333 689
333 951
333 719
333 724
333 480
333 364
333 753
334 648
334 432
334 971
334 374
334 362
334 354
334 459
334 485
334 367
335 407
335 406
335 929
335 620
335 335
335 794
335 361
336 504
336 544
336 419
336 527
336 680
336 754
336 751
337 784
337 912
337 665
337 812
337 368
337 703
337 840
337 931
337 595
338 539
338 566
338 441
338 667
338 743
338 543
339 920
339 540
339 926
339 828
339 842
340 462
340 642
340 396
340 819
340 831
340 655
340 382
340 763
340 971
340 889
340 631
341 648
341 398
341 947
341 651
341 565
341 575
341 838
341 511
342 674
342 521
342 939
342 906
342 885
342 381
343 973
343 343
343 685
343 599
343 783
343 878
343 498
343 732
343 527
344 644
344 412
344 462
344 882
344 990
344 727
344 501
344 761
345 564
345 969
345 581
345 850
345 869
345 519
345 768
345 710
345 606
345 481
345 386
346 936
346 707
346 465
346 856
346 603
346 941
346 612
347 420
347 947
347 363
347 511
348 815
348 779
348 791
348 550
348 437
348 404
348 801
348 617
349 748
349 783
349 559
349 693
349 859
349 738
349 871
349 484
350 934
350 813
350 690
350 542
350 986
350 581
350 609
351 778
351 410
351 796
351 823
351 443
351 843
351 730
352 736
352 722
352 837
353 373
353 625
353 998
353 633
354 897
354 678
354 553
354 849
354 608
354 912
354 362
354 367
354 936
354 985
355 392
355 523
355 786
355 552
355 839
356 795
356 903
356 394
356 718
356 855
356 992
356 488
356 740
357 790
357 420
357 984
357 483
357 384
357 589
357 389
358 817
358 693
358 794
358 559
358 935
358 731
359 915
359 483
359 384
359 379
360 964
360 630
360 360
360 736
361 407
361 406
361 826
361 711
361 467
361 860
361 799
362 897
362 485
362 946
362 971
362 404
362 566
363 415
363 565
363 701
363 511
363 713
363 398
363 947
364 685
364 952
364 965
364 583
364 599
364 868
364 836
365 928
365 815
365 970
365 907
365 683
365 635
365 714
365 684
365 391
365 830
366 423
366 682
366 950
366 953
366 464
366 532
367 678
367 449
367 897
368 788
368 872
368 665
368 452
368 943
368 844
369 646
369 921
369 543
369 580
369 429
369 765
370 386
370 660
370 967
370 585
370 742
370 785
371 654
371 944
371 848
371 602
371 603
371 574
371 371
372 645
372 525
372 949
372 699
372 647
372 976
372 372
372 889
372 502
373 633
373 373
373 704
373 812
373 838
374 648
374 432
374 485
374 459
374 429
374 669
374 842
375 646
375 535
375 803
375 623
375 429
375 405
375 422
376 792
376 427
376 984
376 384
376 915
377 426
377 578
377 605
377 995
377 378
378 532
378 661
378 800
378 974
378 752
378 805
379 915
379 790
379 792
379 760
379 984
379 978
380 772
380 773
380 663
380 572
380 720
380 492
381 716
381 718
381 903
381 510
381 381
381 399
382 945
382 477
382 735
382 750
382 889
383 921
383 543
383 803
383 824
383 580
384 420
384 978
384 481
385 897
385 449
385 432
385 721
385 553
385 849
385 946
386 933
386 505
386 440
386 932
386 967
386 785
387 704
387 610
387 387
387 881
388 698
388 476
388 825
388 388
388 844
388 639
389 925
389 716
389 482
389 533
389 864
389 389
389 394
389 607
389 992
390 839
390 632
390 747
390 834
390 392
390 829
390 786
390 620
390 738
391 715
391 731
391 541
391 493
391 898
391 458
391 524
391 670
391 851
391 746
391 895
392 829
392 834
392 561
392 786
392 392
392 821
392 839
393 537
393 668
393 445
393 884
393 820
393 811
393 782
393 702
393 985
393 555
393 560
393 757
394 903
394 864
394 855
394 533
394 740
394 1000
394 509
394 916
395 772
395 775
395 492
395 900
395 764
395 720
395 697
395 656
395 698
395 846
396 520
396 831
396 477
396 564
396 396
396 963
396 945
396 858
396 889
397 912
397 1000
397 472
397 901
397 706
397 714
397 770
397 883
397 809
397 861
397 634
398 651
398 838
398 713
398 947
398 957
398 701
398 565
398 545
398 955
399 622
399 693
399 916
399 662
399 859
399 531
399 794
400 753
400 833
400 604
400 719
400 689
400 886
400 655
400 402
400 474
400 862
401 782
401 422
401 560
401 702
401 445
401 820
401 500
401 884
401 536
401 924
401 805
401 808
402 750
402 589
402 862
402 833
402 886
402 951
402 501
402 558
402 689
402 604
402 997
403 530
403 416
403 587
403 408
403 403
403 444
403 988
404 652
404 548
404 424
404 994
404 437
404 779
404 689
404 411
405 646
405 933
405 621
405 405
405 580
405 494
405 429
405 956
405 812
405 535
405 597
406 534
406 860
406 407
406 467
407 495
407 534
407 620
407 799
407 515
407 711
407 863
408 587
408 802
408 554
408 659
408 416
408 530
408 440
408 804
408 684
408 611
409 909
409 787
409 573
409 796
409 657
409 823
409 843
410 787
410 614
410 843
410 410
410 778
410 813
410 443
411 779
411 652
411 437
411 512
411 442
411 963
411 451
412 499
412 846
412 650
412 776
412 462
412 882
413 588
413 629
413 489
413 972
413 762
414 482
414 510
414 509
414 903
414 533
414 607
414 414
415 651
415 575
415 713
415 725
415 415
415 672
415 701
415 838
416 428
416 603
416 659
416 829
417 771
417 649
417 907
417 928
417 635
417 683
417 468
417 546
417 935
417 841
418 891
418 576
418 835
418 995
418 836
418 723
419 527
419 806
419 754
419 680
419 691
419 651
420 790
420 792
420 483
420 760
420 486
421 920
421 675
421 448
421 540
421 491
421 594
422 536
422 924
422 555
422 445
422 805
422 677
422 942
422 921
422 999
423 515
423 423
423 814
423 729
423 952
423 692
423 577
423 472
424 791
424 451
424 617
424 994
424 512
424 963
425 441
425 496
425 905
425 888
425 801
425 664
425 434
425 567
425 569
425 870
426 891
426 737
426 605
426 593
426 576
426 570
426 578
426 835
426 842
426 995
426 879
427 915
427 792
427 549
427 483
427 427
427 898
427 760
428 428
428 881
428 633
429 580
429 700
429 824
429 933
429 494
429 921
429 623
430 647
430 522
430 514
430 598
430 478
430 639
430 456
430 949
430 461
430 963
430 852
431 847
431 728
431 460
431 853
431 586
431 687
431 858
431 948
431 584
431 463
431 497
432 449
432 946
432 613
432 459
432 952
432 939
432 891
433 582
433 599
433 589
433 997
433 951
433 719
433 916
433 833
434 664
434 801
434 807
434 905
434 888
435 693
435 641
435 653
435 546
435 686
435 937
436 514
436 645
436 647
436 525
436 639
436 598
436 478
436 456
436 949
436 976
436 665
437 959
437 575
437 652
437 550
437 994
437 794
438 908
438 661
438 795
438 980
438 624
438 974
438 717
438 739
439 780
439 796
439 744
439 730
439 787
439 473
439 869
440 558
440 785
440 660
440 917
440 810
440 679
440 767
441 931
441 566
441 441
441 669
442 626
442 608
442 791
442 548
442 550
442 994
443 778
443 780
443 787
443 823
443 764
443 473
443 529
444 659
444 802
444 894
444 480
444 611
445 782
445 808
445 820
445 822
445 668
445 811
445 803
445 702
445 634
446 658
446 687
446 484
446 446
446 497
446 880
446 584
447 919
447 680
447 613
447 876
447 983
447 666
447 981
448 930
448 830
448 448
448 898
448 887
449 897
449 648
449 678
449 553
449 971
449 956
449 849
449 497
450 928
450 471
450 781
450 899
450 938
450 579
450 712
451 652
451 791
451 550
451 548
451 860
451 636
452 520
452 784
452 665
452 688
452 703
452 615
452 840
453 453
453 504
453 521
453 905
454 528
454 869
454 710
454 481
454 969
454 519
454 591
454 707
454 631
455 682
455 563
455 577
455 982
455 814
455 977
455 878
456 945
456 525
456 601
456 475
456 645
456 550
456 706
456 728
457 972
457 904
457 521
457 939
457 975
457 989
457 714
457 799
458 908
458 713
458 551
458 637
458 616
458 746
459 648
459 946
459 608
459 485
459 955
460 494
460 687
460 562
460 948
460 584
460 586
461 514
461 647
461 522
461 525
461 699
461 949
461 461
461 628
462 462
462 882
462 761
462 466
462 846
462 875
463 763
463 687
463 484
463 853
463 708
463 728
463 497
464 814
464 638
464 950
464 953
464 692
464 729
464 765
465 654
465 941
465 944
465 470
465 612
465 979
465 526
465 620
466 776
466 846
466 875
466 499
466 517
467 534
467 711
467 620
467 982
468 649
468 928
468 935
468 970
468 468
469 813
469 986
469 547
469 883
469 469
469 669
469 508
469 516
470 936
470 944
470 612
470 654
470 941
470 979
470 602
470 877
471 774
471 938
471 695
471 712
472 569
472 596
472 901
472 861
472 706
472 634
472 770
472 996
473 778
473 823
473 843
473 744
473 657
473 787
473 854
473 730
474 955
474 724
474 480
474 589
474 753
474 758
475 588
475 514
475 647
475 949
475 852
475 525
475 601
475 496
475 478
475 628
476 900
476 772
476 663
476 572
476 698
476 697
476 965
476 739
477 945
477 831
477 477
477 842
477 735
478 645
478 522
478 525
478 976
478 478
479 588
479 608
479 762
480 724
480 862
480 719
480 951
480 535
481 836
481 768
481 969
481 591
481 631
482 718
482 855
482 510
482 740
482 482
482 716
483 734
483 915
483 483
483 486
484 658
484 853
484 728
484 506
485 678
485 721
485 608
486 984
486 549
486 792
486 628
487 912
487 665
487 595
487 688
488 721
488 718
488 855
488 749
489 588
489 972
489 828
490 612
490 840
490 641
490 546
490 937
490 618
490 490
490 636
491 628
491 918
491 920
491 540
491 930
491 903
491 887
492 772
492 773
492 705
492 492
492 764
492 900
492 832
492 539
493 875
493 524
493 551
493 715
493 851
493 985
493 493
494 873
494 921
494 621
495 769
495 748
495 495
495 890
495 964
495 777
496 664
496 569
496 962
496 874
496 888
496 656
497 658
497 728
497 687
497 506
498 913
498 679
498 583
498 873
498 878
498 518
498 861
498 554
499 644
499 902
499 776
499 499
500 526
500 782
500 668
500 924
500 536
500 942
500 884
500 758
500 850
501 589
501 719
501 604
501 862
501 501
502 522
502 699
502 976
502 639
502 502
503 641
503 671
503 741
503 686
503 809
504 939
504 756
504 755
504 904
504 521
504 770
505 792
505 658
505 785
505 917
505 954
505 767
506 948
506 586
506 687
506 852
507 792
507 549
507 984
507 734
507 915
508 934
508 883
508 798
508 986
508 547
508 832
508 813
508 996
509 649
509 903
509 533
509 992
509 510
510 866
510 782
510 716
510 607
510 1000
510 749
511 773
511 651
511 565
511 830
512 796
512 779
512 550
512 617
512 858
513 870
513 557
513 664
513 962
513 874
513 905
513 513
513 845
513 797
513 676
514 525
514 522
514 949
514 976
514 601
514 699
514 647
514 852
514 628
515 563
515 515
515 682
515 692
515 703
516 843
516 516
516 568
516 653
516 673
516 937
516 686
517 666
517 605
517 737
517 995
517 842
517 835
517 891
518 913
518 518
518 857
518 868
518 685
518 878
518 977
518 952
518 965
518 599
518 735
518 901
519 609
519 850
519 710
519 528
519 836
519 682
519 631
520 759
520 763
520 945
520 750
520 831
520 564
520 889
521 904
521 906
521 755
521 975
521 607
521 756
522 645
522 976
522 852
522 525
522 543
522 639
523 980
523 632
523 582
523 910
523 829
523 821
523 839
524 898
524 637
524 985
524 524
524 643
524 541
524 551
524 851
524 879
524 895
525 639
525 645
525 856
525 949
525 628
525 979
526 598
526 526
526 668
526 942
526 999
526 555
526 677
526 811
526 822
526 757
526 961
527 800
527 740
527 527
527 876
527 806
527 751
528 900
528 606
528 627
528 836
528 581
528 969
528 903
528 671
529 825
529 904
529 732
529 954
529 967
529 932
529 917
529 660
529 960
529 585
530 659
530 684
530 988
530 894
530 554
530 587
531 693
531 590
531 559
531 622
531 572
532 880
532 866
532 624
532 752
532 974
533 718
533 716
533 749
533 864
534 863
534 745
534 826
534 717
534 777
534 600
534 876
535 646
535 700
535 956
535 535
535 788
535 803
536 782
536 999
536 805
536 555
536 811
536 560
536 822
536 612
536 677
536 884
537 771
537 935
537 841
537 925
537 537
537 928
537 683
537 940
537 854
538 774
538 899
538 538
538 938
538 556
538 579
538 712
538 726
539 667
539 669
539 993
539 539
539 927
539 931
539 818
540 643
540 675
540 918
540 987
540 920
540 758
541 911
541 746
541 851
541 895
541 688
541 670
541 985
541 896
542 793
542 922
542 813
542 958
542 547
542 694
542 690
542 986
543 646
543 803
543 921
543 623
543 933
543 574
544 766
544 806
544 613
544 691
544 983
544 685
544 876
545 545
545 575
545 838
545 957
546 653
546 673
546 618
546 752
546 937
546 686
546 568
547 793
547 922
547 986
547 832
547 609
547 559
548 652
548 548
548 978
548 963
549 790
549 549
549 734
549 978
549 760
550 791
550 963
550 994
550 742
551 715
551 637
551 895
551 670
551 874
552 910
552 561
552 552
552 738
552 621
552 829
552 834
553 897
553 678
553 553
553 567
553 971
554 864
555 677
555 811
555 820
555 884
555 555
555 560
556 991
556 579
556 781
556 556
556 880
556 695
557 801
557 676
557 870
557 807
557 797
557 888
557 664
558 586
558 584
559 672
559 662
559 794
559 859
560 668
560 560
560 702
560 969
560 820
561 910
561 582
561 821
561 643
561 834
561 747
561 715
562 586
562 584
562 948
562 853
562 687
562 973
562 728
563 814
563 982
563 638
563 577
563 977
563 990
563 950
563 625
564 958
564 655
564 735
564 750
564 858
565 672
565 957
565 701
565 713
565 651
565 955
565 575
566 666
566 927
566 743
566 667
566 827
567 801
567 874
567 567
567 888
567 797
567 943
568 568
568 711
569 986
569 905
569 797
569 676
569 807
569 594
570 605
570 737
570 576
571 571
571 998
571 651
571 610
571 881
571 757
572 772
572 773
572 775
572 663
572 698
572 844
572 705
573 778
573 909
573 744
573 823
573 780
573 843
573 826
573 730
573 611
574 877
574 574
574 893
574 654
574 961
574 612
574 603
574 848
574 856
575 672
575 725
576 605
576 835
576 995
576 578
576 843
576 723
576 891
577 682
577 865
577 982
577 787
578 995
578 842
578 891
579 579
579 726
580 803
580 933
580 956
580 580
580 726
581 631
581 969
581 710
581 869
581 687
581 606
582 910
582 821
582 839
582 834
582 747
583 913
583 952
583 973
583 679
583 968
583 684
583 878
584 853
584 584
584 767
585 785
585 954
585 960
585 932
585 967
585 810
585 613
586 836
586 658
586 687
586 739
587 804
587 825
587 988
588 709
589 833
589 689
589 886
589 862
589 855
589 604
589 997
589 758
590 916
590 662
590 622
590 616
591 844
591 893
591 627
591 606
591 749
592 982
592 704
592 610
592 633
592 625
593 723
593 995
593 703
593 891
594 789
594 714
594 809
594 594
594 861
595 665
595 703
595 840
595 595
595 986
596 706
596 634
596 861
596 714
597 899
597 774
597 781
597 938
597 597
597 712
597 695
597 867
597 726
598 645
598 647
598 949
598 598
598 639
598 628
598 659
599 959
599 685
599 599
599 997
600 799
600 711
600 600
600 963
600 860
600 863
601 647
601 949
601 699
601 852
601 601
602 941
602 603
602 893
602 783
602 877
602 995
603 674
603 936
603 941
603 961
603 707
603 877
603 893
604 839
604 654
604 886
604 689
604 846
605 842
605 891
605 776
605 896
606 710
606 968
607 740
607 718
607 864
607 1000
608 849
608 946
608 721
608 755
609 793
609 922
609 934
609 832
609 813
609 986
610 977
610 704
610 610
610 906
610 998
610 881
610 640
611 684
612 848
612 707
613 971
613 745
613 766
613 754
614 778
614 780
614 909
614 657
614 823
615 723
615 912
615 943
615 784
615 847
616 719
616 731
616 670
616 943
616 895
617 667
617 652
617 779
617 675
618 686
618 641
618 671
618 618
619 766
619 691
619 751
619 876
619 754
621 646
621 824
621 803
621 956
621 623
621 642
622 881
622 817
622 871
622 893
623 921
623 933
623 700
624 661
624 880
624 908
624 800
624 980
625 704
625 640
625 881
626 974
626 980
626 880
626 626
626 800
627 768
627 901
628 645
628 647
629 691
629 870
630 837
630 748
630 826
631 850
631 969
631 836
632 910
632 738
632 732
632 948
633 881
634 914
634 789
634 770
634 901
634 861
635 771
635 925
635 928
635 935
635 956
635 884
636 671
636 937
636 641
637 731
637 746
637 670
637 851
637 715
637 997
638 816
638 950
638 953
639 688
640 704
640 881
640 650
641 673
641 686
641 741
642 763
642 750
642 735
642 819
642 858
642 655
643 987
643 926
643 830
643 887
643 643
643 920
644 644
644 650
644 875
644 902
644 727
645 699
645 939
645 976
645 852
646 956
646 824
646 803
646 759
646 921
647 699
647 852
648 946
648 721
649 771
649 940
649 935
649 649
649 907
649 925
649 815
649 841
649 970
650 846
650 761
650 882
650 727
651 858
651 955
651 947
651 792
652 779
652 791
653 937
653 741
653 671
653 850
654 941
654 856
654 877
654 944
654 893
654 848
655 759
655 831
655 858
655 763
655 862
655 819
655 735
655 889
655 662
655 987
656 900
656 772
656 773
656 764
656 825
656 663
656 918
656 697
657 780
657 744
657 909
657 843
657 796
657 730
658 948
659 802
659 684
659 988
659 659
659 872
660 686
660 785
660 810
660 742
660 767
660 817
660 954
660 960
661 880
661 795
661 800
661 696
662 916
662 794
662 662
662 693
662 871
663 900
663 775
663 663
663 832
664 962
664 801
664 676
664 797
664 807
664 870
665 788
665 872
665 688
665 840
666 667
666 827
666 669
666 993
666 733
666 927
666 818
667 827
667 669
667 927
668 677
668 942
668 820
668 757
668 702
668 989
669 827
669 993
669 818
669 743
670 911
670 896
670 670
670 985
670 851
671 686
671 673
671 741
672 955
672 947
672 672
672 957
673 673
673 741
673 914
674 885
674 906
674 674
674 975
674 755
675 743
675 828
675 887
675 845
676 699
676 801
676 870
676 797
677 805
677 884
677 757
677 822
677 999
677 808
677 811
678 897
678 849
679 913
679 868
679 857
679 855
679 685
679 873
679 892
679 774
680 806
680 999
681 706
681 914
681 861
681 714
681 770
681 880
682 816
682 682
682 950
682 982
683 907
683 925
683 683
683 935
683 688
683 970
684 802
684 894
685 857
685 892
685 878
685 968
687 948
687 819
688 784
688 788
688 812
688 943
688 703
688 847
689 833
689 753
689 689
689 758
690 793
690 883
690 690
691 806
691 981
691 766
691 834
691 751
692 814
692 765
692 982
692 950
692 977
692 816
692 729
692 989
693 817
693 914
694 883
694 807
694 874
694 945
695 938
695 991
695 867
696 912
696 847
696 788
696 784
696 696
697 773
697 764
697 697
697 720
697 900
697 705
697 825
697 797
698 705
698 900
698 698
699 926
700 803
700 933
700 824
700 700
700 754
701 947
701 955
701 713
701 921
701 838
702 782
702 942
702 999
703 788
703 812
703 912
703 740
704 850
705 772
705 773
705 775
705 900
705 844
706 914
706 789
706 706
707 944
707 707
707 848
707 893
707 979
708 837
708 964
708 769
708 708
708 722
709 709
709 762
709 750
709 973
710 850
710 836
711 717
711 711
711 929
711 863
712 899
712 726
712 991
713 947
713 955
714 770
714 901
714 714
715 834
715 911
715 879
715 851
715 985
715 731
716 903
716 992
716 718
716 740
717 799
717 929
717 826
717 717
718 1000
718 749
718 992
719 724
719 886
720 900
720 775
720 825
720 764
720 805
721 971
721 946
722 777
722 837
722 923
722 769
722 964
722 722
723 835
723 995
724 833
724 753
725 838
725 955
725 947
725 928
726 807
726 781
726 774
727 776
727 930
729 816
729 865
730 744
730 843
730 943
731 985
731 896
731 895
731 851
731 746
731 879
732 932
732 732
733 927
733 818
734 978
734 734
734 868
734 760
735 819
735 735
735 759
735 889
736 769
736 923
736 777
736 858
737 762
737 897
737 842
738 834
738 839
738 738
738 821
738 747
739 800
739 980
740 903
740 992
741 855
741 961
742 814
742 785
742 917
742 932
742 954
743 931
743 826
745 826
745 929
746 911
746 896
746 765
748 837
748 890
749 855
749 1000
749 766
750 945
751 919
752 880
752 786
753 862
753 886
754 981
754 766
754 806
755 906
755 939
755 989
755 960
756 904
756 939
756 975
756 818
756 941
757 805
757 884
757 782
757 999
758 997
758 758
758 964
759 819
759 916
759 763
760 760
761 846
761 761
761 774
761 890
762 972
763 889
763 805
764 900
764 772
764 825
765 982
765 977
765 765
766 937
766 983
767 967
767 954
767 900
768 775
768 836
768 850
768 969
768 901
769 769
769 890
769 884
770 910
770 901
771 966
771 841
771 854
771 945
771 970
772 844
772 775
772 825
773 900
773 825
774 867
774 899
774 781
774 938
774 991
775 900
776 776
776 882
776 990
777 777
777 837
777 964
778 778
779 963
779 791
779 970
780 796
780 787
780 843
780 909
780 887
780 823
780 856
781 953
781 899
781 991
782 924
782 811
782 805
782 822
783 871
783 817
783 783
784 872
784 840
784 919
785 954
785 967
785 960
786 910
786 897
787 909
787 787
787 996
788 919
788 997
788 967
789 789
789 809
789 917
789 861
790 915
790 792
790 790
790 978
792 792
792 978
793 832
793 798
793 793
793 813
794 916
794 859
795 880
795 800
796 909
796 823
796 843
797 848
797 888
797 870
798 922
798 883
798 933
798 934
799 799
799 929
799 826
800 908
800 880
801 962
801 870
802 804
802 940
803 956
803 932
804 901
805 811
805 942
805 820
805 999
805 867
806 876
806 985
807 841
807 905
807 807
807 874
808 822
808 820
808 999
808 808
808 911
808 811
809 914
809 901
810 907
810 917
810 932
810 810
810 954
811 924
812 919
812 912
812 903
812 943
812 840
813 922
813 958
813 883
814 977
814 953
814 865
814 816
814 982
814 909
815 907
815 841
815 815
815 970
815 819
816 977
816 865
816 953
817 871
817 841
818 820
818 827
819 831
819 858
820 858
820 884
821 910
821 834
821 832
821 839
822 924
824 921
824 933
824 956
824 869
825 900
825 844
826 860
828 918
828 920
828 926
828 930
828 987
828 828
829 910
829 829
830 918
830 830
831 889
831 888
832 986
832 869
833 951
833 862
833 840
835 835
836 969
837 837
838 838
838 947
840 943
840 847
841 925
841 940
844 900
844 844
845 930
845 926
845 987
845 887
846 902
846 846
847 912
847 919
848 941
848 961
849 946
849 971
851 898
851 911
852 976
852 992
853 853
853 954
854 928
854 940
855 992
855 864
856 944
856 961
856 979
857 959
857 973
857 913
857 879
857 873
857 990
858 945
859 916
859 900
860 929
860 863
860 860
861 901
862 951
862 997
864 944
864 992
864 1000
865 950
865 953
865 977
865 904
866 974
866 980
867 984
867 989
867 991
868 913
868 959
868 952
868 973
868 989
868 892
868 975
872 919
872 943
872 912
873 913
873 952
873 965
873 968
873 878
874 900
875 902
876 950
876 981
876 983
877 941
877 979
877 893
877 931
878 959
878 968
878 892
880 908
882 902
883 922
883 986
884 935
884 924
884 942
885 906
885 989
885 885
886 951
887 926
887 987
888 962
890 923
890 964
891 995
892 952
892 968
893 961
893 979
894 988
894 949
895 896
896 898
896 985
897 946
897 971
898 964
898 898
899 991
899 955
899 938
900 902
901 901
901 914
901 996
902 990
904 989
905 905
905 962
906 906
907 907
907 940
907 966
907 970
907 925
907 928
908 980
908 974
909 909
911 911
913 952
913 959
913 965
913 968
915 978
915 915
915 1000
917 932
917 960
917 918
919 943
920 930
920 987
921 933
922 922
924 999
924 924
925 966
925 970
926 930
927 927
929 929
929 946
931 931
932 960
934 934
935 940
936 936
936 979
936 941
936 961
937 937
938 938
939 989
939 975
940 940
941 944
942 942
944 961
946 971
946 953
947 999
952 968
952 973
953 953
958 958
959 959
959 965
959 973
961 979
961 962
965 973
965 965
965 968
966 966
968 973
968 968
976 976
978 978
988 988
993 993
994 994
996 996
998 998
