1000 8903
1 153
1 620
1 386
1 465
1 19
1 733
1 970
1 752
1 784
1 111
1 531
1 568
1 127
1 95
1 561
1 539
1 167
2 784
2 127
2 2
2 970
2 153
2 568
2 319
2 752
2 119
2 19
2 465
2 579
2 539
2 575
2 793
2 167
2 594
2 95
3 370
3 838
3 856
3 544
3 978
3 38
3 409
3 996
3 962
3 824
3 3
3 737
3 826
3 576
3 398
3 21
3 919
3 28
3 585
3 739
3 874
3 494
4 671
4 341
4 641
4 898
4 133
4 83
4 97
4 253
4 617
4 100
4 447
4 103
4 877
4 982
4 243
4 59
4 959
4 858
5 919
5 773
5 935
5 338
5 563
5 368
5 886
5 809
5 543
5 90
5 306
5 622
5 474
5 464
5 568
5 285
5 414
5 34
5 171
5 972
5 507
5 391
6 129
6 131
6 387
6 518
6 506
6 329
6 987
6 113
6 626
6 529
6 333
6 768
6 74
6 906
6 856
6 157
6 729
6 610
7 519
7 182
7 7
7 707
7 442
7 836
7 423
7 664
7 275
7 365
7 403
7 289
7 537
7 993
7 276
7 540
7 166
7 945
7 360
8 512
8 433
8 92
8 854
8 72
8 165
8 65
8 573
8 559
8 929
8 283
8 8
8 315
8 786
8 666
8 925
8 678
8 430
8 965
9 649
9 892
9 290
9 638
9 569
9 162
9 381
9 591
9 696
9 893
9 270
9 272
9 159
9 278
9 712
9 524
9 528
9 834
9 450
10 644
10 355
10 479
10 948
10 627
10 448
10 850
10 225
10 207
10 922
10 497
10 227
10 745
10 849
10 670
10 420
10 706
10 117
11 943
11 301
11 327
11 96
11 235
11 15
11 753
11 790
11 262
11 76
11 718
11 697
11 186
11 631
11 889
11 800
11 802
11 426
11 364
12 34
12 798
12 12
12 451
12 43
12 882
12 890
12 859
12 347
12 648
12 527
12 109
12 876
12 134
12 16
12 913
12 541
12 738
12 750
12 244
12 118
12 767
13 267
13 305
13 17
13 755
13 514
13 53
13 602
13 179
13 469
13 971
13 769
13 13
13 455
13 181
13 407
13 297
13 724
13 471
13 222
13 104
14 140
14 480
14 760
14 66
14 587
14 367
14 923
14 279
14 286
14 456
14 78
14 417
14 894
14 295
14 71
14 54
14 952
15 898
15 262
15 96
15 434
15 426
15 186
15 943
15 327
15 718
15 449
15 493
15 301
15 110
15 169
15 790
15 802
15 345
16 400
16 263
16 648
16 876
16 859
16 990
16 1000
16 347
16 750
16 890
16 149
16 16
16 581
16 541
16 43
16 109
16 882
16 244
16 118
16 945
17 769
17 514
17 267
17 53
17 305
17 455
17 407
17 179
17 17
17 843
17 222
17 469
17 337
17 47
17 971
18 897
18 505
18 623
18 710
18 822
18 871
18 722
18 18
18 931
18 452
18 39
18 317
18 105
18 391
18 404
18 796
18 942
18 951
19 386
19 784
19 793
19 19
19 579
19 733
19 405
19 970
19 127
19 111
19 31
19 950
19 319
19 620
19 119
20 383
20 264
20 131
20 387
20 518
20 906
20 335
20 768
20 506
20 329
20 458
20 770
20 157
20 113
20 640
20 333
20 237
21 207
21 398
21 409
21 856
21 874
21 737
21 888
21 996
21 727
21 370
21 981
21 419
21 544
21 165
21 28
21 38
21 824
21 585
21 767
22 910
22 912
22 526
22 659
22 899
22 22
22 736
22 341
22 974
22 761
22 81
22 125
22 600
22 767
22 187
22 446
22 835
22 67
22 89
23 519
23 139
23 124
23 416
23 418
23 639
23 70
23 249
23 508
23 490
23 908
23 23
23 977
23 888
23 966
23 208
23 337
23 359
23 749
23 442
24 399
24 534
24 663
24 56
24 231
24 334
24 309
24 427
24 927
24 200
24 862
24 941
24 804
24 287
24 411
24 281
24 557
24 833
24 645
25 524
25 146
25 278
25 744
25 413
25 569
25 381
25 349
25 649
25 832
25 528
25 834
25 290
25 696
25 470
25 159
25 302
25 638
25 284
26 559
26 641
26 881
26 858
26 447
26 133
26 83
26 617
26 959
26 845
26 877
26 581
26 350
26 898
26 191
26 950
26 59
26 97
27 397
27 860
27 926
27 721
27 880
27 390
27 245
27 143
27 857
27 369
27 246
27 807
27 500
27 91
27 950
27 930
27 716
27 618
28 398
28 919
28 409
28 28
28 370
28 996
28 739
28 544
28 585
28 824
28 978
28 522
28 419
28 981
28 727
28 737
28 494
28 781
28 766
29 391
29 148
29 661
29 406
29 983
29 758
29 669
29 803
29 879
29 842
29 377
29 640
29 668
29 504
29 299
29 611
29 613
29 234
30 901
30 779
30 789
30 238
30 206
30 354
30 598
30 590
30 704
30 730
30 867
30 868
30 547
30 266
30 595
30 461
30 79
30 87
30 312
30 504
30 650
31 453
31 386
31 405
31 153
31 793
31 167
31 752
31 784
31 31
31 319
31 594
31 127
31 244
31 579
31 465
31 620
31 702
32 525
32 808
32 703
32 837
32 453
32 989
32 304
32 821
32 69
32 827
32 817
32 172
32 681
32 780
32 849
32 875
32 690
33 868
33 169
33 523
33 156
33 932
33 683
33 342
33 362
33 545
33 482
33 358
33 332
33 815
33 597
33 797
33 201
33 179
34 993
34 773
34 414
34 543
34 474
34 464
34 90
34 285
34 338
34 487
34 34
34 368
34 171
34 306
34 563
34 68
34 599
34 485
34 622
34 886
35 897
35 796
35 931
35 728
35 822
35 452
35 722
35 951
35 470
35 505
35 871
35 39
35 844
35 623
35 870
35 174
35 571
35 517
36 673
36 516
36 134
36 137
36 655
36 158
36 325
36 883
36 775
36 601
36 77
36 394
36 85
36 853
36 239
36 467
36 343
37 218
37 810
37 121
37 75
37 955
37 373
37 147
37 679
37 63
37 584
37 492
37 608
37 550
37 82
37 625
37 553
37 564
37 194
37 212
37 725
37 988
38 919
38 409
38 739
38 727
38 824
38 981
38 419
38 370
38 856
38 962
38 978
38 398
38 53
38 826
38 838
38 996
38 494
38 754
39 897
39 505
39 871
39 822
39 796
39 844
39 470
39 174
39 931
39 39
39 452
39 772
39 951
39 317
39 722
39 615
40 130
40 145
40 402
40 673
40 41
40 374
40 340
40 339
40 239
40 687
40 580
40 175
40 363
40 236
40 344
40 953
40 574
40 870
40 141
41 130
41 145
41 673
41 574
41 709
41 41
41 614
41 185
41 976
41 239
41 323
41 580
41 526
41 687
41 236
41 374
41 173
42 283
42 925
42 165
42 914
42 331
42 965
42 678
42 495
42 559
42 666
42 72
42 433
42 632
42 42
42 430
42 819
42 315
43 541
43 149
43 43
43 116
43 1000
43 859
43 244
43 451
43 738
43 882
43 118
43 984
43 890
43 606
44 618
44 523
44 658
44 408
44 545
44 932
44 358
44 683
44 482
44 425
44 454
44 342
44 94
44 362
44 483
44 201
44 102
45 260
45 783
45 410
45 670
45 967
45 582
45 743
45 45
45 984
45 695
45 277
45 665
45 466
45 874
45 489
45 630
45 915
46 900
46 530
46 791
46 991
46 50
46 701
46 475
46 219
46 947
46 839
46 432
46 173
46 46
46 982
46 193
46 80
46 747
47 407
47 297
47 471
47 755
47 455
47 267
47 724
47 971
47 104
47 483
47 222
47 763
47 602
47 690
47 843
47 469
48 780
48 424
48 168
48 808
48 172
48 240
48 388
48 681
48 827
48 875
48 450
48 48
48 69
48 943
48 821
48 694
48 703
48 837
49 389
49 170
49 300
49 344
49 628
49 169
49 572
49 934
49 515
49 101
49 107
49 546
49 690
49 616
49 786
49 308
49 956
49 326
49 841
49 537
50 900
50 530
50 916
50 791
50 173
50 561
50 432
50 180
50 322
50 947
50 701
50 839
50 247
50 524
50 193
50 968
50 475
50 747
50 382
51 271
51 536
51 921
51 288
51 429
51 431
51 688
51 992
51 994
51 603
51 481
51 556
51 866
51 818
51 721
51 823
51 443
51 700
51 713
51 593
51 230
51 637
52 392
52 675
52 805
52 421
52 944
52 52
52 312
52 112
52 242
52 151
52 375
52 682
52 902
52 938
52 191
52 576
52 532
53 297
53 455
53 602
53 305
53 769
53 971
53 222
53 483
53 93
53 763
53 104
53 999
53 843
53 471
54 140
54 279
54 923
54 286
54 417
54 684
54 814
54 985
54 66
54 480
54 78
54 367
54 477
54 308
54 456
54 587
54 621
55 389
55 546
55 934
55 170
55 300
55 308
55 344
55 690
55 169
55 628
55 572
55 326
55 515
55 861
55 58
55 841
56 663
56 927
56 287
56 804
56 557
56 192
56 941
56 979
56 200
56 534
56 196
56 334
56 862
56 524
56 833
56 887
57 960
57 643
57 788
57 915
57 535
57 924
57 674
57 177
57 313
57 441
57 954
57 973
57 457
57 619
57 172
57 61
57 233
57 376
58 163
58 291
58 939
58 428
58 685
58 698
58 933
58 58
58 732
58 251
58 855
58 878
58 367
58 203
58 629
58 384
59 281
59 142
59 133
59 950
59 641
59 881
59 898
59 103
59 877
59 83
59 786
59 895
59 371
59 581
59 845
59 100
60 520
60 657
60 307
60 183
60 210
60 583
60 762
60 960
60 198
60 330
60 195
60 711
60 60
60 784
60 830
60 209
60 633
61 540
61 830
61 786
61 193
61 643
61 788
61 915
61 150
61 535
61 938
61 313
61 441
61 256
61 77
61 961
61 457
61 233
61 511
62 981
62 285
62 558
62 795
62 161
62 163
62 291
62 296
62 298
62 689
62 698
62 629
62 203
62 188
62 76
62 723
63 679
63 810
63 759
63 550
63 955
63 218
63 584
63 82
63 121
63 608
63 988
63 147
63 212
63 474
63 194
63 75
63 373
64 774
64 269
64 785
64 936
64 686
64 316
64 567
64 303
64 533
64 459
64 766
64 396
64 488
64 997
64 715
64 472
64 869
64 873
64 719
65 646
65 914
65 666
65 925
65 929
65 430
65 433
65 819
65 315
65 283
65 92
65 512
65 854
65 536
65 965
65 72
65 495
65 770
66 716
66 126
66 286
66 295
66 923
66 480
66 621
66 814
66 587
66 279
66 211
66 684
66 752
66 985
66 477
66 371
67 652
67 910
67 912
67 274
67 659
67 160
67 184
67 265
67 67
67 142
67 761
67 81
67 615
67 957
68 288
68 773
68 543
68 306
68 577
68 485
68 487
68 90
68 563
68 972
68 68
68 285
68 704
68 464
68 599
68 368
69 277
69 744
69 388
69 424
69 681
69 168
69 808
69 304
69 817
69 703
69 453
69 989
69 542
69 240
69 885
70 519
70 139
70 908
70 799
70 416
70 490
70 977
70 202
70 639
70 418
70 70
70 124
70 692
70 604
70 605
70 359
71 513
71 903
71 141
71 181
71 444
71 132
71 320
71 250
71 980
71 847
71 122
71 748
71 891
71 189
71 735
71 719
72 914
72 925
72 559
72 819
72 315
72 678
72 666
72 433
72 512
72 646
72 854
72 500
72 331
72 92
72 632
73 806
73 533
73 783
73 277
73 665
73 282
73 164
73 293
73 582
73 967
73 695
73 714
73 984
73 630
73 797
73 864
73 489
73 224
73 233
74 507
74 385
74 518
74 906
74 157
74 458
74 237
74 131
74 529
74 506
74 729
74 378
74 74
74 333
74 987
74 610
74 768
75 147
75 553
75 560
75 564
75 955
75 584
75 373
75 988
75 243
75 759
75 810
75 218
75 710
75 205
75 608
75 492
76 262
76 790
76 802
76 186
76 96
76 800
76 120
76 434
76 327
76 364
76 76
76 718
76 543
76 235
76 631
76 812
77 645
77 134
77 136
77 137
77 325
77 343
77 655
77 852
77 77
77 516
77 255
77 394
77 114
77 467
77 85
77 751
77 883
77 254
78 421
78 140
78 417
78 684
78 814
78 952
78 456
78 587
78 477
78 371
78 621
78 760
78 992
79 901
79 671
79 206
79 238
79 868
79 266
79 867
79 730
79 372
79 357
79 779
79 851
79 789
79 591
79 598
79 863
79 361
79 865
80 984
80 530
80 916
80 791
80 173
80 432
80 247
80 839
80 322
80 947
80 900
80 178
80 193
80 310
80 475
80 747
80 382
81 328
81 889
81 146
81 586
81 899
81 265
81 142
81 912
81 274
81 160
81 446
81 835
81 556
81 736
82 550
82 553
82 810
82 560
82 564
82 955
82 492
82 205
82 147
82 212
82 194
82 759
82 741
82 725
82 218
83 598
83 414
83 898
83 133
83 786
83 959
83 845
83 858
83 617
83 581
83 950
83 831
83 982
83 97
83 100
83 103
84 433
84 555
84 812
84 691
84 705
84 712
84 589
84 197
84 735
84 273
84 106
84 693
84 259
84 248
84 457
84 731
84 98
85 516
85 136
85 394
85 655
85 325
85 645
85 255
85 216
85 254
85 467
85 775
85 883
85 559
86 315
86 680
86 517
86 261
86 647
86 138
86 395
86 522
86 284
86 415
86 946
86 702
86 717
86 310
86 644
87 779
87 789
87 671
87 590
87 361
87 87
87 868
87 598
87 730
87 547
87 851
87 238
87 693
87 863
87 867
87 642
88 309
88 903
88 141
88 565
88 181
88 438
88 189
88 320
88 460
88 980
88 214
88 88
88 314
88 448
88 228
88 748
88 501
89 899
89 265
89 912
89 184
89 187
89 578
89 160
89 446
89 761
89 974
89 257
89 274
89 125
89 652
90 773
90 935
90 306
90 563
90 338
90 599
90 487
90 543
90 622
90 474
90 485
90 892
90 507
91 807
91 716
91 930
91 500
91 746
91 232
91 245
91 880
91 926
91 369
91 91
91 246
91 258
91 860
91 618
92 914
92 666
92 283
92 929
92 433
92 819
92 315
92 331
92 678
92 632
92 165
92 818
92 861
93 229
93 221
93 506
93 769
93 514
93 267
93 297
93 305
93 843
93 469
93 471
93 724
93 763
93 470
94 658
94 156
94 545
94 292
94 815
94 454
94 342
94 932
94 126
94 201
94 358
94 597
94 408
94 410
94 362
95 153
95 594
95 733
95 752
95 793
95 119
95 95
95 784
95 568
95 465
95 405
95 277
95 111
95 127
96 262
96 790
96 800
96 426
96 301
96 697
96 327
96 718
96 345
96 235
96 434
96 206
96 493
96 110
96 120
97 123
97 641
97 133
97 786
97 895
97 995
97 982
97 103
97 959
97 581
97 447
97 497
98 651
98 691
98 693
98 958
98 588
98 478
98 705
98 589
98 380
98 940
98 273
98 259
98 963
98 605
99 525
99 155
99 806
99 440
99 831
99 975
99 848
99 473
99 352
99 99
99 401
99 383
99 328
99 434
99 612
99 889
99 267
100 472
100 786
100 982
100 858
100 350
100 995
100 877
100 581
100 253
100 617
100 103
100 342
100 881
101 667
101 934
101 169
101 690
101 445
101 326
101 861
101 515
101 344
101 366
101 628
101 841
101 170
101 869
102 527
102 523
102 658
102 408
102 156
102 672
102 292
102 425
102 683
102 332
102 986
102 545
102 482
102 237
102 126
103 227
103 133
103 950
103 959
103 581
103 845
103 350
103 617
103 858
103 172
103 881
103 895
104 904
104 932
104 769
104 514
104 407
104 297
104 455
104 843
104 724
104 483
104 471
104 910
104 755
105 406
105 931
105 942
105 174
105 822
105 571
105 871
105 623
105 470
105 105
105 722
105 728
105 808
105 747
106 259
106 555
106 812
106 940
106 691
106 958
106 963
106 197
106 715
106 846
106 106
106 705
106 503
106 248
107 337
107 515
107 546
107 934
107 170
107 300
107 956
107 344
107 861
107 107
107 628
107 366
107 564
108 525
108 782
108 401
108 920
108 806
108 328
108 352
108 993
108 114
108 831
108 440
108 612
108 975
108 917
108 322
109 349
109 648
109 527
109 913
109 451
109 859
109 347
109 118
109 990
109 541
109 1000
109 890
109 843
109 116
109 767
110 518
110 327
110 235
110 364
110 345
110 753
110 790
110 697
110 426
110 186
110 943
110 718
110 199
111 386
111 153
111 793
111 568
111 465
111 733
111 620
111 579
111 784
111 539
111 167
111 562
111 127
112 642
112 135
112 392
112 675
112 421
112 439
112 586
112 336
112 634
112 242
112 944
112 682
112 112
112 814
113 129
113 770
113 385
113 387
113 329
113 113
113 333
113 378
113 610
113 626
113 906
113 460
113 506
114 525
114 782
114 401
114 155
114 806
114 975
114 215
114 473
114 612
114 993
114 328
114 920
114 502
114 590
114 200
115 799
115 416
115 418
115 966
115 202
115 604
115 605
115 359
115 749
115 977
115 639
115 124
115 756
115 337
115 770
115 508
115 470
116 263
116 648
116 527
116 541
116 990
116 1000
116 750
116 767
116 244
116 913
116 890
116 116
117 644
117 280
117 420
117 948
117 820
117 699
117 448
117 207
117 850
117 227
117 849
117 706
117 355
117 264
118 648
118 738
118 750
118 499
118 527
118 149
118 859
118 244
118 347
118 263
118 630
118 767
119 849
119 405
119 153
119 539
119 167
119 568
119 620
119 119
119 579
119 970
119 741
120 262
120 790
120 697
120 364
120 753
120 631
120 802
120 426
120 943
120 434
120 120
120 517
121 147
121 679
121 810
121 560
121 955
121 205
121 725
121 988
121 243
121 550
121 194
121 584
121 357
121 827
122 132
122 660
122 438
122 189
122 460
122 847
122 980
122 214
122 314
122 565
122 122
122 444
122 534
122 228
122 501
122 250
123 650
123 268
123 144
123 928
123 294
123 436
123 566
123 957
123 911
123 740
123 570
123 190
123 498
123 615
123 973
124 519
124 416
124 966
124 977
124 908
124 202
124 208
124 249
124 490
124 418
124 605
124 124
124 749
124 835
124 457
125 899
125 160
125 184
125 187
125 974
125 736
125 274
125 912
125 578
125 526
125 761
125 910
125 405
126 523
126 408
126 156
126 672
126 545
126 292
126 425
126 815
126 201
126 332
126 986
126 358
127 386
127 784
127 405
127 319
127 594
127 620
127 752
127 793
127 366
127 252
128 817
128 795
128 161
128 298
128 685
128 689
128 698
128 384
128 939
128 203
128 163
128 723
128 251
128 933
128 870
129 518
129 610
129 131
129 626
129 129
129 237
129 987
129 529
129 378
129 157
129 729
129 569
129 770
129 329
130 776
130 709
130 363
130 614
130 339
130 236
130 687
130 953
130 145
130 239
130 323
130 580
130 922
130 402
130 673
130 175
130 311
130 185
130 976
130 340
130 870
130 374
131 605
131 770
131 237
131 529
131 506
131 131
131 906
131 987
131 768
131 626
131 232
131 387
131 333
131 335
131 610
132 443
132 444
132 501
132 460
132 565
132 314
132 214
132 141
132 660
132 513
132 891
132 903
132 748
132 759
132 438
132 320
132 847
132 719
132 980
132 228
132 983
132 313
133 898
133 895
133 350
133 447
133 877
133 995
133 253
133 617
133 881
133 221
133 959
133 858
134 516
134 601
134 254
134 742
134 645
134 136
134 467
134 775
134 216
134 137
134 343
134 480
134 394
134 158
134 865
134 751
134 255
134 705
135 642
135 902
135 682
135 336
135 816
135 312
135 135
135 692
135 439
135 675
135 551
135 652
135 643
135 392
135 944
135 576
135 586
135 242
135 808
135 995
136 218
136 516
136 645
136 775
136 254
136 467
136 751
136 216
136 343
136 742
136 137
136 958
136 394
136 655
136 158
136 325
136 853
136 255
137 670
137 775
137 601
137 516
137 655
137 216
137 742
137 254
137 853
137 883
137 592
137 158
137 852
137 865
138 258
138 261
138 393
138 353
138 909
138 998
138 284
138 517
138 154
138 252
138 702
138 521
138 522
138 925
138 415
138 310
138 828
138 496
139 490
139 799
139 337
139 604
139 519
139 508
139 139
139 605
139 977
139 756
139 359
139 919
139 418
139 202
139 757
139 249
139 639
140 431
140 461
140 684
140 760
140 371
140 894
140 279
140 985
140 477
140 814
140 140
140 923
140 286
140 456
141 513
141 903
141 891
141 748
141 214
141 460
141 181
141 141
141 565
141 438
141 189
141 320
141 847
141 980
142 257
142 899
142 265
142 142
142 341
142 912
142 274
142 761
142 659
142 974
142 600
142 446
142 526
142 160
142 578
143 390
143 653
143 721
143 143
143 930
143 860
143 245
143 764
143 716
143 369
143 807
143 857
143 880
143 957
143 787
143 926
143 618
143 746
144 907
144 268
144 911
144 969
144 220
144 190
144 615
144 558
144 957
144 650
144 566
144 570
144 928
144 732
144 548
144 294
144 554
144 463
144 740
144 475
145 175
145 976
145 870
145 239
145 311
145 374
145 673
145 776
145 580
145 402
145 340
145 533
145 953
145 323
145 709
145 339
145 819
146 901
146 649
146 524
146 528
146 272
146 696
146 146
146 893
146 832
146 591
146 302
146 892
146 278
146 162
146 349
146 829
147 759
147 243
147 584
147 988
147 725
147 492
147 679
147 194
147 550
147 955
147 560
147 810
147 541
148 887
148 777
148 484
148 758
148 669
148 842
148 377
148 734
148 204
148 983
148 234
148 879
148 661
148 526
148 613
148 636
149 263
149 913
149 738
149 990
149 347
149 244
149 451
149 149
149 767
149 859
149 499
149 750
149 745
149 1000
149 882
150 915
150 256
150 961
150 624
150 954
150 973
150 437
150 177
150 150
150 938
150 924
150 788
150 927
150 233
151 902
151 652
151 551
151 151
151 675
151 586
151 242
151 634
151 312
151 692
151 944
151 439
151 642
151 718
151 805
151 682
151 816
152 902
152 264
152 662
152 223
152 412
152 896
152 542
152 680
152 532
152 503
152 510
152 552
152 801
152 224
152 486
152 411
152 720
152 606
152 635
152 378
153 386
153 405
153 153
153 620
153 579
153 793
153 733
153 680
153 167
153 594
153 226
154 258
154 517
154 393
154 395
154 521
154 415
154 284
154 154
154 647
154 310
154 252
154 496
154 907
154 946
154 702
154 353
155 917
155 920
155 328
155 401
155 383
155 440
155 975
155 525
155 352
155 473
155 502
155 831
155 276
155 806
155 215
155 993
155 889
155 944
155 244
155 498
156 704
156 408
156 292
156 672
156 597
156 425
156 815
156 658
156 454
156 986
156 563
156 545
156 342
157 649
157 770
157 387
157 385
157 329
157 506
157 458
157 906
157 157
157 466
157 335
157 378
158 775
158 467
158 601
158 853
158 343
158 254
158 742
158 216
158 883
158 325
158 444
158 865
158 762
159 270
159 528
159 413
159 834
159 381
159 649
159 832
159 591
159 162
159 349
159 893
159 744
159 670
159 302
160 257
160 265
160 912
160 526
160 600
160 659
160 184
160 736
160 187
160 835
160 926
160 578
161 737
161 241
161 855
161 685
161 698
161 732
161 203
161 933
161 689
161 428
161 878
161 291
161 906
161 296
161 298
161 723
161 629
161 384
162 649
162 524
162 528
162 272
162 278
162 290
162 744
162 413
162 638
162 381
162 832
162 966
162 834
163 163
163 428
163 595
163 698
163 732
163 878
163 723
163 629
163 855
163 685
163 384
163 175
163 291
163 296
163 298
163 939
163 188
163 251
164 644
164 706
164 260
164 783
164 277
164 410
164 665
164 282
164 714
164 466
164 293
164 582
164 708
164 704
164 825
164 489
165 646
165 666
165 925
165 929
165 430
165 512
165 965
165 819
165 283
165 331
165 914
165 835
165 433
165 573
165 495
165 458
165 554
166 664
166 540
166 289
166 166
166 836
166 276
166 351
166 299
166 792
166 677
166 275
166 182
166 662
166 442
166 829
166 360
166 365
167 746
167 784
167 386
167 167
167 970
167 539
167 531
167 620
167 395
167 579
167 594
167 217
168 780
168 424
168 681
168 168
168 808
168 741
168 837
168 821
168 388
168 240
168 450
168 302
168 304
168 318
168 453
168 329
169 515
169 667
169 628
169 344
169 366
169 300
169 616
169 956
169 934
169 572
169 308
169 884
169 861
169 170
169 690
170 278
170 546
170 934
170 170
170 515
170 389
170 366
170 628
170 884
170 258
170 690
170 572
170 841
170 861
171 823
171 773
171 285
171 414
171 809
171 972
171 306
171 577
171 171
171 474
171 485
171 422
171 563
171 464
171 599
172 996
172 869
172 780
172 681
172 388
172 694
172 703
172 837
172 821
172 318
172 172
172 523
172 817
172 827
172 989
173 791
173 173
173 530
173 382
173 701
173 747
173 999
173 561
173 839
173 193
173 916
173 432
173 947
173 180
173 178
173 968
174 404
174 931
174 942
174 476
174 726
174 571
174 470
174 722
174 710
174 728
174 796
174 585
174 844
174 871
174 505
175 776
175 402
175 614
175 580
175 339
175 185
175 673
175 870
175 709
175 374
175 687
175 563
175 574
175 323
175 976
175 363
175 236
176 532
176 662
176 411
176 223
176 264
176 224
176 552
176 813
176 606
176 199
176 176
176 872
176 510
176 221
176 840
176 635
176 350
177 772
177 915
177 535
177 924
177 674
177 938
177 376
177 643
177 624
177 437
177 256
177 788
177 234
177 313
177 961
178 550
178 190
178 900
178 530
178 432
178 791
178 916
178 180
178 219
178 193
178 947
178 178
178 385
178 968
179 769
179 514
179 267
179 407
179 179
179 226
179 483
179 602
179 971
179 455
179 305
179 724
179 222
180 530
180 916
180 432
180 561
180 947
180 180
180 791
180 219
180 900
180 382
180 193
180 971
180 322
180 991
181 903
181 214
181 181
181 228
181 250
181 438
181 444
181 719
181 314
181 460
181 616
181 189
181 320
181 980
182 438
182 403
182 792
182 540
182 289
182 677
182 299
182 945
182 423
182 537
182 360
182 182
182 829
182 346
183 520
183 657
183 307
183 348
183 762
183 330
183 198
183 195
183 213
183 596
183 964
183 754
183 209
183 830
183 290
183 960
184 899
184 265
184 912
184 274
184 659
184 257
184 184
184 835
184 600
184 520
184 187
184 446
184 341
184 761
185 776
185 673
185 580
185 340
185 687
185 311
185 339
185 239
185 709
185 323
185 236
185 336
185 574
185 614
186 262
186 434
186 697
186 800
186 345
186 718
186 943
186 449
186 301
186 235
186 186
186 364
187 543
187 257
187 899
187 341
187 912
187 446
187 274
187 578
187 910
187 637
187 736
187 335
187 437
188 291
188 933
188 296
188 939
188 384
188 723
188 298
188 855
188 595
188 698
188 203
188 251
188 732
188 285
189 782
189 513
189 660
189 565
189 314
189 847
189 214
189 501
189 891
189 460
189 309
189 980
190 272
190 287
190 268
190 957
190 907
190 969
190 294
190 570
190 740
190 436
190 548
190 928
190 558
190 463
190 241
191 392
191 805
191 421
191 682
191 816
191 312
191 944
191 692
191 439
191 336
191 902
191 675
191 576
191 314
191 634
192 399
192 534
192 281
192 287
192 804
192 549
192 941
192 309
192 200
192 798
192 427
192 491
192 334
192 418
192 196
192 231
192 887
192 404
192 275
193 676
193 900
193 916
193 791
193 432
193 561
193 999
193 475
193 219
193 322
193 839
193 991
194 550
194 679
194 810
194 564
194 373
194 725
194 955
194 759
194 243
194 553
194 218
194 771
194 584
194 205
194 364
195 520
195 905
195 657
195 538
195 307
195 198
195 330
195 633
195 830
195 960
195 210
195 209
195 499
195 964
195 596
195 486
195 754
196 399
196 663
196 927
196 804
196 941
196 200
196 534
196 491
196 281
196 309
196 549
196 798
196 292
196 334
196 678
197 259
197 273
197 940
197 691
197 963
197 588
197 731
197 589
197 555
197 812
197 693
197 380
197 958
197 778
197 715
197 478
198 905
198 538
198 794
198 307
198 964
198 762
198 520
198 711
198 348
198 209
198 486
198 977
198 633
198 222
199 352
199 532
199 918
199 412
199 542
199 801
199 264
199 552
199 872
199 662
199 510
199 813
199 896
199 614
199 720
199 606
199 794
200 399
200 663
200 281
200 798
200 927
200 549
200 979
200 231
200 427
200 941
200 862
201 419
201 408
201 672
201 425
201 683
201 454
201 523
201 545
201 482
201 658
201 597
201 905
201 332
201 521
201 535
202 797
202 519
202 799
202 416
202 418
202 639
202 208
202 202
202 757
202 490
202 827
202 977
202 604
202 749
202 508
203 969
203 795
203 933
203 296
203 298
203 689
203 723
203 291
203 698
203 428
203 334
203 878
203 251
204 391
204 406
204 204
204 758
204 636
204 803
204 983
204 611
204 669
204 668
204 377
204 879
204 831
204 504
204 629
205 560
205 564
205 955
205 584
205 212
205 492
205 373
205 205
205 218
205 988
205 585
205 608
205 243
206 547
206 704
206 354
206 266
206 372
206 730
206 238
206 671
206 779
206 789
206 851
206 598
206 713
206 868
207 644
207 420
207 422
207 820
207 509
207 229
207 479
207 227
207 706
207 922
207 448
207 627
207 355
207 745
207 528
208 799
208 416
208 418
208 966
208 757
208 605
208 208
208 508
208 756
208 359
208 908
208 245
208 337
208 604
208 490
208 639
208 728
208 871
208 964
209 965
209 300
209 905
209 538
209 307
209 633
209 964
209 348
209 330
209 596
209 788
209 210
209 213
210 905
210 538
210 830
210 711
210 583
210 330
210 348
210 657
210 762
210 754
210 794
210 887
210 596
210 213
211 870
211 279
211 286
211 417
211 562
211 456
211 814
211 684
211 480
211 477
211 760
211 371
211 894
211 645
211 985
211 621
211 367
212 553
212 810
212 560
212 564
212 955
212 584
212 212
212 759
212 679
212 796
212 218
212 988
212 608
212 243
213 520
213 794
213 960
213 583
213 538
213 657
213 213
213 830
213 330
213 964
213 267
213 348
213 633
213 762
214 513
214 565
214 314
214 847
214 438
214 719
214 980
214 891
214 942
214 501
215 401
215 920
215 806
215 831
215 462
215 975
215 383
215 328
215 889
215 993
215 356
215 782
215 640
215 352
216 645
216 775
216 394
216 655
216 325
216 467
216 852
216 343
216 853
216 765
216 601
216 751
216 883
217 813
217 517
217 261
217 647
217 393
217 909
217 522
217 284
217 828
217 258
217 395
217 946
217 521
217 998
218 550
218 553
218 560
218 373
218 584
218 988
218 810
218 608
218 492
219 553
219 466
219 900
219 530
219 791
219 947
219 701
219 968
219 247
219 747
219 895
220 485
220 805
220 650
220 907
220 911
220 928
220 294
220 554
220 566
220 957
220 436
220 740
220 463
220 764
221 810
221 339
221 653
221 397
221 787
221 930
221 221
221 245
221 807
221 880
221 232
221 716
221 609
221 746
221 500
222 514
222 407
222 455
222 843
222 297
222 483
222 222
222 724
222 755
223 264
223 778
223 412
223 801
223 552
223 813
223 606
223 918
223 532
223 872
223 223
223 794
223 224
223 503
223 635
223 896
223 619
224 949
224 264
224 532
224 918
224 662
224 411
224 552
224 813
224 840
224 778
224 510
225 644
225 280
225 676
225 420
225 422
225 948
225 699
225 850
225 355
225 627
225 479
225 497
225 706
225 249
226 937
226 833
226 653
226 407
226 305
226 455
226 971
226 843
226 724
226 469
226 471
226 514
226 297
227 644
227 280
227 922
227 676
227 820
227 448
227 706
227 849
227 850
227 479
227 627
227 422
227 229
227 745
227 509
227 696
227 367
227 712
228 513
228 660
228 565
228 847
228 980
228 250
228 444
228 501
228 460
228 748
228 588
229 644
229 676
229 420
229 422
229 820
229 850
229 627
229 479
229 745
229 280
229 922
229 448
229 509
230 271
230 536
230 429
230 823
230 949
230 866
230 937
230 481
230 230
230 700
230 431
230 992
230 485
230 637
230 362
231 399
231 534
231 663
231 798
231 927
231 804
231 427
231 557
231 309
231 979
231 862
231 568
231 711
231 791
232 653
232 926
232 930
232 716
232 232
232 860
232 246
232 609
232 880
232 500
232 857
232 990
232 746
232 369
232 764
233 713
233 643
233 924
233 674
233 938
233 441
233 437
233 457
233 954
233 619
233 256
233 624
233 376
234 661
234 406
234 668
234 983
234 734
234 607
234 611
234 613
234 758
234 879
234 592
234 234
234 504
235 790
235 802
235 426
235 301
235 449
235 345
235 718
235 434
235 800
235 720
235 493
235 691
236 776
236 687
236 953
236 976
236 363
236 614
236 580
236 239
236 311
236 990
237 385
237 906
237 333
237 378
237 335
237 626
237 987
237 237
237 871
237 506
238 266
238 779
238 547
238 704
238 461
238 851
238 598
238 730
238 863
238 867
238 868
238 372
238 854
238 912
238 930
239 776
239 402
239 673
239 687
239 953
239 709
239 870
239 363
239 651
239 374
239 478
240 804
240 388
240 780
240 424
240 808
240 453
240 989
240 240
240 694
240 304
240 367
240 885
240 469
241 852
241 650
241 907
241 268
241 654
241 928
241 548
241 294
241 554
241 566
241 570
241 957
241 740
242 642
242 652
242 675
242 805
242 944
242 692
242 312
242 242
242 392
242 374
242 375
242 636
242 568
243 550
243 810
243 560
243 584
243 608
243 679
243 955
243 553
243 784
243 759
244 263
244 527
244 541
244 738
244 876
244 750
244 499
244 451
244 244
245 265
245 807
245 721
245 857
245 860
245 609
245 746
245 500
245 716
245 615
245 764
246 699
246 462
246 714
246 787
246 857
246 609
246 746
246 764
246 397
246 807
246 930
246 578
247 508
247 530
247 791
247 701
247 322
247 991
247 999
247 900
247 432
247 382
247 561
247 290
248 651
248 273
248 940
248 705
248 589
248 846
248 712
248 715
248 380
248 735
248 588
248 731
248 581
249 519
249 908
249 416
249 418
249 977
249 337
249 359
249 756
249 490
249 799
249 623
250 513
250 903
250 438
250 320
250 460
250 719
250 748
250 444
250 980
250 250
250 807
251 976
251 647
251 795
251 291
251 933
251 296
251 685
251 689
251 855
251 384
251 486
252 258
252 517
252 261
252 393
252 395
252 521
252 284
252 828
252 717
252 998
252 647
252 946
253 967
253 985
253 898
253 447
253 959
253 858
253 253
253 995
253 982
253 845
253 291
253 895
254 645
254 775
254 394
254 655
254 852
254 601
254 751
254 742
254 379
255 394
255 655
255 325
255 883
255 853
255 343
255 645
255 742
255 601
255 775
255 988
256 771
256 643
256 772
256 915
256 938
256 437
256 313
256 441
256 457
256 973
256 318
257 334
257 761
257 736
257 265
257 910
257 526
257 446
257 578
257 274
257 257
257 909
257 659
257 835
257 974
257 341
258 998
258 310
258 647
258 717
258 353
258 522
258 258
258 702
258 920
258 517
258 393
258 395
258 521
258 284
258 496
259 895
259 812
259 940
259 963
259 691
259 273
259 651
259 380
259 589
259 693
259 958
259 705
259 372
259 555
259 715
259 588
259 478
259 735
260 277
260 811
260 630
260 864
260 743
260 466
260 783
260 825
260 293
260 260
260 282
260 319
260 665
260 410
260 708
260 714
260 984
261 489
261 517
261 310
261 496
261 261
261 284
261 717
261 909
261 647
261 303
261 393
261 946
261 702
262 753
262 327
262 718
262 449
262 345
262 262
262 426
262 631
262 725
262 800
262 943
262 493
263 738
263 499
263 541
263 263
263 882
263 451
263 648
263 859
263 913
263 777
263 527
263 990
263 1000
263 767
264 840
264 542
264 552
264 778
264 872
264 801
264 720
264 532
264 510
264 412
264 662
264 411
264 680
264 813
264 896
265 835
265 910
265 974
265 736
265 526
265 341
265 600
265 578
265 659
265 446
265 611
266 901
266 779
266 361
266 671
266 863
266 357
266 372
266 851
266 266
266 730
266 765
266 704
266 1000
266 547
266 461
266 590
266 598
266 330
267 474
267 684
267 769
267 514
267 471
267 971
267 305
267 455
267 602
267 407
267 469
267 483
267 755
267 763
268 650
268 907
268 554
268 911
268 654
268 740
268 498
268 268
268 558
268 620
268 436
268 468
269 396
269 269
269 533
269 472
269 656
269 936
269 869
269 997
269 488
269 774
269 797
269 785
269 484
269 686
269 303
269 459
270 649
270 832
270 278
270 413
270 272
270 381
270 744
270 302
270 696
270 892
270 528
270 349
270 615
270 569
270 910
271 949
271 688
271 431
271 593
271 700
271 637
271 921
271 992
271 866
271 937
271 481
271 443
271 538
271 536
271 288
271 429
271 603
271 402
271 846
272 524
272 528
272 272
272 290
272 413
272 569
272 832
272 278
272 349
272 302
272 696
272 834
273 651
273 712
273 715
273 478
273 735
273 846
273 812
273 273
273 963
273 693
273 870
273 555
273 589
274 910
274 912
274 899
274 600
274 659
274 578
274 974
274 736
274 274
275 276
275 836
275 346
275 289
275 403
275 365
275 707
275 664
275 379
275 442
275 945
275 351
275 423
275 792
275 537
275 540
276 669
276 707
276 829
276 289
276 379
276 442
276 664
276 324
276 365
276 360
276 836
276 404
276 537
276 677
276 299
277 714
277 695
277 708
277 630
277 277
277 783
277 575
277 825
277 811
277 665
277 293
277 864
277 489
277 395
278 649
278 524
278 591
278 638
278 744
278 528
278 290
278 893
278 413
278 302
278 832
278 381
279 501
279 894
279 295
279 587
279 952
279 279
279 371
279 480
279 456
279 445
279 814
279 562
279 985
279 367
280 420
280 355
280 422
280 948
280 922
280 676
280 479
280 280
280 850
280 497
280 685
280 820
280 745
280 627
280 509
280 923
281 663
281 798
281 804
281 281
281 534
281 927
281 833
281 287
281 887
281 941
281 549
281 427
281 334
281 979
281 491
281 675
281 411
281 661
281 788
282 708
282 783
282 293
282 630
282 967
282 811
282 665
282 984
282 410
282 743
282 466
282 282
282 670
282 695
282 825
282 575
282 951
283 646
283 666
283 430
283 512
283 929
283 914
283 925
283 331
283 573
283 433
283 559
283 677
283 965
283 495
284 393
284 395
284 909
284 522
284 998
284 310
284 415
284 946
284 625
285 485
285 543
285 563
285 306
285 599
285 414
285 285
285 773
285 886
285 487
285 474
285 338
285 622
285 668
285 596
286 534
286 760
286 480
286 456
286 952
286 894
286 295
286 562
286 923
286 702
286 684
286 587
286 985
286 477
286 621
286 367
286 371
287 534
287 887
287 941
287 334
287 427
287 979
287 309
287 927
287 549
287 557
287 804
287 491
288 400
288 536
288 994
288 288
288 921
288 700
288 556
288 818
288 431
288 823
288 949
288 937
288 713
288 593
288 866
288 637
289 792
289 537
289 664
289 324
289 423
289 299
289 836
289 829
289 677
289 676
289 945
289 707
290 524
290 528
290 413
290 381
290 290
290 349
290 893
290 638
290 800
290 569
290 591
290 718
291 795
291 698
291 939
291 298
291 629
291 595
291 855
291 418
291 933
291 428
291 689
291 732
291 878
291 384
292 989
292 658
292 408
292 672
292 932
292 358
292 454
292 362
292 342
292 907
292 332
293 410
293 670
293 714
293 825
293 708
293 466
293 967
293 575
293 582
293 305
293 984
293 630
294 928
294 548
294 570
294 463
294 566
294 911
294 740
294 969
294 558
294 294
294 468
294 615
295 374
295 542
295 424
295 923
295 621
295 477
295 367
295 952
295 985
295 480
295 966
295 684
295 387
296 698
296 595
296 795
296 428
296 689
296 629
296 298
296 933
296 808
296 855
297 407
297 755
297 469
297 514
297 843
297 763
297 769
297 455
297 971
297 678
297 471
297 483
298 933
298 723
298 795
298 939
298 685
298 732
298 698
298 912
298 428
298 689
298 855
299 403
299 664
299 792
299 540
299 442
299 945
299 836
299 677
299 379
299 332
299 829
300 515
300 389
300 546
300 690
300 884
300 326
300 308
300 445
300 366
300 616
300 841
301 756
301 757
301 853
301 426
301 718
301 943
301 327
301 631
301 802
301 301
301 697
301 345
301 364
302 892
302 302
302 569
302 832
302 696
302 524
302 349
302 742
302 834
303 774
303 781
303 797
303 936
303 488
303 869
303 771
303 435
303 396
303 303
303 686
303 459
303 826
303 567
303 316
303 472
304 388
304 780
304 808
304 817
304 989
304 837
304 453
304 318
304 885
304 681
304 875
304 382
304 694
304 450
304 722
305 637
305 979
305 514
305 305
305 769
305 602
305 455
305 557
305 843
305 469
305 763
306 414
306 935
306 809
306 507
306 577
306 886
306 485
306 474
306 860
306 563
306 464
306 487
306 622
306 368
307 520
307 657
307 538
307 330
307 960
307 762
307 486
307 348
307 754
307 579
307 830
307 964
307 711
307 596
307 633
308 476
308 667
308 546
308 572
308 344
308 308
308 841
308 616
308 515
308 917
308 445
308 326
308 861
309 534
309 798
309 927
309 549
309 427
309 663
309 979
309 804
309 941
309 557
309 334
310 517
310 393
310 415
310 946
310 496
310 625
310 998
310 828
310 395
310 472
310 702
310 717
310 963
311 402
311 673
311 687
311 574
311 363
311 580
311 614
311 776
311 953
311 709
311 311
311 612
311 323
311 339
311 463
312 421
312 551
312 944
312 312
312 652
312 675
312 692
312 586
312 634
313 935
313 643
313 772
313 535
313 924
313 788
313 437
313 619
313 441
313 511
313 961
313 973
314 513
314 314
314 719
314 891
314 748
314 903
314 444
314 847
314 502
314 980
315 559
315 632
315 965
315 914
315 678
315 573
315 495
315 315
315 433
315 854
316 774
316 904
316 396
316 781
316 533
316 797
316 435
316 567
316 316
316 459
316 785
316 955
316 321
316 873
316 766
317 796
317 822
317 951
317 844
317 476
317 623
317 571
317 726
317 470
317 728
317 710
317 505
317 380
317 722
318 424
318 681
318 827
318 741
318 450
318 318
318 817
318 885
318 821
318 808
318 897
319 446
319 405
319 539
319 579
319 793
319 465
319 970
319 319
319 851
319 752
319 633
320 903
320 660
320 438
320 320
320 719
320 891
320 847
320 513
320 354
320 460
321 771
321 774
321 904
321 533
321 936
321 686
321 567
321 785
321 321
321 656
321 472
321 873
321 356
321 488
322 816
322 778
322 465
322 900
322 432
322 968
322 991
322 701
322 561
322 923
323 673
323 953
323 709
323 976
323 574
323 580
323 776
323 340
323 338
323 339
323 870
323 614
323 374
324 403
324 664
324 792
324 540
324 945
324 836
324 442
324 537
324 379
324 707
324 829
324 346
324 702
325 516
325 645
325 601
325 742
325 853
325 865
325 852
325 467
325 725
325 751
326 667
326 445
326 344
326 884
326 628
326 389
326 572
326 515
326 861
326 758
327 943
327 434
327 790
327 327
327 345
327 493
327 802
327 334
327 718
328 525
328 782
328 917
328 440
328 831
328 889
328 462
328 502
328 920
328 328
328 612
328 975
329 926
329 770
329 387
329 385
329 518
329 529
329 729
329 906
329 335
329 626
329 458
329 333
329 987
330 520
330 794
330 830
330 711
330 583
330 596
330 330
330 754
330 633
330 762
331 524
331 646
331 914
331 433
331 819
331 965
331 430
331 925
331 573
331 413
331 512
332 908
332 523
332 658
332 672
332 932
332 683
332 815
332 482
332 986
332 664
332 342
333 387
333 385
333 529
333 458
333 987
333 378
333 729
333 518
333 444
333 335
333 768
334 663
334 549
334 427
334 833
334 804
334 798
334 979
334 436
335 863
335 770
335 387
335 626
335 729
335 458
335 529
335 906
335 385
335 610
335 768
336 902
336 675
336 682
336 816
336 944
336 692
336 375
336 642
336 439
336 551
336 605
337 519
337 908
337 799
337 416
337 418
337 605
337 337
337 749
337 757
337 756
338 414
338 809
338 886
338 487
338 338
338 622
338 464
338 543
338 773
338 658
338 368
338 872
338 952
339 776
339 580
339 870
339 574
339 363
339 374
339 614
340 776
340 687
340 953
340 709
340 402
340 340
340 673
340 976
340 631
340 870
341 899
341 910
341 912
341 659
341 446
341 835
341 974
341 600
341 761
341 348
342 523
342 658
342 545
342 932
342 672
342 454
342 425
342 358
342 810
342 986
343 355
343 394
343 775
343 645
343 516
343 865
343 343
343 392
344 515
344 546
344 956
344 841
344 667
344 884
344 616
344 977
344 555
345 790
345 800
345 802
345 426
345 434
345 697
345 753
345 651
345 493
345 631
346 664
346 792
346 540
346 677
346 423
346 442
346 537
346 360
346 346
346 351
346 623
347 648
347 527
347 913
347 859
347 499
347 541
347 738
347 750
347 347
347 558
347 715
348 520
348 905
348 657
348 538
348 830
348 711
348 794
348 633
348 486
349 867
349 649
349 524
349 569
349 834
349 349
349 381
350 641
350 898
350 786
350 447
350 581
350 950
350 995
350 982
350 881
350 617
351 403
351 537
351 540
351 829
351 707
351 365
351 664
351 379
351 677
351 360
351 792
351 646
352 525
352 917
352 831
352 975
352 473
352 462
352 502
352 806
352 612
352 356
352 595
353 517
353 909
353 522
353 946
353 828
353 702
353 393
353 353
353 521
353 415
353 888
353 998
353 496
354 671
354 547
354 590
354 598
354 863
354 461
354 901
354 779
354 765
354 789
354 354
354 670
354 677
355 644
355 922
355 420
355 422
355 820
355 448
355 706
355 849
355 479
355 676
355 627
355 545
355 602
356 782
356 920
356 612
356 356
356 848
356 401
356 383
356 831
356 440
356 502
356 806
356 803
356 889
357 901
357 851
357 730
357 867
357 547
357 598
357 704
357 765
357 361
357 868
357 357
358 584
358 523
358 683
358 815
358 454
358 597
358 986
358 362
358 640
358 693
359 519
359 416
359 966
359 604
359 757
359 490
359 359
359 706
359 508
359 639
359 377
359 405
359 900
360 783
360 792
360 537
360 423
360 945
360 829
360 707
360 836
360 485
361 779
361 789
361 671
361 547
361 461
361 590
361 851
361 863
361 867
361 704
361 601
361 372
361 905
362 826
362 408
362 545
362 932
362 425
362 815
362 454
362 597
362 986
363 776
363 687
363 976
363 614
363 870
363 673
363 402
363 498
364 790
364 802
364 943
364 449
364 718
364 800
364 434
364 631
364 958
365 392
365 403
365 664
365 537
365 677
365 423
365 945
365 792
365 707
365 573
366 515
366 389
366 546
366 690
366 572
366 841
366 934
366 616
366 667
366 771
366 884
367 923
367 814
367 952
367 621
367 587
367 894
367 684
368 773
368 577
368 972
368 622
368 886
368 464
368 935
368 368
368 590
368 891
368 484
369 897
369 390
369 653
369 397
369 930
369 857
369 746
369 926
369 369
369 465
370 398
370 544
370 419
370 824
370 826
370 838
370 978
370 981
370 727
370 737
370 705
371 994
371 923
371 952
371 480
371 894
371 562
371 684
371 814
371 920
372 779
372 590
372 851
372 863
372 730
372 868
372 867
372 461
372 372
373 679
373 553
373 564
373 955
373 988
373 492
373 759
373 373
374 402
374 953
374 574
374 976
374 687
374 776
375 652
375 805
375 421
375 586
375 902
375 576
375 439
375 675
375 816
375 634
375 642
375 543
376 772
376 788
376 915
376 924
376 674
376 437
376 961
376 457
376 973
376 624
376 535
376 448
377 391
377 777
377 661
377 668
377 669
377 611
377 879
377 983
377 406
377 803
377 842
377 636
378 385
378 518
378 906
378 529
378 987
378 506
378 378
378 610
378 768
379 526
379 403
379 792
379 540
379 677
379 423
379 829
379 707
379 379
379 772
380 655
380 555
380 940
380 693
380 712
380 846
380 731
380 478
380 651
380 692
381 649
381 832
381 834
381 744
381 638
381 524
381 395
381 892
381 441
382 530
382 432
382 561
382 947
382 839
382 968
382 747
382 475
382 385
383 525
383 401
383 917
383 920
383 806
383 440
383 831
383 473
383 993
383 889
383 491
383 987
384 795
384 939
384 428
384 698
384 878
384 629
384 933
384 469
385 770
385 987
385 529
385 626
385 458
385 385
385 516
385 906
386 970
386 405
386 531
386 568
386 594
386 539
386 579
386 793
386 778
386 784
386 752
387 646
387 906
387 529
387 729
387 387
387 770
387 518
387 458
388 903
388 780
388 741
388 827
388 450
388 388
388 989
388 424
388 875
388 821
388 867
388 808
388 703
389 515
389 884
389 445
389 389
389 616
389 628
389 934
389 690
389 841
389 560
389 667
389 572
389 732
390 926
390 860
390 787
390 930
390 857
390 390
390 807
390 653
390 716
390 764
390 397
390 566
390 609
391 636
391 669
391 391
391 777
391 842
391 879
391 734
391 607
391 983
391 484
391 661
391 406
391 668
391 592
392 816
392 652
392 421
392 805
392 675
392 902
392 944
392 692
392 634
392 551
392 682
392 439
392 586
392 597
393 517
393 717
393 522
393 395
393 521
393 647
393 654
393 415
393 828
393 998
393 625
394 552
394 516
394 742
394 655
394 601
394 852
394 853
394 588
394 467
394 865
395 828
395 702
395 496
395 946
395 395
395 415
395 717
395 625
396 904
396 873
396 533
396 435
396 785
396 686
396 488
396 774
396 781
396 869
396 766
396 459
396 411
396 656
396 936
397 634
397 653
397 926
397 397
397 787
397 880
397 807
397 764
397 500
397 680
397 930
397 721
397 857
397 609
397 658
397 855
398 727
398 856
398 874
398 962
398 981
398 838
398 409
398 494
398 419
398 544
398 444
398 826
398 978
398 737
398 996
399 820
399 557
399 941
399 798
399 491
399 663
399 833
399 927
399 979
399 929
399 427
399 887
399 574
399 815
400 866
400 481
400 688
400 949
400 431
400 700
400 713
400 429
400 400
400 823
400 556
400 818
400 937
400 593
400 994
401 824
401 473
401 440
401 993
401 889
401 502
401 462
401 401
401 975
401 853
401 917
401 831
402 776
402 574
402 687
402 673
402 580
402 402
402 614
403 423
403 829
403 403
403 836
403 677
403 537
403 815
403 664
403 540
403 945
403 442
404 404
404 871
404 942
404 722
404 452
404 951
404 897
404 476
404 505
404 728
404 844
404 931
404 571
404 470
405 784
405 531
405 752
405 970
405 465
405 793
405 539
405 579
405 594
405 620
406 703
406 661
406 669
406 758
406 842
406 734
406 636
406 406
406 803
406 592
406 484
406 504
407 407
407 755
407 843
407 471
407 614
407 971
407 469
407 483
408 658
408 815
408 482
408 425
408 683
408 986
408 523
408 799
408 932
408 454
409 737
409 419
409 409
409 874
409 727
409 856
409 978
409 981
409 960
409 826
409 838
409 585
409 739
409 888
410 783
410 665
410 466
410 489
410 410
410 864
410 825
410 630
410 967
410 845
410 811
410 695
410 708
410 743
411 918
411 503
411 542
411 778
411 606
411 680
411 552
411 412
411 801
412 918
412 662
412 801
412 778
412 896
412 510
412 412
412 542
412 883
412 552
412 635
412 493
413 649
413 413
413 638
413 696
413 591
413 893
413 524
413 710
413 832
413 834
413 821
414 773
414 809
414 577
414 886
414 507
414 543
414 485
414 599
414 563
414 972
414 579
415 909
415 828
415 625
415 946
415 702
415 496
415 517
415 785
416 418
416 799
416 966
416 604
416 490
416 512
416 605
416 749
416 756
417 923
417 684
417 760
417 587
417 814
417 456
417 985
417 477
417 417
417 740
417 952
417 621
418 519
418 908
418 799
418 977
418 756
418 531
418 605
418 757
418 717
419 919
419 544
419 888
419 739
419 824
419 494
419 978
419 727
419 737
419 826
419 962
419 585
419 687
420 922
420 676
420 479
420 420
420 497
420 644
420 543
420 699
420 448
420 706
420 745
420 509
420 942
420 452
421 642
421 902
421 652
421 675
421 805
421 421
421 439
421 576
422 644
422 676
422 706
422 850
422 948
422 922
422 627
422 820
422 849
422 585
422 699
423 792
423 677
423 537
423 423
423 836
423 591
423 442
423 707
424 780
424 694
424 817
424 741
424 989
424 453
424 875
424 827
424 681
424 808
424 821
424 450
424 428
425 888
425 545
425 932
425 454
425 523
425 683
425 425
425 736
425 815
425 986
426 774
426 790
426 802
426 434
426 697
426 753
426 449
426 763
427 927
427 549
427 833
427 979
427 491
427 557
427 804
427 541
427 941
427 862
428 795
428 595
428 732
428 723
428 685
428 698
428 689
429 536
429 937
429 556
429 429
429 992
429 443
429 593
429 818
429 603
429 670
429 431
429 688
429 949
429 994
430 666
430 925
430 678
430 929
430 573
430 914
430 819
430 559
430 646
430 999
430 632
431 536
431 921
431 937
431 431
431 603
431 949
431 823
431 713
431 443
431 481
431 637
431 959
432 530
432 916
432 475
432 991
432 999
432 839
432 497
433 646
433 929
433 678
433 819
433 495
433 632
433 925
433 965
433 854
433 512
434 790
434 800
434 802
434 943
434 434
434 631
434 753
434 895
434 697
434 493
435 448
435 656
435 785
435 533
435 797
435 686
435 904
435 869
435 771
435 567
435 472
435 685
435 997
435 488
436 664
436 650
436 928
436 554
436 558
436 740
436 463
436 957
436 911
436 654
436 615
436 468
436 498
437 788
437 535
437 938
437 772
437 441
437 961
437 511
437 624
437 954
437 457
438 660
438 719
438 444
438 565
438 891
438 438
439 642
439 902
439 652
439 551
439 944
439 692
439 634
439 816
439 805
439 989
439 586
440 525
440 782
440 920
440 806
440 502
440 473
440 612
440 848
440 462
440 749
440 831
440 889
441 915
441 674
441 535
441 457
441 441
441 954
441 961
441 973
441 619
441 511
442 792
442 945
442 540
442 677
442 836
442 707
443 536
443 921
443 937
443 818
443 949
443 823
443 556
443 481
443 603
443 637
443 700
443 713
443 621
443 657
444 565
444 460
444 501
444 660
444 847
444 719
444 748
444 980
444 621
445 546
445 934
445 690
445 667
445 884
445 572
445 861
445 515
445 956
445 712
445 841
446 727
446 899
446 910
446 912
446 761
446 600
446 578
446 974
446 736
447 641
447 898
447 950
447 959
447 617
447 447
447 982
447 995
447 800
447 858
448 644
448 922
448 948
448 699
448 706
448 676
448 820
448 509
448 497
448 784
448 482
449 523
449 800
449 802
449 943
449 697
449 718
449 631
449 790
449 666
449 493
449 753
450 780
450 681
450 817
450 694
450 827
450 703
450 837
450 821
450 453
450 875
451 648
451 527
451 876
451 882
451 767
451 750
451 890
451 990
451 451
451 1000
452 897
452 931
452 571
452 505
452 871
452 722
452 623
452 710
452 796
452 728
452 731
453 808
453 821
453 694
453 817
453 681
453 885
453 780
453 924
454 773
454 523
454 672
454 815
454 597
454 882
455 602
455 971
455 843
455 800
455 483
456 814
456 562
456 621
456 952
456 477
456 760
456 594
456 985
456 795
457 643
457 772
457 938
457 954
457 961
457 924
457 535
458 906
458 626
458 458
458 506
458 768
458 610
458 729
458 987
459 487
459 774
459 904
459 785
459 936
459 459
459 997
459 472
459 680
459 869
460 936
460 513
460 660
460 980
460 748
460 606
460 719
460 607
460 515
461 593
461 901
461 789
461 671
461 704
461 765
461 867
461 461
461 598
461 590
461 730
461 918
462 525
462 920
462 806
462 831
462 462
462 473
462 612
462 502
462 975
462 848
462 993
462 889
463 650
463 911
463 548
463 554
463 566
463 570
463 498
463 740
463 969
463 907
463 468
464 608
464 773
464 935
464 809
464 577
464 487
464 886
464 485
464 507
464 593
464 599
465 536
465 784
465 531
465 970
465 752
465 579
465 568
465 733
466 811
466 695
466 825
466 575
466 967
466 714
466 466
466 630
467 516
467 645
467 775
467 601
467 742
467 467
467 883
468 650
468 907
468 911
468 554
468 969
468 498
468 468
468 957
468 615
468 766
469 769
469 514
469 724
469 602
469 843
470 897
470 931
470 951
470 571
470 623
470 871
470 476
470 722
470 728
471 560
471 724
471 763
471 755
471 602
471 769
471 903
471 483
472 771
472 774
472 766
472 904
472 781
472 567
472 936
472 869
472 997
473 782
473 917
473 920
473 473
473 502
473 658
473 993
474 773
474 543
474 935
474 809
474 563
474 577
474 599
474 507
474 836
475 900
475 530
475 916
475 791
475 561
475 947
475 701
475 839
475 968
475 999
475 747
476 549
476 796
476 942
476 571
476 722
476 728
476 897
476 931
476 822
476 505
477 814
477 562
477 587
477 684
477 952
477 581
477 480
478 693
478 705
478 588
478 812
478 940
478 712
478 478
478 651
479 644
479 948
479 820
479 699
479 849
479 676
479 850
479 497
479 685
479 745
479 509
480 627
480 776
480 814
480 952
480 923
480 488
480 894
481 921
481 556
481 818
481 949
481 700
481 713
481 603
481 992
481 637
481 602
481 866
481 511
482 523
482 658
482 672
482 683
482 597
482 545
482 932
482 482
483 763
483 514
483 724
483 539
484 668
484 669
484 592
484 983
484 611
484 607
484 661
484 484
484 640
484 613
484 504
484 636
484 800
485 773
485 543
485 935
485 563
485 577
485 507
486 862
486 672
486 520
486 905
486 657
486 794
486 830
486 960
486 711
486 908
487 935
487 577
487 773
487 599
487 563
487 886
487 622
487 516
488 771
488 774
488 904
488 781
488 869
488 686
488 936
488 873
488 848
488 834
488 803
488 721
489 700
489 665
489 864
489 967
489 783
489 984
489 582
489 714
489 630
490 908
490 799
490 604
490 966
490 749
490 490
490 811
490 508
490 639
491 534
491 663
491 798
491 804
491 557
491 833
491 862
491 927
492 679
492 560
492 955
492 584
492 725
492 608
492 759
492 580
493 790
493 800
493 802
493 697
493 943
493 718
493 753
494 919
494 838
494 585
494 981
494 739
494 874
494 544
494 494
494 697
495 646
495 914
495 678
495 573
495 512
495 854
495 495
495 829
495 632
496 517
496 647
496 521
496 909
496 946
496 998
496 620
496 625
497 644
497 922
497 676
497 699
497 745
497 948
497 497
497 965
497 509
498 654
498 911
498 928
498 548
498 566
498 969
498 907
498 650
498 615
498 968
499 612
499 648
499 913
499 541
499 876
499 750
499 882
499 767
499 1000
499 545
500 926
500 930
500 746
500 807
500 787
500 609
500 860
500 504
501 903
501 660
501 565
501 719
501 748
501 501
502 525
502 917
502 806
502 975
502 848
502 993
502 612
502 695
503 532
503 918
503 801
503 896
503 552
503 635
503 778
503 542
503 840
503 720
503 813
503 937
504 803
504 611
504 879
504 613
504 983
504 504
504 758
504 636
504 939
505 796
505 951
505 571
505 722
505 728
505 931
505 731
505 858
506 770
506 906
506 729
506 610
506 518
507 935
507 563
507 972
507 599
507 622
507 886
507 543
508 519
508 908
508 977
508 749
508 604
508 966
508 757
509 676
509 706
509 849
509 644
509 948
509 627
509 536
510 918
510 662
510 813
510 606
510 872
510 840
510 896
510 801
510 597
511 977
511 772
511 535
511 674
511 954
511 973
511 938
511 915
511 624
511 961
512 646
512 678
512 559
512 965
512 854
512 726
513 679
513 513
513 847
513 903
513 660
513 535
513 719
513 748
514 769
514 843
514 724
514 755
514 602
514 971
514 889
515 934
515 690
515 515
515 572
515 861
515 546
515 667
516 775
516 742
516 751
516 516
516 655
516 852
516 865
516 645
517 625
517 828
517 647
517 909
517 521
517 522
517 946
517 702
517 717
517 998
518 770
518 610
518 768
518 906
518 626
518 529
518 987
518 729
519 908
519 605
519 977
519 799
519 604
519 757
520 596
520 583
520 754
520 964
520 520
520 538
520 960
520 711
520 762
521 717
521 647
521 702
521 828
521 521
521 998
521 522
522 799
522 647
522 909
522 828
522 946
522 941
522 702
522 717
522 998
523 597
523 545
523 932
523 658
523 683
523 753
524 528
524 569
524 892
524 649
524 591
524 744
524 834
524 638
525 525
525 806
525 920
525 975
525 612
525 623
525 752
526 910
526 974
526 899
526 736
526 835
526 526
526 912
526 659
526 578
527 648
527 859
527 750
527 527
527 1000
527 876
527 541
527 738
527 906
528 591
528 569
528 892
528 744
528 649
528 696
528 832
528 834
529 529
529 770
529 610
529 729
529 960
530 791
530 916
530 701
530 900
530 806
530 947
530 968
530 991
530 999
530 747
531 750
531 531
531 579
531 620
531 733
531 784
531 752
531 568
531 907
531 539
531 594
532 688
532 778
532 532
532 635
532 552
532 542
532 662
532 680
532 918
532 801
532 813
532 720
533 771
533 774
533 785
533 904
533 656
533 686
533 567
533 873
533 766
533 797
533 936
533 997
534 534
534 557
534 862
534 833
534 798
534 887
534 941
534 663
534 549
535 643
535 772
535 915
535 954
535 973
535 938
535 924
536 536
536 688
536 700
536 992
536 593
536 937
536 556
536 818
537 792
537 677
537 664
537 537
537 707
538 905
538 633
538 964
538 762
538 960
538 583
538 714
538 794
538 711
539 793
539 539
539 752
539 970
539 594
539 784
539 927
539 733
540 792
540 945
540 829
540 677
540 836
540 548
541 859
541 876
541 767
541 913
541 983
541 750
542 778
542 662
542 680
542 801
542 542
542 918
542 872
542 813
542 720
543 773
543 622
543 809
543 972
543 886
543 577
543 832
544 544
544 737
544 838
544 888
544 826
544 962
544 739
544 647
544 978
544 727
545 658
545 672
545 545
545 815
546 956
546 861
546 628
546 667
546 884
546 841
546 944
546 934
546 572
547 992
547 789
547 671
547 867
547 779
547 868
547 730
547 547
547 590
547 863
547 570
548 907
548 554
548 957
548 740
548 650
548 654
548 911
548 570
548 969
548 558
548 566
549 663
549 798
549 804
549 887
549 557
549 862
549 979
550 725
550 608
550 560
550 553
550 564
550 810
550 759
550 584
550 679
550 681
551 902
551 675
551 551
551 642
551 692
551 816
551 805
551 576
551 615
551 682
552 918
552 680
552 552
552 606
552 720
552 896
552 840
552 872
552 792
553 679
553 584
553 988
553 725
553 608
553 955
553 810
553 560
553 759
553 790
554 650
554 911
554 554
554 740
554 907
554 957
555 712
555 693
555 958
555 963
555 588
555 735
555 589
555 846
555 812
555 940
555 691
555 705
555 715
556 921
556 603
556 713
556 823
556 700
556 937
556 556
556 818
556 979
556 688
556 593
556 992
556 994
557 798
557 927
557 833
557 862
557 941
557 887
557 584
558 604
558 650
558 907
558 654
558 911
558 740
558 558
558 570
559 665
559 914
559 925
559 929
559 819
559 666
559 965
559 678
560 810
560 955
560 679
560 564
560 584
560 759
561 916
561 947
561 839
561 561
561 791
561 991
561 573
562 923
562 814
562 684
562 562
562 894
562 587
562 760
562 683
562 907
563 935
563 809
563 599
563 577
563 646
564 679
564 725
564 810
564 564
564 742
564 667
565 980
565 660
565 891
565 748
565 903
565 719
565 920
566 969
566 570
566 911
566 928
566 654
566 788
567 904
567 781
567 656
567 936
567 686
567 567
567 774
567 797
567 743
567 766
568 745
568 793
568 970
568 784
568 568
568 620
569 893
569 638
569 744
569 832
569 591
569 701
569 834
569 589
570 749
570 793
570 610
570 650
570 654
570 740
570 615
570 957
570 969
571 942
571 571
571 710
571 726
571 951
571 926
571 871
572 667
572 934
572 690
572 956
572 628
572 603
572 841
573 873
573 743
573 666
573 929
573 678
573 646
573 914
573 819
573 691
573 965
573 854
573 625
574 673
574 687
574 953
574 580
574 776
574 976
574 870
574 709
574 614
574 769
575 783
575 670
575 811
575 825
575 864
575 582
575 695
575 665
575 984
575 708
575 973
575 943
576 642
576 805
576 816
576 944
576 586
576 675
576 576
576 818
577 773
577 886
577 599
577 822
577 972
578 910
578 899
578 912
578 835
578 578
579 866
579 784
579 970
579 579
579 733
579 620
580 776
580 673
580 953
580 842
580 709
580 614
581 641
581 950
581 581
581 995
581 877
581 881
581 845
581 803
581 982
581 617
582 783
582 825
582 708
582 967
582 811
582 743
582 665
582 984
582 864
582 831
583 917
583 905
583 794
583 960
583 964
583 711
583 596
583 657
583 983
583 802
584 679
584 584
585 824
585 826
585 888
585 919
585 996
585 856
585 585
585 837
586 642
586 675
586 805
586 682
586 816
586 902
586 634
586 859
587 666
587 684
587 894
587 814
587 760
587 587
588 651
588 940
588 691
588 963
588 715
588 735
588 731
588 627
588 589
588 846
589 651
589 691
589 693
589 958
589 712
589 589
590 789
590 901
590 704
590 851
590 730
590 590
590 598
590 863
590 868
591 649
591 834
591 744
591 893
591 854
592 725
592 777
592 661
592 668
592 669
592 842
592 803
592 607
592 640
592 734
592 758
592 903
592 983
592 950
593 921
593 818
593 949
593 823
593 713
593 937
593 992
593 866
593 637
594 931
594 784
594 793
594 620
594 981
594 752
595 795
595 933
595 939
595 685
595 698
595 629
595 723
595 732
596 657
596 711
596 830
596 754
596 960
596 964
597 658
597 672
597 932
597 815
597 986
598 921
598 901
598 779
598 704
598 598
598 730
598 863
598 867
598 780
598 733
599 935
599 972
599 809
599 823
600 910
600 659
600 835
600 974
600 600
600 943
600 761
601 645
601 852
601 853
601 865
601 806
601 751
602 769
602 724
602 971
602 763
603 921
603 688
603 949
603 713
603 994
603 866
603 818
603 773
604 908
604 799
604 966
604 604
604 749
604 605
605 908
605 966
605 639
605 757
605 756
606 648
606 813
606 840
606 872
606 778
606 720
606 635
606 641
607 777
607 661
607 668
607 669
607 803
607 734
607 611
607 607
607 758
607 983
608 955
608 988
608 679
608 810
608 662
609 653
609 787
609 926
609 721
609 857
609 716
609 930
609 807
609 618
609 636
609 880
610 729
610 626
610 610
610 906
610 768
611 777
611 668
611 842
611 734
611 613
611 758
611 661
611 636
612 917
612 806
612 848
612 993
612 920
612 630
613 955
613 777
613 668
613 734
613 640
613 803
613 983
613 879
613 613
613 880
614 687
614 614
614 925
615 893
615 650
615 654
615 928
615 957
616 948
616 667
616 690
616 956
616 628
616 861
616 841
616 635
617 641
617 950
617 895
617 881
617 877
617 670
618 807
618 721
618 857
618 787
618 653
618 860
618 926
618 716
618 618
618 764
619 643
619 788
619 915
619 674
619 954
619 624
619 772
619 973
619 619
620 620
620 629
621 684
621 814
621 952
621 985
622 809
622 972
622 886
622 622
623 897
623 796
623 931
623 942
623 822
623 844
623 728
624 922
624 643
624 915
624 674
624 938
624 961
624 772
624 624
625 647
625 909
625 717
625 998
625 625
626 840
626 884
626 729
626 987
626 768
627 922
627 820
627 706
627 850
627 849
627 644
627 875
628 892
628 741
628 934
628 841
628 861
629 885
629 860
629 795
629 939
629 689
629 933
630 670
630 708
630 714
630 984
630 743
631 753
631 718
631 697
631 943
631 771
632 646
632 914
632 678
632 819
632 929
632 854
632 925
632 840
633 657
633 830
633 964
633 794
633 905
634 642
634 652
634 805
634 682
634 816
634 675
635 778
635 662
635 813
635 720
635 840
635 801
635 918
635 904
635 729
636 669
636 803
636 842
636 983
636 661
636 777
637 921
637 823
637 637
637 949
637 818
638 649
638 832
638 744
638 893
638 834
638 783
639 908
639 756
639 639
639 749
639 864
640 777
640 669
640 803
640 734
640 879
640 842
640 640
640 661
640 895
641 959
641 895
641 995
641 845
641 898
641 982
641 877
641 786
641 950
641 858
642 675
642 682
642 652
642 944
642 642
642 692
643 961
643 772
643 924
643 954
643 999
643 973
644 948
644 850
644 706
644 699
645 865
645 852
645 751
645 775
645 742
645 655
645 853
646 646
646 666
646 854
646 819
646 925
646 678
647 946
647 909
647 647
647 717
647 828
647 702
648 890
648 648
648 1000
648 882
648 913
648 859
648 990
648 738
649 649
649 892
649 696
649 893
650 957
650 654
650 969
650 911
650 928
651 738
651 691
651 812
651 735
651 963
651 846
651 850
651 940
651 712
652 902
652 682
652 675
652 944
652 692
652 828
653 787
653 653
653 716
653 880
653 721
653 860
653 930
653 807
653 746
654 907
654 654
654 969
654 928
654 911
654 901
654 740
655 775
655 742
655 852
655 853
655 751
656 771
656 774
656 997
656 785
656 656
656 766
656 936
656 781
656 873
656 733
657 905
657 762
657 830
657 960
657 794
657 754
658 683
659 962
659 835
659 910
659 736
659 829
660 891
660 903
660 748
660 980
660 719
660 972
660 934
661 777
661 842
661 668
661 758
661 669
661 803
661 734
661 879
662 778
662 872
662 801
662 720
662 840
662 680
662 813
663 798
663 862
663 833
663 721
663 804
663 941
663 887
664 707
664 836
664 664
664 677
664 697
665 783
665 967
665 864
665 695
665 665
665 708
665 670
665 743
665 984
666 914
666 854
666 666
666 965
666 678
667 934
667 861
667 884
667 956
667 690
667 841
668 777
668 758
668 734
668 668
668 669
668 842
668 983
668 879
669 842
669 758
669 803
669 983
669 734
669 764
670 708
670 825
670 864
670 783
670 714
670 695
670 967
670 984
670 911
671 901
671 789
671 779
671 851
671 863
671 765
671 868
672 683
672 672
672 815
673 709
673 687
673 870
673 976
674 973
674 674
674 938
674 924
674 915
674 884
674 954
675 902
675 682
675 805
675 944
676 745
676 922
676 948
676 706
676 676
676 820
676 699
676 849
676 723
677 945
677 707
678 914
678 925
678 819
678 965
678 854
679 988
679 810
679 759
679 955
679 725
680 778
680 918
680 872
680 680
680 896
680 813
681 780
681 741
681 808
681 681
681 875
681 821
681 817
681 694
681 837
681 885
681 683
682 805
682 944
682 816
682 760
682 692
683 925
683 683
683 986
684 760
684 985
684 923
684 684
684 894
685 933
685 939
685 732
685 867
686 797
686 936
686 904
686 869
686 774
686 873
686 771
686 785
686 874
686 997
686 933
687 776
687 953
687 870
687 692
688 823
688 688
688 866
688 994
688 937
688 992
688 818
688 713
689 933
689 939
689 723
689 698
689 872
689 732
690 801
690 934
690 956
691 712
691 735
691 940
691 846
691 693
691 958
691 705
692 902
692 805
692 944
692 816
693 940
693 958
693 846
693 715
693 731
693 963
694 780
694 817
694 741
694 694
694 885
694 827
694 808
694 880
695 783
695 811
695 714
695 825
695 864
695 967
695 743
696 744
696 892
696 893
696 696
697 720
697 790
697 800
698 939
698 855
698 698
698 723
698 732
699 922
699 820
699 745
699 849
699 850
699 909
700 921
700 937
700 823
700 949
700 992
700 866
701 760
701 916
701 947
701 747
701 701
701 880
701 839
701 968
701 999
703 808
703 827
703 875
703 885
703 780
703 817
703 741
703 989
703 837
704 851
704 789
704 730
704 779
704 901
704 868
704 704
704 867
704 765
705 785
705 958
705 963
705 715
705 731
705 735
705 812
705 846
706 922
706 850
706 849
706 820
707 829
707 707
708 714
708 708
708 884
708 984
708 743
709 776
709 953
709 847
710 796
710 942
710 822
710 951
710 844
710 726
710 722
710 927
711 796
711 754
711 905
712 958
712 963
712 731
712 846
712 715
712 940
713 937
713 823
713 818
713 949
713 994
713 866
714 783
714 811
714 825
714 864
715 812
715 940
715 958
715 731
715 846
716 930
716 807
716 716
716 860
716 746
716 857
716 880
716 764
717 717
718 811
718 943
718 800
718 753
719 903
719 891
719 946
720 918
720 896
720 813
720 778
720 720
720 872
721 926
721 807
721 764
721 746
721 930
721 860
722 765
722 796
722 942
722 844
722 728
722 871
723 795
723 939
723 878
723 723
724 769
724 843
724 763
724 755
724 971
724 724
725 759
725 988
725 810
725 955
726 897
726 796
726 942
726 822
726 844
726 726
726 728
726 931
726 776
727 919
727 824
727 826
727 978
727 856
727 737
727 874
728 822
728 951
728 897
728 871
728 940
729 770
729 987
729 768
730 901
730 779
730 912
730 868
730 765
731 879
731 812
731 940
731 963
731 735
732 933
732 855
733 784
733 970
733 793
733 752
734 777
734 842
734 884
734 879
735 812
735 958
735 963
735 940
735 882
736 899
736 910
736 912
736 789
737 919
737 826
737 962
737 856
737 996
737 739
737 874
737 888
737 916
738 913
738 990
738 1000
738 750
738 890
738 876
739 826
739 962
739 838
739 856
739 981
739 739
739 874
740 928
740 968
740 877
741 821
741 827
741 989
741 885
741 875
741 780
742 775
742 853
742 865
742 883
743 783
743 967
743 825
743 984
744 832
744 893
744 892
745 948
745 849
745 820
745 850
746 746
746 857
747 864
747 947
747 999
747 747
748 903
748 847
748 891
748 754
749 756
749 977
749 757
749 966
750 913
750 767
751 852
751 853
751 883
751 775
751 816
752 784
752 793
753 790
753 943
753 800
754 794
754 830
754 964
754 905
754 762
755 769
755 843
755 755
755 972
756 908
756 799
756 966
756 977
756 757
757 908
757 799
757 757
758 777
758 803
758 983
758 879
759 927
760 923
760 814
760 952
761 899
761 910
761 912
761 974
761 761
762 964
762 905
762 960
763 843
763 971
763 769
763 879
764 787
764 926
764 930
764 807
764 857
765 901
765 779
765 789
765 868
765 851
765 765
766 771
766 774
766 904
766 781
766 797
766 766
767 882
767 1000
767 913
767 876
767 928
768 770
768 906
768 899
769 775
769 971
769 769
770 770
770 906
770 987
771 781
771 997
771 936
771 785
771 797
771 771
771 904
772 788
772 915
772 938
772 772
772 924
772 961
773 886
773 935
773 809
774 785
774 869
774 873
774 997
774 904
774 797
775 953
775 883
775 865
775 852
775 853
775 881
776 953
776 870
776 976
777 879
777 878
777 803
778 850
778 840
778 918
778 778
778 896
778 872
779 901
779 789
779 868
779 851
779 779
779 863
780 821
780 780
780 885
780 808
780 837
780 989
781 904
781 781
781 785
781 797
781 997
781 873
781 869
782 848
782 975
782 920
782 917
782 782
782 806
782 831
782 993
782 970
783 967
783 864
783 984
783 811
783 787
784 784
784 938
785 848
785 869
785 873
785 904
785 936
785 1000
786 789
786 858
786 950
786 995
786 959
786 786
786 881
787 825
787 880
787 930
787 860
787 926
787 857
788 954
788 915
788 924
788 788
788 961
788 938
789 863
789 851
789 789
789 867
790 802
790 800
790 943
791 916
791 999
791 839
791 991
791 900
792 792
792 829
793 841
793 970
793 793
794 794
794 905
794 960
794 964
794 830
795 878
795 855
795 933
795 939
796 897
796 822
796 931
796 871
797 904
797 936
797 797
797 873
798 833
798 887
798 862
798 941
798 804
798 979
799 966
799 908
799 977
800 874
800 914
800 800
800 943
801 918
801 801
801 896
801 840
802 956
802 802
802 943
803 983
803 803
803 879
803 999
804 927
804 941
804 979
804 862
804 887
805 902
805 816
806 889
806 848
806 975
807 926
807 880
807 860
807 839
808 821
808 827
808 817
808 885
809 935
809 809
809 869
810 810
811 811
811 967
811 864
811 984
812 940
812 812
812 963
812 958
813 896
813 872
813 840
813 918
814 923
814 952
814 894
815 986
816 902
816 816
817 890
817 875
817 827
817 817
818 921
818 994
818 949
818 937
818 818
819 914
819 929
819 965
820 922
820 850
820 849
821 885
821 837
821 875
821 989
822 897
822 931
822 942
822 926
822 951
822 844
823 937
823 921
824 919
824 996
824 962
824 826
824 888
824 838
824 978
825 825
825 864
826 856
826 981
826 978
826 888
826 974
827 885
827 837
827 989
827 971
828 946
828 998
829 851
830 905
830 964
830 960
831 917
831 920
831 848
831 993
831 978
831 889
832 893
832 990
833 927
833 833
833 862
834 893
834 892
835 980
835 899
835 912
836 945
837 989
837 837
838 981
838 996
838 874
838 856
838 888
838 859
838 978
839 900
839 916
839 947
839 999
840 918
840 840
840 896
840 872
841 861
841 884
842 842
842 844
842 983
843 971
843 962
844 978
844 886
844 897
844 931
844 951
844 876
845 950
845 881
845 895
845 995
845 877
845 982
845 845
846 940
846 963
847 903
847 945
848 917
848 889
848 975
848 848
848 920
849 849
849 922
850 948
850 850
851 901
851 868
851 867
852 865
852 883
852 853
854 914
854 929
854 854
855 939
855 855
855 878
856 919
856 888
856 981
856 932
856 874
857 926
857 857
858 898
858 950
858 881
858 877
858 895
858 995
859 927
859 913
859 990
859 1000
859 876
859 882
859 890
860 930
860 860
861 956
861 934
862 927
862 979
862 887
863 901
865 896
865 883
865 961
866 937
866 949
866 992
866 994
866 954
867 901
867 868
869 936
869 997
870 870
871 897
871 951
873 904
873 936
874 919
874 978
874 981
874 962
874 888
875 875
875 885
875 991
876 882
876 913
876 890
876 990
876 876
877 898
877 950
877 959
877 982
877 895
878 933
878 939
878 878
878 964
880 972
880 926
881 982
881 995
881 950
882 913
882 990
882 882
883 901
884 956
886 972
887 887
888 962
888 996
888 978
889 917
889 993
890 913
890 990
890 890
891 980
891 903
892 892
893 982
894 923
894 985
894 987
895 898
895 959
895 982
897 951
897 942
897 931
898 898
898 982
898 950
898 995
899 899
899 974
899 941
900 999
900 900
900 947
900 916
900 968
900 991
901 901
902 944
902 902
903 903
904 904
904 997
905 960
905 964
905 905
906 987
907 986
907 907
907 969
907 928
908 966
908 908
909 909
909 946
910 912
910 974
911 969
911 911
911 928
911 957
913 1000
913 913
913 990
914 914
914 925
914 929
915 973
915 938
915 924
916 947
916 916
916 968
916 991
917 920
917 975
917 993
918 918
919 981
919 962
919 919
919 996
920 975
920 920
921 992
921 937
921 949
922 922
922 948
923 952
923 923
924 961
924 924
924 954
924 973
925 929
925 925
926 930
928 969
929 929
931 951
931 931
931 942
932 932
932 986
933 933
934 934
935 935
937 994
937 992
937 949
938 961
940 958
941 979
941 941
942 951
943 947
946 946
947 968
947 999
948 948
949 994
950 959
950 982
950 995
952 952
952 985
953 976
954 954
955 988
956 956
957 957
959 995
959 982
962 978
962 962
962 981
964 964
966 966
966 973
966 977
967 984
967 998
968 999
968 991
969 969
970 970
972 988
972 972
974 974
975 996
976 976
977 977
978 996
981 981
982 982
985 985
986 986
990 990
991 991
991 999
992 992
992 994
993 993
994 994
996 996
997 997
1000 1000
