200 1237
1 155
1 66
1 12
1 178
1 80
1 50
1 32
1 153
1 190
1 75
1 143
1 146
1 157
1 34
1 174
1 182
1 101
1 74
2 95
2 118
2 83
2 155
2 61
2 133
2 67
2 189
2 145
2 30
2 191
2 68
2 116
2 20
3 137
3 51
3 14
3 26
3 38
3 7
3 130
3 27
3 4
3 200
3 151
3 25
3 53
4 195
4 25
4 51
4 26
4 5
4 152
4 7
4 151
4 166
4 14
4 21
4 105
4 140
5 176
5 15
5 151
5 137
5 5
5 169
5 38
5 41
5 26
5 27
5 29
6 18
6 198
6 69
6 88
6 140
6 84
6 74
6 48
6 121
6 55
6 20
6 78
7 135
7 21
7 130
7 154
7 51
7 149
7 7
7 14
7 169
7 128
8 136
8 184
8 69
8 132
8 48
8 87
8 198
8 84
8 18
8 175
8 194
8 85
9 129
9 10
9 64
9 108
9 42
9 189
9 67
9 113
9 116
9 41
9 13
9 142
9 155
9 61
9 68
10 10
10 133
10 108
10 13
10 64
10 145
10 129
10 183
10 189
10 191
10 94
10 113
10 157
10 147
11 187
11 179
11 86
11 123
11 126
11 180
11 172
11 164
11 104
11 30
11 159
11 31
11 54
11 60
11 65
11 95
11 114
12 66
12 22
12 76
12 91
12 50
12 190
12 139
12 40
12 113
12 29
12 32
12 34
12 174
12 188
13 151
13 129
13 83
13 64
13 108
13 68
13 114
13 98
13 142
13 200
13 71
14 130
14 21
14 169
14 51
14 38
14 128
14 198
14 15
14 149
14 26
14 154
15 130
15 135
15 151
15 154
15 152
15 137
15 149
15 104
15 27
15 117
15 109
16 134
16 138
16 195
16 59
16 16
16 19
16 199
16 102
16 127
16 24
16 185
16 57
17 150
17 158
17 110
17 93
17 122
17 56
17 103
17 192
17 107
17 68
17 23
17 47
17 196
17 75
18 172
18 85
18 197
18 78
18 18
18 30
18 26
19 90
19 134
19 45
19 185
19 166
19 77
19 39
19 161
19 172
19 165
19 57
20 132
20 20
20 136
20 97
20 184
20 36
20 197
20 194
20 69
20 84
20 88
21 135
21 21
21 27
21 137
21 128
21 45
21 105
21 117
21 145
21 158
22 189
22 146
22 148
22 153
22 66
22 50
22 167
22 157
22 68
22 32
22 182
22 80
23 40
23 110
23 156
23 75
23 175
23 62
23 122
23 53
23 157
23 56
23 103
23 107
24 138
24 90
24 45
24 102
24 166
24 57
24 134
24 59
24 137
24 160
24 161
24 55
24 77
24 120
24 113
24 182
25 151
25 152
25 51
25 124
25 135
25 38
25 25
25 117
26 144
26 151
26 149
26 26
26 64
26 105
26 117
26 50
26 91
27 135
27 144
27 128
27 130
27 137
27 99
27 169
27 173
28 138
28 39
28 28
28 195
28 55
28 165
28 131
28 120
28 48
28 160
28 59
28 61
29 146
29 153
29 50
29 29
29 139
29 188
29 143
29 157
29 32
29 174
30 86
30 132
30 140
30 141
30 198
30 121
30 91
30 48
30 194
31 95
31 58
31 123
31 111
31 115
31 65
31 187
31 96
31 192
31 176
31 49
31 180
31 119
31 171
32 139
32 167
32 188
32 157
32 34
32 85
32 178
32 80
32 91
32 101
32 186
33 188
33 162
33 163
33 168
33 73
33 89
33 177
33 35
33 43
33 107
33 37
33 171
34 148
34 146
34 139
34 34
34 153
34 90
34 167
34 66
34 80
35 67
35 147
35 37
35 162
35 186
35 177
35 41
35 163
35 198
35 173
35 183
36 141
36 88
36 121
36 63
36 69
36 97
36 36
36 82
36 84
37 147
37 81
37 168
37 183
37 173
37 163
37 72
37 37
37 177
37 186
37 100
38 164
38 130
38 144
38 152
38 154
38 103
38 117
38 148
38 197
38 193
39 134
39 138
39 165
39 166
39 120
39 59
39 77
39 167
39 195
39 199
40 139
40 153
40 167
40 40
40 178
40 174
40 188
41 47
41 147
41 72
41 177
41 100
41 163
41 182
41 170
42 133
42 61
42 64
42 68
42 106
42 155
42 114
42 67
42 91
42 116
43 147
43 162
43 168
43 109
43 173
43 177
43 79
43 170
43 53
43 171
43 46
43 186
43 81
44 174
44 150
44 156
44 158
44 70
44 196
44 175
44 125
44 75
44 162
44 122
45 131
45 98
45 55
45 102
45 90
45 120
45 195
45 137
45 199
46 136
46 147
46 170
46 171
46 162
46 173
46 186
46 112
46 145
46 193
46 89
47 135
47 110
47 56
47 181
47 92
47 156
47 103
47 71
47 62
47 107
47 125
48 132
48 88
48 184
48 198
48 85
48 180
48 74
49 159
49 172
49 115
49 111
49 104
49 179
49 65
49 95
49 66
49 180
49 58
49 187
49 86
49 96
49 123
50 146
50 148
50 153
50 91
50 182
50 76
50 80
51 135
51 154
51 169
51 144
51 96
51 105
51 69
52 131
52 165
52 98
52 160
52 161
52 90
52 166
52 77
52 138
52 188
52 185
52 133
53 96
53 175
53 93
53 103
53 181
53 110
53 82
53 192
53 56
53 71
53 125
54 159
54 172
54 58
54 126
54 95
54 96
54 164
54 119
54 93
54 104
54 115
54 123
55 131
55 138
55 166
55 55
55 185
55 127
55 199
56 121
56 181
56 56
56 192
56 191
56 71
56 125
57 160
57 185
57 102
57 90
57 161
57 98
57 168
57 82
58 123
58 104
58 187
58 95
58 96
58 60
58 90
58 99
59 98
59 131
59 90
59 161
59 120
59 189
59 195
59 122
60 159
60 176
60 179
60 111
60 164
60 123
60 126
60 192
60 99
60 119
60 64
61 98
61 133
61 142
61 64
61 68
61 155
61 191
61 108
61 97
61 125
62 156
62 192
62 70
62 196
62 122
62 82
62 62
62 103
62 110
63 124
63 132
63 140
63 141
63 74
63 184
63 97
63 63
63 194
63 78
63 87
63 88
63 121
64 145
64 191
64 142
64 94
65 179
65 180
65 123
65 86
65 65
65 92
65 104
65 115
65 119
66 157
66 174
66 190
66 66
67 102
67 120
67 129
67 133
67 142
67 118
67 83
67 94
67 196
68 129
68 106
68 189
68 108
68 171
68 113
68 150
69 136
69 140
69 197
69 84
69 198
69 78
69 85
70 141
70 150
70 75
70 70
70 93
70 125
70 144
70 71
70 110
71 181
71 92
71 107
71 192
71 156
71 122
72 137
72 170
72 89
72 72
72 162
72 81
72 134
72 73
72 79
72 100
73 138
73 163
73 170
73 171
73 173
73 162
73 109
73 129
73 81
73 100
74 132
74 141
74 136
74 121
74 74
74 78
74 84
75 88
75 150
75 196
75 93
75 166
75 103
75 110
76 128
76 83
76 139
76 157
76 182
76 190
76 146
76 112
77 160
77 185
77 195
77 199
77 90
77 128
77 120
78 132
78 88
78 121
78 184
78 187
78 85
78 87
78 79
79 108
79 168
79 173
79 162
79 183
79 81
79 171
79 89
79 109
80 153
80 178
80 188
80 80
81 147
81 171
81 186
81 163
81 137
82 166
82 146
82 156
82 196
82 82
82 107
83 129
83 118
83 106
83 155
83 114
83 142
83 101
84 132
84 141
84 198
84 105
84 87
84 100
85 197
85 97
85 132
85 98
85 88
86 172
86 176
86 180
86 96
86 115
86 104
86 99
86 111
86 119
87 136
87 194
87 87
87 184
87 166
88 132
88 184
89 192
89 147
89 177
89 186
89 112
89 115
89 100
90 131
90 165
90 129
91 143
91 146
91 174
91 178
91 153
91 101
91 112
92 150
92 158
92 175
92 181
92 196
92 92
93 179
93 150
93 156
93 158
93 165
94 191
94 200
94 118
94 116
94 106
94 113
94 196
94 108
94 190
95 159
95 176
95 179
95 172
95 104
96 172
96 187
96 126
96 179
96 111
97 131
97 140
97 141
97 184
97 194
98 131
98 138
98 160
98 195
98 102
98 143
99 159
99 164
99 176
99 180
99 123
99 127
99 198
99 117
100 163
100 168
100 170
100 112
101 157
101 182
101 190
101 148
101 153
101 178
102 131
102 134
102 102
102 111
103 156
103 192
103 123
104 172
104 159
104 169
104 119
104 118
105 130
105 149
105 152
105 151
105 135
105 166
106 154
106 129
106 133
106 142
106 155
106 189
106 191
107 156
107 158
107 175
107 181
107 115
107 122
108 129
108 155
108 191
108 113
108 114
109 147
109 171
109 177
109 109
109 112
110 158
110 150
110 172
111 159
111 187
111 127
111 164
112 162
112 168
112 173
112 177
113 134
113 200
113 145
113 189
114 145
114 155
114 118
114 191
114 189
114 181
115 176
115 119
115 159
115 187
115 162
115 144
116 133
116 191
116 200
116 155
116 116
117 135
117 137
117 144
117 124
118 145
118 189
118 129
118 155
119 187
119 176
119 186
119 127
119 132
120 161
120 165
120 131
121 140
121 194
121 198
122 158
122 175
122 125
123 164
123 154
123 127
124 130
124 137
124 144
124 149
124 151
124 124
125 158
125 181
125 196
126 164
126 176
126 179
126 180
126 172
126 150
127 159
127 164
127 176
127 136
128 130
128 149
128 152
128 144
129 200
129 189
129 139
130 130
130 154
130 146
130 135
130 137
130 144
130 194
131 166
131 195
131 134
131 165
132 184
132 140
132 141
133 200
133 189
133 145
133 142
134 160
134 134
134 195
134 166
134 161
134 165
134 142
135 149
135 169
135 137
135 144
135 151
135 152
136 153
136 136
136 198
136 141
136 194
137 149
138 138
138 161
138 165
138 199
138 187
138 169
139 146
139 143
139 153
139 167
139 188
139 191
139 157
139 190
140 197
140 184
140 141
141 184
141 194
141 198
142 145
142 155
142 200
143 167
143 143
143 157
143 178
143 148
143 190
144 149
144 152
144 154
145 145
145 189
145 155
146 146
146 148
146 182
146 190
147 193
147 162
147 163
148 153
148 174
148 182
148 188
148 157
148 167
148 178
149 151
149 186
149 154
149 191
150 181
150 192
150 156
150 158
151 152
152 152
152 173
152 156
153 167
155 159
155 189
155 200
155 191
156 156
156 196
157 174
158 192
159 179
159 164
159 172
159 168
160 160
160 185
160 197
160 184
161 199
161 185
161 166
161 165
161 196
161 200
162 177
162 162
162 191
162 163
162 183
162 193
163 193
163 168
163 171
163 163
163 170
164 164
164 179
164 180
165 176
166 185
166 199
167 200
167 178
168 171
168 183
168 193
169 169
169 170
170 170
170 183
170 171
171 183
172 179
172 180
173 193
173 186
173 177
173 183
174 190
174 175
175 199
175 180
176 187
176 180
177 193
177 186
177 182
178 188
178 179
178 182
178 190
179 187
181 192
182 185
182 190
183 193
183 199
184 198
185 199
188 190
191 200
193 198
194 197
197 197
