200 635
1 157
1 174
1 113
1 107
1 80
1 172
2 8
2 87
2 2
2 44
2 40
2 34
3 139
3 62
3 53
3 120
3 144
3 164
3 187
3 48
4 200
4 25
4 173
4 85
4 135
5 68
5 133
5 5
5 19
5 182
6 77
6 75
6 6
6 43
6 31
6 191
6 170
7 14
7 140
7 50
7 189
7 170
7 184
7 192
8 183
8 163
8 161
8 105
8 138
8 14
8 56
8 82
9 199
9 74
9 10
9 123
9 46
9 183
10 45
10 10
10 42
10 158
10 41
10 28
11 129
11 11
11 67
11 87
11 157
12 85
12 73
12 174
12 113
12 158
12 96
13 108
13 133
13 44
13 167
13 152
13 143
13 182
14 63
14 19
14 103
14 151
14 152
14 40
15 137
15 152
15 63
15 151
15 145
15 80
16 158
16 144
16 127
16 16
16 146
16 31
17 129
17 135
17 97
17 60
17 179
17 59
17 94
18 151
18 159
18 20
18 166
18 153
18 148
18 150
18 168
18 187
19 138
19 50
19 156
19 186
20 93
20 52
20 95
20 106
20 23
20 109
21 85
21 179
21 76
21 114
21 67
21 29
21 81
22 193
22 22
22 49
22 102
22 62
22 80
22 91
23 132
23 147
23 109
23 65
23 176
23 195
24 141
24 177
24 70
24 103
24 170
24 171
24 185
24 64
25 146
25 70
25 177
25 92
25 35
25 85
26 160
26 34
26 86
26 149
26 125
26 186
27 171
27 198
27 106
27 86
27 50
27 55
27 57
28 128
28 135
28 131
28 116
29 177
29 90
29 99
29 125
29 178
29 133
30 131
30 153
30 67
30 32
30 114
30 113
31 41
31 45
31 145
31 183
31 111
31 82
31 186
32 72
32 89
32 153
32 88
32 42
32 172
32 96
33 62
33 105
33 43
33 168
33 196
34 194
34 57
34 55
34 176
34 48
34 84
34 118
35 177
35 46
35 173
35 89
35 178
35 194
35 174
35 69
36 56
36 42
36 96
36 153
36 44
36 79
37 158
37 152
37 125
37 51
37 139
37 93
38 157
38 38
38 67
38 151
39 143
39 121
39 193
39 126
39 92
39 188
40 138
40 140
40 190
40 184
40 189
40 167
41 144
41 199
41 47
41 112
41 142
41 196
41 175
42 159
42 78
42 66
42 193
43 192
43 187
43 122
44 133
44 164
45 101
45 77
45 151
45 183
45 108
45 112
45 123
45 117
46 179
46 99
46 105
47 148
47 155
47 150
47 79
48 114
48 65
48 106
48 118
49 130
49 167
49 62
49 163
49 69
50 161
50 140
50 97
50 184
50 124
51 174
51 93
51 73
51 55
52 75
52 155
52 109
52 139
53 138
53 120
53 143
53 199
53 69
54 59
54 63
54 105
54 148
54 126
54 192
55 149
55 138
56 151
56 189
56 104
56 65
57 165
57 115
57 148
57 186
57 110
57 118
58 58
58 60
58 196
58 195
59 111
59 92
59 83
59 97
60 129
60 128
60 191
60 198
60 155
61 178
61 164
61 148
61 71
61 191
62 164
63 137
63 163
64 185
64 178
64 177
64 69
64 116
64 113
65 140
65 156
65 161
65 172
66 154
66 66
66 115
67 95
68 200
68 131
68 142
68 116
68 72
68 139
69 167
69 126
70 141
70 76
70 199
71 166
71 175
71 192
71 190
72 135
72 198
72 142
73 123
73 172
73 90
74 144
74 169
74 75
74 145
74 108
74 112
75 169
75 98
75 108
76 99
76 90
76 106
77 183
77 146
77 114
77 108
77 157
78 166
78 175
78 132
78 89
79 149
79 117
79 106
80 167
80 182
81 101
81 171
81 141
81 157
81 83
81 122
82 138
82 104
82 156
83 88
83 97
83 131
84 149
84 124
84 106
84 185
84 117
85 171
85 126
86 109
86 134
86 180
86 124
87 163
87 189
87 151
87 139
88 179
88 128
88 197
88 107
88 102
89 98
89 116
89 136
89 94
90 179
90 194
90 107
90 188
91 145
91 120
91 164
91 149
92 135
92 142
92 159
92 119
92 107
93 154
93 157
94 136
94 196
94 130
94 147
95 147
95 175
95 165
96 153
96 124
96 182
97 131
97 103
98 127
98 146
98 181
98 101
98 134
99 171
99 162
100 137
100 138
100 152
100 156
100 141
101 146
101 190
102 153
102 154
102 159
102 174
103 141
103 194
103 200
103 170
104 152
104 189
104 121
104 162
105 132
105 147
105 168
106 124
107 153
107 125
109 168
110 134
110 176
110 115
110 181
111 197
111 111
112 190
112 148
112 121
113 185
114 200
114 173
115 134
115 160
115 117
115 118
116 129
117 180
118 198
119 131
119 196
119 197
119 132
120 181
120 145
120 166
121 143
121 188
121 126
122 177
122 149
122 165
123 181
123 144
125 174
125 163
126 193
127 181
127 199
127 129
127 140
128 131
128 135
128 136
128 142
129 198
129 135
130 184
130 164
130 187
130 133
130 168
131 196
131 198
132 141
132 149
132 162
133 165
134 149
134 180
135 192
135 196
135 197
136 169
136 198
136 188
136 142
137 184
137 187
137 161
137 163
138 140
138 153
139 161
141 178
141 173
141 163
142 197
143 190
143 196
143 148
144 190
144 199
144 170
144 146
144 189
144 150
145 174
145 182
146 158
146 160
147 168
147 150
148 175
149 171
150 155
150 162
154 154
155 199
155 162
156 156
156 171
158 190
159 172
160 180
160 176
160 195
163 197
165 176
165 195
166 175
167 188
167 182
167 193
168 175
168 192
169 199
169 190
171 179
171 178
173 173
177 185
179 200
180 191
181 181
183 191
185 194
186 195
190 191
191 191
