200 2854
1 87
1 106
1 182
1 114
1 42
1 94
1 195
1 99
1 1
1 134
1 103
1 162
1 177
1 187
1 163
1 120
1 92
1 64
1 65
1 116
1 19
1 107
1 131
1 200
1 37
1 185
1 89
1 121
1 127
1 77
2 144
2 39
2 34
2 90
2 9
2 21
2 102
2 2
2 22
2 29
2 150
2 78
2 135
2 175
2 31
2 80
2 200
2 119
2 154
2 35
2 179
2 55
2 194
2 186
2 136
2 191
2 198
2 82
2 104
2 50
2 108
3 151
3 40
3 150
3 129
3 156
3 199
3 190
3 125
3 143
3 28
3 43
3 158
3 157
3 3
3 170
3 54
3 153
3 197
3 98
3 88
3 173
3 154
3 75
3 137
3 152
3 56
3 95
3 101
4 112
4 41
4 195
4 154
4 191
4 43
4 74
4 84
4 174
4 36
4 172
4 113
4 79
4 159
4 180
4 4
4 5
4 6
4 107
4 108
4 50
4 156
4 62
4 118
4 142
4 20
4 49
4 66
4 100
5 113
5 20
5 128
5 164
5 93
5 100
5 6
5 79
5 32
5 174
5 180
5 159
5 83
5 142
5 50
5 36
5 49
5 66
5 107
5 71
5 63
5 54
5 147
5 182
5 172
6 150
6 45
6 180
6 93
6 107
6 71
6 128
6 50
6 66
6 142
6 174
6 49
6 159
6 20
6 6
6 36
6 100
6 164
6 113
6 65
6 127
6 173
6 32
6 172
7 169
7 155
7 182
7 64
7 104
7 131
7 111
7 7
7 160
7 70
7 85
7 33
7 72
7 67
7 74
7 137
7 45
7 122
7 8
7 25
7 161
7 40
7 186
7 168
7 145
7 17
7 148
7 47
7 181
7 192
7 69
8 59
8 12
8 131
8 193
8 70
8 72
8 137
8 74
8 45
8 145
8 148
8 160
8 181
8 69
8 161
8 101
8 8
8 67
8 122
8 17
8 136
8 182
8 37
8 33
8 85
8 111
8 77
8 63
9 141
9 133
9 135
9 136
9 200
9 80
9 9
9 198
9 34
9 21
9 119
9 150
9 29
9 154
9 102
9 104
9 175
9 22
9 82
9 179
9 18
9 71
9 64
9 35
9 191
9 78
9 98
10 130
10 171
10 155
10 151
10 39
10 26
10 24
10 144
10 87
10 52
10 149
10 189
10 41
10 38
10 126
10 12
10 166
10 10
10 91
10 176
10 139
10 51
10 167
10 84
10 30
10 40
10 124
10 78
10 58
10 159
10 164
11 146
11 200
11 190
11 69
11 85
11 132
11 60
11 184
11 14
11 115
11 196
11 73
11 77
11 140
11 123
11 81
11 11
11 117
11 97
11 62
11 167
11 149
11 171
11 15
11 13
11 55
11 58
11 68
11 84
11 105
11 109
12 130
12 40
12 189
12 151
12 171
12 26
12 139
12 155
12 12
12 87
12 24
12 52
12 30
12 41
12 124
12 176
12 39
12 38
12 96
12 126
12 15
12 178
12 144
12 166
12 187
13 114
13 132
13 68
13 97
13 60
13 140
13 13
13 73
13 55
13 76
13 58
13 184
13 77
13 105
13 84
13 14
13 86
13 196
13 109
13 62
13 45
13 189
13 161
13 167
13 81
13 123
14 27
14 188
14 86
14 84
14 62
14 140
14 115
14 58
14 123
14 105
14 81
14 73
14 117
14 55
14 68
14 60
14 184
14 97
14 77
14 109
14 95
14 98
14 100
14 167
14 76
15 138
15 141
15 48
15 51
15 18
15 27
15 75
15 118
15 53
15 59
15 44
15 194
15 61
15 183
15 147
15 15
15 46
15 23
15 178
15 169
15 112
15 166
15 196
15 26
15 146
15 186
15 188
15 149
15 191
15 110
16 138
16 141
16 147
16 51
16 194
16 183
16 18
16 118
16 61
16 53
16 23
16 186
16 112
16 146
16 188
16 59
16 48
16 75
16 46
16 178
16 16
16 94
16 159
16 50
16 27
16 169
17 59
17 137
17 145
17 70
17 181
17 69
17 161
17 17
17 131
17 193
17 33
17 72
17 160
17 47
17 45
17 25
17 148
17 67
17 111
17 54
17 171
17 134
17 192
17 85
17 101
17 81
18 138
18 141
18 118
18 188
18 75
18 59
18 48
18 146
18 44
18 51
18 147
18 169
18 194
18 27
18 183
18 61
18 178
18 186
18 112
18 23
18 86
18 109
18 198
18 46
18 42
18 34
18 35
18 143
18 172
19 134
19 42
19 121
19 19
19 163
19 114
19 127
19 177
19 187
19 182
19 120
19 92
19 64
19 37
19 162
19 94
19 185
19 195
19 89
19 103
19 141
19 83
19 55
19 65
19 106
19 50
20 146
20 25
20 113
20 83
20 49
20 159
20 79
20 164
20 142
20 128
20 66
20 50
20 36
20 108
20 93
20 71
20 32
20 100
20 63
20 151
20 56
20 161
20 172
21 169
21 133
21 135
21 21
21 80
21 82
21 104
21 175
21 200
21 154
21 29
21 22
21 34
21 78
21 136
21 90
21 31
21 102
21 35
21 161
21 196
21 45
21 179
21 191
21 198
21 140
21 81
22 133
22 135
22 136
22 150
22 102
22 154
22 35
22 22
22 119
22 82
22 179
22 34
22 198
22 200
22 78
22 29
22 104
22 31
22 165
22 116
22 196
22 175
22 191
22 80
22 90
23 138
23 141
23 147
23 146
23 178
23 53
23 194
23 186
23 46
23 75
23 112
23 169
23 48
23 27
23 23
23 51
23 188
23 59
23 62
23 84
23 104
23 44
23 183
23 61
23 162
23 57
23 86
24 130
24 139
24 144
24 149
24 151
24 26
24 126
24 40
24 176
24 166
24 96
24 30
24 39
24 24
24 38
24 124
24 171
24 41
24 91
24 174
24 128
24 122
24 52
24 87
24 129
24 137
25 194
25 103
25 133
25 35
25 119
25 129
25 170
25 56
25 131
25 137
25 181
25 122
25 145
25 161
25 111
25 193
25 69
25 70
25 33
25 160
25 97
25 44
25 192
25 67
25 72
25 85
25 101
25 132
26 48
26 130
26 139
26 144
26 151
26 124
26 149
26 171
26 26
26 176
26 189
26 87
26 155
26 30
26 52
26 91
26 96
26 162
26 50
26 191
26 166
26 39
26 41
26 38
26 184
27 138
27 141
27 146
27 44
27 147
27 118
27 188
27 194
27 59
27 178
27 183
27 46
27 48
27 53
27 61
27 27
27 169
27 93
27 29
27 186
27 75
27 92
27 167
27 109
28 129
28 152
28 153
28 156
28 158
28 197
28 88
28 190
28 98
28 110
28 168
28 56
28 54
28 165
28 125
28 143
28 28
28 95
28 57
28 199
28 118
28 83
28 45
28 173
28 128
29 177
29 133
29 136
29 150
29 31
29 82
29 198
29 179
29 90
29 29
29 34
29 35
29 78
29 200
29 191
29 175
29 93
29 52
29 155
29 80
29 102
29 157
29 199
29 67
29 132
29 107
30 130
30 139
30 144
30 151
30 41
30 124
30 39
30 155
30 176
30 40
30 96
30 30
30 171
30 38
30 149
30 91
30 189
30 147
30 59
30 117
30 166
30 52
30 87
30 136
30 193
31 94
31 133
31 135
31 136
31 150
31 154
31 104
31 31
31 119
31 200
31 102
31 34
31 191
31 35
31 80
31 90
31 198
31 130
31 40
31 74
31 175
31 179
31 82
31 143
31 197
31 142
32 40
32 70
32 68
32 142
32 159
32 49
32 93
32 100
32 108
32 128
32 164
32 66
32 50
32 71
32 172
32 36
32 107
32 180
32 174
32 95
32 181
32 183
32 63
32 79
33 188
33 155
33 131
33 137
33 145
33 160
33 161
33 111
33 47
33 74
33 101
33 72
33 45
33 148
33 192
33 85
33 69
33 33
33 108
33 169
33 181
33 193
33 122
34 133
34 135
34 136
34 150
34 35
34 104
34 102
34 179
34 119
34 175
34 154
34 191
34 82
34 200
34 78
34 80
34 52
34 159
34 198
34 90
34 88
34 67
34 68
35 183
35 133
35 135
35 136
35 150
35 154
35 119
35 200
35 104
35 179
35 78
35 80
35 82
35 198
35 102
35 129
35 175
35 90
35 165
36 75
36 87
36 158
36 72
36 122
36 132
36 117
36 142
36 159
36 108
36 113
36 71
36 49
36 107
36 164
36 50
36 180
36 104
36 70
36 40
36 172
36 66
36 79
36 83
36 93
36 100
37 162
37 163
37 185
37 187
37 116
37 94
37 134
37 89
37 120
37 64
37 106
37 99
37 92
37 127
37 195
37 42
37 182
37 103
37 121
37 65
37 197
37 155
37 188
37 177
37 114
38 130
38 139
38 144
38 149
38 151
38 155
38 166
38 39
38 40
38 41
38 124
38 126
38 38
38 91
38 176
38 52
38 128
38 108
38 188
38 171
38 127
38 143
39 139
39 149
39 155
39 166
39 189
39 87
39 124
39 41
39 91
39 52
39 130
39 151
39 96
39 144
39 176
39 40
39 61
39 197
39 126
39 122
39 97
40 139
40 149
40 151
40 166
40 189
40 40
40 144
40 171
40 130
40 155
40 124
40 91
40 41
40 176
40 52
40 148
40 87
40 96
40 134
40 198
40 174
41 183
41 139
41 149
41 151
41 155
41 176
41 96
41 189
41 171
41 166
41 87
41 91
41 41
41 197
41 120
41 126
41 123
41 71
42 144
42 134
42 162
42 163
42 127
42 64
42 116
42 103
42 114
42 121
42 106
42 92
42 187
42 99
42 177
42 89
42 182
42 195
42 94
42 138
42 71
42 185
42 120
43 129
43 143
43 152
43 156
43 157
43 158
43 168
43 170
43 110
43 95
43 153
43 190
43 88
43 165
43 125
43 54
43 173
43 43
43 199
43 197
43 89
43 44
43 57
43 98
44 138
44 141
44 146
44 118
44 178
44 183
44 75
44 169
44 186
44 112
44 59
44 48
44 51
44 46
44 194
44 44
44 61
44 102
44 71
44 94
44 53
44 80
44 105
45 139
45 131
45 148
45 160
45 101
45 161
45 45
45 192
45 69
45 145
45 70
45 67
45 122
45 137
45 74
45 58
45 62
45 47
45 193
45 111
46 138
46 141
46 147
46 146
46 169
46 183
46 46
46 53
46 48
46 118
46 188
46 61
46 186
46 112
46 194
46 171
46 78
46 54
46 178
46 51
46 59
46 87
46 105
46 100
47 94
47 82
47 190
47 88
47 131
47 137
47 145
47 148
47 160
47 74
47 47
47 161
47 193
47 101
47 111
47 181
47 67
47 89
47 175
47 171
47 192
47 70
47 85
47 122
48 138
48 147
48 169
48 112
48 48
48 188
48 141
48 53
48 146
48 194
48 61
48 51
48 59
48 75
48 171
48 131
48 178
48 183
48 186
49 148
49 70
49 142
49 159
49 164
49 172
49 174
49 180
49 50
49 128
49 93
49 79
49 71
49 63
49 108
49 100
49 64
49 189
49 81
49 83
50 130
50 189
50 133
50 167
50 142
50 164
50 172
50 83
50 100
50 66
50 108
50 180
50 107
50 137
50 63
50 71
50 79
50 128
51 138
51 141
51 147
51 146
51 169
51 188
51 61
51 59
51 178
51 112
51 186
51 75
51 183
51 118
51 194
51 144
51 87
51 111
51 53
51 65
51 119
51 192
52 130
52 139
52 144
52 149
52 151
52 155
52 171
52 176
52 96
52 91
52 87
52 126
52 52
52 64
52 187
52 111
52 189
52 124
52 175
52 131
52 93
53 138
53 147
53 146
53 169
53 178
53 194
53 186
53 75
53 53
53 141
53 59
53 188
53 118
53 76
53 72
53 197
53 112
53 64
53 127
53 98
53 196
54 129
54 153
54 156
54 157
54 165
54 168
54 170
54 143
54 190
54 88
54 173
54 54
54 199
54 95
54 197
54 110
54 56
54 147
54 75
54 195
55 141
55 145
55 132
55 140
55 167
55 105
55 196
55 109
55 55
55 184
55 117
55 68
55 97
55 77
55 58
55 81
55 131
55 142
55 189
55 60
55 73
55 84
55 86
55 115
56 129
56 143
56 152
56 153
56 156
56 157
56 158
56 170
56 173
56 197
56 168
56 98
56 110
56 95
56 88
56 199
56 56
56 57
56 191
56 169
56 190
57 141
57 149
57 134
57 80
57 129
57 143
57 152
57 153
57 156
57 157
57 158
57 173
57 125
57 165
57 190
57 98
57 197
57 199
57 110
57 196
57 118
57 88
57 95
57 101
57 66
58 178
58 124
58 95
58 125
58 181
58 140
58 167
58 184
58 76
58 105
58 97
58 77
58 62
58 123
58 84
58 60
58 81
58 172
58 98
58 86
58 109
58 117
59 138
59 141
59 147
59 146
59 169
59 178
59 183
59 186
59 61
59 75
59 112
59 194
59 120
59 188
59 163
59 179
60 151
60 132
60 140
60 167
60 73
60 97
60 76
60 77
60 184
60 105
60 81
60 68
60 86
60 196
60 115
60 109
60 84
60 127
60 90
60 102
61 138
61 141
61 147
61 169
61 178
61 183
61 186
61 188
61 118
61 112
61 61
61 176
61 66
61 149
61 75
61 91
61 192
62 158
62 132
62 140
62 167
62 184
62 109
62 62
62 76
62 105
62 81
62 115
62 117
62 196
62 84
62 77
62 125
62 185
62 200
62 68
62 73
62 97
62 123
63 179
63 200
63 123
63 159
63 174
63 180
63 93
63 164
63 142
63 63
63 113
63 107
63 128
63 100
63 79
63 108
63 97
63 112
63 71
63 83
64 176
64 126
64 134
64 162
64 177
64 182
64 185
64 65
64 106
64 64
64 114
64 89
64 92
64 99
64 195
64 121
64 154
64 120
64 127
64 142
65 178
65 162
65 163
65 177
65 182
65 185
65 187
65 120
65 103
65 121
65 99
65 195
65 89
65 134
65 92
65 106
65 116
65 114
65 112
65 139
65 94
66 142
66 159
66 172
66 83
66 180
66 100
66 164
66 66
66 93
66 108
66 128
66 174
66 107
66 102
66 85
66 79
66 113
67 171
67 165
67 98
67 131
67 137
67 148
67 160
67 161
67 181
67 192
67 193
67 85
67 67
67 72
67 69
67 93
67 70
67 74
67 101
68 72
68 132
68 140
68 167
68 184
68 86
68 115
68 105
68 123
68 84
68 97
68 68
68 76
68 117
68 196
68 150
68 73
68 81
69 178
69 131
69 137
69 145
69 181
69 192
69 193
69 111
69 70
69 161
69 160
69 148
69 85
69 69
69 117
69 174
69 72
69 101
69 196
70 131
70 137
70 148
70 161
70 181
70 192
70 72
70 160
70 145
70 193
70 111
70 74
70 101
70 85
70 200
70 122
71 185
71 172
71 174
71 180
71 79
71 159
71 128
71 93
71 113
71 100
71 108
71 189
71 101
72 137
72 160
72 161
72 181
72 192
72 193
72 101
72 148
72 122
72 72
72 145
72 131
72 108
72 74
72 85
72 111
72 109
72 79
73 132
73 140
73 167
73 184
73 84
73 77
73 123
73 117
73 73
73 86
73 109
73 196
73 115
73 81
73 99
73 194
73 154
73 76
74 139
74 103
74 173
74 131
74 137
74 145
74 148
74 161
74 181
74 192
74 193
74 85
74 160
74 199
74 194
74 101
74 111
75 141
75 147
75 146
75 169
75 186
75 188
75 194
75 75
75 138
75 178
75 200
75 80
75 112
75 118
75 195
75 119
75 109
76 166
76 176
76 120
76 200
76 140
76 77
76 132
76 81
76 109
76 76
76 84
76 86
76 97
76 135
76 96
76 154
76 115
76 117
76 83
77 138
77 129
77 132
77 140
77 167
77 184
77 196
77 115
77 123
77 86
77 109
77 117
77 97
77 131
77 81
78 139
78 133
78 135
78 136
78 150
78 154
78 175
78 179
78 198
78 200
78 104
78 90
78 80
78 119
78 124
78 180
78 82
79 154
79 137
79 142
79 159
79 172
79 174
79 113
79 180
79 107
79 79
79 128
79 140
79 136
79 83
79 108
80 96
80 114
80 133
80 135
80 136
80 179
80 198
80 200
80 102
80 82
80 80
80 85
80 119
81 140
81 167
81 184
81 86
81 196
81 132
81 105
81 123
81 115
81 81
81 178
81 84
81 117
82 135
82 136
82 150
82 175
82 179
82 191
82 200
82 119
82 90
82 102
82 104
82 154
82 138
82 141
82 192
83 182
83 142
83 164
83 174
83 180
83 83
83 100
83 113
83 159
83 93
83 128
83 188
83 181
83 108
84 166
84 197
84 132
84 167
84 196
84 86
84 117
84 109
84 115
84 119
84 85
84 123
85 137
85 145
85 148
85 160
85 161
85 193
85 192
85 122
85 111
85 181
85 151
85 157
85 86
86 132
86 140
86 167
86 184
86 196
86 109
86 115
86 123
86 117
86 97
86 192
86 105
87 130
87 139
87 144
87 149
87 166
87 176
87 189
87 126
87 151
87 171
87 91
87 155
87 96
87 124
87 154
87 161
88 143
88 152
88 153
88 157
88 158
88 165
88 168
88 170
88 190
88 129
88 199
88 95
88 98
88 173
88 125
88 110
88 154
88 148
89 134
89 162
89 177
89 182
89 187
89 114
89 127
89 99
89 116
89 120
89 103
89 185
89 121
89 106
89 94
89 89
89 188
89 171
89 92
90 162
90 133
90 136
90 150
90 154
90 175
90 179
90 191
90 198
90 200
90 119
90 104
90 102
90 142
90 93
90 120
91 130
91 139
91 144
91 151
91 155
91 166
91 189
91 171
91 149
91 124
91 176
91 96
91 146
91 163
91 126
92 155
92 134
92 162
92 177
92 185
92 187
92 195
92 163
92 92
92 116
92 99
92 106
92 103
92 94
92 144
92 171
92 114
92 120
92 127
92 111
93 137
93 159
93 164
93 172
93 180
93 142
93 107
93 128
93 95
93 185
93 113
94 134
94 162
94 185
94 94
94 187
94 116
94 195
94 177
94 127
94 99
94 121
94 103
94 98
94 106
94 114
94 120
94 131
95 147
95 126
95 129
95 143
95 152
95 153
95 157
95 158
95 165
95 168
95 170
95 173
95 190
95 125
95 197
95 151
95 193
95 98
95 110
95 108
96 130
96 144
96 149
96 151
96 155
96 166
96 189
96 176
96 96
96 139
96 171
96 146
96 116
96 126
97 169
97 149
97 140
97 167
97 184
97 123
97 117
97 196
97 132
97 115
97 124
97 133
98 129
98 143
98 152
98 156
98 158
98 165
98 168
98 170
98 199
98 98
98 157
98 153
98 125
98 110
99 188
99 134
99 162
99 163
99 177
99 182
99 185
99 187
99 195
99 114
99 121
99 99
99 127
99 159
99 199
99 168
99 106
99 113
100 159
100 164
100 174
100 113
100 100
100 108
100 172
100 142
100 149
100 169
101 125
101 131
101 145
101 148
101 160
101 181
101 192
101 161
101 122
101 137
101 111
101 180
102 135
102 150
102 154
102 179
102 198
102 191
102 136
102 175
102 200
102 102
102 141
102 148
102 119
103 134
103 162
103 163
103 177
103 182
103 185
103 195
103 116
103 127
103 103
103 114
103 187
103 121
103 159
103 106
103 174
104 147
104 166
104 133
104 135
104 136
104 150
104 154
104 175
104 179
104 191
104 200
104 196
104 126
104 110
104 184
105 176
105 121
105 165
105 132
105 140
105 115
105 123
105 105
105 109
105 167
105 196
105 145
106 134
106 163
106 177
106 182
106 195
106 116
106 121
106 185
106 120
106 114
106 106
106 141
106 130
107 146
107 162
107 197
107 181
107 142
107 159
107 164
107 172
107 128
107 113
107 180
107 131
107 144
107 108
108 117
108 159
108 164
108 174
108 113
108 128
108 166
109 158
109 167
109 184
109 196
109 140
109 115
109 109
109 123
110 138
110 129
110 143
110 152
110 156
110 158
110 165
110 168
110 170
110 173
110 197
110 199
110 157
110 153
110 146
110 117
110 172
111 131
111 137
111 145
111 148
111 161
111 181
111 192
111 132
111 186
111 122
112 138
112 141
112 147
112 178
112 183
112 188
112 194
112 169
112 112
112 145
112 175
113 124
113 142
113 164
113 172
113 180
113 159
113 113
113 191
113 185
114 134
114 162
114 163
114 177
114 182
114 185
114 187
114 114
114 121
114 165
114 116
115 120
115 168
115 132
115 140
115 184
115 123
115 115
115 152
115 134
115 117
116 194
116 162
116 163
116 177
116 182
116 185
116 187
116 195
116 127
116 121
116 116
116 169
116 156
117 135
117 132
117 140
117 167
117 184
117 196
117 123
118 138
118 146
118 169
118 178
118 183
118 186
118 188
118 194
118 118
118 141
118 147
118 133
118 157
118 174
118 189
118 175
118 170
119 135
119 150
119 154
119 179
119 191
119 198
119 119
119 175
119 136
119 133
120 163
120 177
120 182
120 187
120 195
120 120
120 185
120 121
120 134
120 190
121 134
121 162
121 163
121 177
121 185
121 195
121 127
121 187
121 160
121 199
121 153
122 163
122 137
122 145
122 148
122 160
122 161
122 181
122 192
122 193
122 131
122 178
122 180
123 190
123 140
123 167
123 184
123 123
123 158
124 130
124 149
124 151
124 155
124 166
124 124
124 176
124 126
124 139
124 171
124 168
124 187
124 159
125 187
125 198
125 129
125 143
125 153
125 156
125 157
125 158
125 168
125 125
125 199
125 170
125 165
125 197
125 182
126 130
126 144
126 149
126 151
126 155
126 166
126 171
126 189
126 176
126 126
126 131
126 173
126 140
127 134
127 162
127 177
127 182
127 185
127 187
127 195
127 127
127 163
127 154
127 193
127 128
128 142
128 164
128 172
128 174
128 180
128 159
128 141
129 129
129 197
129 170
129 168
129 156
129 152
129 158
129 165
129 157
129 190
129 153
129 173
129 199
129 131
130 144
130 130
130 189
130 166
130 176
130 171
130 139
130 149
130 151
130 196
130 136
130 155
130 193
131 181
131 160
131 193
131 137
131 148
131 145
131 161
131 192
132 186
132 135
132 167
132 140
132 196
132 132
132 184
132 174
133 163
133 179
133 136
133 135
133 175
133 198
133 154
133 191
133 133
133 134
133 200
134 182
134 195
134 163
134 187
134 185
134 162
134 134
134 177
134 165
134 170
134 173
134 145
135 175
135 136
135 198
135 135
135 179
135 150
135 200
135 171
135 154
135 191
136 183
136 200
136 198
136 175
136 136
136 179
136 150
136 181
136 172
136 154
136 191
137 182
137 137
137 193
137 181
137 161
137 145
137 148
137 160
137 192
138 183
138 141
138 169
138 186
138 194
138 147
138 178
138 138
138 146
138 188
138 156
139 166
139 151
139 176
139 155
139 144
139 189
139 149
139 171
139 139
139 175
139 184
140 140
140 184
140 167
140 196
140 145
141 194
141 141
141 188
141 146
141 186
141 169
141 147
141 178
142 150
142 142
142 180
142 164
142 159
142 172
142 179
143 143
143 152
143 153
143 170
143 190
143 158
143 197
143 199
143 156
143 157
143 173
143 165
143 168
144 149
144 155
144 144
144 171
144 151
144 166
144 176
144 160
145 152
145 193
145 148
145 145
145 181
145 160
145 161
145 151
145 192
146 147
146 178
146 169
146 183
146 194
146 146
146 186
146 188
147 178
147 186
147 188
147 147
147 194
147 183
147 163
147 169
148 161
148 192
148 181
148 148
148 186
148 193
149 149
149 189
149 155
149 151
149 176
149 171
150 198
150 179
150 150
150 154
150 175
150 200
150 191
151 194
151 171
151 166
151 176
151 189
151 196
151 155
151 153
152 158
152 156
152 152
152 170
152 173
152 165
152 153
152 168
152 197
152 199
152 162
152 155
152 157
152 190
153 186
153 197
153 153
153 173
153 165
153 190
153 157
153 156
153 158
153 168
153 195
153 170
153 199
153 161
153 181
154 198
154 154
154 179
154 175
154 191
155 176
155 171
155 166
155 189
155 155
155 157
156 165
156 170
156 158
156 197
156 168
156 156
156 157
156 200
156 194
156 173
157 197
157 168
157 199
157 158
157 173
157 190
157 157
157 180
157 165
157 159
158 173
158 199
158 197
158 165
158 168
158 190
158 170
159 164
159 174
159 172
160 199
160 181
160 193
160 192
160 160
160 182
160 178
160 161
161 181
161 192
161 161
161 174
162 195
162 182
162 163
162 185
162 187
162 177
163 182
163 185
163 195
163 177
163 163
164 198
164 172
164 180
164 164
164 174
164 189
164 200
165 189
165 173
165 165
165 168
165 170
165 190
166 171
166 176
166 189
166 172
167 184
167 196
167 188
168 173
168 197
168 168
168 195
168 200
168 170
168 190
168 199
169 169
169 186
169 188
169 183
169 178
169 194
170 173
170 197
170 190
170 170
170 199
171 171
171 189
171 188
171 187
171 176
172 172
172 174
172 180
173 197
173 190
173 173
173 199
174 177
174 174
174 180
175 186
175 175
175 198
175 179
175 200
175 196
176 176
176 189
176 195
177 185
177 187
177 182
177 193
177 195
177 191
178 183
178 186
178 178
178 188
178 194
179 191
179 193
179 198
180 180
180 194
180 199
181 193
182 187
182 182
182 185
183 186
183 194
183 183
183 188
184 184
184 196
185 187
185 185
185 197
185 188
185 195
186 188
187 187
187 195
188 194
189 189
190 199
190 190
191 191
191 198
191 200
192 193
192 192
195 195
196 196
198 200
199 199
199 200
