200 1232
1 46
1 126
1 1
1 130
1 45
1 106
1 110
1 184
1 163
1 167
1 61
2 4
2 109
2 196
2 2
2 132
2 73
2 140
2 190
2 198
2 8
2 16
2 36
2 69
2 200
2 93
2 119
3 42
3 129
3 54
3 12
3 91
3 194
3 179
3 56
3 95
3 168
3 143
3 144
3 17
3 188
4 173
4 170
4 124
4 138
4 42
4 85
4 152
4 43
4 53
4 133
4 5
4 145
4 147
4 159
4 128
4 101
5 85
5 133
5 159
5 173
5 53
5 128
5 47
5 138
5 73
5 145
5 41
5 51
6 139
6 32
6 35
6 162
6 18
6 82
6 174
6 105
6 6
6 153
7 28
7 39
7 175
7 102
7 37
7 27
7 196
7 158
7 51
7 64
7 136
7 149
7 150
7 155
7 103
8 33
8 198
8 69
8 73
8 88
8 8
8 190
8 51
8 16
8 146
8 52
9 79
9 116
9 75
9 120
9 31
9 111
9 9
9 168
9 142
9 24
9 29
9 198
9 76
9 81
9 86
9 115
10 135
10 166
10 130
10 126
10 193
10 180
10 57
10 107
10 46
10 152
10 184
10 60
11 53
11 85
11 41
11 47
11 128
11 11
11 42
11 117
11 106
11 147
11 170
11 64
11 187
11 20
12 17
12 54
12 94
12 33
12 91
12 179
12 84
12 144
12 119
12 143
12 188
12 189
12 194
12 101
12 29
12 62
12 73
13 68
13 15
13 148
13 154
13 44
13 163
13 156
13 34
13 199
13 119
13 155
13 30
14 37
14 23
14 50
14 195
14 182
14 21
14 158
14 39
14 175
14 118
14 25
15 171
15 172
15 142
15 160
15 59
15 22
15 48
15 199
15 86
15 148
15 26
15 156
15 163
15 44
16 132
16 93
16 192
16 164
16 52
16 69
16 62
16 145
16 146
16 36
17 94
17 179
17 113
17 90
17 98
17 56
17 17
17 54
17 188
17 96
18 159
18 134
18 178
18 32
18 82
18 162
18 18
18 135
18 20
18 19
18 153
18 67
19 181
19 134
19 30
19 153
19 80
19 65
19 114
19 174
19 187
19 178
19 112
20 108
20 134
20 58
20 174
20 30
20 105
20 32
20 162
20 181
20 80
20 82
20 121
21 39
21 150
21 51
21 27
21 196
21 21
21 182
21 130
21 23
21 37
21 185
21 195
21 103
21 146
22 148
22 187
22 44
22 100
22 78
22 59
22 40
22 199
22 84
22 151
22 160
22 34
22 172
22 48
22 134
23 150
23 23
23 50
23 28
23 161
23 182
23 49
23 155
23 27
24 127
24 137
24 24
24 79
24 157
24 115
24 75
24 72
24 197
24 86
25 194
25 136
25 103
25 39
25 185
25 165
25 182
25 149
25 58
26 143
26 92
26 141
26 142
26 77
26 78
26 59
26 44
26 118
27 150
27 155
27 161
27 175
27 102
27 136
27 129
27 51
27 174
28 136
28 150
28 182
28 149
28 175
28 28
28 83
28 158
28 161
28 165
29 138
29 131
29 68
29 31
29 109
29 86
29 120
29 76
29 157
29 171
29 198
29 75
30 134
30 30
30 58
30 139
30 65
30 121
30 177
30 178
30 82
30 169
30 52
31 131
31 157
31 92
31 55
31 171
31 116
31 68
31 50
31 75
31 86
31 120
31 39
31 102
31 67
32 153
32 176
32 67
32 181
32 65
32 112
32 154
32 162
32 35
32 58
32 114
32 184
32 140
33 129
33 127
33 84
33 95
33 179
33 99
33 113
33 96
33 188
33 189
33 90
33 91
33 98
33 111
34 142
34 154
34 141
34 40
34 163
34 89
34 34
34 172
34 48
35 185
35 139
35 153
35 176
35 114
35 121
35 112
35 115
35 177
35 178
35 110
36 120
36 73
36 122
36 93
36 72
36 132
36 192
36 117
37 157
37 136
37 149
37 161
37 155
37 182
37 177
37 102
37 103
37 105
38 43
38 148
38 154
38 160
38 77
38 156
38 187
38 141
38 172
38 41
38 40
38 46
38 122
39 172
39 165
39 102
39 161
39 155
39 51
39 58
40 151
40 156
40 163
40 77
40 148
40 48
40 46
40 187
41 138
41 152
41 173
41 133
41 83
41 53
41 64
41 72
41 199
42 124
42 173
42 64
42 147
42 159
42 47
42 117
42 128
42 77
43 152
43 173
43 123
43 138
43 83
43 49
43 170
43 47
44 151
44 163
44 142
44 100
44 77
44 58
45 188
45 166
45 126
45 184
45 61
45 130
45 183
45 191
45 144
45 87
45 104
45 192
46 137
46 87
46 61
46 110
46 191
46 135
46 180
46 66
47 133
47 138
47 147
47 64
47 74
47 105
47 49
47 128
47 182
47 177
48 154
48 160
48 78
48 77
48 187
48 194
49 133
49 145
49 159
49 173
49 85
49 49
49 151
49 83
49 123
50 55
50 149
50 155
50 175
50 51
50 196
50 194
50 102
50 66
50 97
51 147
51 149
51 158
51 185
52 140
52 132
52 72
52 118
52 146
52 71
52 119
52 192
52 69
52 93
53 133
53 74
53 124
53 145
53 159
53 108
53 83
53 130
54 129
54 94
54 99
54 98
54 54
54 119
54 194
54 84
54 91
54 80
55 168
55 171
55 86
55 197
55 115
55 92
55 109
55 111
55 68
55 75
55 108
56 129
56 179
56 56
56 143
56 188
56 127
56 124
56 91
57 167
57 184
57 106
57 186
57 130
57 107
57 66
57 169
57 68
57 87
58 139
58 174
58 65
58 153
58 67
58 80
58 112
58 114
59 141
59 154
59 163
59 156
59 172
59 59
59 135
59 61
60 91
60 135
60 104
60 126
60 106
60 169
60 184
60 61
60 176
61 135
61 167
61 166
61 110
61 126
61 191
61 66
62 140
62 146
62 190
62 63
62 69
62 72
62 200
62 118
62 71
62 97
63 167
63 191
63 140
63 190
63 97
63 192
63 71
63 164
63 88
63 90
64 145
64 123
64 64
64 147
64 118
64 83
64 117
64 156
65 162
65 174
65 176
65 178
65 105
65 172
65 80
66 169
66 107
66 193
66 104
66 87
66 180
67 103
67 134
67 139
67 153
67 177
67 121
68 168
68 171
68 137
68 75
68 120
68 79
68 197
68 198
68 81
69 90
69 132
69 146
69 200
69 129
69 71
70 143
70 144
70 179
70 194
70 95
70 91
70 129
70 90
70 96
70 153
70 84
70 98
70 142
71 132
71 118
71 71
71 190
71 87
72 179
72 164
72 190
72 200
72 96
73 140
73 164
73 200
73 97
73 190
73 125
74 133
74 145
74 147
74 152
74 83
74 117
74 170
74 132
74 123
75 137
75 157
75 115
75 100
75 81
75 108
76 198
76 115
76 168
76 109
76 120
76 81
76 86
76 174
77 170
77 189
77 142
77 154
77 78
78 141
78 151
78 172
78 199
78 89
78 91
78 100
79 198
79 109
79 131
79 79
79 197
79 169
79 108
79 116
80 162
80 177
80 121
80 181
80 178
80 114
81 198
81 86
81 171
81 197
81 109
81 129
81 88
82 139
82 162
82 178
82 105
82 153
82 175
83 138
83 145
83 159
83 109
83 128
84 179
84 188
84 84
84 98
84 186
84 99
84 101
85 170
85 117
85 124
85 159
85 123
85 126
86 198
86 137
86 200
86 92
86 115
86 120
86 150
87 183
87 184
87 104
87 110
87 106
87 133
88 98
88 178
88 164
88 190
88 125
88 118
88 97
89 123
89 141
89 148
89 154
89 160
89 187
89 163
89 180
89 114
90 129
90 143
90 188
90 179
90 90
90 94
90 96
91 194
91 179
91 143
91 98
91 99
92 137
92 197
92 131
92 92
92 168
92 109
93 146
93 122
93 192
93 93
93 153
93 125
94 133
94 189
94 194
94 95
94 99
94 180
94 197
95 189
95 127
95 144
95 129
95 99
95 157
95 139
96 129
96 143
96 179
96 101
96 127
96 178
96 180
97 164
97 97
97 119
97 125
97 122
98 143
98 189
98 129
98 115
99 143
99 144
99 127
99 168
100 142
100 163
100 172
100 100
100 113
100 162
101 129
101 144
101 188
101 143
101 101
101 113
102 161
102 165
102 175
102 155
102 190
103 149
103 150
103 185
103 195
103 155
104 186
104 191
104 110
104 104
104 173
105 134
105 139
105 181
105 174
105 114
106 167
106 191
106 166
106 107
106 118
106 119
107 135
107 167
107 180
107 193
107 186
107 151
108 131
108 137
108 171
108 108
109 197
109 137
110 167
110 110
110 183
111 131
111 137
111 197
111 157
111 111
111 168
111 132
112 176
112 153
112 162
112 174
112 177
112 185
113 128
113 143
113 179
113 189
113 194
113 127
113 163
113 121
114 139
114 178
114 162
114 121
115 157
115 198
115 168
116 131
116 157
116 171
116 168
116 198
116 197
116 133
116 165
117 133
117 138
117 147
117 173
117 172
117 124
118 146
118 164
118 192
119 200
119 132
119 146
119 122
120 137
120 168
120 198
121 134
121 139
121 153
122 145
122 195
122 183
122 164
122 200
123 138
123 159
123 173
123 124
124 133
124 159
124 173
124 156
125 200
125 164
125 192
125 146
125 140
125 176
126 130
126 135
126 167
126 184
127 143
127 144
127 194
127 176
127 181
128 138
128 133
128 159
129 189
129 194
129 133
129 144
130 186
130 166
130 180
130 184
130 167
130 193
130 135
130 169
131 131
131 157
131 197
131 192
131 168
131 171
132 160
132 132
132 190
132 140
132 164
132 192
133 159
133 170
133 145
133 147
133 173
133 168
134 162
134 134
134 176
134 181
135 193
135 167
136 196
136 175
136 158
136 195
136 155
136 193
136 150
136 161
136 165
136 185
137 137
137 157
137 168
137 171
137 151
138 170
138 159
138 173
138 154
139 162
139 181
140 192
140 140
140 164
141 156
141 187
141 172
141 141
141 193
141 142
141 199
142 199
142 187
142 154
142 148
142 160
142 193
143 189
144 144
144 190
144 188
145 147
145 152
146 152
146 146
146 200
146 192
147 170
147 147
147 152
148 148
148 156
148 188
148 160
149 161
149 185
149 155
149 149
149 165
149 195
149 153
150 161
150 182
150 196
150 155
150 158
150 175
151 156
151 199
151 172
151 163
151 160
152 159
152 152
152 170
153 153
154 163
154 161
155 175
155 158
156 160
156 172
157 168
157 171
158 158
158 182
158 200
159 173
159 200
160 163
160 187
161 196
161 165
161 185
161 195
162 176
162 177
163 188
164 190
164 169
165 196
165 182
166 186
166 180
166 169
166 191
166 166
166 190
167 183
167 186
167 191
169 183
169 186
169 191
169 180
169 193
170 170
173 183
174 174
174 181
174 176
174 177
174 186
175 175
176 176
177 177
177 181
178 178
178 181
180 183
180 184
180 186
183 183
183 186
184 193
184 191
185 195
185 196
186 191
186 193
187 199
188 189
188 194
195 195
195 196
197 197
197 198
199 199
