200 1782
1 90
1 1
1 46
1 181
1 154
1 91
1 33
1 56
1 99
1 195
1 176
1 60
1 155
1 43
1 34
1 163
1 164
1 167
1 186
2 35
2 184
2 55
2 97
2 128
2 62
2 66
2 171
2 126
2 2
2 5
2 196
2 88
2 100
2 4
2 48
2 190
2 72
2 95
2 114
2 122
3 152
3 69
3 93
3 198
3 177
3 115
3 37
3 145
3 19
3 194
3 98
3 28
3 77
3 113
3 36
3 54
3 79
3 110
3 125
3 120
4 55
4 62
4 127
4 126
4 72
4 171
4 11
4 112
4 88
4 166
4 123
4 48
4 190
4 17
4 5
4 97
4 128
5 48
5 104
5 114
5 171
5 62
5 184
5 123
5 95
5 66
5 5
5 112
5 93
5 11
5 190
5 97
5 135
6 153
6 132
6 67
6 92
6 18
6 30
6 45
6 40
6 175
6 165
6 16
6 78
6 156
6 49
6 7
6 140
6 144
6 150
6 106
7 10
7 134
7 197
7 82
7 50
7 147
7 58
7 108
7 76
7 7
7 23
7 21
7 94
7 25
7 170
7 96
8 36
8 102
8 169
8 83
8 185
8 61
8 143
8 119
8 136
8 13
8 70
8 38
8 129
8 14
8 53
8 10
8 189
8 71
9 146
9 193
9 182
9 172
9 64
9 53
9 105
9 63
9 116
9 192
9 120
9 137
9 68
9 32
9 54
9 29
9 180
9 65
9 73
9 103
10 129
10 136
10 71
10 38
10 36
10 85
10 61
10 94
10 10
10 189
10 43
10 102
10 13
10 14
10 143
10 185
10 70
10 89
10 187
10 148
11 184
11 97
11 112
11 171
11 62
11 55
11 190
11 104
11 11
11 95
11 66
11 51
11 48
11 122
11 123
11 128
12 12
12 41
12 49
12 142
12 78
12 40
12 106
12 175
12 30
12 140
12 18
12 144
12 165
12 48
12 67
12 92
13 129
13 143
13 169
13 136
13 70
13 185
13 43
13 85
13 94
13 157
13 89
13 71
13 177
13 14
13 15
13 35
13 36
13 61
13 79
13 99
13 193
14 14
14 94
14 15
14 71
14 70
14 143
14 35
14 83
14 89
14 43
14 175
14 157
14 36
14 38
14 185
14 102
15 129
15 136
15 143
15 157
15 35
15 189
15 102
15 89
15 94
15 38
15 185
15 61
15 161
15 36
15 70
15 117
16 121
16 192
16 130
16 132
16 142
16 67
16 175
16 92
16 45
16 156
16 165
16 18
16 41
16 119
16 49
16 170
17 103
17 132
17 142
17 144
17 45
17 18
17 92
17 78
17 49
17 165
17 140
17 41
17 175
17 20
17 150
17 40
18 104
18 130
18 135
18 156
18 41
18 30
18 18
18 67
18 165
18 175
18 112
18 150
18 45
18 174
18 106
19 69
19 98
19 77
19 152
19 19
19 74
19 113
19 187
19 145
19 93
19 199
19 115
19 72
19 37
19 177
19 52
19 59
19 194
19 110
19 125
19 53
20 184
20 123
20 141
20 148
20 111
20 27
20 100
20 101
20 153
20 87
20 173
20 42
20 159
20 191
20 129
20 162
20 44
20 109
21 85
21 133
21 200
21 170
21 147
21 58
21 188
21 82
21 96
21 23
21 50
21 161
21 158
21 78
21 25
21 160
21 197
22 98
22 47
22 181
22 56
22 183
22 91
22 86
22 34
22 154
22 138
22 186
22 164
22 195
22 163
22 135
22 178
22 107
23 134
23 147
23 75
23 197
23 50
23 133
23 25
23 200
23 139
23 158
23 58
23 82
23 135
23 168
23 108
24 137
24 172
24 53
24 39
24 180
24 73
24 63
24 65
24 32
24 64
24 124
24 120
24 29
24 193
24 107
24 182
25 133
25 147
25 161
25 58
25 131
25 170
25 188
25 50
25 26
25 160
25 76
25 102
25 197
26 106
26 131
26 134
26 139
26 58
26 160
26 26
26 75
26 50
26 200
26 188
26 147
26 39
26 96
27 149
27 153
27 42
27 148
27 87
27 27
27 47
27 51
27 121
27 191
27 100
27 80
27 88
27 159
27 31
27 101
27 109
27 56
28 94
28 145
28 194
28 37
28 59
28 69
28 187
28 79
28 113
28 74
28 77
28 177
28 198
28 149
28 52
28 54
28 110
28 125
29 116
29 68
29 137
29 73
29 29
29 182
29 64
29 179
29 105
29 172
29 32
29 160
29 39
29 53
29 63
29 124
30 149
30 130
30 135
30 140
30 150
30 156
30 30
30 40
30 92
30 165
30 162
30 49
30 106
30 50
30 197
31 77
31 151
31 153
31 31
31 141
31 51
31 80
31 109
31 159
31 42
31 44
31 191
31 97
31 162
31 173
31 100
31 101
31 117
31 64
32 100
32 120
32 32
32 172
32 65
32 39
32 103
32 68
32 124
32 73
32 123
32 53
32 64
32 193
32 192
32 105
33 138
33 60
33 56
33 164
33 107
33 86
33 33
33 167
33 34
33 91
33 90
33 155
33 72
33 46
33 176
33 178
33 183
33 57
33 186
33 99
34 55
34 86
34 56
34 154
34 60
34 164
34 155
34 138
34 195
34 176
34 163
34 143
34 181
34 183
34 186
35 129
35 136
35 102
35 43
35 70
35 85
35 36
35 119
35 189
35 71
35 143
35 169
35 185
35 83
36 129
36 136
36 143
36 157
36 70
36 43
36 83
36 89
36 186
36 38
36 169
36 194
37 166
37 152
37 113
37 79
37 125
37 110
37 77
37 194
37 98
37 81
37 145
37 109
37 54
37 198
37 199
37 191
38 143
38 157
38 85
38 38
38 189
38 89
38 71
38 61
38 195
38 169
38 185
38 119
38 188
39 70
39 110
39 87
39 167
39 137
39 146
39 39
39 124
39 64
39 172
39 117
39 65
39 73
39 84
39 103
39 105
39 116
39 120
39 133
40 130
40 135
40 140
40 156
40 175
40 40
40 174
40 165
40 142
40 195
40 45
40 67
40 78
40 92
41 112
41 130
41 132
41 140
41 142
41 150
41 78
41 156
41 175
41 41
41 45
41 49
41 67
41 106
42 141
42 149
42 151
42 153
42 100
42 51
42 118
42 162
42 87
42 148
42 159
42 150
42 111
43 129
43 119
43 136
43 89
43 83
43 143
43 61
43 157
43 71
43 165
43 85
43 113
44 149
44 151
44 159
44 121
44 141
44 80
44 118
44 51
44 44
44 117
44 100
44 133
44 87
44 101
44 109
44 111
44 105
45 130
45 142
45 175
45 106
45 49
45 78
45 156
45 135
45 182
45 174
46 138
46 154
46 155
46 163
46 167
46 181
46 46
46 86
46 60
46 56
46 107
46 109
46 178
46 57
46 186
47 148
47 151
47 162
47 109
47 51
47 191
47 111
47 141
47 149
47 121
47 118
47 173
47 153
47 101
47 117
48 143
48 166
48 171
48 66
48 97
48 126
48 128
48 184
48 104
48 72
48 50
48 190
48 62
48 196
48 95
48 122
48 123
49 57
49 130
49 132
49 140
49 156
49 142
49 175
49 81
49 67
50 131
50 133
50 139
50 168
50 108
50 188
50 50
50 96
51 141
51 149
51 159
51 118
51 173
51 117
51 51
51 161
51 80
51 87
51 101
52 177
52 79
52 98
52 93
52 77
52 194
52 187
52 115
52 110
52 145
52 199
52 54
52 90
52 74
52 113
52 125
53 137
53 146
53 179
53 180
53 84
53 172
53 105
53 193
53 182
53 192
53 73
53 116
54 136
54 128
54 145
54 93
54 177
54 199
54 59
54 115
54 110
54 69
54 108
54 194
54 198
54 74
54 77
54 81
54 113
54 63
55 166
55 190
55 196
55 97
55 126
55 114
55 72
55 171
55 88
55 184
55 127
55 66
55 128
56 169
56 185
56 138
56 163
56 167
56 178
56 181
56 183
56 195
56 186
56 60
56 86
56 90
56 99
56 107
57 129
57 154
57 155
57 167
57 183
57 163
57 107
57 186
57 195
57 90
57 57
57 99
58 141
58 131
58 133
58 147
58 158
58 160
58 168
58 82
58 76
58 92
58 75
58 96
59 152
59 177
59 198
59 145
59 113
59 81
59 74
59 199
59 69
59 79
59 59
59 194
60 199
60 115
60 155
60 163
60 178
60 183
60 176
60 107
60 181
60 200
60 195
61 129
61 157
61 169
61 71
61 185
61 94
61 143
61 102
61 73
61 70
61 119
62 184
62 190
62 95
62 166
62 126
62 114
62 196
62 104
62 97
62 173
62 112
63 137
63 172
63 180
63 105
63 193
63 124
63 192
63 63
63 65
63 182
63 64
63 84
63 103
64 137
64 180
64 116
64 103
64 182
64 192
64 193
64 73
64 65
64 84
64 105
65 172
65 179
65 120
65 182
65 146
65 180
65 116
65 193
65 83
65 105
66 166
66 190
66 184
66 88
66 171
66 95
66 112
66 122
66 104
66 85
66 97
66 128
67 156
67 175
67 144
67 132
67 150
67 140
67 78
67 163
68 137
68 146
68 179
68 105
68 68
68 180
68 172
68 124
68 120
68 84
68 135
68 73
68 103
68 96
69 145
69 187
69 115
69 152
69 199
69 77
69 69
69 113
69 181
69 198
69 74
69 79
69 81
69 98
70 189
70 157
70 70
70 102
70 129
71 129
71 136
71 169
71 189
71 85
71 157
71 190
71 119
71 165
72 166
72 184
72 196
72 127
72 171
72 123
72 88
72 122
72 112
72 97
72 185
72 95
72 104
72 126
73 176
73 180
73 192
73 120
73 182
73 134
73 116
73 174
74 145
74 152
74 198
74 93
74 110
74 98
74 77
74 194
74 190
74 79
74 125
75 131
75 134
75 160
75 188
75 170
75 139
75 197
75 75
75 147
75 82
75 94
76 156
76 131
76 133
76 161
76 168
76 188
76 147
76 160
76 82
76 96
76 108
76 176
77 187
77 198
77 77
77 194
77 110
78 130
78 132
78 135
78 150
78 174
78 78
78 167
79 152
79 177
79 194
79 145
79 113
79 81
79 98
79 110
79 115
80 141
80 153
80 173
80 118
80 191
80 159
80 148
80 87
80 149
80 121
80 89
80 117
81 145
81 152
81 177
81 187
81 198
81 115
81 113
81 93
81 125
81 90
81 101
81 200
82 118
82 131
82 134
82 147
82 160
82 168
82 200
82 188
82 114
83 143
83 157
83 185
83 119
83 129
83 189
83 83
83 89
83 104
83 94
83 155
84 179
84 180
84 182
84 192
84 103
84 84
84 105
84 146
84 95
84 116
85 129
85 136
85 157
85 169
85 102
85 94
85 189
85 143
86 164
86 176
86 178
86 186
86 154
86 167
86 181
86 91
86 107
86 128
86 90
87 141
87 159
87 162
87 151
87 121
87 153
87 87
87 109
87 111
88 166
88 184
88 196
88 127
88 190
88 88
88 104
88 128
88 133
88 114
88 123
89 136
89 157
89 169
89 189
89 89
89 156
89 102
89 154
89 90
90 155
90 167
90 183
90 186
90 91
90 164
90 195
91 154
91 163
91 164
91 178
91 138
91 167
91 155
91 107
91 186
91 150
92 116
92 144
92 150
92 156
92 165
92 174
92 135
92 92
92 106
93 145
93 187
93 198
93 199
93 194
93 98
93 113
93 139
94 129
94 157
94 185
94 119
94 136
94 189
94 143
95 128
95 184
95 171
95 97
95 196
95 190
95 114
95 145
95 122
95 127
96 177
96 164
96 134
96 170
96 160
96 133
96 168
96 161
96 108
97 166
97 190
97 97
97 170
97 114
98 126
98 152
98 177
98 194
98 198
98 110
98 125
99 190
99 138
99 155
99 176
99 195
99 164
99 181
99 178
99 186
99 183
100 141
100 149
100 151
100 159
100 111
100 121
100 191
100 118
100 101
101 141
101 148
101 101
101 153
101 191
101 151
101 158
102 136
102 143
102 185
102 129
102 157
102 174
102 119
102 132
103 172
103 179
103 180
103 146
103 192
103 116
103 137
104 157
104 171
104 196
104 122
104 127
104 126
104 138
105 146
105 179
105 193
105 182
105 131
106 130
106 140
106 150
106 132
106 142
106 144
106 135
107 138
107 154
107 167
107 181
107 186
107 195
107 182
108 131
108 139
108 158
108 160
108 170
108 188
108 197
108 134
108 120
109 148
109 149
109 162
109 191
109 173
109 118
109 117
109 147
109 121
110 198
110 177
110 115
110 199
110 125
111 141
111 148
111 159
111 173
111 149
111 153
111 151
111 117
111 143
112 166
112 171
112 184
112 123
112 122
112 112
112 126
112 114
112 127
112 128
112 142
113 145
113 152
113 187
113 115
114 166
114 171
114 190
114 126
114 127
114 114
115 115
115 187
115 198
115 125
116 146
116 172
116 179
116 182
116 120
116 124
117 141
117 149
117 151
117 162
117 118
117 153
117 121
118 141
118 148
118 149
118 159
118 162
118 173
119 129
119 136
119 143
119 189
119 169
119 126
119 183
120 137
120 146
120 180
120 182
120 172
120 124
121 141
121 148
121 151
121 153
121 173
121 191
122 166
122 196
122 127
122 128
122 123
122 171
122 155
122 145
122 163
122 186
123 166
123 171
123 196
123 184
123 123
124 146
124 172
124 193
124 192
124 180
124 124
125 145
125 152
125 187
125 177
125 165
126 166
126 171
126 190
126 196
126 127
127 171
127 190
127 196
127 128
127 138
128 166
128 171
128 184
128 146
129 136
129 169
129 185
129 143
129 157
129 152
130 140
130 132
130 142
130 144
130 174
130 145
131 134
131 147
131 170
131 188
131 160
131 139
131 161
131 197
132 165
132 156
132 175
132 132
132 174
132 135
132 140
132 144
133 168
133 170
133 139
133 200
133 160
133 147
133 161
133 158
133 197
134 162
134 188
134 147
134 200
134 197
134 170
134 169
134 139
134 158
135 144
135 150
135 175
135 142
135 135
135 140
136 185
136 189
136 143
136 169
137 193
137 192
137 172
137 182
137 137
137 196
137 146
137 139
138 138
138 167
138 183
138 155
138 195
138 176
138 154
138 163
139 158
139 200
139 161
139 139
139 197
139 168
140 156
140 142
140 144
140 140
140 150
140 165
141 162
141 151
141 149
141 173
141 191
142 180
142 165
142 175
142 144
142 142
143 157
143 169
143 189
144 181
144 174
144 156
144 144
144 194
144 150
145 199
145 194
145 145
145 152
145 187
146 193
146 180
146 179
146 182
146 192
147 171
147 147
147 200
147 161
147 187
147 158
147 168
148 173
148 153
148 191
148 148
148 149
148 162
148 151
148 159
148 160
149 159
149 153
149 151
150 179
150 172
151 191
151 153
151 173
151 159
151 177
152 177
152 187
152 199
152 194
153 191
153 162
153 153
153 173
153 159
154 186
154 178
154 154
154 163
154 167
154 195
154 155
154 176
155 181
155 164
155 155
155 176
155 167
155 178
155 183
155 195
156 198
156 165
156 175
157 157
157 185
157 189
158 200
158 188
158 170
158 197
158 168
158 160
159 173
159 159
159 162
159 191
159 178
160 168
160 197
160 161
160 188
161 188
161 161
161 168
161 184
161 170
161 200
162 162
162 173
162 191
163 186
163 164
163 163
163 183
163 178
163 182
164 181
164 164
164 176
164 183
164 167
164 178
165 174
166 171
167 183
167 176
167 181
167 186
167 168
168 188
168 200
168 168
168 170
169 189
169 185
170 197
170 200
170 188
171 184
171 196
172 179
172 172
172 174
172 182
173 173
174 174
174 175
175 194
176 176
176 178
176 181
176 183
177 199
177 198
177 177
177 187
178 178
178 181
179 179
179 192
179 193
180 192
180 182
180 180
180 193
181 181
181 183
181 195
182 189
182 182
182 193
184 184
184 196
185 189
187 199
187 198
187 194
188 200
190 190
190 196
191 191
191 195
192 193
192 192
194 198
194 194
194 199
195 195
196 196
197 197
199 199
