200 2847
1 45
1 179
1 20
1 175
1 92
1 22
1 100
1 30
1 87
1 104
1 28
1 176
1 1
1 137
1 88
1 78
1 165
1 158
1 183
1 190
1 34
1 91
1 163
1 59
1 152
1 44
1 56
1 74
1 97
1 198
2 36
2 52
2 41
2 188
2 157
2 199
2 168
2 79
2 45
2 185
2 83
2 23
2 62
2 179
2 12
2 53
2 154
2 75
2 54
2 69
2 109
2 114
2 194
2 93
2 31
2 149
2 51
2 15
2 161
3 23
3 120
3 64
3 24
3 77
3 39
3 171
3 127
3 136
3 43
3 180
3 177
3 170
3 107
3 191
3 46
3 162
3 90
3 3
3 160
3 106
3 10
3 148
3 16
3 164
3 38
3 167
3 116
3 101
3 93
4 154
4 157
4 52
4 50
4 145
4 200
4 115
4 163
4 161
4 150
4 67
4 8
4 113
4 33
4 193
4 102
4 112
4 81
4 82
4 125
4 194
4 4
4 61
4 83
4 27
4 172
4 94
4 128
5 117
5 19
5 89
5 93
5 138
5 141
5 85
5 134
5 198
5 99
5 126
5 25
5 80
5 142
5 121
5 70
5 135
5 65
5 21
5 66
5 153
5 159
5 162
5 29
5 182
5 147
6 179
6 185
6 131
6 186
6 139
6 7
6 117
6 76
6 59
6 6
6 195
6 61
6 72
6 120
6 197
6 18
6 68
6 123
6 15
6 26
6 119
6 69
6 115
6 165
6 151
6 192
6 105
6 124
6 174
6 28
6 87
7 131
7 151
7 124
7 117
7 7
7 186
7 195
7 123
7 197
7 143
7 192
7 18
7 72
7 68
7 15
7 120
7 61
7 26
7 119
7 139
7 176
7 167
7 112
7 10
7 59
7 70
8 171
8 33
8 102
8 50
8 81
8 161
8 112
8 115
8 193
8 150
8 82
8 173
8 125
8 8
8 94
8 163
8 172
8 113
8 67
8 27
8 180
8 48
8 31
8 145
8 49
8 194
8 156
9 195
9 92
9 155
9 103
9 134
9 135
9 65
9 21
9 66
9 121
9 198
9 99
9 159
9 142
9 80
9 19
9 93
9 147
9 25
9 89
9 141
9 153
9 37
9 90
9 174
9 138
9 14
9 70
9 126
10 131
10 10
10 124
10 151
10 119
10 120
10 15
10 117
10 195
10 68
10 197
10 105
10 123
10 186
10 139
10 26
10 143
10 192
10 18
10 59
10 150
10 176
10 146
10 61
10 76
10 162
10 145
10 33
10 113
10 147
11 41
11 69
11 133
11 40
11 57
11 55
11 31
11 98
11 184
11 47
11 20
11 122
11 35
11 32
11 174
11 140
11 110
11 48
11 175
11 91
11 95
11 148
11 56
11 152
11 39
11 17
11 42
11 116
11 125
11 155
11 19
12 114
12 23
12 41
12 109
12 168
12 75
12 52
12 69
12 62
12 53
12 54
12 185
12 51
12 188
12 36
12 79
12 179
12 157
12 149
12 12
12 63
12 73
12 95
12 154
12 83
12 43
12 107
12 108
12 161
12 158
13 39
13 129
13 130
13 132
13 37
13 60
13 146
13 144
13 189
13 29
13 103
13 156
13 111
13 73
13 13
13 169
13 178
13 16
13 187
13 63
13 84
13 67
13 173
13 47
13 155
13 182
13 196
13 101
13 118
13 89
14 30
14 181
14 135
14 89
14 99
14 66
14 65
14 138
14 134
14 198
14 147
14 142
14 21
14 85
14 25
14 93
14 19
14 70
14 121
14 80
14 14
14 185
14 187
14 153
14 159
14 126
15 36
15 131
15 139
15 117
15 186
15 151
15 197
15 120
15 192
15 123
15 124
15 105
15 61
15 72
15 143
15 26
15 195
15 18
15 76
15 89
15 38
15 59
15 68
15 133
15 184
15 150
15 96
15 25
16 42
16 130
16 132
16 144
16 169
16 103
16 155
16 187
16 73
16 182
16 60
16 129
16 178
16 156
16 16
16 111
16 37
16 101
16 196
16 52
16 53
16 175
16 29
16 189
16 63
16 84
17 133
17 140
17 175
17 40
17 174
17 57
17 47
17 184
17 17
17 122
17 48
17 35
17 95
17 148
17 110
17 31
17 71
17 55
17 98
17 42
17 177
17 30
17 77
17 20
17 32
17 86
18 23
18 131
18 143
18 151
18 18
18 197
18 26
18 117
18 123
18 124
18 119
18 76
18 61
18 105
18 192
18 72
18 59
18 187
18 173
18 165
18 186
18 120
18 22
19 154
19 61
19 136
19 134
19 138
19 142
19 21
19 99
19 147
19 85
19 70
19 135
19 89
19 121
19 19
19 153
19 126
19 198
19 103
19 124
19 80
20 23
20 197
20 133
20 140
20 148
20 47
20 20
20 57
20 184
20 122
20 95
20 91
20 174
20 110
20 35
20 71
20 40
20 98
20 86
20 123
20 117
20 31
20 48
20 175
20 55
20 129
21 114
21 130
21 63
21 138
21 141
21 142
21 147
21 198
21 85
21 121
21 99
21 126
21 134
21 25
21 66
21 80
21 89
21 135
21 128
21 97
21 167
21 153
21 159
21 70
21 93
22 151
22 48
22 163
22 137
22 104
22 96
22 183
22 176
22 92
22 22
22 100
22 44
22 152
22 87
22 88
22 34
22 166
22 165
22 97
22 181
22 59
22 130
22 30
22 158
22 56
22 190
22 74
22 99
23 149
23 168
23 157
23 23
23 109
23 154
23 114
23 45
23 62
23 188
23 53
23 75
23 79
23 83
23 199
23 54
23 41
23 52
23 185
23 36
23 179
23 69
23 35
23 170
23 150
23 112
23 101
24 151
24 133
24 136
24 177
24 77
24 191
24 107
24 164
24 160
24 39
24 38
24 106
24 180
24 167
24 108
24 58
24 162
24 171
24 46
24 24
24 152
24 36
24 143
24 170
24 43
24 64
24 145
24 82
24 128
24 190
25 123
25 134
25 135
25 138
25 153
25 198
25 70
25 65
25 121
25 66
25 99
25 141
25 126
25 142
25 25
25 147
25 80
25 81
25 53
25 159
25 93
26 131
26 139
26 143
26 151
26 117
26 68
26 195
26 123
26 120
26 186
26 59
26 124
26 105
26 76
26 192
26 119
26 197
26 52
26 170
26 58
26 61
26 56
26 187
26 135
27 145
27 150
27 163
27 194
27 125
27 115
27 94
27 113
27 161
27 67
27 200
27 173
27 172
27 112
27 49
27 193
27 27
27 128
27 81
27 147
27 122
27 136
27 33
27 50
27 102
27 176
28 137
28 152
28 165
28 30
28 44
28 34
28 56
28 176
28 158
28 88
28 74
28 166
28 78
28 87
28 100
28 92
28 190
28 183
28 28
28 104
28 51
28 45
28 181
29 72
29 46
29 200
29 137
29 129
29 132
29 144
29 146
29 155
29 196
29 29
29 178
29 84
29 63
29 73
29 187
29 156
29 60
29 118
29 30
29 176
29 82
29 37
29 169
29 182
30 137
30 152
30 96
30 100
30 176
30 87
30 166
30 78
30 92
30 97
30 181
30 88
30 74
30 56
30 190
30 34
30 183
30 44
30 113
30 144
31 133
31 140
31 148
31 48
31 57
31 55
31 122
31 40
31 32
31 175
31 91
31 174
31 86
31 31
31 98
31 184
31 47
31 33
31 199
31 53
31 35
31 42
31 95
31 110
31 78
31 156
31 141
31 198
32 62
32 151
32 124
32 133
32 140
32 57
32 42
32 98
32 175
32 48
32 86
32 32
32 71
32 95
32 174
32 55
32 47
32 40
32 164
32 106
32 81
32 122
32 134
33 145
33 161
33 33
33 193
33 125
33 112
33 115
33 172
33 67
33 82
33 113
33 50
33 49
33 94
33 81
33 194
33 150
33 114
33 180
33 163
33 173
33 200
33 102
33 97
33 104
33 63
34 186
34 137
34 152
34 158
34 176
34 97
34 181
34 100
34 88
34 190
34 56
34 96
34 44
34 74
34 183
34 166
34 78
34 34
34 35
34 177
34 165
34 87
34 104
35 157
35 83
35 143
35 68
35 133
35 140
35 148
35 98
35 71
35 48
35 91
35 57
35 42
35 175
35 47
35 86
35 122
35 95
35 188
35 117
35 40
35 174
35 55
35 110
35 162
35 44
36 149
36 154
36 157
36 62
36 51
36 45
36 52
36 188
36 36
36 185
36 109
36 179
36 69
36 168
36 41
36 79
36 199
36 114
36 64
36 167
36 53
36 83
36 63
36 80
37 54
37 129
37 132
37 144
37 146
37 155
37 156
37 73
37 196
37 178
37 169
37 37
37 63
37 182
37 101
37 187
37 111
37 84
37 188
37 45
37 50
37 60
37 189
37 118
38 195
38 136
38 160
38 162
38 180
38 167
38 64
38 90
38 43
38 127
38 177
38 39
38 170
38 171
38 164
38 77
38 38
38 58
38 47
38 63
38 112
38 46
38 191
38 106
38 107
38 116
38 121
39 48
39 136
39 162
39 164
39 167
39 160
39 177
39 107
39 170
39 90
39 43
39 171
39 116
39 46
39 77
39 127
39 106
39 191
39 121
39 197
39 180
39 64
40 140
40 71
40 122
40 42
40 175
40 98
40 133
40 48
40 174
40 184
40 148
40 40
40 57
40 47
40 91
40 197
40 67
40 170
40 55
40 86
40 95
40 110
41 149
41 154
41 157
41 54
41 51
41 114
41 168
41 179
41 75
41 188
41 45
41 185
41 53
41 199
41 83
41 109
41 62
41 52
41 71
41 99
42 133
42 140
42 95
42 71
42 174
42 175
42 57
42 98
42 148
42 184
42 47
42 48
42 86
42 110
42 91
42 55
42 146
42 132
42 113
42 66
43 105
43 136
43 160
43 162
43 167
43 106
43 171
43 90
43 58
43 180
43 116
43 191
43 164
43 77
43 170
43 107
43 108
43 46
43 140
43 193
44 199
44 137
44 158
44 165
44 166
44 181
44 104
44 74
44 176
44 92
44 97
44 78
44 190
44 56
44 183
44 96
44 88
44 50
44 141
45 149
45 154
45 157
45 168
45 109
45 179
45 53
45 69
45 54
45 79
45 188
45 114
45 185
45 75
45 62
45 52
45 51
45 45
45 59
45 199
45 83
45 110
46 162
46 164
46 170
46 171
46 127
46 106
46 107
46 180
46 90
46 64
46 160
46 191
46 58
46 77
46 116
46 177
46 108
46 92
46 143
46 88
47 139
47 61
47 133
47 140
47 148
47 174
47 48
47 57
47 122
47 86
47 98
47 95
47 55
47 184
47 120
47 130
47 170
47 175
47 91
47 145
47 74
47 104
48 199
48 133
48 148
48 71
48 55
48 140
48 184
48 122
48 57
48 175
48 98
48 48
48 63
48 86
48 110
48 190
48 118
49 145
49 150
49 161
49 172
49 49
49 128
49 113
49 102
49 81
49 67
49 50
49 163
49 94
49 193
49 125
49 200
49 112
49 194
49 181
49 117
49 166
49 115
49 85
49 126
50 145
50 150
50 161
50 163
50 50
50 81
50 102
50 112
50 115
50 128
50 113
50 193
50 67
50 94
50 173
50 125
50 61
50 110
50 56
50 194
50 200
50 82
50 99
51 149
51 154
51 168
51 179
51 52
51 53
51 75
51 185
51 69
51 188
51 79
51 114
51 62
51 157
51 51
51 199
51 196
51 117
51 105
51 54
51 83
51 193
52 149
52 157
52 168
52 179
52 79
52 154
52 52
52 53
52 188
52 83
52 199
52 54
52 75
52 69
52 64
52 129
52 62
52 109
52 175
52 166
53 149
53 154
53 157
53 168
53 179
53 53
53 188
53 114
53 185
53 83
53 62
53 109
53 199
53 161
53 78
53 86
53 54
53 69
53 75
53 79
54 154
54 157
54 168
54 179
54 75
54 69
54 62
54 199
54 109
54 149
54 188
54 79
54 83
54 185
54 123
54 111
54 58
54 189
55 133
55 148
55 174
55 175
55 91
55 140
55 71
55 122
55 98
55 57
55 184
55 86
55 195
55 157
55 163
55 95
55 110
56 152
56 158
56 166
56 176
56 181
56 183
56 92
56 74
56 137
56 190
56 96
56 78
56 97
56 56
56 107
56 87
56 88
57 133
57 140
57 174
57 175
57 98
57 184
57 57
57 71
57 148
57 122
57 180
57 176
57 111
57 86
57 95
57 110
57 58
57 152
58 109
58 136
58 160
58 162
58 164
58 171
58 177
58 180
58 107
58 108
58 58
58 77
58 127
58 170
58 106
58 191
58 91
58 64
58 116
59 131
59 139
59 143
59 151
59 186
59 105
59 119
59 117
59 76
59 123
59 68
59 61
59 192
59 195
59 72
59 114
59 82
59 164
59 197
59 124
59 173
60 184
60 122
60 129
60 132
60 144
60 155
60 169
60 178
60 187
60 84
60 189
60 111
60 60
60 146
60 101
60 63
60 156
60 174
60 177
60 80
60 103
60 70
61 139
61 143
61 151
61 186
61 192
61 120
61 123
61 68
61 124
61 105
61 72
61 195
61 197
61 131
61 119
61 96
61 76
61 117
61 184
61 146
61 182
61 73
61 153
62 149
62 154
62 168
62 179
62 185
62 188
62 199
62 109
62 114
62 157
62 79
62 69
62 130
62 67
63 180
63 88
63 130
63 132
63 144
63 146
63 156
63 169
63 178
63 182
63 187
63 189
63 84
63 111
63 196
63 101
64 192
64 136
64 160
64 162
64 164
64 167
64 170
64 171
64 177
64 191
64 90
64 64
64 108
64 133
64 195
64 145
64 106
64 107
64 127
64 128
64 141
65 168
65 192
65 161
65 144
65 134
65 135
65 141
65 147
65 153
65 159
65 70
65 85
65 93
65 138
65 66
65 89
65 198
65 99
65 118
65 92
65 186
66 77
66 106
66 134
66 135
66 141
66 142
66 147
66 153
66 159
66 126
66 66
66 80
66 85
66 93
66 99
66 154
66 104
66 198
67 145
67 150
67 161
67 163
67 172
67 173
67 194
67 125
67 115
67 82
67 113
67 81
67 67
67 156
67 165
67 188
67 200
67 102
67 128
67 92
68 139
68 143
68 151
68 186
68 123
68 120
68 105
68 72
68 124
68 197
68 131
68 195
68 119
68 192
68 68
68 148
68 76
68 164
69 149
69 154
69 157
69 185
69 188
69 168
69 179
69 69
69 109
69 114
69 83
69 123
69 195
69 199
69 75
69 79
69 100
69 178
70 94
70 134
70 141
70 147
70 153
70 198
70 70
70 80
70 85
70 142
70 121
70 99
70 93
70 138
70 74
71 186
71 133
71 140
71 148
71 175
71 184
71 110
71 95
71 98
71 174
71 122
71 91
71 183
71 111
71 126
71 189
71 89
71 93
72 131
72 139
72 143
72 151
72 195
72 197
72 119
72 105
72 120
72 192
72 117
72 123
72 124
72 72
72 108
72 138
72 127
73 180
73 107
73 82
73 130
73 132
73 155
73 182
73 189
73 196
73 129
73 111
73 156
73 101
73 169
73 84
73 73
73 108
73 95
73 118
74 148
74 158
74 165
74 181
74 183
74 190
74 100
74 96
74 166
74 92
74 88
74 104
74 87
74 152
74 137
74 107
74 143
74 78
74 97
74 129
75 149
75 154
75 157
75 168
75 185
75 199
75 188
75 114
75 83
75 179
75 109
75 79
75 144
75 167
75 113
75 117
75 77
75 166
75 135
76 131
76 139
76 143
76 151
76 192
76 195
76 197
76 123
76 117
76 120
76 105
76 119
76 186
76 76
76 110
76 118
76 194
76 155
77 136
77 160
77 162
77 164
77 177
77 180
77 191
77 116
77 171
77 90
77 108
77 170
77 127
77 77
77 106
77 107
77 97
78 170
78 115
78 137
78 152
78 165
78 166
78 176
78 181
78 183
78 88
78 78
78 96
78 190
78 200
78 102
78 87
78 92
78 100
78 104
79 157
79 168
79 179
79 185
79 188
79 83
79 114
79 199
79 109
79 149
79 94
79 150
79 112
79 98
79 144
79 142
80 177
80 116
80 134
80 135
80 141
80 142
80 153
80 159
80 138
80 126
80 85
80 147
80 89
80 144
80 156
80 93
80 99
80 121
81 162
81 145
81 150
81 163
81 172
81 173
81 193
81 194
81 200
81 115
81 112
81 102
81 94
81 82
81 154
81 186
81 182
81 113
81 125
82 83
82 145
82 150
82 163
82 172
82 173
82 193
82 113
82 200
82 102
82 128
82 115
82 161
82 82
82 171
82 94
82 125
82 190
83 149
83 157
83 179
83 185
83 188
83 109
83 83
83 114
83 186
83 120
84 129
84 130
84 132
84 144
84 146
84 156
84 169
84 178
84 189
84 111
84 84
84 187
84 101
84 196
84 197
84 105
84 149
84 103
84 118
85 188
85 174
85 134
85 141
85 142
85 159
85 198
85 126
85 135
85 99
85 93
85 121
85 89
85 153
85 169
85 106
86 140
86 148
86 174
86 175
86 184
86 86
86 133
86 91
86 98
86 112
86 96
86 186
86 95
86 122
87 150
87 137
87 152
87 158
87 165
87 166
87 176
87 190
87 87
87 96
87 104
87 92
87 100
87 136
87 118
88 197
88 137
88 152
88 158
88 165
88 166
88 183
88 190
88 104
88 181
88 92
88 96
88 100
88 103
88 97
88 182
89 124
89 140
89 102
89 134
89 135
89 138
89 141
89 142
89 147
89 159
89 89
89 198
89 114
89 93
89 99
90 160
90 162
90 171
90 180
90 191
90 90
90 177
90 107
90 116
90 136
90 127
90 170
90 167
90 164
90 97
90 156
90 159
90 106
90 108
91 185
91 133
91 148
91 174
91 175
91 184
91 91
91 95
91 110
91 98
91 140
91 180
91 186
91 128
91 92
91 142
92 149
92 179
92 137
92 152
92 158
92 165
92 166
92 181
92 183
92 92
92 97
92 100
93 134
93 135
93 138
93 142
93 147
93 159
93 99
93 121
93 141
93 126
93 179
94 150
94 161
94 163
94 172
94 173
94 194
94 200
94 128
94 102
94 145
94 193
94 94
94 197
94 180
94 112
94 113
94 115
95 133
95 140
95 174
95 184
95 148
95 110
95 95
95 157
95 100
95 98
95 122
96 109
96 114
96 137
96 152
96 166
96 181
96 100
96 176
96 190
96 104
96 158
96 124
96 161
96 97
97 148
97 127
97 163
97 158
97 165
97 166
97 176
97 181
97 183
97 190
97 104
97 162
97 100
98 133
98 140
98 148
98 175
98 184
98 174
98 121
98 113
98 110
98 122
98 191
98 200
99 171
99 134
99 135
99 138
99 153
99 198
99 126
99 159
99 101
99 121
100 152
100 158
100 176
100 181
100 190
100 165
100 104
100 183
100 100
100 111
101 168
101 177
101 130
101 132
101 146
101 169
101 178
101 182
101 187
101 111
101 103
101 155
101 156
101 196
101 101
102 150
102 161
102 163
102 172
102 173
102 128
102 113
102 115
102 112
102 193
102 194
102 125
102 178
102 118
102 158
103 185
103 129
103 132
103 146
103 155
103 156
103 169
103 178
103 182
103 189
103 196
103 118
103 103
103 187
103 144
103 128
103 168
104 157
104 148
104 110
104 137
104 158
104 181
104 183
104 165
104 104
104 107
104 138
105 131
105 139
105 143
105 151
105 186
105 192
105 195
105 197
105 123
105 105
105 167
105 164
105 119
105 124
105 187
106 136
106 160
106 164
106 167
106 180
106 127
106 108
106 191
106 107
106 170
106 177
106 163
106 123
106 116
107 188
107 160
107 162
107 167
107 170
107 171
107 191
107 164
107 116
107 107
107 143
107 108
107 127
107 178
108 136
108 160
108 162
108 164
108 171
108 180
108 191
108 108
108 116
108 167
108 127
108 144
108 159
109 154
109 157
109 168
109 179
109 188
109 114
109 199
109 185
109 135
110 139
110 140
110 148
110 174
110 175
110 184
110 122
110 137
110 132
111 133
111 160
111 173
111 176
111 129
111 130
111 132
111 144
111 146
111 155
111 156
111 187
111 189
112 150
112 161
112 172
112 193
112 194
112 200
112 112
112 115
112 132
112 195
112 113
112 125
112 128
113 116
113 145
113 150
113 173
113 193
113 194
113 200
113 161
113 142
113 115
113 128
114 149
114 157
114 168
114 199
114 179
114 114
114 185
114 191
115 145
115 161
115 163
115 172
115 173
115 193
115 194
115 125
115 196
115 124
116 136
116 160
116 170
116 171
116 177
116 116
116 167
116 162
116 164
116 191
116 127
116 196
117 131
117 143
117 151
117 192
117 119
117 124
117 186
117 120
117 139
117 117
117 158
117 146
117 169
117 126
118 129
118 132
118 146
118 155
118 156
118 182
118 187
118 118
118 144
118 178
118 130
118 196
118 165
118 172
119 195
119 151
119 123
119 119
119 186
119 131
119 192
119 139
119 120
119 179
119 161
119 188
119 124
119 175
120 139
120 143
120 186
120 192
120 195
120 131
120 124
120 120
120 151
120 148
121 134
121 138
121 141
121 142
121 159
121 198
121 126
121 121
121 175
121 192
122 140
122 148
122 175
122 184
122 122
122 193
122 136
122 167
122 198
123 131
123 139
123 143
123 186
123 192
123 195
123 197
123 142
123 199
123 124
123 159
124 131
124 139
124 143
124 186
124 192
124 195
124 151
124 144
124 170
124 163
124 130
124 138
125 145
125 150
125 161
125 163
125 172
125 173
125 193
125 194
125 200
125 128
125 133
125 180
126 131
126 134
126 135
126 138
126 141
126 147
126 153
126 126
126 157
127 136
127 160
127 162
127 164
127 167
127 170
127 177
127 180
127 191
127 127
128 186
128 161
128 163
128 172
128 173
128 193
128 194
128 200
128 150
128 145
128 162
129 136
129 171
129 187
129 144
129 129
129 155
129 156
129 130
129 132
129 182
129 169
129 146
129 159
129 178
129 138
130 164
130 155
130 178
130 189
130 144
130 182
130 187
130 196
130 132
130 156
130 146
130 158
130 169
131 186
131 197
131 139
131 143
131 195
131 192
131 131
131 151
131 138
131 167
131 136
132 196
132 156
132 155
132 144
132 187
132 146
132 157
132 147
132 169
132 178
133 174
133 140
133 133
133 148
133 175
133 184
133 134
134 149
134 153
134 135
134 134
134 198
134 159
134 141
134 136
134 138
135 172
135 183
135 138
135 135
135 159
135 147
135 141
135 153
135 144
135 198
136 171
136 162
136 170
136 167
136 164
136 191
136 160
136 136
136 177
136 194
137 168
137 180
137 200
137 152
137 176
137 190
137 183
137 181
137 166
137 186
137 194
137 158
137 165
138 142
138 198
138 138
138 141
138 147
138 153
138 159
139 197
139 192
139 195
139 186
139 143
139 151
139 139
139 158
140 184
140 140
140 174
140 148
140 160
140 154
140 175
141 160
141 147
141 142
141 198
141 153
141 141
141 200
141 159
142 195
142 169
142 142
142 159
142 147
142 198
142 187
142 153
143 151
143 186
143 197
143 143
143 176
143 189
143 192
143 195
144 144
144 155
144 196
144 178
144 187
144 189
144 185
144 156
144 169
145 150
145 200
145 173
145 194
145 172
145 145
145 193
145 163
146 196
146 187
146 156
146 155
146 169
146 178
146 189
146 146
147 191
147 147
147 198
147 153
147 190
147 174
148 174
148 175
148 148
148 184
148 165
149 188
149 154
149 179
149 168
149 185
149 199
149 149
149 197
149 157
150 199
150 161
150 194
150 172
150 150
150 173
150 193
150 200
151 192
151 197
151 195
151 151
151 186
151 165
151 178
152 174
152 173
152 190
152 158
152 176
152 183
152 181
152 186
152 188
152 165
153 153
153 159
153 198
153 154
153 180
154 188
154 199
154 179
154 157
154 168
154 154
154 185
154 177
154 192
155 164
155 169
155 182
155 178
155 155
155 196
155 189
155 156
155 187
156 196
156 156
156 187
156 182
156 178
156 190
157 188
157 185
157 199
157 168
157 179
158 183
158 190
158 158
158 166
158 176
158 165
159 159
159 189
159 192
160 164
160 170
160 180
160 167
160 160
160 191
160 198
160 162
160 171
160 177
160 169
161 188
161 194
161 161
161 163
161 172
161 173
161 193
161 200
161 183
162 170
162 171
162 177
162 167
162 180
162 164
162 191
163 173
163 194
163 172
163 163
163 193
163 200
164 177
164 170
164 164
164 180
164 171
164 167
164 191
165 166
165 181
165 165
165 176
165 199
165 183
165 190
166 176
166 181
166 183
166 190
166 166
166 182
167 170
167 177
167 180
167 171
167 186
167 185
167 191
167 181
168 179
168 185
168 168
168 199
168 188
169 181
169 178
169 196
169 187
169 169
169 182
169 189
170 191
170 180
170 170
170 177
170 171
170 194
170 189
171 191
171 171
171 177
171 180
172 194
172 200
172 173
172 172
172 189
172 193
172 196
173 194
173 173
173 200
173 193
174 174
174 175
174 184
175 183
176 190
176 176
176 181
177 177
177 191
177 190
177 180
178 196
178 187
178 178
178 182
178 189
179 179
179 199
179 188
179 185
180 191
180 182
181 193
181 183
181 190
182 189
182 182
182 196
182 187
183 183
183 190
184 184
185 199
185 185
186 186
186 195
186 197
187 189
187 196
187 193
188 188
188 199
188 191
189 196
189 189
190 190
192 197
192 192
192 195
193 194
193 196
193 200
194 200
195 195
195 197
196 196
197 197
198 198
199 199
200 200
