200 2846
1 24
1 43
1 189
1 44
1 191
1 4
1 13
1 97
1 53
1 99
1 197
1 165
1 102
1 51
1 177
1 92
1 131
1 36
1 118
1 100
1 150
1 181
1 127
1 7
1 198
1 132
1 18
1 175
1 104
1 40
2 23
2 167
2 42
2 88
2 86
2 74
2 55
2 69
2 38
2 73
2 66
2 196
2 84
2 108
2 120
2 122
2 2
2 149
2 159
2 140
2 83
2 117
2 155
2 7
2 143
2 151
2 176
2 67
3 39
3 9
3 43
3 71
3 33
3 95
3 64
3 105
3 35
3 161
3 7
3 171
3 82
3 128
3 169
3 189
3 103
3 29
3 162
3 172
3 58
3 182
3 69
3 125
3 175
3 6
3 54
4 131
4 132
4 4
4 102
4 51
4 44
4 53
4 18
4 97
4 165
4 13
4 175
4 104
4 191
4 36
4 181
4 100
4 92
4 118
4 150
4 72
4 69
4 89
4 177
4 99
4 119
4 123
5 11
5 134
5 162
5 181
5 118
5 46
5 34
5 57
5 115
5 20
5 116
5 45
5 121
5 5
5 138
5 142
5 40
5 154
5 65
5 27
5 76
5 82
5 156
5 161
5 37
5 168
5 180
5 91
5 123
6 160
6 19
6 41
6 95
6 43
6 64
6 6
6 103
6 82
6 33
6 35
6 161
6 128
6 162
6 172
6 189
6 182
6 7
6 169
6 29
6 50
6 94
6 181
6 54
6 58
6 71
6 80
6 105
6 139
7 171
7 182
7 162
7 43
7 101
7 95
7 161
7 105
7 64
7 103
7 80
7 58
7 82
7 189
7 169
7 128
7 35
7 7
7 172
7 12
7 174
7 133
7 29
7 33
7 54
8 134
8 136
8 9
8 192
8 24
8 26
8 170
8 8
8 156
8 49
8 79
8 62
8 77
8 127
8 63
8 186
8 16
8 163
8 147
8 183
8 81
8 27
8 44
8 95
8 174
8 185
8 188
8 167
8 70
9 134
9 136
9 145
9 186
9 9
9 163
9 183
9 156
9 188
9 16
9 26
9 63
9 79
9 24
9 185
9 77
9 192
9 147
9 127
9 170
9 105
9 149
9 62
9 88
10 133
10 135
10 137
10 144
10 78
10 153
10 141
10 199
10 160
10 10
10 178
10 47
10 30
10 166
10 22
10 146
10 173
10 179
10 89
10 124
10 17
10 25
10 151
10 109
10 152
10 190
10 117
10 111
11 30
11 130
11 87
11 21
11 184
11 19
11 155
11 72
11 98
11 90
11 23
11 41
11 158
11 48
11 39
11 129
11 93
11 59
11 12
11 15
11 11
11 102
11 185
11 164
11 94
11 106
11 107
11 126
11 26
11 35
11 53
11 85
11 27
12 129
12 184
12 15
12 41
12 106
12 158
12 19
12 39
12 23
12 21
12 98
12 72
12 12
12 126
12 48
12 59
12 155
12 87
12 90
12 130
12 62
12 16
12 145
12 164
12 93
12 107
12 165
12 51
12 194
12 34
13 133
13 64
13 131
13 132
13 150
13 99
13 118
13 102
13 175
13 191
13 96
13 165
13 53
13 36
13 104
13 181
13 97
13 13
13 197
13 22
13 124
13 121
13 18
13 44
13 51
13 100
13 142
14 47
14 19
14 35
14 88
14 139
14 200
14 119
14 61
14 114
14 113
14 60
14 109
14 25
14 198
14 14
14 70
14 68
14 75
14 157
14 112
14 85
14 154
14 137
14 159
14 148
14 187
14 194
14 111
14 125
15 129
15 130
15 59
15 98
15 23
15 41
15 21
15 19
15 90
15 164
15 87
15 93
15 155
15 126
15 48
15 94
15 107
15 15
15 184
15 133
15 80
15 102
15 72
15 33
16 141
16 117
16 39
16 134
16 136
16 24
16 174
16 185
16 145
16 63
16 81
16 147
16 163
16 170
16 62
16 16
16 188
16 186
16 59
16 82
16 193
16 26
16 156
16 49
16 183
16 79
16 127
16 172
16 150
16 100
16 102
16 37
17 133
17 135
17 137
17 141
17 144
17 117
17 160
17 179
17 124
17 30
17 47
17 166
17 17
17 190
17 78
17 199
17 146
17 178
17 173
17 52
17 134
17 110
17 75
17 153
17 89
17 163
17 96
17 200
17 116
18 124
18 131
18 132
18 18
18 36
18 92
18 104
18 165
18 191
18 177
18 150
18 175
18 51
18 181
18 53
18 97
18 100
18 96
18 153
18 123
18 31
18 197
18 138
18 193
19 133
19 129
19 130
19 155
19 23
19 158
19 184
19 126
19 41
19 19
19 39
19 48
19 106
19 98
19 93
19 72
19 94
19 164
19 137
19 21
19 87
19 107
19 156
19 132
19 175
19 31
19 85
19 57
20 129
20 138
20 142
20 115
20 76
20 57
20 27
20 154
20 116
20 34
20 37
20 168
20 123
20 28
20 45
20 121
20 91
20 32
20 20
20 65
20 124
20 183
20 128
20 46
20 180
21 129
21 130
21 23
21 41
21 87
21 184
21 164
21 107
21 158
21 39
21 48
21 59
21 93
21 72
21 126
21 98
21 155
21 21
21 146
21 119
21 90
21 94
21 106
21 161
21 51
22 133
22 135
22 137
22 141
22 144
22 146
22 152
22 179
22 30
22 89
22 22
22 117
22 173
22 153
22 178
22 78
22 199
22 190
22 160
22 52
22 111
22 73
22 37
22 166
22 124
22 170
22 186
22 64
22 69
22 100
23 129
23 184
23 59
23 98
23 126
23 164
23 87
23 106
23 130
23 48
23 90
23 107
23 72
23 93
23 155
23 39
23 41
23 168
23 193
23 94
24 134
24 136
24 145
24 62
24 185
24 183
24 49
24 79
24 77
24 147
24 26
24 156
24 63
24 81
24 174
24 163
24 127
24 192
24 24
24 93
24 186
24 51
24 148
24 111
25 106
25 50
25 122
25 191
25 148
25 119
25 200
25 75
25 139
25 111
25 31
25 60
25 157
25 198
25 112
25 85
25 109
25 113
25 61
25 70
25 38
25 181
25 103
25 187
25 194
25 68
25 57
25 65
26 130
26 134
26 147
26 174
26 127
26 81
26 145
26 185
26 156
26 192
26 79
26 62
26 63
26 49
26 186
26 77
26 183
26 188
26 53
26 133
26 165
27 138
27 142
27 91
27 193
27 45
27 40
27 76
27 28
27 121
27 195
27 154
27 116
27 115
27 65
27 32
27 180
27 46
27 37
27 168
27 92
27 134
27 34
28 138
28 32
28 193
28 115
28 91
28 40
28 142
28 37
28 195
28 180
28 154
28 57
28 28
28 76
28 116
28 168
28 46
28 34
28 45
28 63
28 83
28 126
28 65
28 123
29 152
29 127
29 71
29 64
29 80
29 105
29 182
29 82
29 162
29 161
29 35
29 128
29 54
29 95
29 189
29 29
29 101
29 169
29 194
29 153
29 52
29 33
29 43
29 103
29 109
30 133
30 135
30 137
30 141
30 146
30 152
30 153
30 30
30 47
30 160
30 144
30 173
30 166
30 179
30 89
30 199
30 190
30 117
30 165
30 106
30 178
30 52
30 78
30 124
30 163
30 65
31 156
31 192
31 162
31 165
31 139
31 148
31 157
31 56
31 198
31 85
31 31
31 194
31 114
31 75
31 61
31 60
31 119
31 109
31 200
31 33
31 35
31 187
31 113
32 145
32 191
32 138
32 142
32 154
32 195
32 180
32 34
32 116
32 193
32 121
32 168
32 37
32 46
32 57
32 115
32 123
32 40
32 91
32 42
32 73
32 66
32 76
33 161
33 162
33 64
33 95
33 169
33 82
33 43
33 71
33 172
33 54
33 33
33 80
33 58
33 189
33 128
33 101
33 171
33 34
33 93
33 182
33 103
33 105
34 155
34 69
34 73
34 99
34 139
34 138
34 142
34 154
34 45
34 57
34 195
34 123
34 180
34 193
34 91
34 116
34 127
34 89
34 65
34 76
34 115
35 78
35 162
35 82
35 189
35 128
35 105
35 54
35 101
35 169
35 43
35 64
35 161
35 95
35 80
35 171
35 35
35 103
35 163
35 182
35 58
36 63
36 132
36 150
36 36
36 131
36 191
36 99
36 165
36 96
36 51
36 181
36 104
36 97
36 102
36 100
36 44
36 92
36 89
36 40
36 78
36 177
36 197
37 93
37 82
37 53
37 138
37 142
37 116
37 193
37 168
37 91
37 195
37 121
37 37
37 154
37 46
37 76
37 43
37 172
37 40
37 57
37 65
38 140
38 143
38 149
38 151
38 159
38 108
38 120
38 69
38 88
38 122
38 83
38 74
38 84
38 50
38 196
38 67
38 42
38 73
38 66
38 86
38 167
38 160
38 165
38 129
38 55
38 177
38 102
38 61
39 129
39 130
39 155
39 158
39 164
39 93
39 87
39 72
39 107
39 126
39 59
39 98
39 184
39 41
39 39
39 48
39 61
39 90
39 106
39 105
39 142
40 96
40 138
40 142
40 154
40 76
40 45
40 57
40 168
40 123
40 180
40 115
40 91
40 193
40 195
40 121
40 40
40 118
40 65
40 116
41 146
41 78
41 129
41 130
41 155
41 158
41 164
41 48
41 93
41 126
41 90
41 72
41 107
41 98
41 41
41 171
41 184
41 59
41 87
41 94
41 175
41 118
41 119
42 143
42 149
42 151
42 159
42 167
42 88
42 50
42 140
42 86
42 84
42 122
42 67
42 108
42 74
42 176
42 42
42 83
42 69
42 196
42 76
42 125
42 180
42 55
42 66
42 68
43 161
43 162
43 172
43 71
43 128
43 171
43 182
43 101
43 169
43 54
43 189
43 95
43 43
43 80
43 64
43 184
43 45
43 58
43 103
44 188
44 131
44 96
44 102
44 92
44 51
44 118
44 99
44 53
44 197
44 132
44 44
44 165
44 191
44 100
44 181
44 46
44 114
44 171
44 177
44 157
45 160
45 90
45 94
45 106
45 170
45 120
45 198
45 138
45 142
45 154
45 121
45 193
45 46
45 65
45 195
45 173
45 174
45 63
45 180
45 57
45 76
45 91
45 115
45 116
46 53
46 138
46 142
46 168
46 57
46 76
46 91
46 116
46 154
46 193
46 65
46 46
46 121
46 147
46 66
46 150
46 180
47 133
47 137
47 141
47 144
47 146
47 152
47 153
47 160
47 166
47 173
47 135
47 117
47 179
47 190
47 124
47 52
47 178
47 199
47 78
47 139
47 58
47 89
47 121
48 129
48 155
48 164
48 48
48 87
48 98
48 90
48 93
48 130
48 106
48 184
48 94
48 126
48 127
48 169
48 108
48 59
48 72
48 198
48 200
49 135
49 134
49 136
49 145
49 147
49 156
49 163
49 174
49 185
49 127
49 77
49 186
49 49
49 63
49 183
49 192
49 62
49 180
49 115
49 104
49 101
49 143
49 187
50 172
50 140
50 159
50 167
50 176
50 86
50 196
50 55
50 50
50 151
50 84
50 120
50 122
50 143
50 88
50 108
50 149
50 73
50 153
50 161
50 66
50 67
50 96
51 131
51 132
51 150
51 165
51 175
51 92
51 118
51 100
51 197
51 97
51 51
51 191
51 104
51 53
51 96
51 181
51 99
51 102
52 133
52 135
52 137
52 141
52 144
52 146
52 152
52 153
52 160
52 166
52 173
52 179
52 78
52 52
52 199
52 124
52 178
52 158
52 65
52 122
52 190
52 117
52 134
53 66
53 67
53 131
53 150
53 165
53 175
53 177
53 53
53 100
53 104
53 97
53 96
53 132
53 181
53 191
53 197
53 99
53 102
53 118
53 113
54 199
54 174
54 162
54 171
54 172
54 182
54 71
54 95
54 161
54 128
54 64
54 105
54 58
54 101
54 54
54 120
54 97
54 189
54 80
54 82
54 103
54 88
54 99
55 164
55 143
55 149
55 151
55 167
55 176
55 88
55 86
55 140
55 84
55 73
55 74
55 69
55 108
55 55
55 66
55 67
55 64
55 117
55 172
55 196
56 94
56 74
56 157
56 194
56 68
56 112
56 109
56 56
56 85
56 200
56 60
56 110
56 125
56 70
56 119
56 111
56 148
56 114
56 75
56 187
56 105
56 195
56 137
56 61
56 113
57 166
57 89
57 149
57 197
57 138
57 142
57 154
57 168
57 180
57 91
57 116
57 121
57 193
57 69
57 65
57 195
57 115
58 161
58 162
58 171
58 172
58 182
58 64
58 128
58 71
58 58
58 169
58 80
58 189
58 101
58 198
58 84
58 149
58 103
59 190
59 130
59 155
59 158
59 184
59 59
59 106
59 129
59 94
59 164
59 90
59 98
59 126
59 80
59 168
59 189
59 87
60 84
60 148
60 109
60 70
60 198
60 157
60 68
60 110
60 111
60 61
60 112
60 119
60 125
60 187
60 114
60 75
60 194
60 200
60 186
60 126
60 129
60 85
60 113
61 81
61 148
61 157
61 187
61 61
61 110
61 111
61 113
61 139
61 200
61 194
61 112
61 114
61 75
61 119
61 117
61 185
61 68
61 70
61 85
62 134
62 136
62 147
62 170
62 174
62 186
62 79
62 145
62 188
62 156
62 62
62 183
62 163
62 81
62 126
62 104
62 142
62 63
62 77
62 80
62 121
63 137
63 199
63 129
63 134
63 136
63 145
63 147
63 174
63 183
63 185
63 188
63 79
63 77
63 156
63 163
63 83
63 107
63 192
63 127
64 78
64 169
64 182
64 189
64 95
64 71
64 171
64 80
64 128
64 172
64 105
64 101
64 82
64 127
64 103
64 176
64 73
65 73
65 138
65 154
65 180
65 115
65 195
65 76
65 123
65 193
65 168
65 121
65 200
65 116
66 135
66 164
66 140
66 149
66 159
66 196
66 86
66 151
66 143
66 120
66 122
66 88
66 73
66 74
66 69
66 66
66 192
66 78
66 67
66 83
66 84
66 108
67 140
67 143
67 151
67 159
67 167
67 176
67 86
67 122
67 69
67 108
67 67
67 196
67 149
67 120
67 88
67 134
67 92
67 73
67 74
67 83
67 191
68 183
68 139
68 148
68 157
68 194
68 85
68 75
68 114
68 112
68 111
68 109
68 113
68 198
68 68
68 200
68 110
68 118
68 117
69 140
69 143
69 149
69 151
69 159
69 167
69 176
69 196
69 88
69 84
69 120
69 69
69 108
69 74
69 168
69 83
69 86
70 83
70 139
70 148
70 157
70 187
70 198
70 200
70 113
70 85
70 75
70 112
70 194
70 110
70 125
70 70
70 114
70 132
70 136
70 168
71 158
71 164
71 161
71 162
71 169
71 172
71 182
71 71
71 80
71 101
71 103
71 82
71 189
71 194
71 159
71 110
71 95
72 179
72 129
72 130
72 155
72 158
72 164
72 184
72 107
72 94
72 106
72 90
72 72
72 173
72 178
72 153
72 87
72 93
72 126
72 188
73 143
73 149
73 151
73 159
73 167
73 196
73 176
73 108
73 74
73 73
73 83
73 84
73 140
73 88
73 138
74 140
74 143
74 149
74 151
74 167
74 176
74 88
74 196
74 122
74 84
74 83
74 120
74 159
74 74
74 106
75 183
75 95
75 181
75 97
75 148
75 157
75 187
75 194
75 198
75 125
75 110
75 112
75 111
75 94
75 77
75 141
75 85
75 109
75 113
75 114
75 119
75 195
76 175
76 138
76 142
76 154
76 168
76 180
76 195
76 193
76 123
76 91
76 112
76 172
76 133
77 134
77 136
77 145
77 147
77 156
77 163
77 174
77 183
77 185
77 188
77 192
77 81
77 186
77 77
77 108
77 168
77 179
77 79
77 148
78 133
78 135
78 137
78 141
78 144
78 152
78 166
78 179
78 199
78 153
78 190
78 146
78 124
78 173
78 78
78 117
79 152
79 134
79 136
79 145
79 147
79 156
79 163
79 170
79 174
79 183
79 192
79 186
79 185
79 81
79 84
79 130
79 195
79 103
80 184
80 161
80 162
80 171
80 172
80 182
80 189
80 101
80 95
80 82
80 187
80 176
80 105
80 114
80 121
81 166
81 134
81 136
81 147
81 156
81 163
81 170
81 174
81 183
81 186
81 188
81 185
81 81
81 145
81 169
81 152
81 161
81 86
82 188
82 161
82 162
82 169
82 171
82 172
82 182
82 105
82 103
82 101
82 128
82 124
82 94
82 95
82 177
83 183
83 140
83 143
83 167
83 176
83 196
83 159
83 120
83 86
83 88
83 122
83 151
83 84
83 103
83 138
83 108
83 194
84 192
84 140
84 143
84 151
84 159
84 167
84 176
84 120
84 149
84 108
84 128
84 184
84 88
84 122
84 92
85 139
85 148
85 157
85 187
85 194
85 119
85 112
85 114
85 198
85 110
85 113
85 85
85 115
85 125
86 133
86 199
86 127
86 140
86 143
86 149
86 151
86 159
86 167
86 176
86 196
86 120
86 122
86 114
86 109
86 88
87 130
87 158
87 164
87 184
87 87
87 94
87 129
87 93
87 98
87 90
87 96
87 115
87 128
87 106
87 107
87 169
87 104
88 140
88 143
88 149
88 151
88 196
88 159
88 108
88 167
88 120
88 122
88 200
89 133
89 135
89 137
89 141
89 144
89 146
89 152
89 153
89 160
89 166
89 173
89 178
89 179
89 190
89 89
89 199
89 185
89 97
89 117
89 159
89 120
89 154
89 91
90 173
90 129
90 130
90 164
90 184
90 93
90 126
90 90
90 107
90 155
90 133
90 176
90 94
90 98
90 168
91 153
91 107
91 114
91 138
91 154
91 180
91 193
91 123
91 91
91 135
91 144
91 116
91 121
92 140
92 131
92 177
92 197
92 102
92 118
92 104
92 96
92 191
92 99
92 97
92 150
92 132
92 92
92 127
92 117
92 139
93 178
93 129
93 155
93 158
93 164
93 184
93 93
93 106
93 126
93 121
93 154
93 94
93 107
94 129
94 130
94 158
94 94
94 126
94 155
94 164
94 107
94 106
94 175
94 163
95 161
95 162
95 169
95 172
95 182
95 103
95 101
95 95
95 198
95 109
95 105
96 126
96 176
96 132
96 150
96 175
96 177
96 181
96 191
96 131
96 96
96 197
96 165
96 97
96 99
96 100
96 104
96 115
97 131
97 132
97 150
97 175
97 177
97 191
97 197
97 118
97 97
97 104
97 178
97 183
97 99
97 100
97 102
97 195
98 144
98 124
98 129
98 130
98 155
98 158
98 164
98 184
98 106
98 98
98 170
98 128
98 107
99 124
99 184
99 131
99 150
99 165
99 175
99 177
99 181
99 197
99 104
99 99
99 153
99 100
100 131
100 132
100 165
100 175
100 177
100 181
100 191
100 197
100 104
100 102
100 100
100 118
101 173
101 161
101 162
101 172
101 189
101 171
101 128
101 103
101 101
101 135
101 153
101 118
102 131
102 132
102 150
102 175
102 177
102 197
102 191
102 118
102 104
102 102
103 161
103 162
103 169
103 171
103 172
103 182
103 189
103 103
103 109
103 105
104 131
104 150
104 165
104 197
104 132
104 181
104 118
104 160
104 139
104 154
105 190
105 161
105 162
105 169
105 171
105 172
105 182
105 189
105 128
105 144
105 147
106 129
106 130
106 155
106 158
106 184
106 106
106 164
106 145
106 126
106 131
106 119
106 125
107 129
107 130
107 155
107 158
107 164
107 184
107 107
107 177
107 190
107 126
107 196
107 150
108 171
108 140
108 143
108 151
108 159
108 120
108 122
108 149
108 114
108 182
108 132
108 197
109 139
109 148
109 157
109 187
109 113
109 111
109 110
109 125
109 114
109 119
109 198
109 118
109 172
110 173
110 139
110 148
110 157
110 187
110 194
110 198
110 114
110 119
110 111
110 113
110 112
110 189
110 116
110 154
111 158
111 122
111 148
111 157
111 194
111 198
111 200
111 111
111 125
111 187
111 139
111 172
111 112
112 126
112 140
112 149
112 139
112 148
112 157
112 187
112 194
112 119
112 200
112 125
112 188
112 137
112 170
112 113
112 114
113 139
113 148
113 198
113 125
113 187
113 157
113 200
113 194
113 119
113 137
113 199
113 114
114 190
114 185
114 157
114 148
114 187
114 125
114 129
114 119
115 145
115 186
115 125
115 138
115 142
115 154
115 168
115 180
115 195
115 185
115 156
115 116
115 123
116 126
116 138
116 142
116 193
116 195
116 180
116 121
116 137
116 144
117 133
117 135
117 144
117 146
117 152
117 153
117 160
117 166
117 173
117 178
117 179
117 199
117 137
117 190
117 200
117 122
118 136
118 131
118 132
118 150
118 165
118 175
118 177
118 181
118 191
118 118
119 139
119 148
119 157
119 187
119 194
119 198
119 125
119 200
120 140
120 143
120 149
120 151
120 159
120 167
120 176
120 196
120 122
120 145
121 155
121 171
121 138
121 195
121 154
121 121
121 123
122 140
122 143
122 149
122 151
122 159
122 176
122 196
122 133
122 194
123 160
123 138
123 142
123 180
123 195
123 193
123 154
123 168
123 123
123 128
123 131
124 133
124 135
124 137
124 144
124 152
124 153
124 160
124 166
124 173
124 179
124 190
124 178
124 146
124 199
124 141
125 174
125 139
125 148
125 157
125 187
125 198
125 200
125 194
125 136
126 129
126 130
126 158
126 164
126 184
126 155
127 158
127 134
127 136
127 147
127 163
127 174
127 183
127 185
127 186
127 188
127 170
127 127
127 145
127 164
128 141
128 152
128 161
128 162
128 169
128 171
128 172
128 182
128 189
128 174
128 143
129 184
129 130
129 129
129 155
129 164
129 150
130 155
130 158
130 184
130 164
130 130
130 151
130 159
131 161
131 197
131 131
131 165
131 177
131 191
131 150
131 193
131 196
131 132
131 175
131 187
132 144
132 181
132 197
132 165
132 132
132 191
132 150
132 177
132 156
132 143
132 175
133 179
133 133
133 135
133 173
133 160
133 146
133 141
133 153
133 190
133 199
133 137
133 144
133 152
133 178
134 137
134 192
134 170
134 163
134 136
134 145
134 174
134 186
134 134
134 147
134 156
134 183
134 185
134 188
134 159
135 178
135 141
135 153
135 190
135 144
135 179
135 146
135 166
135 173
135 137
135 199
135 152
135 196
136 163
136 192
136 170
136 147
136 145
136 183
136 188
136 136
136 174
136 144
136 190
136 156
136 185
136 189
137 146
137 152
137 179
137 190
137 178
137 153
137 141
137 199
137 144
137 160
137 137
138 193
138 154
138 142
138 200
138 168
138 195
139 178
139 170
139 174
139 139
139 200
139 194
139 148
139 187
139 157
139 198
139 154
140 196
140 159
140 149
140 151
140 176
140 140
140 167
140 141
140 157
141 173
141 190
141 179
141 146
141 160
141 144
141 166
141 199
141 141
141 152
141 174
141 153
141 178
142 193
142 154
142 195
142 142
142 168
142 171
142 180
143 155
143 167
143 176
143 159
143 149
143 151
143 143
143 196
143 198
144 153
144 160
144 178
144 152
144 144
144 166
144 190
144 173
144 199
144 154
145 146
145 183
145 192
145 170
145 163
145 156
145 145
145 185
145 147
145 188
145 198
145 186
146 173
146 179
146 178
146 199
146 146
146 160
146 190
146 166
146 152
146 171
146 153
146 147
147 156
147 192
147 186
147 185
147 170
147 188
147 163
147 174
147 179
147 194
148 182
148 148
148 157
148 198
148 185
148 187
148 194
148 200
149 151
149 196
149 149
149 167
149 159
149 171
150 185
150 175
150 181
150 165
150 150
150 184
150 191
150 197
151 151
151 159
151 163
151 168
151 198
151 167
151 176
152 166
152 160
152 178
152 153
152 152
152 179
152 173
152 190
152 180
153 179
153 173
153 160
153 190
153 178
153 199
153 155
153 200
153 166
154 180
154 154
154 193
154 168
154 195
155 155
155 184
155 164
155 158
155 193
156 174
156 156
156 163
156 183
156 186
156 188
156 192
156 185
156 187
156 170
157 198
157 157
157 200
157 197
157 187
157 194
158 158
158 164
158 184
159 185
159 196
159 176
159 166
159 167
160 179
160 199
160 166
160 160
160 173
160 178
160 190
160 182
160 196
161 169
161 171
161 189
161 161
161 172
161 162
161 182
162 189
162 171
162 169
162 172
162 173
162 182
162 187
163 186
163 188
163 170
163 183
163 163
163 185
163 174
163 192
164 164
164 184
165 192
165 175
165 177
165 191
165 165
165 181
166 190
166 199
166 173
166 178
166 166
166 182
166 181
167 167
167 196
167 176
167 170
167 188
168 195
168 168
168 193
168 182
169 171
169 189
169 182
169 169
169 170
169 181
169 172
170 178
170 183
170 170
170 185
170 188
170 174
170 192
170 186
171 186
171 172
171 171
171 189
171 182
171 187
172 172
172 182
172 200
172 189
173 190
173 178
173 199
173 179
174 192
174 174
174 188
174 183
174 185
174 186
175 181
175 191
175 175
175 197
175 193
176 179
176 176
176 185
176 196
177 177
177 191
177 197
177 181
177 187
178 178
178 199
178 190
179 179
179 199
179 193
179 190
180 180
180 195
180 186
180 185
180 193
181 191
181 181
181 197
182 197
183 183
183 192
183 186
183 188
184 185
184 189
185 188
185 186
185 192
186 188
186 192
186 186
187 198
187 194
187 200
188 192
188 188
189 189
190 199
191 191
191 197
192 192
193 193
194 194
194 200
195 195
195 198
196 196
196 200
197 197
198 200
199 199
200 200
