200 635
1 183
1 198
1 157
1 53
1 50
1 155
1 163
1 6
2 179
2 79
2 2
2 155
2 10
2 138
2 145
2 81
2 166
3 38
3 57
3 176
3 111
3 26
3 15
3 94
4 7
4 179
4 79
4 106
4 151
4 11
4 149
4 101
4 198
4 116
5 34
5 27
5 54
5 192
5 177
5 32
5 52
5 76
5 140
6 151
6 113
6 8
6 154
7 88
7 114
7 81
7 136
7 145
7 21
7 149
7 174
8 175
8 195
8 14
8 119
8 172
8 117
9 24
9 19
9 80
9 75
9 74
9 144
9 180
9 60
10 101
10 65
10 71
10 33
10 149
10 88
11 120
11 88
11 106
11 40
11 145
11 65
12 132
12 139
12 200
12 137
12 56
12 180
12 67
12 22
13 128
13 92
13 112
13 74
13 157
13 31
14 21
14 115
14 140
14 143
15 95
15 176
15 164
15 74
15 182
15 57
16 124
16 92
16 115
16 99
16 65
16 37
16 167
17 89
17 48
17 108
17 181
17 117
17 18
17 50
18 141
18 96
18 199
18 178
18 165
18 196
19 68
19 127
19 42
19 103
19 200
19 119
20 158
20 20
20 156
20 146
20 25
20 155
20 59
20 93
20 109
21 21
21 79
21 76
22 164
22 111
22 196
22 176
22 55
23 141
23 37
23 75
23 193
23 81
23 66
24 93
24 157
24 91
24 58
24 143
25 152
25 156
25 58
25 182
25 72
25 82
25 50
25 119
26 146
26 42
26 66
26 137
26 176
26 60
26 55
27 52
27 62
27 45
27 113
27 169
27 192
27 127
28 57
28 40
28 164
28 29
28 105
29 177
29 162
29 40
29 97
29 43
30 137
30 193
30 30
30 95
30 66
30 67
30 90
31 155
31 148
31 74
31 69
31 38
32 153
32 41
32 168
32 98
32 169
32 171
33 135
33 91
33 148
33 44
33 37
34 114
34 129
34 127
34 50
35 96
35 173
35 181
35 73
35 100
36 159
36 115
36 112
36 38
36 178
36 37
36 60
37 124
37 92
37 162
38 134
38 148
38 49
39 135
39 152
39 163
39 39
39 51
39 93
39 125
40 62
40 168
40 185
40 102
41 186
41 45
41 54
41 130
41 184
41 84
42 130
42 66
42 191
43 85
43 61
43 95
43 77
43 182
44 149
44 168
44 54
44 63
44 48
45 168
45 76
45 151
45 56
45 84
45 127
46 145
46 52
46 160
46 177
46 111
46 191
47 64
47 166
47 195
47 113
47 66
47 188
47 194
48 143
48 175
48 105
48 149
49 81
49 132
49 134
49 168
49 107
50 108
50 141
50 187
50 73
50 102
51 135
51 151
51 77
51 61
52 131
52 169
52 184
53 156
53 53
53 165
53 72
53 73
54 169
54 104
55 162
55 178
55 83
56 171
56 189
56 168
56 74
57 176
57 62
58 135
58 151
58 152
58 155
58 98
59 77
59 91
59 93
59 88
59 109
60 180
60 90
61 87
61 190
61 180
62 131
62 142
62 127
63 129
63 131
63 186
63 145
64 173
64 160
64 166
64 125
64 126
65 106
65 79
65 150
65 101
65 189
65 160
66 190
67 104
67 147
67 73
67 200
68 145
68 81
68 149
68 79
68 156
68 70
69 175
69 181
69 105
69 121
69 84
69 148
70 133
70 190
70 194
70 113
70 103
70 95
71 86
71 97
71 145
71 72
72 156
72 129
73 82
73 143
74 139
74 148
74 167
74 99
74 115
75 147
75 104
75 148
76 189
76 169
76 84
77 151
77 152
77 145
77 91
77 83
78 130
78 144
78 150
78 78
78 80
78 104
78 103
80 137
80 180
80 122
81 120
82 97
82 152
82 163
83 117
83 123
83 111
84 98
85 134
85 128
85 167
85 99
85 107
85 147
86 138
86 88
86 122
86 195
87 157
87 161
87 141
87 173
88 156
88 122
89 173
89 199
89 165
89 156
89 150
90 168
90 200
90 128
91 157
92 112
92 195
93 168
94 174
94 126
94 123
94 161
94 95
96 141
96 187
96 199
96 121
97 122
97 145
97 114
98 142
98 132
98 112
98 118
99 132
99 147
99 107
100 158
100 114
100 100
100 153
101 149
101 170
101 120
102 191
102 123
102 178
103 140
103 116
104 136
105 143
105 108
105 138
105 124
106 138
106 179
107 159
107 183
108 153
108 161
108 182
109 157
109 156
109 170
109 172
110 172
110 188
110 197
110 110
111 188
111 126
112 162
113 200
113 166
113 172
114 145
114 195
115 139
116 181
116 191
116 194
117 192
117 166
118 159
118 167
118 148
118 158
119 146
119 193
119 137
120 158
120 134
120 122
121 181
121 141
121 164
122 198
122 152
123 162
123 174
124 148
124 159
125 183
125 157
125 151
125 136
125 133
126 174
126 182
127 159
127 144
128 184
128 148
128 192
128 146
128 178
129 129
129 193
130 131
130 135
130 147
131 142
131 169
131 171
131 186
132 139
133 188
133 160
133 166
133 177
133 197
134 164
134 139
135 151
135 183
136 141
136 165
136 196
136 153
136 137
137 165
137 193
137 147
137 150
138 158
138 167
138 186
140 197
140 154
141 199
142 171
142 192
142 186
142 167
143 153
143 181
143 187
144 146
144 147
144 150
149 158
151 183
153 161
153 173
153 175
153 197
154 169
154 160
154 200
154 190
155 198
156 199
157 198
157 163
157 170
161 170
161 161
161 173
163 190
164 196
165 170
165 175
166 191
166 172
166 177
167 185
169 171
169 186
171 194
173 187
174 176
174 185
178 185
179 179
180 180
183 197
184 184
184 189
185 194
187 193
188 191
188 196
188 194
189 192
190 197
