200 638
1 37
1 63
1 76
1 193
1 122
1 194
2 137
2 46
2 93
2 150
2 83
2 61
2 74
3 42
3 169
3 92
3 33
3 21
3 135
3 179
4 132
4 80
4 200
4 187
4 163
4 159
5 67
5 102
5 139
5 6
5 178
5 101
5 30
6 180
6 104
6 130
6 61
6 58
6 127
6 62
7 27
7 172
7 168
7 99
7 66
7 162
7 119
7 122
8 169
8 32
8 50
8 147
8 94
8 153
8 185
8 111
9 41
9 177
9 19
9 51
9 125
9 151
9 53
9 184
9 196
10 175
10 131
10 13
10 113
10 68
10 39
10 92
10 133
10 118
11 67
11 127
11 140
11 66
11 102
11 112
11 193
12 168
12 57
12 149
12 41
12 55
12 18
12 162
12 121
13 13
13 39
13 15
13 164
13 87
13 89
14 140
14 90
14 147
14 97
14 162
14 62
14 44
15 187
15 71
15 21
15 19
15 38
15 124
16 58
16 67
16 95
16 20
16 189
16 127
16 54
17 41
17 86
17 106
17 156
17 98
17 146
17 162
18 168
18 18
18 34
18 156
18 29
19 53
19 186
19 161
19 27
19 192
20 144
20 104
20 103
20 108
20 95
20 167
21 143
21 21
22 130
22 103
22 70
22 22
22 37
23 130
23 177
23 81
23 100
23 128
24 99
24 28
24 49
24 133
24 87
24 158
24 52
24 117
25 154
25 151
25 178
25 71
25 34
25 124
26 145
26 195
26 157
26 26
26 35
26 45
26 75
26 125
26 187
27 149
27 57
27 42
27 90
27 162
27 73
27 116
27 121
27 53
28 133
28 54
28 78
28 197
28 52
28 117
28 120
29 156
29 55
29 108
29 78
29 52
30 59
30 51
30 109
30 69
30 184
30 170
31 172
31 142
31 154
31 145
31 102
32 153
32 88
32 147
32 195
32 123
33 136
33 63
33 131
33 103
33 87
33 94
34 58
34 148
34 34
34 35
34 47
35 154
35 145
35 111
35 190
35 105
36 196
36 51
36 53
36 98
36 43
36 109
37 129
37 58
37 130
37 82
37 171
38 51
38 138
38 141
38 164
39 59
39 136
39 173
39 89
39 77
39 55
40 129
40 103
40 67
40 127
40 166
40 181
40 102
41 86
41 180
41 84
41 65
42 86
42 57
42 79
42 163
43 117
43 78
43 52
43 159
43 176
43 118
44 131
44 44
44 63
45 157
45 148
45 93
45 71
45 81
46 137
46 145
46 148
46 189
46 74
47 132
47 138
47 188
47 200
47 77
47 52
48 49
48 76
48 78
48 133
48 141
48 118
49 182
49 176
49 99
49 55
49 194
50 153
50 126
50 169
50 105
50 62
51 177
51 65
53 185
54 91
54 120
54 78
55 165
55 68
56 82
56 83
56 123
56 171
56 160
57 156
57 175
57 122
58 104
58 100
59 162
59 90
59 161
60 111
60 173
60 169
60 185
60 168
60 124
61 137
61 75
61 69
62 171
62 97
62 107
62 69
63 161
63 167
63 112
64 181
64 95
64 104
64 144
64 98
65 152
65 100
65 182
65 198
66 170
66 89
66 177
66 94
66 113
67 101
68 186
68 109
68 132
69 152
69 183
69 198
69 100
70 129
70 139
70 175
70 86
71 138
71 197
72 154
72 163
72 148
72 93
72 107
72 75
73 155
73 106
73 73
73 122
73 110
74 142
74 145
74 90
75 145
75 97
76 176
76 120
76 77
77 138
77 77
78 165
79 180
79 146
79 86
79 133
79 99
80 196
80 174
80 143
80 108
81 151
81 161
81 182
82 191
82 144
82 103
83 169
83 171
83 173
83 186
83 84
83 158
84 169
84 185
84 153
84 97
84 112
85 142
85 145
85 190
85 195
85 143
86 101
86 122
86 148
87 147
87 164
87 200
87 112
88 181
88 140
88 173
88 185
88 114
88 189
89 131
89 198
89 110
90 126
90 114
90 107
91 191
91 137
91 142
91 190
92 199
92 110
92 158
93 93
93 179
94 179
94 115
95 95
96 131
96 135
96 164
96 179
96 99
97 115
97 145
98 192
98 154
98 164
99 156
99 121
99 116
99 101
99 145
99 195
99 141
100 129
101 181
101 127
102 129
102 181
102 160
103 119
103 130
103 181
104 130
104 175
105 125
105 159
105 197
106 155
106 162
106 183
107 147
107 173
107 166
107 115
107 190
108 134
108 155
109 109
110 135
110 167
111 140
111 171
111 156
112 199
112 197
113 164
113 170
113 188
114 140
114 115
114 187
115 126
115 129
116 155
116 172
116 177
116 139
117 155
117 171
118 176
118 193
119 146
119 155
119 180
120 176
120 148
121 146
121 163
122 143
123 153
123 185
123 128
124 166
124 178
125 148
125 150
125 163
126 171
126 197
128 165
128 158
128 140
129 144
129 175
129 191
130 144
130 139
131 170
131 144
132 184
132 132
133 133
133 134
134 165
134 193
134 141
135 199
135 141
135 179
136 199
136 179
136 188
136 164
136 167
137 149
137 154
137 176
138 143
138 182
138 141
139 181
140 153
140 173
140 152
141 159
141 174
141 187
141 189
142 195
142 146
142 143
143 174
144 181
144 188
144 191
145 148
146 172
146 149
146 151
147 169
148 163
149 168
149 149
149 153
150 150
150 153
150 154
150 178
151 152
152 168
152 161
152 182
152 183
152 199
152 174
152 165
157 157
157 200
158 183
158 193
158 176
159 160
159 198
159 166
160 160
161 196
163 190
163 195
164 199
165 193
166 198
167 177
169 185
170 170
172 180
173 173
174 197
178 188
179 194
181 191
182 183
182 198
182 186
182 192
183 184
183 186
184 192
189 200
190 198
192 200
194 194
196 198
