200 635
1 198
1 99
1 178
1 165
1 120
2 88
2 37
2 103
2 195
2 54
2 39
3 33
3 13
3 17
3 179
3 188
3 110
3 83
4 6
4 95
4 101
4 112
4 138
4 51
5 10
5 59
5 133
5 60
5 198
5 182
5 102
6 197
6 60
6 62
6 58
6 70
6 85
7 48
7 22
7 148
7 193
7 71
7 187
8 98
8 64
8 170
8 77
8 103
8 146
8 159
8 48
8 73
9 182
9 197
9 108
9 102
9 32
9 20
9 62
9 137
10 10
10 101
10 183
10 20
10 60
10 70
10 116
11 183
11 45
11 77
11 50
11 189
11 142
11 53
11 79
12 31
12 150
12 107
12 179
12 32
12 163
13 64
13 167
13 152
13 14
13 150
13 33
13 177
13 185
13 107
13 56
13 38
13 63
13 188
14 189
14 178
14 188
14 185
15 35
15 84
15 168
15 176
15 114
15 162
15 186
15 100
16 162
16 16
16 105
16 122
16 147
16 163
16 172
16 47
17 143
17 147
17 150
17 21
17 185
17 156
18 99
18 76
18 188
18 47
18 91
18 165
19 29
19 28
19 170
19 98
19 22
19 102
20 191
20 60
20 43
20 62
21 75
21 48
21 200
21 50
21 155
21 96
21 151
22 144
22 50
22 163
22 136
23 131
23 148
23 23
23 79
23 27
23 166
24 149
24 54
24 115
24 122
24 35
24 25
24 187
25 149
25 156
25 67
25 51
25 161
25 116
26 132
26 134
26 146
26 57
26 135
26 170
27 157
27 119
27 137
27 179
27 91
27 169
28 125
28 53
28 65
28 106
28 45
28 82
29 142
29 37
29 29
29 50
29 64
29 111
30 166
30 92
30 113
30 158
30 164
30 160
30 169
30 63
31 152
31 33
31 90
31 128
32 181
32 126
32 157
33 80
33 164
33 49
33 179
33 185
33 107
33 182
33 43
34 135
34 154
34 35
34 34
34 186
34 58
35 154
35 176
35 127
35 58
36 191
36 130
36 173
36 94
36 65
37 98
37 77
37 45
38 160
38 196
38 190
38 73
38 40
38 92
39 99
39 47
39 173
39 148
39 180
40 46
40 55
40 92
40 45
40 93
41 134
41 185
41 41
41 67
41 72
42 91
42 116
42 187
42 67
42 188
43 171
43 139
43 156
44 107
44 139
44 89
44 82
44 84
44 97
45 159
45 135
45 106
46 179
46 46
46 165
47 165
47 123
48 60
48 153
48 52
49 167
49 184
49 141
49 197
49 112
49 119
50 170
50 98
50 70
51 191
51 133
51 197
51 193
51 181
51 124
52 146
52 131
52 56
52 113
53 146
53 134
53 97
54 156
54 54
54 115
55 85
55 198
55 55
55 190
56 68
56 56
57 64
57 121
57 174
57 118
57 111
58 138
58 168
58 126
58 66
58 161
59 133
59 181
59 182
59 118
59 120
60 85
60 112
61 99
61 165
61 103
61 180
61 89
62 95
62 174
62 113
63 81
63 169
63 190
63 196
63 72
63 106
64 134
65 100
65 87
65 159
65 200
65 147
65 97
66 157
66 168
66 162
66 123
66 199
66 100
67 140
67 91
67 89
67 115
68 90
68 131
68 193
68 185
68 69
68 96
68 76
69 104
69 81
69 166
69 85
69 119
70 181
70 182
71 97
71 156
71 151
71 104
72 198
72 190
72 153
72 175
73 160
73 169
73 189
74 80
74 110
74 147
74 74
75 159
75 101
75 136
75 196
76 87
76 195
76 103
77 174
77 178
78 184
78 109
78 173
78 123
78 117
79 198
79 109
79 169
79 83
80 152
80 163
80 85
80 105
81 155
81 128
81 136
82 94
82 151
82 161
83 160
83 171
83 198
83 106
84 135
84 157
84 186
84 155
84 104
85 191
85 112
85 120
86 157
86 192
86 168
86 135
86 106
86 100
86 115
87 132
87 174
87 146
87 152
88 154
88 129
88 168
88 183
88 125
89 140
89 198
90 110
90 90
90 165
91 95
91 137
91 200
92 171
92 183
93 124
93 190
93 117
93 102
94 135
94 138
94 172
95 191
95 102
96 119
96 166
96 176
96 173
97 149
97 116
98 146
98 159
99 155
100 199
101 143
101 197
102 197
103 180
104 199
104 104
104 125
104 131
104 195
105 141
105 147
105 113
105 108
105 128
106 109
107 184
107 123
108 132
108 120
108 124
109 158
109 198
110 152
110 142
110 117
111 132
111 174
111 153
111 178
111 145
112 170
112 196
113 158
114 130
114 180
114 195
114 191
114 140
115 187
116 149
117 189
117 190
117 169
118 120
118 130
118 175
119 155
120 126
121 142
121 132
121 121
121 193
122 153
122 145
122 147
123 173
124 181
124 126
125 164
125 138
126 191
127 149
127 156
127 127
128 137
128 200
129 192
129 154
129 164
129 138
129 156
129 135
129 162
129 139
130 130
131 137
131 148
131 153
132 159
132 174
132 134
132 167
133 192
133 197
133 190
134 142
134 174
135 183
135 144
135 162
135 150
135 200
136 177
136 153
136 168
136 155
136 166
137 200
137 148
137 153
138 199
138 144
138 157
138 164
138 168
139 140
139 151
140 175
140 161
141 141
141 167
141 158
141 147
141 177
141 179
142 150
143 176
143 152
143 177
144 192
144 186
144 164
145 154
145 199
145 175
147 167
147 177
148 150
149 160
149 161
149 165
151 164
151 158
152 163
154 164
154 183
157 176
160 171
160 189
162 183
165 172
166 166
167 186
168 171
168 199
168 174
169 171
172 194
172 178
172 195
173 190
175 187
176 183
176 192
177 184
180 194
180 199
182 197
184 184
184 185
186 192
188 194
189 196
193 200
194 194
