300 953
1 40
1 146
1 71
1 63
1 245
2 136
2 259
2 278
2 107
2 105
2 157
2 159
3 32
3 137
3 230
3 140
3 17
3 164
3 187
3 217
3 246
3 19
3 51
4 235
4 90
4 37
4 138
4 13
4 148
4 167
5 130
5 238
5 188
5 255
5 284
5 13
5 75
6 81
6 6
6 94
6 253
6 178
6 57
6 104
7 107
7 77
7 297
7 222
7 23
7 145
8 209
8 90
8 8
8 75
8 167
9 264
9 112
9 28
9 238
9 221
9 161
9 40
9 73
9 231
9 276
9 240
9 152
10 277
10 269
10 23
10 31
10 170
10 230
11 68
11 295
11 96
11 144
11 286
11 203
11 229
11 232
11 169
12 211
12 45
12 241
12 158
12 150
12 149
12 286
12 201
12 127
13 215
13 52
13 93
13 277
13 28
13 73
14 139
14 75
14 237
14 198
14 273
14 18
14 22
14 173
14 183
14 236
14 186
15 151
15 68
15 250
15 193
15 258
15 274
16 131
16 43
16 272
16 256
16 178
16 276
17 146
17 151
17 175
17 42
17 34
18 93
18 97
18 199
18 175
18 223
19 96
19 61
19 56
19 70
19 152
19 155
19 114
19 119
19 82
20 64
20 195
20 99
20 153
20 235
21 206
21 133
21 43
21 143
21 283
21 71
22 78
22 22
22 38
22 53
22 183
22 254
23 226
23 276
23 100
23 271
23 256
23 39
24 279
24 24
24 74
24 153
25 227
25 25
25 136
25 174
25 192
26 262
26 31
26 100
26 272
26 179
27 52
27 217
27 34
27 169
27 89
27 179
27 187
28 270
28 202
28 286
29 91
29 74
29 41
29 285
29 102
30 187
30 169
30 137
30 162
30 112
30 289
30 38
30 246
31 262
31 139
31 269
31 227
32 138
32 148
32 168
32 55
32 49
32 58
33 213
33 208
33 57
33 66
33 112
34 214
34 65
34 188
34 218
34 230
35 176
35 245
35 35
35 260
35 62
35 72
35 210
35 124
35 99
36 261
36 286
36 127
36 275
36 183
36 45
36 69
36 105
37 148
37 126
37 92
37 187
37 298
37 151
37 159
38 92
38 140
38 68
38 218
39 298
39 222
39 77
39 166
39 186
40 264
40 238
40 212
40 266
40 121
41 163
41 285
41 41
41 114
42 142
42 146
42 253
42 177
42 246
42 258
43 133
43 143
43 74
44 200
44 292
44 91
44 54
44 283
44 72
44 264
45 105
45 247
45 52
45 211
45 243
46 296
46 46
46 150
46 218
47 138
47 167
47 221
47 117
47 118
47 49
47 55
48 153
48 63
48 125
48 64
48 165
48 191
48 242
49 58
49 49
49 252
50 72
50 207
50 248
50 196
50 253
50 64
50 125
51 80
51 156
51 263
51 99
51 242
52 264
52 161
52 215
53 254
53 98
53 173
53 138
54 290
54 210
54 54
54 80
54 91
54 224
54 245
54 118
54 77
55 138
55 177
55 195
55 58
55 209
55 254
56 229
56 267
56 285
56 272
57 299
57 266
57 271
57 102
57 115
58 180
58 275
58 252
58 126
58 173
58 165
59 275
59 184
59 173
59 121
59 167
59 78
59 108
60 265
60 189
60 174
60 225
60 288
60 206
60 115
61 152
61 279
61 285
61 77
62 95
62 205
62 118
62 275
62 224
63 273
63 170
63 198
63 110
63 242
64 95
64 205
64 82
65 299
65 295
65 289
65 133
66 266
66 66
66 233
66 223
67 231
67 144
67 293
67 175
67 278
68 146
68 293
68 104
68 240
69 286
69 241
69 270
69 120
70 89
70 220
70 279
70 269
70 76
71 252
71 88
71 82
72 219
72 95
72 80
73 188
73 255
73 271
73 131
73 249
74 144
74 108
74 119
75 183
75 101
75 86
75 236
76 150
76 185
76 152
76 106
77 257
78 183
78 128
78 116
78 223
79 224
79 182
79 129
79 110
79 121
79 239
79 125
80 280
80 91
81 265
81 281
81 213
81 166
81 180
81 250
82 263
82 242
83 293
83 295
83 123
83 83
83 232
84 154
84 113
84 116
84 84
84 105
84 185
85 211
85 251
85 300
85 212
85 162
86 183
86 184
86 86
86 244
86 121
87 194
87 248
87 153
87 87
88 155
88 195
88 88
88 99
89 279
89 155
89 95
90 147
90 168
90 177
91 200
92 105
92 192
92 147
92 126
93 135
93 161
93 215
93 112
94 268
94 141
94 104
94 251
95 287
95 245
96 126
96 144
96 142
97 293
97 173
97 101
97 255
98 184
98 122
98 199
98 267
99 193
100 131
100 272
100 227
101 173
101 184
101 198
102 299
102 104
102 213
102 169
103 285
103 132
103 159
103 291
103 166
104 194
104 298
105 158
106 148
106 207
106 106
106 190
106 252
106 267
107 174
107 258
107 259
108 198
108 122
108 199
108 174
109 262
109 192
109 228
109 256
109 129
110 248
110 191
110 214
110 239
111 275
111 149
111 204
111 111
112 130
112 182
112 245
112 120
113 154
113 261
113 158
113 189
113 262
114 184
114 279
114 241
114 243
115 213
115 115
116 270
116 211
116 149
116 284
117 180
117 148
117 138
117 212
117 137
118 219
118 245
118 263
118 124
119 212
119 155
119 272
120 182
120 202
120 204
120 296
120 248
121 223
121 237
122 142
122 198
122 199
123 146
123 240
123 249
123 238
123 271
124 283
124 219
124 162
124 221
125 217
125 139
126 180
127 158
127 201
127 191
128 199
128 236
128 173
128 249
129 263
129 170
129 225
129 153
130 188
130 215
130 207
130 182
130 212
131 136
131 276
131 133
132 157
132 159
132 160
132 290
133 139
133 262
133 237
134 288
134 297
134 222
134 134
134 145
134 197
135 231
135 188
135 212
135 141
135 264
135 161
135 167
136 156
136 136
136 284
136 166
137 284
137 137
138 210
138 148
139 225
139 272
140 216
140 214
140 203
141 219
141 265
141 228
141 227
142 274
142 175
142 151
142 293
142 250
143 227
143 277
143 262
143 285
143 192
144 203
144 274
145 186
145 160
145 226
145 291
145 170
146 274
146 193
147 178
147 180
147 298
147 220
147 168
147 177
147 207
148 279
149 261
149 154
149 290
150 163
150 152
150 278
150 155
150 285
150 296
151 193
151 203
152 220
152 185
153 197
153 287
153 191
153 195
154 286
154 270
154 300
154 204
155 289
156 290
156 172
156 245
156 228
157 286
157 288
157 241
158 211
158 175
159 259
159 186
160 166
160 288
160 212
161 161
161 182
162 214
162 297
162 233
163 280
163 285
163 294
163 243
164 171
164 282
164 217
164 278
164 214
165 265
165 203
165 233
165 282
166 181
167 180
167 168
167 177
167 175
168 231
169 205
170 263
171 290
171 292
171 226
171 176
171 300
171 172
171 210
172 205
172 200
172 292
172 176
173 223
173 254
174 281
174 208
174 189
174 225
174 194
174 206
175 193
175 240
176 200
176 190
177 223
178 294
178 178
179 289
179 179
181 270
181 251
181 283
181 241
181 204
182 255
182 235
183 273
184 244
184 236
184 237
185 218
185 267
185 273
186 258
187 278
187 233
188 273
188 231
189 294
189 200
189 191
190 258
190 197
190 241
191 255
191 239
192 262
192 256
193 232
193 239
194 281
194 213
194 206
194 279
195 225
196 201
196 272
196 214
196 300
197 297
197 278
198 213
199 237
199 298
200 294
201 283
201 270
201 247
202 255
202 231
202 204
203 253
204 286
204 224
204 251
205 300
205 292
205 226
206 299
207 221
208 281
208 268
208 239
209 209
209 253
210 245
210 216
211 286
212 294
212 236
213 281
213 260
215 250
216 232
216 284
216 248
216 259
217 289
217 246
218 282
218 289
218 246
219 292
220 267
220 279
220 296
221 252
222 291
222 251
224 280
224 226
224 291
225 281
225 294
226 292
228 276
228 243
229 293
229 249
229 295
229 250
230 268
230 282
231 234
231 237
232 253
232 249
233 253
234 234
234 238
234 271
235 264
235 235
238 251
240 295
240 249
241 275
241 284
242 265
243 296
244 274
244 254
244 294
247 275
247 251
247 298
251 275
255 297
256 287
257 257
257 260
257 295
259 260
260 272
261 270
261 283
261 275
261 282
262 276
262 269
263 272
265 265
265 294
266 266
266 268
268 294
268 299
269 272
269 288
270 286
272 281
274 295
277 277
278 292
278 291
280 290
280 280
280 287
282 289
282 282
283 283
285 296
287 292
287 287
290 292
291 297
292 300
