300 4287
1 283
1 144
1 140
1 138
1 69
1 204
1 228
1 229
1 113
1 251
1 274
1 136
1 109
1 137
1 254
1 133
1 294
1 219
1 10
1 223
1 1
1 82
1 277
1 145
1 22
1 152
1 28
2 66
2 290
2 198
2 43
2 23
2 270
2 297
2 163
2 184
2 222
2 100
2 185
2 74
2 124
2 96
2 42
2 110
2 105
2 50
2 2
2 115
2 257
2 253
2 276
2 178
2 203
2 205
2 45
2 24
3 208
3 263
3 71
3 101
3 12
3 193
3 237
3 70
3 112
3 230
3 279
3 3
3 65
3 91
3 278
3 89
3 66
3 128
3 273
3 271
3 268
3 259
3 144
3 232
3 266
3 63
3 257
3 179
3 118
3 197
4 130
4 38
4 142
4 98
4 277
4 154
4 166
4 155
4 102
4 151
4 4
4 236
4 114
4 106
4 159
4 283
4 224
4 104
4 161
4 139
4 235
4 22
4 43
4 16
4 134
4 146
4 189
4 88
4 294
4 158
5 131
5 78
5 59
5 299
5 5
5 39
5 174
5 58
5 206
5 83
5 173
5 295
5 227
5 52
5 296
5 180
5 162
5 51
5 123
5 207
5 242
5 86
5 146
5 96
5 6
5 287
5 164
5 82
5 167
5 218
5 216
6 131
6 51
6 295
6 296
6 52
6 164
6 227
6 162
6 242
6 207
6 299
6 58
6 83
6 123
6 6
6 78
6 180
6 206
6 287
6 59
6 150
6 283
6 204
6 39
6 173
6 174
6 82
6 231
6 223
7 106
7 129
7 262
7 135
7 253
7 32
7 276
7 103
7 7
7 156
7 179
7 252
7 298
7 31
7 121
7 149
7 267
7 300
7 150
7 245
7 143
7 53
7 110
7 128
7 153
7 47
7 76
7 212
8 17
8 118
8 24
8 126
8 107
8 240
8 16
8 225
8 9
8 284
8 61
8 21
8 18
8 8
8 14
8 141
8 280
8 286
8 30
8 99
8 20
8 43
8 53
8 272
8 265
8 232
8 113
9 208
9 122
9 240
9 21
9 284
9 107
9 20
9 17
9 265
9 232
9 144
9 127
9 24
9 118
9 18
9 9
9 141
9 99
9 126
9 225
9 135
9 40
9 56
9 14
9 16
9 30
9 61
9 11
10 107
10 133
10 136
10 152
10 228
10 275
10 223
10 294
10 140
10 69
10 138
10 10
10 219
10 204
10 113
10 11
10 229
10 274
10 251
10 22
10 98
10 250
10 97
10 28
10 172
10 109
10 254
11 166
11 291
11 218
11 133
11 136
11 69
11 22
11 138
11 152
11 28
11 137
11 140
11 294
11 109
11 228
11 204
11 113
11 223
11 274
11 11
11 43
11 163
11 251
11 254
12 206
12 263
12 268
12 89
12 101
12 278
12 230
12 63
12 237
12 271
12 65
12 279
12 128
12 273
12 285
12 91
12 209
12 266
12 12
12 70
12 94
12 20
12 250
12 193
12 66
12 71
12 208
12 112
13 264
13 178
13 260
13 88
13 255
13 13
13 196
13 226
13 111
13 231
13 186
13 147
13 189
13 92
13 201
13 68
13 116
13 56
13 125
13 213
13 215
13 122
13 236
13 109
13 44
13 176
13 55
13 75
13 220
13 238
13 18
13 286
14 151
14 265
14 141
14 21
14 20
14 240
14 280
14 17
14 144
14 232
14 61
14 118
14 99
14 14
14 30
14 127
14 225
14 107
14 284
14 93
14 106
14 54
14 16
14 18
14 24
14 286
14 126
14 120
15 292
15 193
15 231
15 120
15 187
15 85
15 48
15 191
15 272
15 177
15 117
15 282
15 241
15 175
15 79
15 94
15 40
15 53
15 80
15 54
15 210
15 19
15 264
15 55
15 50
15 148
15 49
16 102
16 271
16 265
16 141
16 280
16 284
16 99
16 127
16 24
16 30
16 144
16 240
16 232
16 61
16 107
16 17
16 286
16 18
16 165
16 234
16 167
16 20
16 21
16 225
16 126
16 199
17 60
17 72
17 105
17 141
17 240
17 24
17 20
17 107
17 286
17 284
17 99
17 225
17 21
17 144
17 118
17 61
17 126
17 265
17 43
17 299
17 46
17 18
17 30
17 232
18 27
18 181
18 265
18 141
18 18
18 24
18 61
18 144
18 286
18 280
18 240
18 21
18 127
18 20
18 232
18 107
18 110
18 195
18 284
18 30
18 225
18 126
18 113
19 267
19 272
19 148
19 168
19 19
19 85
19 177
19 40
19 53
19 49
19 250
19 282
19 241
19 79
19 187
19 80
19 197
19 117
19 48
19 54
19 51
19 52
19 121
19 175
20 265
20 141
20 30
20 21
20 20
20 286
20 232
20 61
20 127
20 240
20 118
20 280
20 107
20 225
20 180
20 257
20 111
20 284
20 99
20 126
20 282
20 293
21 261
21 263
21 183
21 265
21 141
21 144
21 286
21 232
21 280
21 127
21 225
21 21
21 107
21 24
21 172
21 192
21 171
21 284
21 30
21 126
22 237
22 133
22 136
22 137
22 140
22 274
22 229
22 69
22 28
22 109
22 113
22 228
22 204
22 294
22 152
22 172
22 223
22 219
22 155
22 257
22 47
22 251
22 254
23 167
23 134
23 142
23 124
23 297
23 50
23 185
23 42
23 23
23 163
23 270
23 205
23 110
23 290
23 165
23 222
23 43
23 184
23 115
23 178
23 27
23 176
23 29
23 198
23 74
23 100
23 61
24 290
24 92
24 182
24 265
24 127
24 126
24 286
24 118
24 141
24 107
24 99
24 280
24 232
24 240
24 225
24 138
24 79
24 30
24 61
25 299
25 130
25 134
25 139
25 146
25 277
25 151
25 114
25 166
25 235
25 155
25 161
25 154
25 283
25 159
25 249
25 102
25 25
25 236
25 98
25 38
25 49
25 215
25 225
25 104
25 223
26 227
26 134
26 104
26 165
26 240
26 258
26 145
26 259
26 269
26 281
26 293
26 108
26 289
26 221
26 33
26 46
26 194
26 188
26 158
26 26
26 239
26 265
26 82
26 113
26 200
26 84
26 234
27 132
27 261
27 264
27 60
27 170
27 87
27 292
27 233
27 157
27 77
27 64
27 72
27 67
27 27
27 167
27 34
27 169
27 95
27 62
27 288
27 29
27 235
27 58
27 37
27 171
27 214
27 116
27 243
27 267
27 76
27 148
28 57
28 133
28 136
28 137
28 140
28 138
28 274
28 275
28 152
28 204
28 228
28 251
28 69
28 294
28 219
28 172
28 223
28 113
28 179
28 85
28 252
28 229
28 109
28 254
29 261
29 264
29 29
29 132
29 64
29 34
29 169
29 244
29 95
29 171
29 167
29 288
29 72
29 37
29 292
29 60
29 77
29 233
29 62
29 157
29 107
29 42
29 70
29 170
29 67
29 214
29 61
30 198
30 265
30 141
30 280
30 284
30 30
30 126
30 240
30 99
30 107
30 225
30 144
30 83
30 71
30 163
30 118
31 207
31 129
31 262
31 135
31 267
31 143
31 276
31 149
31 156
31 153
31 32
31 298
31 252
31 212
31 103
31 121
31 47
31 150
31 253
31 31
31 133
31 200
31 88
31 76
31 217
32 162
32 268
32 285
32 209
32 129
32 262
32 135
32 267
32 276
32 149
32 150
32 153
32 76
32 300
32 252
32 143
32 253
32 103
32 47
32 121
32 151
32 296
32 99
32 298
32 179
32 212
32 217
32 223
33 102
33 266
33 56
33 99
33 269
33 281
33 158
33 145
33 221
33 194
33 289
33 36
33 33
33 258
33 248
33 46
33 84
33 97
33 293
33 234
33 297
33 81
33 101
33 188
33 200
33 108
33 239
33 247
34 132
34 261
34 157
34 288
34 167
34 64
34 87
34 171
34 264
34 95
34 77
34 292
34 60
34 214
34 72
34 244
34 37
34 62
34 169
34 34
34 210
34 81
34 170
34 233
34 98
34 238
35 208
35 74
35 124
35 213
35 160
35 291
35 81
35 192
35 86
35 246
35 190
35 202
35 243
35 119
35 182
35 218
35 35
35 211
35 57
35 256
35 41
35 88
35 85
35 209
35 45
35 181
35 195
35 90
35 93
36 123
36 258
36 259
36 269
36 145
36 158
36 289
36 97
36 248
36 194
36 199
36 216
36 84
36 188
36 36
36 200
36 108
36 293
36 239
36 247
36 263
36 210
36 64
36 46
37 132
37 261
37 264
37 157
37 288
37 292
37 37
37 233
37 171
37 72
37 64
37 87
37 77
37 95
37 167
37 170
37 62
37 67
37 162
37 124
37 128
37 169
37 60
37 214
37 244
37 297
37 202
37 240
38 130
38 134
38 139
38 142
38 277
38 151
38 154
38 283
38 159
38 161
38 236
38 104
38 166
38 155
38 114
38 102
38 235
38 146
38 249
38 38
38 174
38 291
38 224
38 106
38 163
38 284
38 117
39 287
39 164
39 295
39 296
39 299
39 206
39 59
39 180
39 83
39 58
39 162
39 78
39 52
39 173
39 51
39 131
39 39
39 174
39 82
39 148
39 66
39 196
39 207
39 50
39 255
40 77
40 272
40 282
40 168
40 80
40 175
40 120
40 177
40 85
40 94
40 48
40 117
40 54
40 148
40 40
40 187
40 210
40 197
40 193
40 64
40 139
40 49
40 191
41 288
41 63
41 208
41 125
41 243
41 192
41 45
41 86
41 183
41 57
41 211
41 291
41 81
41 182
41 41
41 195
41 190
41 119
41 160
41 181
41 238
41 68
41 51
41 218
41 90
41 93
41 122
42 270
42 290
42 163
42 165
42 297
42 222
42 115
42 203
42 73
42 50
42 105
42 124
42 96
42 184
42 42
42 100
42 110
42 178
42 118
42 49
42 130
42 43
42 185
42 99
43 270
43 290
43 163
43 165
43 198
43 73
43 100
43 184
43 115
43 203
43 178
43 205
43 222
43 74
43 43
43 50
43 297
43 188
43 229
43 68
43 185
43 96
43 110
43 135
43 97
44 174
44 260
44 147
44 176
44 231
44 201
44 125
44 111
44 238
44 68
44 88
44 213
44 92
44 44
44 186
44 75
44 196
44 226
44 189
44 220
44 164
44 67
44 214
44 56
44 116
44 255
44 175
44 194
45 257
45 160
45 181
45 256
45 211
45 93
45 122
45 190
45 218
45 195
45 246
45 243
45 81
45 86
45 183
45 202
45 291
45 182
45 57
45 90
45 185
45 293
45 148
45 133
46 210
46 259
46 145
46 281
46 158
46 46
46 188
46 199
46 194
46 216
46 239
46 234
46 289
46 84
46 293
46 247
46 269
46 271
46 170
46 101
46 221
46 97
46 108
47 129
47 262
47 135
47 267
47 143
47 149
47 150
47 153
47 156
47 298
47 300
47 103
47 47
47 179
47 212
47 245
47 276
47 253
47 234
47 240
47 285
47 217
47 121
47 252
47 265
47 239
48 131
48 282
48 168
48 175
48 187
48 120
48 79
48 210
48 117
48 241
48 197
48 80
48 191
48 177
48 272
48 85
48 94
48 53
48 54
48 137
48 261
48 285
48 250
49 59
49 100
49 284
49 272
49 148
49 168
49 175
49 177
49 197
49 241
49 282
49 79
49 210
49 54
49 94
49 85
49 250
49 58
49 238
49 239
49 187
49 191
49 120
50 207
50 163
50 165
50 297
50 178
50 184
50 124
50 290
50 185
50 203
50 222
50 100
50 73
50 50
50 110
50 105
50 198
50 231
50 104
50 205
50 96
50 115
50 247
51 131
51 287
51 164
51 295
51 296
51 299
51 173
51 123
51 78
51 83
51 82
51 174
51 180
51 206
51 59
51 58
51 207
51 52
51 162
51 145
51 247
51 124
51 242
51 297
51 136
51 152
52 131
52 287
52 162
52 164
52 295
52 296
52 299
52 174
52 242
52 82
52 78
52 59
52 123
52 180
52 206
52 58
52 52
52 79
52 177
52 159
52 207
52 83
52 227
52 67
52 105
52 116
52 85
53 290
53 121
53 282
53 175
53 250
53 94
53 197
53 241
53 80
53 177
53 85
53 120
53 187
53 53
53 210
53 54
53 66
53 139
53 155
53 191
53 79
53 117
54 271
54 181
54 57
54 148
54 282
54 168
54 175
54 177
54 54
54 120
54 187
54 210
54 80
54 197
54 239
54 199
54 61
54 241
54 250
55 60
55 151
55 89
55 290
55 260
55 176
55 92
55 116
55 238
55 215
55 196
55 88
55 201
55 220
55 55
55 226
55 68
55 147
55 231
55 56
55 279
55 190
55 171
55 186
55 189
55 213
55 111
55 125
55 255
55 192
55 138
56 260
56 220
56 116
56 68
56 238
56 111
56 201
56 92
56 186
56 125
56 226
56 189
56 213
56 176
56 215
56 88
56 196
56 75
56 231
56 142
56 65
57 170
57 257
57 160
57 291
57 181
57 182
57 183
57 192
57 86
57 195
57 81
57 57
57 93
57 90
57 246
57 190
57 211
57 122
57 163
57 218
57 119
57 281
58 131
58 287
58 162
58 164
58 296
58 299
58 173
58 180
58 58
58 78
58 295
58 123
58 59
58 242
58 227
58 82
58 124
58 216
58 201
58 206
58 207
58 272
58 293
59 131
59 162
59 164
59 295
59 296
59 299
59 173
59 180
59 207
59 59
59 242
59 287
59 227
59 174
59 82
59 170
59 107
59 78
59 83
59 244
59 140
60 132
60 261
60 157
60 288
60 292
60 167
60 170
60 264
60 244
60 60
60 233
60 171
60 77
60 64
60 169
60 87
60 62
60 216
60 67
60 95
60 226
60 281
61 122
61 143
61 265
61 141
61 144
61 280
61 286
61 61
61 240
61 225
61 127
61 107
61 232
61 270
61 99
62 132
62 264
62 157
62 288
62 292
62 167
62 169
62 171
62 170
62 87
62 62
62 67
62 233
62 64
62 72
62 261
62 257
62 160
62 242
62 77
62 214
62 244
62 285
62 68
62 300
62 228
63 263
63 268
63 271
63 266
63 273
63 278
63 279
63 285
63 89
63 128
63 230
63 70
63 112
63 63
63 237
63 209
63 193
63 71
63 208
63 269
63 121
63 66
63 153
63 274
64 132
64 288
64 292
64 167
64 169
64 170
64 171
64 72
64 67
64 233
64 77
64 264
64 87
64 214
64 244
64 64
64 159
64 176
64 95
64 125
64 253
64 272
65 263
65 268
65 271
65 266
65 273
65 278
65 279
65 285
65 193
65 66
65 70
65 91
65 71
65 101
65 89
65 112
65 237
65 128
65 209
65 208
65 114
65 300
65 118
65 230
66 263
66 268
66 271
66 266
66 273
66 278
66 285
66 193
66 230
66 89
66 208
66 128
66 91
66 101
66 237
66 112
66 209
66 219
66 114
66 70
66 68
67 132
67 261
67 264
67 157
67 292
67 167
67 171
67 288
67 244
67 72
67 87
67 170
67 67
67 95
67 169
67 118
67 182
67 77
67 214
67 233
67 201
67 243
67 103
67 117
67 145
67 247
68 171
68 260
68 147
68 176
68 186
68 189
68 231
68 92
68 226
68 125
68 201
68 215
68 75
68 196
68 68
68 238
68 173
68 213
68 220
68 116
68 255
68 256
68 280
69 170
69 214
69 285
69 149
69 137
69 140
69 138
69 274
69 275
69 152
69 294
69 69
69 223
69 254
69 228
69 219
69 216
69 286
69 167
69 229
69 251
70 263
70 268
70 271
70 273
70 278
70 279
70 285
70 193
70 101
70 209
70 128
70 237
70 112
70 70
70 91
70 179
70 207
70 231
70 208
70 89
70 230
70 92
70 291
70 211
70 127
70 282
70 254
70 258
71 83
71 123
71 142
71 263
71 273
71 278
71 279
71 285
71 193
71 268
71 271
71 128
71 101
71 237
71 208
71 89
71 266
71 91
71 215
71 281
71 72
71 230
71 112
71 252
72 132
72 261
72 264
72 157
72 288
72 292
72 167
72 169
72 170
72 171
72 77
72 233
72 95
72 72
72 115
72 83
72 214
72 87
72 159
72 96
72 202
72 212
72 79
73 270
73 290
73 163
73 165
73 297
73 184
73 115
73 73
73 198
73 105
73 124
73 74
73 110
73 185
73 222
73 203
73 100
73 96
73 129
73 260
73 161
73 217
73 210
74 77
74 270
74 163
74 165
74 297
74 178
74 184
74 198
74 124
74 185
74 115
74 105
74 222
74 100
74 74
74 205
74 110
74 171
74 92
74 203
74 96
74 88
74 221
75 260
75 147
75 176
75 189
75 201
75 75
75 238
75 111
75 125
75 255
75 92
75 213
75 220
75 116
75 226
75 196
75 215
75 154
75 174
75 259
75 88
75 212
76 129
76 262
76 267
76 143
76 276
76 150
76 153
76 156
76 298
76 300
76 179
76 135
76 103
76 76
76 252
76 245
76 149
76 253
76 202
76 293
76 212
76 217
77 261
77 157
77 288
77 167
77 170
77 171
77 77
77 292
77 244
77 214
77 169
77 233
77 85
77 95
77 249
77 120
78 287
78 162
78 164
78 295
78 296
78 299
78 173
78 174
78 180
78 83
78 131
78 206
78 227
78 242
78 82
78 264
78 149
78 284
78 207
78 279
78 270
78 238
78 85
79 139
79 272
79 148
79 168
79 175
79 177
79 191
79 117
79 120
79 250
79 282
79 210
79 80
79 187
79 85
79 237
79 216
79 94
80 148
80 282
80 168
80 175
80 177
80 187
80 197
80 250
80 210
80 85
80 120
80 94
80 80
80 241
80 289
80 184
80 295
80 117
80 275
80 97
81 178
81 222
81 257
81 160
81 291
81 181
81 182
81 183
81 190
81 192
81 195
81 81
81 256
81 243
81 202
81 119
81 226
81 227
81 106
81 211
81 86
81 218
81 90
81 93
81 246
81 122
82 131
82 287
82 164
82 295
82 296
82 180
82 206
82 227
82 162
82 173
82 123
82 207
82 299
82 242
82 198
82 136
82 148
82 98
82 115
82 262
83 131
83 287
83 162
83 164
83 295
83 296
83 299
83 173
83 174
83 180
83 206
83 207
83 123
83 242
83 83
83 255
83 227
83 135
83 289
84 259
84 269
84 281
84 158
84 289
84 293
84 188
84 194
84 199
84 200
84 258
84 248
84 216
84 247
84 108
84 239
84 84
84 275
84 223
84 191
85 272
85 168
85 175
85 177
85 187
85 250
85 94
85 197
85 117
85 85
85 210
85 104
85 241
85 136
86 169
86 87
86 257
86 181
86 182
86 183
86 190
86 192
86 195
86 202
86 211
86 90
86 122
86 93
86 218
86 160
86 275
86 134
86 194
86 246
86 256
86 168
87 132
87 261
87 264
87 157
87 288
87 292
87 167
87 169
87 170
87 171
87 214
87 244
87 87
87 278
87 93
87 95
87 233
87 224
88 277
88 147
88 176
88 189
88 201
88 215
88 226
88 260
88 125
88 213
88 196
88 116
88 238
88 231
88 220
88 111
88 255
88 144
88 149
89 167
89 169
89 263
89 268
89 271
89 266
89 273
89 278
89 279
89 193
89 208
89 209
89 285
89 91
89 112
89 148
89 283
89 101
89 230
89 231
90 257
90 160
90 291
90 181
90 182
90 183
90 192
90 195
90 202
90 211
90 218
90 122
90 119
90 243
90 190
90 246
90 248
90 204
90 120
90 93
90 136
90 137
91 263
91 268
91 271
91 266
91 273
91 278
91 279
91 285
91 193
91 208
91 209
91 230
91 112
91 237
91 91
91 188
91 186
91 101
91 128
91 176
91 149
92 198
92 176
92 201
92 213
92 215
92 92
92 111
92 231
92 125
92 226
92 255
92 189
92 186
92 220
92 96
92 116
92 257
93 146
93 257
93 291
93 181
93 182
93 183
93 195
93 202
93 211
93 218
93 190
93 192
93 243
93 93
93 234
93 133
93 122
94 177
94 187
94 191
94 197
94 241
94 120
94 175
94 210
94 117
94 282
94 148
94 168
94 94
94 252
94 172
95 132
95 261
95 157
95 292
95 167
95 170
95 171
95 214
95 244
95 288
95 233
95 264
95 165
95 263
95 186
95 213
95 108
96 209
96 270
96 290
96 163
96 165
96 297
96 178
96 184
96 185
96 198
96 203
96 205
96 100
96 222
96 105
96 154
96 268
96 239
97 173
97 132
97 197
97 258
97 259
97 269
97 145
97 158
97 188
97 194
97 199
97 216
97 221
97 239
97 247
97 108
97 248
97 293
97 249
97 234
98 134
98 139
98 277
98 151
98 154
98 283
98 159
98 166
98 155
98 235
98 224
98 114
98 236
98 106
98 130
98 142
98 249
98 98
98 104
98 189
98 102
98 197
99 165
99 265
99 141
99 284
99 286
99 107
99 280
99 99
99 127
99 144
99 118
99 186
99 232
99 240
99 152
100 128
100 270
100 290
100 165
100 297
100 178
100 184
100 185
100 198
100 203
100 205
100 124
100 222
100 110
100 266
100 150
100 118
100 191
100 204
101 263
101 268
101 271
101 266
101 273
101 278
101 279
101 285
101 208
101 209
101 193
101 112
101 101
101 235
101 269
101 134
101 230
101 196
101 129
101 103
102 292
102 130
102 134
102 139
102 142
102 146
102 151
102 154
102 155
102 283
102 161
102 224
102 114
102 235
102 104
102 166
102 159
102 236
102 168
103 299
103 262
103 135
103 267
103 143
103 276
103 149
103 150
103 153
103 179
103 212
103 217
103 245
103 298
103 253
103 156
103 121
103 128
103 272
104 130
104 139
104 277
104 151
104 155
104 283
104 159
104 161
104 166
104 106
104 235
104 236
104 154
104 104
104 249
104 224
104 289
104 169
104 114
104 190
105 214
105 236
105 128
105 270
105 290
105 163
105 165
105 297
105 184
105 185
105 198
105 222
105 124
105 110
105 105
105 186
105 115
106 130
106 134
106 139
106 142
106 151
106 155
106 159
106 161
106 146
106 154
106 236
106 235
106 224
106 114
106 249
106 283
106 106
106 131
106 280
106 220
106 187
107 265
107 144
107 284
107 286
107 232
107 141
107 280
107 118
107 210
107 177
107 126
108 180
108 154
108 258
108 259
108 269
108 281
108 289
108 293
108 194
108 199
108 200
108 221
108 216
108 145
108 234
108 239
108 233
108 279
109 287
109 241
109 133
109 136
109 138
109 274
109 275
109 219
109 223
109 229
109 294
109 113
109 137
109 109
109 172
109 135
109 142
109 181
109 251
110 123
110 279
110 290
110 178
110 185
110 198
110 203
110 205
110 115
110 165
110 222
110 163
110 184
110 162
110 250
110 258
111 273
111 260
111 176
111 186
111 189
111 196
111 213
111 215
111 220
111 231
111 226
111 201
111 147
111 125
111 116
111 243
111 158
111 185
111 255
111 177
111 250
111 200
112 263
112 268
112 271
112 266
112 278
112 285
112 193
112 209
112 279
112 273
112 208
112 112
112 256
112 270
112 128
112 186
112 241
113 288
113 218
113 133
113 136
113 137
113 138
113 274
113 275
113 152
113 172
113 228
113 229
113 251
113 254
113 204
113 294
113 277
114 134
114 139
114 142
114 146
114 277
114 151
114 154
114 155
114 283
114 161
114 166
114 224
114 235
114 236
114 130
114 148
114 143
114 192
114 249
114 188
115 270
115 163
115 165
115 297
115 178
115 185
115 124
115 184
115 203
115 205
115 115
115 213
115 192
116 260
116 147
116 176
116 186
116 189
116 213
116 226
116 238
116 125
116 215
116 196
116 116
116 195
116 255
116 241
117 225
117 272
117 148
117 282
117 187
117 191
117 197
117 210
117 120
117 175
117 117
117 168
117 134
118 157
118 184
118 276
118 141
118 280
118 286
118 225
118 240
118 144
118 127
118 148
118 126
119 260
119 147
119 215
119 257
119 160
119 291
119 181
119 182
119 190
119 192
119 195
119 202
119 218
119 243
119 246
119 256
119 183
119 248
119 236
119 171
119 122
119 245
120 155
120 144
120 272
120 148
120 282
120 168
120 175
120 191
120 177
120 120
120 164
121 262
121 135
121 267
121 276
121 149
121 150
121 153
121 298
121 300
121 179
121 212
121 245
121 121
121 129
121 217
121 158
121 215
121 126
121 258
122 291
122 181
122 182
122 183
122 190
122 202
122 218
122 246
122 122
122 160
122 211
122 243
122 298
122 256
123 131
123 162
123 295
123 296
123 299
123 174
123 206
123 207
123 227
123 123
123 242
123 164
123 180
123 287
123 284
124 146
124 270
124 290
124 297
124 178
124 185
124 205
124 222
124 203
124 163
124 135
124 256
124 204
125 260
125 147
125 176
125 189
125 196
125 201
125 213
125 215
125 220
125 238
125 255
125 226
125 138
125 229
126 233
126 141
126 144
126 280
126 286
126 232
126 240
126 126
126 225
126 222
126 293
126 127
127 189
127 213
127 265
127 141
127 280
127 284
127 225
127 232
127 286
127 127
127 262
127 273
128 263
128 268
128 271
128 266
128 273
128 278
128 279
128 285
128 208
128 209
128 230
128 237
128 234
128 196
128 274
129 149
129 143
129 252
129 245
129 262
129 153
129 298
129 156
129 212
129 267
129 150
129 135
129 217
129 253
129 300
129 129
129 214
129 276
130 161
130 154
130 151
130 130
130 277
130 139
130 134
130 236
130 159
130 146
130 166
130 249
130 155
130 224
130 142
130 162
130 222
130 157
130 235
130 140
130 234
131 180
131 173
131 227
131 174
131 131
131 164
131 287
131 206
131 296
131 299
131 295
131 207
131 271
131 144
131 162
131 242
131 222
131 217
131 172
131 269
132 227
132 171
132 157
132 170
132 169
132 233
132 244
132 261
132 292
132 288
132 132
132 269
132 196
132 264
132 214
132 222
132 153
132 251
133 204
133 138
133 133
133 223
133 136
133 251
133 275
133 172
133 137
133 152
133 228
133 140
133 181
133 198
133 274
133 294
133 219
133 254
134 161
134 151
134 224
134 154
134 159
134 166
134 277
134 134
134 283
134 249
134 142
134 236
134 139
134 218
134 146
134 155
135 252
135 150
135 153
135 253
135 143
135 300
135 212
135 267
135 276
135 245
135 262
135 149
135 217
135 156
135 207
135 298
135 179
136 170
136 237
136 223
136 274
136 254
136 137
136 251
136 138
136 219
136 172
136 275
136 152
136 228
136 204
136 229
137 140
137 254
137 275
137 228
137 274
137 204
137 223
137 251
137 294
137 152
137 172
137 138
137 229
137 137
137 214
137 219
137 216
138 264
138 232
138 140
138 172
138 204
138 254
138 138
138 219
138 223
138 207
138 184
138 274
138 275
138 152
138 294
138 228
139 236
139 161
139 283
139 142
139 151
139 155
139 139
139 224
139 166
139 277
139 249
139 198
139 293
139 146
139 154
139 159
139 230
140 141
140 148
140 204
140 223
140 152
140 219
140 229
140 228
140 275
140 140
140 274
140 172
140 232
140 294
140 251
141 265
141 144
141 232
141 280
141 286
141 225
141 141
141 222
141 288
141 240
142 174
142 180
142 151
142 224
142 155
142 161
142 142
142 277
142 283
142 146
142 154
142 249
142 236
142 288
142 159
142 166
142 193
142 246
143 206
143 236
143 267
143 149
143 212
143 217
143 150
143 253
143 153
143 179
143 245
143 298
143 276
143 300
143 268
143 180
143 156
143 252
144 207
144 249
144 265
144 280
144 284
144 240
144 144
144 225
144 189
144 286
144 232
144 187
145 242
145 261
145 177
145 258
145 259
145 269
145 289
145 199
145 200
145 194
145 247
145 158
145 248
145 281
145 145
145 203
145 224
145 293
145 221
146 155
146 249
146 146
146 283
146 159
146 277
146 224
146 151
146 236
146 161
146 235
146 154
146 272
146 166
146 268
146 255
146 253
147 273
147 184
147 260
147 255
147 196
147 147
147 220
147 201
147 189
147 226
147 238
147 215
147 176
147 231
147 262
147 277
147 186
147 213
148 162
148 272
148 187
148 177
148 282
148 175
148 250
148 241
148 210
148 168
149 262
149 267
149 276
149 253
149 300
149 153
149 298
149 150
149 212
149 156
149 217
149 252
149 179
149 245
150 262
150 267
150 276
150 179
150 217
150 153
150 212
150 245
150 150
150 152
150 282
150 189
150 300
151 277
151 159
151 283
151 155
151 224
151 236
151 235
151 151
151 220
151 154
151 166
152 280
152 187
152 274
152 275
152 219
152 229
152 228
152 152
152 255
152 294
152 172
152 204
152 223
152 251
152 248
153 267
153 276
153 156
153 245
153 298
153 179
153 253
153 252
153 217
153 212
153 300
153 169
153 229
154 277
154 249
154 166
154 224
154 236
154 154
154 161
154 155
154 235
154 252
154 203
154 283
155 277
155 249
155 283
155 235
155 166
155 159
155 236
155 224
155 155
155 281
155 161
155 230
156 180
156 214
156 230
156 215
156 262
156 267
156 276
156 179
156 253
156 212
156 252
156 217
156 156
156 173
156 282
156 298
156 300
156 245
157 261
157 264
157 157
157 244
157 233
157 169
157 288
157 170
157 167
157 292
157 205
157 164
157 263
157 266
157 178
157 198
157 190
157 248
158 277
158 258
158 269
158 248
158 221
158 293
158 281
158 200
158 247
158 199
158 234
158 194
158 158
158 278
158 289
158 188
158 216
159 277
159 283
159 166
159 236
159 235
159 249
159 161
159 189
159 252
159 224
159 193
159 182
160 257
160 195
160 190
160 181
160 291
160 160
160 192
160 182
160 256
160 246
160 211
160 202
160 243
160 183
160 173
160 285
160 210
160 218
160 232
161 277
161 283
161 161
161 166
161 249
161 235
161 191
161 296
161 275
161 224
161 255
162 287
162 164
162 173
162 180
162 296
162 295
162 174
162 206
162 227
162 162
162 207
162 242
162 263
162 299
162 260
162 291
162 229
163 270
163 165
163 163
163 205
163 184
163 198
163 185
163 178
163 290
163 222
163 297
163 214
163 196
163 203
164 287
164 227
164 299
164 207
164 206
164 180
164 295
164 173
164 164
164 189
164 267
164 231
164 174
164 242
164 266
164 209
164 282
165 270
165 290
165 297
165 205
165 178
165 184
165 222
165 165
165 185
165 186
165 203
166 277
166 283
166 166
166 224
166 249
166 235
166 174
166 241
166 236
166 176
166 199
167 261
167 264
167 288
167 170
167 214
167 292
167 233
167 169
167 171
167 200
168 272
168 282
168 210
168 168
168 250
168 191
168 177
168 197
168 241
168 187
168 294
168 224
168 175
169 287
169 261
169 264
169 292
169 233
169 288
169 169
169 171
169 214
169 244
169 173
169 201
169 256
169 179
169 294
169 188
170 295
170 261
170 264
170 288
170 292
170 244
170 170
170 233
170 171
170 214
170 283
170 234
171 261
171 264
171 233
171 292
171 288
171 171
171 284
171 178
171 214
171 185
172 227
172 274
172 229
172 275
172 219
172 172
172 228
172 254
172 294
172 241
172 290
172 204
172 223
172 251
173 287
173 295
173 180
173 174
173 227
173 296
173 206
173 173
173 242
173 299
173 250
173 223
174 287
174 296
174 299
174 174
174 295
174 242
174 180
174 207
174 206
174 227
174 288
175 175
175 272
175 210
175 177
175 241
175 282
175 250
175 191
175 230
175 208
175 187
175 197
176 260
176 196
176 213
176 226
176 189
176 255
176 201
176 186
176 215
176 246
176 220
176 231
176 238
177 272
177 282
177 250
177 241
177 197
177 210
177 187
177 254
177 191
178 270
178 290
178 297
178 185
178 198
178 184
178 203
178 222
179 262
179 298
179 179
179 300
179 276
179 217
179 245
179 212
179 251
179 252
180 295
180 296
180 299
180 227
180 180
180 287
180 207
180 206
180 202
180 219
181 206
181 205
181 257
181 211
181 195
181 246
181 218
181 256
181 190
181 192
181 291
181 216
181 182
181 183
181 202
182 202
182 256
182 195
182 211
182 246
182 218
182 183
182 243
182 182
183 291
183 246
183 257
183 256
183 190
183 243
183 202
183 192
183 211
183 183
183 196
183 296
183 195
184 244
184 270
184 290
184 297
184 222
184 184
184 198
184 205
184 281
184 203
185 270
185 290
185 297
185 198
185 222
185 185
185 203
185 191
185 241
185 205
185 228
185 258
186 296
186 260
186 186
186 213
186 201
186 238
186 189
186 220
186 243
186 192
186 196
186 231
186 255
187 272
187 282
187 210
187 197
187 250
187 187
187 191
188 196
188 259
188 269
188 281
188 247
188 216
188 194
188 289
188 200
188 248
188 188
188 199
188 273
188 234
188 239
189 264
189 260
189 231
189 226
189 201
189 215
189 209
189 196
189 213
190 291
190 246
190 243
190 192
190 256
190 218
190 202
190 257
190 190
190 239
190 211
190 200
191 272
191 282
191 191
191 197
191 241
191 210
191 231
191 208
191 250
192 242
192 257
192 291
192 192
192 218
192 256
192 243
192 249
192 236
192 195
192 202
192 211
192 246
192 262
192 300
193 263
193 268
193 266
193 273
193 278
193 279
193 285
193 271
193 208
193 237
193 193
193 209
194 249
194 297
194 245
194 258
194 269
194 289
194 293
194 248
194 221
194 194
194 246
194 292
194 199
194 200
194 234
194 247
195 257
195 291
195 195
195 202
195 243
195 211
195 287
195 249
195 199
195 218
195 246
196 296
196 203
196 260
196 220
196 196
196 215
196 238
196 213
196 226
196 255
196 259
196 281
197 295
197 262
197 272
197 282
197 197
197 241
197 250
197 210
197 259
197 199
198 270
198 290
198 297
198 222
198 205
198 198
198 203
198 219
199 258
199 259
199 269
199 281
199 289
199 293
199 216
199 200
199 199
199 248
199 221
199 247
200 265
200 258
200 269
200 281
200 289
200 216
200 234
200 221
200 239
200 293
200 248
201 260
201 220
201 215
201 226
201 231
201 201
201 238
201 217
201 213
201 255
201 259
202 257
202 291
202 218
202 256
202 246
202 202
202 211
202 243
203 270
203 222
203 290
203 203
203 205
203 281
203 292
204 274
204 275
204 294
204 204
204 229
204 223
204 254
204 298
204 228
204 251
205 270
205 290
205 297
205 222
205 205
205 245
205 272
205 276
206 287
206 295
206 296
206 299
206 206
206 227
206 277
206 224
207 295
207 296
207 299
207 207
207 227
207 242
207 225
208 263
208 271
208 266
208 273
208 278
208 230
208 208
208 268
208 279
208 209
208 237
209 263
209 268
209 271
209 266
209 273
209 278
209 279
209 285
209 209
209 237
209 230
209 257
209 256
210 272
210 210
210 224
210 241
210 250
211 237
211 257
211 291
211 211
211 256
211 238
211 280
211 218
211 243
211 246
212 243
212 262
212 276
212 300
212 252
212 212
212 239
212 217
212 253
212 265
213 260
213 213
213 231
213 255
213 220
213 226
213 238
214 261
214 264
214 288
214 292
214 214
214 244
215 260
215 231
215 220
215 226
215 255
215 238
215 279
216 300
216 258
216 259
216 269
216 289
216 293
216 221
216 239
216 248
216 249
216 234
216 247
217 220
217 262
217 267
217 276
217 300
217 298
217 217
217 236
218 257
218 291
218 246
218 243
219 298
219 274
219 275
219 228
219 294
219 254
219 229
219 251
219 221
220 220
220 260
220 255
220 243
220 226
220 231
220 238
221 253
221 240
221 258
221 259
221 281
221 293
221 221
221 247
221 239
221 256
221 290
221 234
222 270
222 290
222 297
222 222
223 278
223 274
223 275
223 294
223 251
223 229
224 277
224 283
224 224
224 235
224 249
224 236
224 247
225 265
225 280
225 284
225 240
225 232
225 286
225 287
226 299
226 231
226 255
226 260
226 238
226 237
226 229
226 251
227 287
227 295
227 296
227 299
227 242
228 275
228 294
228 251
228 254
228 229
228 274
228 277
229 246
229 274
229 275
229 294
229 254
229 251
229 269
230 268
230 271
230 266
230 273
230 279
230 285
230 230
230 237
230 246
230 251
231 260
231 238
232 265
232 284
232 286
232 280
232 254
233 264
233 288
233 292
233 261
233 249
233 298
233 244
234 250
234 258
234 259
234 269
234 289
234 247
234 248
234 281
234 296
235 249
235 236
235 235
235 290
235 243
235 252
235 267
235 286
235 250
236 277
236 249
236 282
237 263
237 268
237 271
237 266
237 273
237 279
237 285
237 237
237 278
238 260
238 238
238 280
238 255
239 258
239 259
239 269
239 281
239 289
239 293
239 248
239 272
239 247
240 279
240 286
240 280
240 240
241 272
241 250
241 241
242 287
242 299
242 296
242 242
242 295
242 245
243 257
243 291
243 256
244 261
244 264
244 288
244 292
244 244
244 285
245 283
245 262
245 276
245 298
245 300
245 253
245 252
245 264
246 291
246 256
246 257
246 298
247 259
247 281
247 247
247 289
247 293
247 276
247 248
248 295
248 258
248 259
248 281
248 289
248 293
248 262
249 277
249 283
249 275
250 272
250 282
251 274
251 254
252 262
252 276
252 267
252 298
252 300
252 295
252 290
252 286
253 278
253 260
253 267
253 276
253 298
253 300
253 262
254 275
254 294
254 254
254 295
255 260
256 257
256 291
256 256
257 271
257 257
257 291
257 289
258 270
258 259
258 293
258 281
258 269
258 258
259 289
259 269
259 259
259 281
260 260
261 264
261 288
261 292
261 261
261 289
262 296
262 276
262 300
262 262
262 267
262 298
263 271
263 268
263 266
263 278
263 270
263 273
263 285
264 292
264 288
264 264
265 287
265 286
265 284
265 265
265 280
266 288
266 268
266 271
266 278
266 285
266 279
267 298
267 276
267 267
267 293
268 278
268 268
268 273
268 285
268 294
268 279
269 280
269 289
269 293
269 274
269 281
270 290
270 292
271 273
271 285
271 279
271 278
272 272
272 282
273 273
273 285
273 283
273 279
274 294
274 274
274 291
274 275
275 275
275 282
275 294
276 298
276 283
276 300
277 277
277 283
277 294
278 279
278 285
278 298
279 279
279 285
280 286
280 280
280 284
281 293
281 281
281 289
282 282
283 283
284 286
284 284
286 286
287 296
287 287
287 299
287 295
287 292
288 288
288 292
289 298
289 293
289 289
290 290
290 297
291 291
292 292
293 293
294 294
295 295
295 296
295 299
296 296
296 299
297 297
298 300
300 300
