300 4274
1 44
1 58
1 62
1 125
1 225
1 203
1 277
1 201
1 286
1 184
1 118
1 295
1 94
1 297
1 238
1 226
1 97
1 171
1 53
1 216
1 288
1 1
1 130
1 221
1 4
1 132
1 274
1 136
1 170
1 138
1 172
2 237
2 14
2 77
2 64
2 157
2 86
2 275
2 7
2 247
2 300
2 266
2 206
2 117
2 2
2 45
2 146
2 60
2 263
2 242
2 256
2 192
2 98
2 90
2 35
2 3
2 270
2 276
2 213
2 234
2 112
3 174
3 263
3 146
3 234
3 270
3 86
3 256
3 206
3 242
3 7
3 275
3 45
3 112
3 117
3 3
3 64
3 157
3 60
3 213
3 300
3 253
3 27
3 284
3 276
3 214
3 247
3 120
4 225
4 297
4 238
4 226
4 171
4 277
4 184
4 216
4 295
4 274
4 53
4 125
4 286
4 201
4 288
4 94
4 118
4 203
4 132
4 97
4 44
4 18
4 76
4 99
4 58
4 62
4 20
4 80
4 145
4 169
5 261
5 27
5 160
5 240
5 5
5 83
5 56
5 254
5 208
5 151
5 85
5 222
5 283
5 284
5 23
5 128
5 99
5 245
5 251
5 63
5 70
5 21
5 147
5 219
5 188
5 248
5 82
5 31
6 173
6 56
6 49
6 106
6 232
6 154
6 211
6 12
6 153
6 204
6 38
6 6
6 193
6 267
6 47
6 43
6 113
6 169
6 281
6 124
6 164
6 62
6 282
6 249
6 140
6 172
6 178
6 95
7 182
7 146
7 112
7 45
7 214
7 64
7 276
7 247
7 275
7 234
7 86
7 206
7 117
7 256
7 300
7 270
7 266
7 213
7 263
7 7
7 258
7 295
7 60
7 192
7 95
8 126
8 134
8 167
8 9
8 102
8 221
8 50
8 174
8 285
8 8
8 61
8 115
8 76
8 104
8 88
8 173
8 48
8 252
8 98
8 65
8 218
8 95
8 215
8 137
8 136
8 166
8 186
8 191
9 134
9 115
9 186
9 218
9 252
9 104
9 9
9 136
9 65
9 61
9 102
9 48
9 88
9 221
9 174
9 50
9 167
9 191
9 173
9 285
9 194
9 196
9 165
9 166
9 98
9 119
9 177
9 298
9 66
10 129
10 258
10 131
10 262
10 40
10 278
10 273
10 194
10 279
10 14
10 291
10 236
10 37
10 10
10 55
10 110
10 141
10 217
10 168
10 108
10 230
10 212
10 174
10 44
10 30
10 298
10 233
10 101
10 156
11 286
11 135
11 31
11 289
11 59
11 144
11 149
11 294
11 159
11 227
11 16
11 155
11 202
11 244
11 220
11 120
11 156
11 165
11 142
11 150
11 179
11 13
11 215
11 255
11 136
11 84
12 105
12 166
12 63
12 267
12 193
12 204
12 49
12 140
12 178
12 106
12 172
12 154
12 12
12 281
12 207
12 211
12 95
12 47
12 43
12 124
12 111
12 288
12 59
12 153
12 38
12 81
13 64
13 31
13 156
13 150
13 142
13 227
13 155
13 143
13 16
13 289
13 159
13 149
13 59
13 202
13 144
13 294
13 84
13 13
13 244
13 179
13 287
13 161
13 114
13 22
13 165
13 120
14 134
14 129
14 258
14 262
14 141
14 110
14 40
14 229
14 273
14 131
14 233
14 194
14 236
14 55
14 168
14 279
14 30
14 108
14 37
14 298
14 230
14 275
14 90
14 291
14 217
15 203
15 66
15 265
15 138
15 139
15 137
15 269
15 235
15 114
15 293
15 183
15 24
15 147
15 25
15 185
15 212
15 21
15 46
15 198
15 109
15 152
15 255
15 243
15 95
15 167
15 103
16 171
16 184
16 246
16 282
16 135
16 143
16 144
16 150
16 179
16 31
16 244
16 142
16 22
16 149
16 155
16 156
16 289
16 220
16 159
16 120
16 111
16 51
16 17
16 165
16 294
16 59
16 84
16 227
16 43
17 80
17 271
17 145
17 287
17 223
17 148
17 111
17 17
17 282
17 90
17 71
17 33
17 272
17 41
17 162
17 67
17 32
17 57
17 199
17 82
17 74
17 226
17 236
17 225
17 163
17 249
18 274
18 116
18 284
18 190
18 271
18 145
18 33
18 74
18 199
18 90
18 68
18 163
18 223
18 272
18 111
18 41
18 18
18 82
18 57
18 71
18 187
18 193
18 289
18 282
18 287
18 32
18 67
18 219
18 142
19 130
19 260
19 133
19 268
19 241
19 181
19 19
19 243
19 292
19 123
19 296
19 35
19 42
19 78
19 87
19 290
19 69
19 189
19 200
19 127
19 126
19 157
19 101
19 31
19 299
19 205
19 105
19 271
20 239
20 20
20 66
20 26
20 190
20 187
20 80
20 51
20 92
20 77
20 161
20 72
20 246
20 100
20 36
20 228
20 101
20 28
20 96
20 73
20 39
20 186
20 54
20 182
20 93
20 224
20 250
21 264
21 265
21 138
21 137
21 212
21 46
21 185
21 183
21 103
21 114
21 139
21 21
21 255
21 25
21 269
21 215
21 79
21 147
21 198
21 272
21 282
21 260
21 152
21 24
21 293
21 235
21 206
21 169
22 245
22 247
22 135
22 142
22 143
22 144
22 155
22 84
22 22
22 150
22 120
22 59
22 159
22 294
22 156
22 31
22 227
22 149
22 165
22 225
22 94
22 101
22 289
22 202
23 259
23 261
23 151
23 248
23 56
23 208
23 85
23 240
23 254
23 188
23 128
23 23
23 99
23 70
23 63
23 245
23 27
23 284
23 91
23 222
23 228
23 270
23 159
23 283
23 160
23 83
23 232
24 241
24 264
24 138
24 139
24 137
24 269
24 147
24 25
24 183
24 109
24 103
24 198
24 114
24 255
24 293
24 215
24 79
24 235
24 46
24 185
24 166
24 274
24 154
24 212
25 274
25 176
25 110
25 265
25 138
25 139
25 137
25 269
25 147
25 152
25 46
25 293
25 114
25 183
25 109
25 198
25 79
25 212
25 103
25 39
25 115
25 300
25 185
25 235
25 255
26 274
26 121
26 298
26 51
26 210
26 250
26 73
26 93
26 72
26 161
26 66
26 80
26 92
26 28
26 96
26 77
26 224
26 101
26 190
26 246
26 182
26 217
26 150
26 241
26 36
26 39
26 187
26 228
26 100
26 114
26 106
27 288
27 259
27 261
27 151
27 128
27 27
27 63
27 70
27 160
27 99
27 283
27 85
27 248
27 83
27 56
27 254
27 251
27 208
27 91
27 184
27 124
27 78
27 188
27 240
27 229
28 180
28 131
28 187
28 72
28 96
28 161
28 73
28 246
28 93
28 182
28 100
28 66
28 190
28 80
28 224
28 39
28 36
28 28
28 51
28 213
28 189
28 41
28 77
28 92
28 228
28 101
28 250
28 149
28 124
29 257
29 107
29 253
29 54
29 175
29 116
29 197
29 158
29 75
29 29
29 209
29 195
29 170
29 52
29 177
29 196
29 121
29 280
29 89
29 180
29 122
29 255
29 221
29 268
29 34
29 176
29 231
29 239
29 279
29 72
29 276
30 186
30 129
30 258
30 262
30 141
30 273
30 278
30 217
30 194
30 40
30 108
30 55
30 110
30 298
30 236
30 30
30 291
30 229
30 279
30 84
30 253
30 267
30 168
30 230
30 233
30 67
31 158
31 135
31 142
31 143
31 144
31 149
31 150
31 155
31 159
31 165
31 244
31 84
31 156
31 220
31 227
31 179
31 120
31 115
31 298
31 294
32 221
32 141
32 271
32 145
32 148
32 272
32 287
32 33
32 163
32 219
32 68
32 57
32 111
32 282
32 82
32 249
32 71
32 223
32 67
32 162
32 191
32 210
32 118
32 41
32 199
33 260
33 278
33 40
33 255
33 148
33 287
33 41
33 219
33 57
33 33
33 223
33 145
33 90
33 249
33 82
33 163
33 282
33 111
33 236
33 144
33 256
33 162
33 67
33 68
33 71
33 74
34 257
34 280
34 158
34 196
34 177
34 253
34 176
34 197
34 89
34 34
34 175
34 239
34 121
34 209
34 75
34 180
34 122
34 195
34 231
34 54
34 264
34 47
34 79
34 170
34 52
34 107
34 116
35 130
35 260
35 268
35 290
35 69
35 133
35 189
35 296
35 78
35 127
35 292
35 42
35 200
35 241
35 181
35 126
35 123
35 35
35 105
35 243
35 223
35 145
35 277
35 299
35 87
35 237
35 115
36 88
36 209
36 40
36 161
36 77
36 92
36 80
36 190
36 51
36 39
36 210
36 93
36 100
36 101
36 187
36 73
36 36
36 250
36 147
36 221
36 113
36 182
36 66
36 72
36 224
36 228
36 41
37 184
37 280
37 121
37 258
37 262
37 141
37 278
37 279
37 233
37 108
37 217
37 168
37 131
37 229
37 55
37 298
37 110
37 37
37 273
37 286
37 42
37 81
37 40
37 194
37 103
37 220
38 240
38 267
38 281
38 154
38 164
38 193
38 47
38 113
38 38
38 172
38 204
38 140
38 43
38 207
38 169
38 81
38 232
38 211
38 124
38 299
38 73
38 291
38 178
38 95
39 161
39 77
39 182
39 39
39 80
39 92
39 96
39 246
39 73
39 228
39 66
39 210
39 51
39 93
39 72
39 187
39 250
39 299
39 279
39 280
39 190
39 224
39 100
40 131
40 141
40 273
40 278
40 279
40 168
40 129
40 110
40 217
40 40
40 236
40 194
40 229
40 262
40 108
40 230
40 233
40 44
40 298
41 87
41 257
41 210
41 271
41 145
41 148
41 272
41 282
41 287
41 162
41 74
41 82
41 41
41 111
41 219
41 199
41 231
41 95
41 67
41 90
41 223
41 300
41 156
42 130
42 260
42 133
42 268
42 292
42 296
42 78
42 127
42 87
42 189
42 241
42 123
42 243
42 205
42 181
42 237
42 105
42 299
42 69
42 290
42 137
42 218
42 93
42 200
42 126
42 83
42 251
43 76
43 281
43 153
43 164
43 169
43 140
43 211
43 193
43 232
43 47
43 81
43 207
43 154
43 124
43 267
43 43
43 95
43 113
43 125
43 255
43 172
43 49
43 178
43 204
43 106
44 132
44 277
44 286
44 288
44 295
44 297
44 171
44 226
44 118
44 58
44 94
44 184
44 44
44 225
44 97
44 201
44 274
44 125
44 53
44 164
44 96
44 196
44 203
44 216
44 238
44 158
44 85
45 290
45 272
45 263
45 266
45 275
45 276
45 146
45 300
45 206
45 112
45 157
45 117
45 242
45 64
45 192
45 214
45 86
45 247
45 45
45 295
45 178
45 60
45 213
45 232
46 250
46 265
46 139
46 152
46 293
46 235
46 255
46 79
46 114
46 109
46 137
46 198
46 264
46 215
46 212
46 185
46 103
46 183
46 157
46 125
46 60
46 249
47 87
47 132
47 65
47 283
47 70
47 182
47 60
47 267
47 281
47 153
47 154
47 169
47 172
47 49
47 164
47 124
47 106
47 86
47 239
47 74
47 178
47 193
47 207
47 81
47 211
48 130
48 118
48 136
48 167
48 173
48 174
48 119
48 104
48 218
48 285
48 50
48 166
48 134
48 61
48 65
48 191
48 48
48 221
48 88
48 179
48 85
48 140
48 186
48 98
48 115
48 262
48 224
48 147
48 148
48 111
49 78
49 108
49 267
49 153
49 154
49 164
49 169
49 49
49 95
49 140
49 281
49 172
49 193
49 232
49 106
49 211
49 113
49 285
49 209
49 157
49 178
49 204
50 134
50 136
50 285
50 166
50 173
50 174
50 65
50 252
50 102
50 167
50 221
50 76
50 186
50 50
50 115
50 119
50 61
50 88
50 273
50 213
50 86
50 191
50 218
50 98
50 104
50 176
50 142
50 120
50 113
51 194
51 250
51 93
51 228
51 187
51 224
51 80
51 190
51 77
51 210
51 161
51 246
51 73
51 100
51 96
51 66
51 182
51 124
51 269
51 213
51 72
51 92
51 263
52 257
52 280
52 170
52 175
52 176
52 177
52 231
52 195
52 239
52 54
52 196
52 122
52 75
52 197
52 116
52 107
52 209
52 253
52 158
52 52
52 183
52 136
52 89
52 194
52 154
53 132
53 274
53 277
53 288
53 295
53 297
53 125
53 225
53 53
53 62
53 171
53 97
53 201
53 216
53 226
53 58
53 94
53 238
53 138
53 290
53 293
53 184
53 203
53 222
54 257
54 280
54 175
54 176
54 177
54 180
54 253
54 231
54 89
54 158
54 196
54 122
54 116
54 197
54 121
54 239
54 209
54 75
54 170
54 186
54 244
54 145
54 195
54 107
54 146
54 59
54 164
55 127
55 129
55 131
55 141
55 273
55 278
55 291
55 298
55 262
55 236
55 168
55 55
55 233
55 194
55 279
55 217
55 110
55 174
55 220
55 270
55 229
55 108
55 144
55 172
56 261
56 151
56 284
56 160
56 259
56 188
56 222
56 91
56 128
56 63
56 240
56 245
56 251
56 56
56 254
56 83
56 85
56 99
56 139
56 104
56 70
56 247
57 78
57 85
57 254
57 271
57 145
57 148
57 272
57 287
57 162
57 82
57 223
57 71
57 57
57 282
57 249
57 74
57 163
57 186
57 128
57 155
57 67
57 199
57 219
57 111
58 243
58 132
58 274
58 297
58 171
58 184
58 97
58 225
58 226
58 238
58 286
58 125
58 203
58 277
58 58
58 288
58 118
58 291
58 179
58 213
58 62
58 216
58 212
59 151
59 223
59 135
59 143
59 144
59 149
59 155
59 156
59 159
59 289
59 294
59 142
59 59
59 150
59 244
59 220
59 202
59 239
59 81
59 84
60 102
60 269
60 263
60 266
60 270
60 275
60 276
60 146
60 157
60 206
60 234
60 213
60 256
60 117
60 60
60 192
60 181
60 246
60 64
60 214
60 112
61 134
61 136
61 285
61 166
61 174
61 102
61 88
61 115
61 65
61 218
61 167
61 186
61 104
61 76
61 119
61 173
61 252
61 61
61 209
61 190
61 191
61 98
61 163
61 156
61 267
62 274
62 277
62 286
62 295
62 297
62 171
62 184
62 132
62 125
62 216
62 288
62 201
62 226
62 97
62 62
62 118
62 94
62 205
62 64
62 151
62 225
62 238
62 147
63 259
63 151
63 284
63 160
63 188
63 283
63 70
63 222
63 99
63 208
63 83
63 254
63 245
63 128
63 91
63 240
63 261
63 248
63 205
63 159
63 251
63 212
63 267
64 243
64 215
64 263
64 266
64 270
64 275
64 276
64 146
64 300
64 247
64 234
64 157
64 86
64 256
64 242
64 112
64 133
64 132
64 206
64 213
64 117
64 159
65 203
65 134
65 136
65 167
65 166
65 173
65 174
65 186
65 104
65 221
65 76
65 119
65 285
65 102
65 65
65 98
65 241
65 271
65 88
65 218
65 115
65 168
65 230
65 71
66 161
66 187
66 190
66 92
66 224
66 210
66 100
66 77
66 72
66 246
66 101
66 73
66 250
66 228
66 66
66 216
66 93
66 96
66 271
67 186
67 145
67 148
67 272
67 282
67 287
67 162
67 163
67 219
67 90
67 199
67 82
67 271
67 249
67 67
67 244
67 126
67 68
67 71
68 76
68 152
68 271
68 282
68 287
68 162
68 163
68 68
68 148
68 71
68 249
68 82
68 145
68 199
68 111
68 272
68 74
68 88
68 172
68 262
68 90
68 219
68 213
69 130
69 260
69 133
69 268
69 290
69 292
69 296
69 299
69 181
69 189
69 126
69 123
69 241
69 243
69 87
69 69
69 200
69 237
69 180
69 258
69 225
69 205
69 78
69 127
69 186
69 135
69 143
70 259
70 261
70 284
70 188
70 83
70 222
70 70
70 251
70 85
70 160
70 248
70 128
70 99
70 151
70 245
70 91
70 90
70 238
70 208
70 240
70 254
71 291
71 271
71 145
71 148
71 272
71 282
71 199
71 74
71 90
71 82
71 219
71 287
71 71
71 163
71 133
71 128
72 161
72 182
72 187
72 190
72 210
72 101
72 80
72 246
72 224
72 92
72 72
72 100
72 77
72 228
72 172
72 216
72 93
72 96
72 250
72 135
72 281
73 161
73 182
73 190
73 80
73 100
73 228
73 187
73 250
73 101
73 73
73 210
73 224
73 246
73 92
73 107
73 106
73 85
73 77
73 96
73 263
74 217
74 145
74 162
74 199
74 223
74 82
74 271
74 163
74 272
74 90
74 148
74 219
74 282
74 74
74 94
74 274
74 159
74 111
74 249
75 296
75 126
75 257
75 280
75 158
75 170
75 175
75 176
75 177
75 195
75 196
75 197
75 231
75 122
75 121
75 209
75 180
75 75
75 223
75 153
75 89
75 107
75 239
75 116
75 253
75 77
75 269
76 134
76 136
76 285
76 173
76 174
76 191
76 76
76 252
76 167
76 98
76 221
76 166
76 119
76 104
76 218
76 88
76 177
76 115
76 155
77 200
77 196
77 161
77 182
77 187
77 190
77 77
77 210
77 100
77 250
77 80
77 92
77 294
77 93
77 96
77 224
77 101
77 287
78 130
78 260
78 133
78 268
78 290
78 292
78 296
78 299
78 181
78 189
78 200
78 205
78 87
78 237
78 123
78 241
78 243
78 105
78 86
78 126
78 127
78 228
78 206
78 202
78 244
78 207
79 229
79 246
79 264
79 265
79 138
79 269
79 147
79 152
79 185
79 198
79 212
79 114
79 255
79 235
79 293
79 103
79 137
79 158
79 213
79 216
80 240
80 161
80 187
80 190
80 182
80 80
80 210
80 250
80 96
80 93
80 228
80 224
80 145
80 101
80 100
80 246
80 211
81 216
81 183
81 223
81 140
81 281
81 153
81 154
81 164
81 169
81 193
81 207
81 124
81 211
81 81
81 204
81 146
81 184
81 144
81 95
81 232
81 106
81 113
82 261
82 271
82 282
82 199
82 249
82 82
82 145
82 148
82 219
82 163
82 162
82 268
82 250
83 259
83 151
83 284
83 160
83 208
83 128
83 251
83 99
83 188
83 254
83 261
83 245
83 91
83 240
83 83
83 267
83 123
83 222
83 232
84 176
84 233
84 135
84 142
84 143
84 144
84 149
84 159
84 294
84 179
84 202
84 165
84 289
84 155
84 220
84 249
84 236
84 175
84 227
84 120
84 211
85 252
85 261
85 151
85 283
85 284
85 160
85 208
85 245
85 222
85 128
85 99
85 259
85 85
85 254
85 188
85 105
85 251
85 270
85 144
86 246
86 293
86 263
86 275
86 276
86 146
86 300
86 192
86 213
86 214
86 234
86 247
86 117
86 157
86 112
86 166
86 283
86 172
86 256
86 289
87 130
87 260
87 133
87 290
87 292
87 296
87 299
87 200
87 205
87 243
87 127
87 268
87 105
87 123
87 237
87 189
87 126
87 271
87 241
87 94
87 204
88 136
88 285
88 166
88 174
88 191
88 134
88 173
88 88
88 252
88 218
88 221
88 119
88 98
88 167
88 296
88 300
88 102
88 104
88 115
88 143
89 257
89 280
89 158
89 170
89 175
89 176
89 177
89 195
89 197
89 239
89 121
89 196
89 180
89 107
89 209
89 89
89 205
89 296
89 255
89 231
89 122
89 253
89 217
90 251
90 93
90 139
90 185
90 145
90 148
90 287
90 163
90 90
90 223
90 249
90 216
90 292
90 180
91 259
91 261
91 283
91 284
91 160
91 208
91 251
91 240
91 99
91 188
91 91
91 248
91 151
91 128
91 245
91 271
91 159
91 218
91 222
91 254
92 161
92 182
92 187
92 210
92 190
92 100
92 93
92 92
92 101
92 228
92 224
92 232
92 142
92 140
92 96
92 250
92 275
92 150
92 169
93 208
93 182
93 187
93 96
93 100
93 228
93 161
93 190
93 101
93 250
93 211
93 248
93 139
93 270
93 256
94 292
94 132
94 277
94 286
94 288
94 295
94 297
94 184
94 203
94 216
94 97
94 274
94 226
94 118
94 225
94 171
94 238
94 127
94 266
94 180
94 251
94 129
94 192
95 271
95 267
95 140
95 281
95 154
95 169
95 193
95 204
95 153
95 95
95 106
95 113
95 139
95 149
95 124
96 273
96 161
96 210
96 96
96 228
96 100
96 187
96 250
96 252
96 171
96 150
96 224
97 268
97 132
97 274
97 277
97 286
97 288
97 295
97 297
97 171
97 184
97 201
97 118
97 238
97 225
97 125
97 299
97 229
97 246
97 124
98 123
98 136
98 285
98 166
98 174
98 186
98 191
98 167
98 102
98 104
98 218
98 134
98 173
98 221
98 288
98 117
98 184
98 119
98 258
99 259
99 261
99 151
99 283
99 188
99 208
99 222
99 128
99 160
99 254
99 240
99 99
99 292
99 116
99 245
99 248
99 159
100 161
100 182
100 187
100 228
100 101
100 210
100 100
100 279
100 146
100 177
101 197
101 161
101 182
101 190
101 224
101 228
101 246
101 210
101 250
101 187
101 102
101 203
102 134
102 285
102 167
102 166
102 173
102 174
102 186
102 191
102 218
102 221
102 119
102 252
102 136
102 104
102 102
102 156
102 175
103 221
103 119
103 224
103 264
103 265
103 138
103 137
103 269
103 147
103 152
103 293
103 185
103 212
103 183
103 103
103 207
103 242
103 235
104 136
104 285
104 166
104 173
104 174
104 191
104 134
104 119
104 104
104 252
104 221
104 202
104 279
104 269
104 122
105 130
105 260
105 133
105 268
105 290
105 299
105 181
105 189
105 200
105 205
105 292
105 241
105 126
105 237
105 243
105 105
105 297
105 280
105 123
105 188
105 298
105 163
105 140
106 108
106 267
106 140
106 154
106 164
106 169
106 172
106 178
106 204
106 207
106 193
106 232
106 211
106 124
106 203
106 137
107 257
107 280
107 158
107 170
107 176
107 177
107 180
107 195
107 197
107 209
107 231
107 107
107 253
107 122
107 121
107 147
107 232
107 279
107 224
107 234
108 129
108 258
108 131
108 141
108 273
108 278
108 279
108 291
108 168
108 217
108 229
108 230
108 233
108 236
108 110
108 194
108 122
108 111
108 146
109 265
109 138
109 139
109 137
109 269
109 147
109 293
109 185
109 198
109 212
109 215
109 152
109 255
109 114
109 109
109 183
109 235
109 122
109 171
109 135
110 134
110 129
110 258
110 131
110 262
110 141
110 273
110 291
110 168
110 298
110 194
110 217
110 229
110 110
110 221
110 178
110 193
111 122
111 271
111 148
111 282
111 287
111 162
111 219
111 223
111 111
111 145
111 249
111 199
111 272
111 186
111 153
112 266
112 275
112 146
112 157
112 300
112 206
112 214
112 192
112 213
112 242
112 270
112 263
112 234
112 247
112 112
112 260
112 184
112 117
112 220
113 213
113 267
113 140
113 153
113 154
113 164
113 169
113 178
113 193
113 204
113 207
113 232
113 172
113 113
113 116
113 147
114 264
114 138
114 137
114 269
114 147
114 152
114 293
114 183
114 185
114 212
114 215
114 235
114 198
114 139
114 265
114 272
114 123
115 134
115 285
115 167
115 166
115 173
115 174
115 186
115 218
115 221
115 252
115 136
115 119
115 191
115 115
115 243
115 240
115 276
115 155
115 193
115 211
116 201
116 134
116 257
116 158
116 170
116 175
116 177
116 180
116 195
116 197
116 209
116 231
116 280
116 176
116 121
116 116
116 283
116 128
116 244
117 208
117 263
117 275
117 276
117 234
117 242
117 266
117 146
117 213
117 270
117 256
117 300
117 117
117 126
117 252
118 189
118 132
118 274
118 277
118 286
118 288
118 295
118 297
118 171
118 203
118 225
118 226
118 238
118 216
118 184
118 294
118 250
118 239
118 202
119 134
119 136
119 285
119 167
119 173
119 174
119 186
119 218
119 221
119 119
119 206
119 257
119 252
119 234
120 284
120 162
120 135
120 142
120 144
120 149
120 150
120 156
120 289
120 165
120 227
120 220
120 120
120 155
120 202
120 211
121 257
121 280
121 158
121 175
121 177
121 196
121 197
121 209
121 231
121 239
121 170
121 180
121 195
121 122
121 176
121 270
121 253
122 280
122 158
122 170
122 176
122 177
122 195
122 197
122 209
122 231
122 122
122 239
122 175
122 253
122 162
123 130
123 133
123 268
123 292
123 296
123 299
123 181
123 189
123 205
123 237
123 241
123 243
123 126
123 260
123 123
123 287
123 127
123 132
123 193
124 267
124 140
124 281
124 154
124 164
124 169
124 172
124 178
124 204
124 207
124 232
124 211
124 240
125 274
125 277
125 286
125 288
125 295
125 297
125 171
125 184
125 201
125 203
125 216
125 225
125 226
125 125
125 202
125 276
125 151
125 253
126 260
126 133
126 290
126 292
126 296
126 299
126 205
126 237
126 241
126 243
126 130
126 268
126 181
126 200
126 221
126 127
126 160
126 282
126 219
127 130
127 260
127 133
127 268
127 290
127 292
127 296
127 299
127 181
127 189
127 200
127 205
127 237
127 127
127 246
127 166
128 174
128 259
128 261
128 151
128 283
128 284
128 160
128 188
128 248
128 251
128 254
128 218
128 196
128 221
128 242
129 225
129 273
129 236
129 279
129 233
129 194
129 229
129 131
129 217
129 129
129 141
129 262
129 291
129 230
129 258
129 246
129 163
129 278
129 168
129 265
129 185
130 299
130 290
130 241
130 268
130 205
130 296
130 237
130 133
130 181
130 189
130 200
130 243
130 130
130 264
130 260
130 292
130 170
130 230
130 223
131 136
131 248
131 258
131 217
131 168
131 298
131 229
131 194
131 273
131 233
131 278
131 230
131 141
131 279
131 236
131 131
131 203
132 238
132 203
132 216
132 184
132 132
132 226
132 288
132 295
132 274
132 297
132 201
132 277
132 225
132 220
132 286
132 171
132 204
133 260
133 133
133 292
133 268
133 200
133 243
133 299
133 290
133 205
133 237
133 241
133 270
133 143
133 183
133 296
133 238
133 227
134 134
134 186
134 174
134 166
134 218
134 167
134 252
134 285
134 221
134 191
134 136
134 173
134 175
134 256
135 289
135 142
135 294
135 202
135 149
135 155
135 143
135 156
135 159
135 227
135 150
135 244
135 179
135 144
135 286
136 167
136 136
136 174
136 252
136 218
136 285
136 191
136 173
136 221
136 158
136 166
136 186
137 297
137 226
137 264
137 265
137 139
137 269
137 183
137 198
137 235
137 293
137 152
137 147
137 138
137 163
137 221
137 250
137 185
137 255
137 267
138 264
138 215
138 138
138 293
138 139
138 147
138 269
138 198
138 265
138 212
138 183
138 185
138 266
138 273
138 152
138 157
139 260
139 264
139 265
139 185
139 269
139 183
139 215
139 147
139 255
139 139
139 212
139 235
139 152
139 159
139 293
139 198
140 283
140 214
140 294
140 267
140 193
140 154
140 140
140 281
140 172
140 207
140 178
140 232
140 169
140 288
140 255
140 153
140 164
140 204
141 248
141 258
141 262
141 279
141 278
141 236
141 273
141 233
141 229
141 217
141 194
141 168
141 147
141 145
141 291
141 298
141 230
141 250
142 226
142 180
142 266
142 143
142 150
142 159
142 165
142 294
142 149
142 202
142 155
142 220
142 289
142 144
142 208
142 156
142 179
142 227
142 164
143 294
143 150
143 149
143 179
143 144
143 220
143 244
143 143
143 156
143 227
143 202
143 159
143 223
143 155
143 289
144 239
144 244
144 179
144 165
144 149
144 156
144 155
144 202
144 220
144 289
144 219
144 159
144 294
144 227
145 272
145 219
145 163
145 148
145 223
145 249
145 271
145 145
145 264
145 188
145 162
145 199
146 171
146 263
146 266
146 275
146 146
146 192
146 270
146 234
146 247
146 256
146 300
146 276
146 197
146 157
146 206
146 242
147 264
147 265
147 269
147 215
147 293
147 185
147 183
147 198
147 163
147 152
147 255
147 148
148 161
148 271
148 282
148 249
148 163
148 223
148 148
148 199
148 287
148 272
148 219
148 231
148 162
148 153
149 259
149 162
149 202
149 150
149 244
149 149
149 289
149 159
149 179
149 156
149 253
149 225
149 155
149 165
149 294
149 220
149 227
150 297
150 155
150 244
150 220
150 156
150 179
150 165
150 294
150 202
150 159
150 271
150 286
150 227
151 259
151 283
151 222
151 151
151 261
151 240
151 245
151 248
151 188
151 254
151 289
151 169
151 208
151 251
151 264
151 152
152 261
152 265
152 269
152 212
152 235
152 185
152 152
152 183
152 264
152 198
152 213
152 293
152 215
153 299
153 189
153 195
153 187
153 214
153 267
153 281
153 178
153 211
153 232
153 193
153 153
153 216
153 169
153 204
153 207
154 216
154 281
154 164
154 154
154 178
154 169
154 204
154 211
154 193
154 243
154 229
155 199
155 155
155 289
155 159
155 244
155 220
155 227
155 202
155 267
155 156
155 165
156 277
156 196
156 294
156 159
156 179
156 244
156 156
156 289
156 165
157 216
157 278
157 263
157 266
157 270
157 275
157 192
157 256
157 242
157 247
157 300
157 206
157 157
157 214
157 180
157 175
157 234
158 257
158 280
158 196
158 209
158 180
158 177
158 239
158 231
158 195
158 158
158 197
158 170
158 192
158 176
158 253
159 202
159 179
159 212
159 220
159 227
160 237
160 259
160 261
160 283
160 284
160 188
160 160
160 222
160 248
160 240
160 245
160 254
160 247
160 276
160 208
160 251
160 272
160 242
161 181
161 218
161 175
161 209
161 253
161 228
161 250
161 224
161 193
161 222
161 182
161 187
161 210
161 246
162 238
162 187
162 271
162 282
162 287
162 219
162 199
162 163
162 272
162 249
162 211
162 223
162 164
163 271
163 272
163 282
163 287
163 249
163 199
163 219
163 163
163 196
163 223
164 185
164 281
164 211
164 164
164 178
164 267
164 207
164 172
164 232
164 204
164 169
164 193
165 285
165 259
165 264
165 289
165 202
165 244
165 179
165 165
165 217
165 258
165 266
166 285
166 167
166 252
166 173
166 186
166 191
166 174
166 166
166 221
166 262
166 218
167 292
167 225
167 186
167 174
167 191
167 167
167 252
167 285
167 221
167 173
167 218
167 249
167 181
167 232
168 268
168 241
168 258
168 273
168 278
168 291
168 230
168 168
168 236
168 279
168 262
168 255
168 260
168 229
168 183
168 287
168 178
169 255
169 267
169 232
169 207
169 193
169 281
169 211
169 172
169 178
170 257
170 280
170 239
170 196
170 231
170 177
170 253
170 180
170 176
170 175
170 170
170 195
170 298
170 209
170 278
171 205
171 277
171 286
171 288
171 295
171 297
171 238
171 274
171 201
171 184
171 203
171 216
171 171
171 225
171 226
172 281
172 267
172 211
172 207
172 178
172 172
172 204
172 193
172 182
172 232
173 299
173 285
173 221
173 218
173 252
173 174
173 191
173 173
173 289
173 186
173 258
173 249
174 252
174 285
174 221
174 218
174 282
174 186
175 280
175 257
175 196
175 175
175 177
175 231
175 209
175 195
175 197
175 180
175 253
175 176
175 239
176 201
176 257
176 280
176 195
176 239
176 197
176 177
176 231
176 180
176 209
176 196
176 253
176 207
177 189
177 257
177 280
177 196
177 239
177 231
177 197
177 282
177 224
177 180
177 195
177 209
177 253
177 235
178 277
178 267
178 281
178 232
178 204
178 187
178 189
178 193
178 211
179 290
179 293
179 289
179 202
179 220
179 244
179 248
179 238
179 255
180 221
180 257
180 280
180 180
180 197
180 239
180 209
180 253
180 231
180 195
180 196
181 260
181 268
181 290
181 292
181 296
181 205
181 181
181 299
181 189
181 243
181 237
181 241
181 183
181 272
181 188
182 182
182 228
182 246
182 190
182 224
182 210
182 250
182 213
182 187
182 282
183 264
183 265
183 293
183 215
183 235
183 198
183 212
183 185
183 228
184 274
184 277
184 286
184 288
184 297
184 201
184 226
184 184
184 238
184 216
184 264
184 203
185 264
185 255
185 293
185 185
185 215
185 198
185 212
185 235
185 263
185 300
186 285
186 252
186 191
186 218
186 186
186 221
187 296
187 191
187 188
187 250
187 190
187 210
187 228
187 247
187 224
188 237
188 259
188 261
188 283
188 284
188 208
188 245
188 188
188 248
188 222
188 251
188 212
188 266
189 260
189 268
189 290
189 296
189 299
189 189
189 237
189 243
189 292
189 200
189 241
189 205
189 291
190 205
190 250
190 246
190 228
190 190
190 224
190 230
190 247
190 210
190 293
191 285
191 221
191 218
191 191
191 252
191 239
191 237
192 295
192 263
192 266
192 270
192 275
192 276
192 256
192 214
192 242
192 300
192 213
192 206
192 192
192 235
192 255
193 267
193 281
193 232
193 207
193 204
194 258
194 278
194 291
194 230
194 217
194 279
194 194
194 236
194 298
194 229
194 205
195 257
195 280
195 253
195 209
195 239
195 197
195 195
195 297
195 196
195 219
196 285
196 257
196 280
196 239
196 197
196 253
196 196
196 209
197 280
197 253
197 239
197 257
197 209
197 242
197 207
197 231
198 245
198 264
198 269
198 293
198 265
198 235
198 212
198 255
198 253
198 234
198 258
198 215
199 243
199 209
199 272
199 282
199 287
199 219
199 249
199 223
199 199
199 276
200 268
200 290
200 292
200 296
200 299
200 200
200 205
200 241
200 237
200 243
200 240
200 234
200 238
201 268
201 205
201 274
201 277
201 288
201 295
201 297
201 238
201 216
201 203
201 286
201 225
201 252
201 281
202 294
202 227
202 202
202 244
202 208
202 220
203 274
203 286
203 288
203 297
203 225
203 277
203 295
203 238
203 216
203 226
203 268
203 252
203 235
204 260
204 296
204 281
204 207
204 267
204 232
204 221
205 260
205 268
205 292
205 296
205 299
205 241
205 290
205 237
205 243
206 263
206 266
206 275
206 276
206 300
206 213
206 270
206 256
206 214
206 247
206 242
206 208
207 280
207 258
207 287
207 267
207 281
207 266
208 259
208 261
208 283
208 284
208 254
208 251
208 240
208 248
208 222
208 245
208 300
208 230
209 231
209 280
209 253
209 239
209 210
210 295
210 224
210 210
210 228
210 250
210 246
210 230
210 276
211 252
211 245
211 233
211 267
211 281
211 232
212 264
212 265
212 269
212 293
212 215
212 255
213 263
213 266
213 270
213 275
213 276
213 300
213 299
213 214
213 234
213 256
214 261
214 222
214 269
214 263
214 266
214 275
214 276
214 300
214 247
214 214
214 242
214 215
214 234
214 256
215 265
215 269
215 293
215 255
215 215
215 235
215 264
215 285
215 282
216 274
216 277
216 286
216 295
216 226
216 216
216 297
216 225
216 238
217 285
217 258
217 262
217 273
217 279
217 291
217 298
217 236
217 278
217 233
217 247
217 230
217 294
218 285
218 221
218 237
218 287
218 252
219 265
219 271
219 272
219 282
219 219
219 300
220 279
220 289
220 294
220 227
220 220
220 295
220 244
221 285
221 252
221 273
221 264
222 259
222 261
222 283
222 284
222 254
222 248
222 222
222 240
222 279
222 251
222 236
223 271
223 287
223 249
223 272
223 223
224 241
224 233
224 246
225 274
225 277
225 286
225 288
225 295
225 226
225 238
225 246
225 231
226 274
226 277
226 286
226 288
226 295
226 297
226 238
226 246
227 280
227 294
227 289
227 244
227 227
227 238
228 246
228 241
228 249
229 299
229 262
229 273
229 278
229 279
229 291
229 298
229 233
229 230
229 284
230 258
230 262
230 273
230 278
230 279
230 291
230 298
230 233
230 230
230 294
231 257
231 280
231 231
231 256
231 264
231 239
231 248
232 267
232 281
232 232
233 262
233 278
233 279
233 291
233 298
233 258
233 236
233 233
233 265
234 262
234 263
234 270
234 275
234 276
234 234
234 266
234 256
234 279
234 242
235 265
235 269
235 293
235 264
235 255
235 235
235 280
236 295
236 258
236 262
236 278
236 279
236 298
236 291
236 273
236 236
236 261
237 260
237 290
237 292
237 296
237 299
237 268
237 237
237 241
238 277
238 286
238 288
238 295
238 297
239 286
239 257
239 280
239 253
240 259
240 261
240 283
240 284
240 245
240 254
240 251
240 248
241 268
241 290
241 292
241 299
241 241
242 255
242 263
242 266
242 270
242 247
242 242
242 275
242 284
242 244
243 260
243 268
243 290
243 292
243 296
243 243
244 244
244 294
245 259
245 261
245 245
245 248
245 283
245 254
245 251
246 250
247 263
247 266
247 270
247 275
247 276
247 300
247 265
248 259
248 261
248 283
248 284
248 254
248 248
249 271
249 282
249 287
249 272
249 285
250 257
251 259
251 283
251 284
251 251
251 261
251 254
252 285
252 289
253 257
253 253
253 266
254 259
254 261
254 283
254 284
254 281
254 300
255 288
255 264
255 265
255 269
256 263
256 266
256 270
256 275
256 300
256 276
256 294
256 289
257 257
257 280
257 287
257 266
257 272
258 273
258 278
258 279
258 298
258 258
258 262
259 261
259 284
259 259
259 296
259 283
260 290
260 260
260 292
260 268
260 299
260 296
261 283
261 284
261 261
262 297
262 283
262 291
262 279
262 298
262 262
262 273
262 274
262 278
263 300
263 276
263 266
263 270
264 293
264 269
264 264
264 265
265 290
265 269
265 265
265 293
266 270
266 275
266 276
267 270
267 281
268 296
268 290
268 268
268 299
269 293
270 286
270 270
270 276
270 300
271 271
271 282
271 272
271 287
272 288
272 279
272 282
272 287
272 272
273 277
273 291
273 279
273 278
273 273
273 298
274 286
274 274
274 295
274 288
274 277
274 297
275 276
275 300
275 275
275 297
276 300
277 295
277 286
277 297
277 288
278 298
278 278
278 279
278 291
279 279
279 291
280 280
281 281
281 293
282 282
282 287
283 283
283 284
284 284
284 290
285 285
286 297
286 286
286 295
286 288
288 295
288 288
288 297
288 291
289 294
289 289
290 296
290 290
290 292
290 299
291 291
291 298
292 296
292 299
292 292
294 294
295 295
295 297
296 299
298 298
300 300
