300 4259
1 163
1 139
1 128
1 1
1 278
1 285
1 177
1 299
1 100
1 289
1 291
1 223
1 296
1 186
1 55
1 119
1 205
1 120
1 25
1 151
1 194
1 254
1 246
1 214
1 157
1 75
1 220
1 235
2 99
2 2
2 169
2 46
2 107
2 50
2 199
2 60
2 141
2 268
2 183
2 112
2 189
2 62
2 47
2 66
2 76
2 200
2 239
2 116
2 54
2 193
2 230
2 194
2 69
2 225
2 83
2 179
3 256
3 258
3 156
3 51
3 7
3 102
3 49
3 3
3 115
3 212
3 188
3 42
3 226
3 9
3 209
3 227
3 105
3 103
3 88
3 232
3 176
3 56
3 10
3 83
3 274
3 164
3 185
3 64
3 113
3 6
3 45
4 253
4 62
4 53
4 276
4 215
4 244
4 74
4 263
4 198
4 191
4 246
4 218
4 6
4 4
4 210
4 36
4 122
4 8
4 245
4 146
4 27
4 255
4 236
4 156
4 294
4 52
4 197
4 98
5 133
5 39
5 70
5 108
5 5
5 253
5 171
5 201
5 77
5 175
5 147
5 243
5 180
5 118
5 26
5 91
5 93
5 208
5 182
5 35
5 121
5 131
5 68
5 16
5 271
5 158
5 71
5 172
5 207
6 62
6 254
6 276
6 197
6 8
6 218
6 294
6 215
6 122
6 146
6 244
6 92
6 27
6 148
6 210
6 36
6 263
6 98
6 6
6 191
6 144
6 44
6 53
6 198
6 74
6 245
6 246
7 267
7 258
7 105
7 88
7 113
7 274
7 42
7 232
7 164
7 7
7 226
7 185
7 49
7 176
7 156
7 64
7 209
7 9
7 51
7 103
7 83
7 70
7 43
7 188
7 212
7 227
8 263
8 122
8 276
8 197
8 245
8 146
8 148
8 74
8 218
8 98
8 191
8 53
8 52
8 215
8 36
8 246
8 198
8 244
8 8
8 262
8 42
8 208
8 210
8 92
8 275
9 158
9 258
9 88
9 42
9 115
9 212
9 51
9 188
9 226
9 49
9 185
9 176
9 105
9 164
9 113
9 232
9 227
9 274
9 103
9 102
9 12
9 224
9 107
9 64
9 209
10 259
10 145
10 195
10 213
10 57
10 251
10 256
10 248
10 187
10 214
10 203
10 193
10 149
10 80
10 68
10 237
10 124
10 33
10 96
10 10
10 178
10 290
10 13
10 45
10 142
10 206
10 101
10 109
10 156
10 292
10 111
10 72
11 129
11 134
11 262
11 136
11 138
11 32
11 31
11 123
11 273
11 152
11 154
11 18
11 11
11 73
11 17
11 40
11 166
11 15
11 20
11 165
11 257
11 237
11 283
11 170
11 140
12 73
12 105
12 79
12 234
12 266
12 139
12 288
12 150
12 12
12 160
12 272
12 179
12 168
12 143
12 264
12 37
12 128
12 297
12 87
12 67
12 185
12 211
12 235
12 279
12 23
12 282
12 281
13 130
13 135
13 269
13 192
13 161
13 86
13 252
13 44
13 211
13 298
13 240
13 82
13 48
13 242
13 13
13 84
13 89
13 222
13 159
13 14
13 255
13 153
13 249
13 157
13 162
13 181
13 190
13 267
14 130
14 135
14 269
14 192
14 222
14 252
14 298
14 84
14 14
14 48
14 240
14 82
14 162
14 161
14 211
14 255
14 89
14 44
14 190
14 104
14 115
14 106
14 160
14 159
14 86
14 242
15 200
15 129
15 257
15 134
15 262
15 136
15 138
15 140
15 152
15 41
15 17
15 273
15 15
15 29
15 123
15 40
15 18
15 154
15 166
15 165
15 219
15 236
15 263
15 20
15 73
15 212
15 74
16 73
16 132
16 261
16 265
16 254
16 283
16 144
16 43
16 16
16 85
16 224
16 173
16 219
16 24
16 63
16 229
16 58
16 202
16 295
16 22
16 48
16 299
16 124
16 290
16 34
16 79
16 94
16 220
17 257
17 134
17 262
17 136
17 138
17 140
17 273
17 165
17 40
17 29
17 129
17 31
17 154
17 65
17 73
17 32
17 18
17 41
17 20
17 152
17 214
17 238
17 36
17 123
17 85
17 52
17 198
17 122
17 286
18 133
18 86
18 46
18 99
18 129
18 134
18 262
18 136
18 138
18 140
18 18
18 32
18 152
18 40
18 123
18 65
18 165
18 29
18 41
18 102
18 150
18 182
18 20
18 154
18 166
18 73
18 155
18 272
19 104
19 214
19 260
19 137
19 270
19 275
19 111
19 286
19 117
19 170
19 126
19 241
19 292
19 19
19 228
19 30
19 127
19 250
19 106
19 280
19 114
19 143
19 199
19 103
19 172
19 174
19 95
19 125
19 155
20 298
20 257
20 134
20 262
20 138
20 140
20 32
20 65
20 73
20 41
20 31
20 123
20 20
20 136
20 273
20 152
20 29
20 53
20 35
20 254
20 165
20 148
20 59
20 160
20 223
21 99
21 43
21 300
21 272
21 291
21 289
21 235
21 220
21 21
21 223
21 151
21 285
21 119
21 120
21 55
21 296
21 299
21 194
21 177
21 25
21 278
21 209
21 208
21 197
21 157
21 186
21 75
22 118
22 152
22 96
22 132
22 261
22 265
22 254
22 63
22 22
22 283
22 219
22 144
22 224
22 58
22 287
22 79
22 94
22 173
22 295
22 85
22 250
22 98
22 203
22 24
22 290
22 34
22 43
22 202
22 280
23 52
23 264
23 266
23 139
23 272
23 150
23 293
23 297
23 143
23 153
23 87
23 28
23 128
23 160
23 238
23 168
23 249
23 281
23 23
23 288
23 62
23 53
23 145
23 179
23 291
24 132
24 261
24 265
24 144
24 90
24 94
24 34
24 58
24 24
24 283
24 295
24 224
24 43
24 79
24 290
24 63
24 202
24 85
24 287
24 73
24 80
24 260
24 173
24 219
24 122
25 99
25 151
25 277
25 285
25 120
25 100
25 291
25 235
25 186
25 177
25 194
25 231
25 55
25 205
25 220
25 119
25 278
25 157
25 296
25 299
25 124
25 155
25 247
25 289
25 75
26 271
26 147
26 253
26 121
26 91
26 133
26 180
26 158
26 216
26 201
26 35
26 208
26 171
26 39
26 93
26 243
26 108
26 26
26 77
26 70
26 275
26 131
26 232
26 175
26 182
26 71
26 92
26 207
27 263
27 146
27 276
27 148
27 36
27 210
27 215
27 74
27 92
27 218
27 53
27 197
27 98
27 122
27 27
27 198
27 294
27 246
27 245
27 108
27 279
27 190
27 52
27 191
27 244
27 30
28 76
28 53
28 264
28 266
28 139
28 150
28 282
28 281
28 143
28 249
28 160
28 288
28 128
28 153
28 179
28 297
28 37
28 67
28 293
28 28
28 82
28 36
28 55
28 168
28 87
28 177
29 161
29 62
29 257
29 134
29 262
29 136
29 138
29 273
29 152
29 123
29 129
29 140
29 40
29 154
29 166
29 73
29 31
29 65
29 266
29 189
29 238
29 32
29 244
30 42
30 113
30 245
30 260
30 137
30 270
30 275
30 280
30 286
30 292
30 125
30 172
30 95
30 117
30 170
30 126
30 30
30 174
30 111
30 106
30 191
30 156
30 228
30 233
30 250
30 127
30 75
31 240
31 129
31 257
31 134
31 262
31 136
31 138
31 140
31 152
31 65
31 32
31 73
31 41
31 123
31 31
31 166
31 165
31 69
31 77
31 127
31 40
32 112
32 129
32 257
32 134
32 136
32 138
32 140
32 273
32 154
32 152
32 166
32 40
32 165
32 65
32 41
32 262
32 234
32 245
32 67
32 256
32 244
32 196
33 86
33 257
33 65
33 142
33 145
33 149
33 206
33 237
33 80
33 195
33 213
33 96
33 251
33 187
33 33
33 101
33 256
33 214
33 124
33 109
33 122
33 299
33 247
33 193
33 68
33 238
34 242
34 255
34 142
34 265
34 144
34 287
34 90
34 254
34 132
34 202
34 34
34 261
34 295
34 283
34 173
34 224
34 94
34 229
34 179
34 155
34 258
34 58
34 63
34 79
34 219
34 297
35 133
35 271
35 147
35 158
35 121
35 201
35 93
35 171
35 71
35 175
35 180
35 182
35 77
35 108
35 70
35 216
35 91
35 35
35 243
35 139
35 218
35 47
35 208
35 118
35 224
35 125
36 259
36 263
36 146
36 148
36 244
36 122
36 52
36 215
36 191
36 198
36 210
36 92
36 98
36 245
36 36
36 218
36 94
36 199
36 141
36 294
36 74
36 246
36 234
37 171
37 219
37 218
37 264
37 139
37 143
37 272
37 150
37 279
37 282
37 281
37 238
37 179
37 168
37 266
37 153
37 37
37 87
37 297
37 217
37 197
37 267
37 293
37 128
38 180
38 107
38 110
38 155
38 163
38 45
38 59
38 196
38 300
38 56
38 247
38 184
38 83
38 61
38 72
38 167
38 221
38 207
38 230
38 81
38 97
38 217
38 237
38 79
38 191
38 78
38 266
38 151
39 158
39 175
39 253
39 243
39 201
39 70
39 93
39 39
39 133
39 71
39 271
39 77
39 180
39 208
39 121
39 108
39 118
39 182
39 147
39 56
39 239
39 58
39 171
39 216
39 289
40 222
40 129
40 136
40 140
40 273
40 154
40 165
40 166
40 73
40 134
40 41
40 65
40 138
40 123
40 262
40 289
40 60
40 107
40 64
41 180
41 181
41 89
41 129
41 257
41 134
41 136
41 138
41 140
41 273
41 166
41 41
41 152
41 165
41 156
41 153
41 97
41 65
41 280
42 190
42 258
42 274
42 156
42 164
42 113
42 209
42 115
42 42
42 88
42 49
42 185
42 102
42 212
42 105
42 227
42 176
42 103
42 194
42 221
42 51
42 188
42 64
42 226
42 232
43 121
43 159
43 132
43 261
43 144
43 287
43 265
43 43
43 94
43 219
43 90
43 63
43 295
43 290
43 202
43 173
43 283
43 156
43 280
43 85
43 59
44 130
44 135
44 269
44 159
44 161
44 162
44 298
44 82
44 48
44 84
44 211
44 190
44 104
44 255
44 181
44 222
44 89
44 192
44 252
44 44
44 58
44 191
44 86
44 240
44 242
44 183
44 198
44 215
45 182
45 131
45 155
45 163
45 167
45 300
45 78
45 247
45 230
45 184
45 83
45 59
45 236
45 217
45 207
45 45
45 234
45 61
45 56
45 158
45 122
45 196
45 72
45 221
46 267
46 268
46 169
46 112
46 110
46 199
46 50
46 60
46 66
46 46
46 47
46 69
46 239
46 62
46 189
46 183
46 54
46 76
46 107
46 99
46 238
46 243
46 200
46 116
46 291
47 267
47 268
47 141
47 169
47 189
47 50
47 47
47 200
47 110
47 183
47 99
47 62
47 116
47 112
47 54
47 60
47 69
47 225
47 109
47 133
47 203
47 66
47 107
47 195
47 219
47 241
48 130
48 269
48 161
48 162
48 298
48 211
48 86
48 252
48 255
48 240
48 48
48 84
48 222
48 242
48 135
48 104
48 181
48 190
48 119
48 115
48 283
48 192
48 89
49 156
49 164
49 176
49 185
49 209
49 51
49 103
49 88
49 274
49 49
49 227
49 113
49 188
49 258
49 226
49 105
49 115
49 215
49 167
49 197
49 64
49 285
50 267
50 268
50 141
50 169
50 189
50 62
50 54
50 110
50 200
50 183
50 60
50 239
50 107
50 225
50 99
50 66
50 112
50 50
50 139
50 170
50 148
50 69
50 76
50 116
51 258
51 274
51 156
51 164
51 176
51 115
51 88
51 64
51 51
51 226
51 103
51 232
51 188
51 113
51 102
51 227
51 233
51 208
51 126
51 185
52 243
52 129
52 263
52 146
52 148
52 294
52 197
52 218
52 74
52 98
52 276
52 92
52 52
52 122
52 246
52 198
52 210
52 297
52 215
53 263
53 146
53 276
53 148
53 294
53 191
53 197
53 215
53 53
53 245
53 122
53 244
53 98
53 210
53 198
53 218
53 94
53 100
53 74
53 131
53 184
54 267
54 141
54 169
54 200
54 225
54 110
54 54
54 107
54 76
54 183
54 116
54 60
54 112
54 66
54 189
54 99
54 268
54 210
54 271
54 96
54 69
54 199
54 90
55 183
55 174
55 72
55 221
55 238
55 277
55 157
55 289
55 291
55 299
55 177
55 186
55 205
55 55
55 220
55 75
55 231
55 280
55 105
55 127
55 235
56 185
56 202
56 131
56 300
56 184
56 61
56 196
56 207
56 81
56 78
56 72
56 167
56 234
56 59
56 155
56 204
56 236
56 83
56 286
56 130
56 285
56 217
56 221
56 97
56 230
56 168
57 65
57 259
57 142
57 145
57 178
57 101
57 237
57 256
57 214
57 251
57 80
57 124
57 206
57 187
57 248
57 149
57 96
57 57
57 193
57 213
57 128
57 247
57 225
57 195
57 68
57 109
57 236
58 253
58 132
58 261
58 265
58 287
58 290
58 295
58 173
58 144
58 254
58 90
58 202
58 229
58 94
58 63
58 219
58 170
58 134
58 155
58 79
58 85
58 224
58 150
58 279
59 273
59 229
59 131
59 167
59 300
59 247
59 163
59 217
59 221
59 72
59 196
59 155
59 83
59 207
59 234
59 230
59 61
59 59
59 243
59 204
59 78
59 81
59 236
60 267
60 268
60 169
60 183
60 62
60 112
60 239
60 66
60 110
60 200
60 189
60 76
60 107
60 60
60 199
60 99
60 229
60 117
60 292
60 69
60 116
60 214
61 252
61 258
61 146
61 131
61 163
61 167
61 300
61 184
61 155
61 247
61 234
61 221
61 81
61 204
61 217
61 236
61 83
61 97
61 190
61 68
61 62
61 207
61 230
61 235
62 222
62 267
62 141
62 169
62 183
62 189
62 76
62 110
62 200
62 199
62 268
62 239
62 112
62 225
62 99
62 107
62 66
62 64
63 82
63 189
63 178
63 132
63 261
63 265
63 144
63 287
63 173
63 90
63 79
63 219
63 254
63 295
63 224
63 85
63 299
63 216
63 64
63 94
63 281
64 258
64 164
64 176
64 188
64 212
64 103
64 64
64 185
64 102
64 105
64 226
64 156
64 209
64 113
64 88
64 235
65 104
65 129
65 257
65 134
65 262
65 136
65 273
65 152
65 154
65 166
65 165
65 140
65 65
65 170
65 73
65 123
65 296
65 299
66 267
66 268
66 141
66 169
66 183
66 189
66 225
66 110
66 69
66 112
66 116
66 66
66 99
66 199
66 113
66 103
66 253
66 76
66 107
67 274
67 264
67 143
67 150
67 279
67 153
67 282
67 160
67 288
67 168
67 297
67 266
67 238
67 281
67 249
67 179
67 128
67 272
67 139
67 181
67 182
67 252
67 87
68 158
68 259
68 142
68 145
68 193
68 195
68 101
68 237
68 251
68 109
68 206
68 96
68 178
68 248
68 124
68 256
68 187
68 149
68 135
68 241
68 205
68 213
68 214
69 268
69 141
69 169
69 183
69 189
69 112
69 116
69 239
69 267
69 76
69 225
69 107
69 199
69 99
69 110
69 139
69 181
69 77
69 200
69 210
69 233
70 133
70 271
70 158
70 175
70 180
70 182
70 171
70 253
70 91
70 147
70 201
70 77
70 118
70 216
70 93
70 70
70 243
70 166
70 274
70 103
70 71
70 208
70 108
70 121
70 135
70 169
70 203
71 133
71 271
71 147
71 158
71 171
71 180
71 91
71 175
71 77
71 108
71 253
71 93
71 118
71 208
71 243
71 182
71 216
71 241
71 249
71 233
71 201
71 121
71 251
71 173
71 74
71 286
72 131
72 155
72 163
72 167
72 300
72 196
72 207
72 204
72 72
72 230
72 217
72 184
72 234
72 97
72 221
72 83
72 81
72 289
72 78
72 236
72 231
73 129
73 134
73 262
73 138
73 140
73 273
73 152
73 154
73 165
73 166
73 136
73 257
73 73
73 123
73 109
73 115
74 226
74 283
74 148
74 294
74 191
74 197
74 198
74 146
74 218
74 74
74 244
74 246
74 210
74 215
74 100
74 92
74 122
75 91
75 124
75 132
75 247
75 278
75 151
75 277
75 285
75 289
75 296
75 177
75 186
75 299
75 205
75 291
75 119
75 223
75 157
75 207
75 182
75 100
75 231
76 267
76 268
76 141
76 183
76 189
76 199
76 110
76 76
76 116
76 112
76 107
76 225
76 99
76 123
76 259
76 239
76 114
76 247
77 133
77 271
77 171
77 175
77 180
77 182
77 201
77 121
77 118
77 253
77 93
77 216
77 158
77 108
77 147
77 91
77 241
77 280
77 106
77 208
77 199
77 140
77 101
77 98
77 194
77 100
78 173
78 155
78 163
78 167
78 300
78 184
78 196
78 204
78 81
78 230
78 207
78 234
78 83
78 217
78 221
78 78
78 162
78 213
78 117
78 236
78 247
79 132
79 261
79 144
79 287
79 295
79 173
79 202
79 85
79 219
79 224
79 290
79 229
79 283
79 254
79 90
79 79
79 270
79 94
80 259
80 145
80 149
80 178
80 187
80 193
80 195
80 203
80 206
80 80
80 256
80 237
80 213
80 214
80 96
80 248
80 101
80 109
80 105
80 284
80 169
80 251
80 124
81 295
81 131
81 155
81 163
81 167
81 300
81 184
81 207
81 230
81 204
81 221
81 97
81 247
81 234
81 217
81 81
81 116
81 229
81 236
82 130
82 135
82 159
82 161
82 162
82 298
82 190
82 269
82 242
82 211
82 192
82 89
82 240
82 84
82 255
82 252
82 222
82 86
82 104
82 259
82 160
82 267
82 154
82 291
83 269
83 240
83 284
83 131
83 163
83 300
83 184
83 196
83 207
83 97
83 221
83 204
83 230
83 99
83 245
83 234
83 236
83 247
84 130
84 135
84 269
84 159
84 161
84 162
84 298
84 181
84 211
84 255
84 89
84 86
84 84
84 192
84 190
84 240
84 289
84 165
84 196
84 222
84 104
84 242
84 169
85 132
85 261
85 265
85 144
85 283
85 287
85 290
85 295
85 173
85 202
85 85
85 229
85 219
85 254
85 275
85 171
85 90
85 94
85 224
86 135
86 269
86 159
86 181
86 190
86 192
86 211
86 104
86 252
86 162
86 130
86 242
86 222
86 298
86 255
86 161
86 170
86 89
86 240
86 169
86 117
87 264
87 266
87 272
87 150
87 153
87 282
87 160
87 297
87 281
87 139
87 249
87 279
87 87
87 293
87 179
87 168
87 151
87 103
87 217
88 258
88 274
88 156
88 164
88 185
88 188
88 209
88 176
88 115
88 102
88 232
88 88
88 227
88 103
88 236
88 263
88 124
89 269
89 161
89 162
89 298
89 181
89 190
89 192
89 211
89 135
89 159
89 130
89 222
89 255
89 89
89 90
89 141
89 104
89 240
89 242
89 252
89 239
89 226
89 270
89 163
90 93
90 132
90 261
90 265
90 144
90 283
90 287
90 290
90 173
90 224
90 202
90 229
90 90
90 209
90 277
90 219
90 260
90 231
91 133
91 271
91 147
91 158
91 171
91 175
91 180
91 182
91 201
91 208
91 216
91 108
91 253
91 118
91 93
91 121
91 245
91 293
91 243
91 203
91 236
92 182
92 298
92 209
92 148
92 197
92 215
92 218
92 246
92 191
92 294
92 210
92 263
92 146
92 276
92 198
92 122
92 114
92 237
92 98
92 244
92 245
92 194
93 133
93 271
93 147
93 171
93 175
93 180
93 182
93 201
93 216
93 108
93 253
93 208
93 118
93 93
93 160
93 243
93 219
93 263
94 141
94 136
94 132
94 261
94 144
94 283
94 287
94 295
94 173
94 219
94 224
94 202
94 265
94 189
94 268
94 118
95 276
95 260
95 137
95 270
95 275
95 280
95 284
95 292
95 172
95 174
95 170
95 250
95 117
95 111
95 126
95 241
95 125
95 106
95 127
95 233
95 237
95 289
95 143
96 199
96 166
96 259
96 142
96 145
96 149
96 178
96 187
96 193
96 195
96 203
96 206
96 213
96 96
96 124
96 182
96 217
96 251
96 256
97 110
97 170
97 163
97 300
97 196
97 204
97 207
97 217
97 184
97 221
97 97
97 155
97 230
97 247
97 259
97 272
97 231
97 236
97 177
98 263
98 146
98 276
98 148
98 294
98 191
98 197
98 218
98 245
98 198
98 246
98 244
98 210
98 260
98 163
99 252
99 267
99 141
99 169
99 183
99 200
99 99
99 110
99 107
99 225
99 189
99 239
99 112
99 116
99 167
100 140
100 283
100 218
100 278
100 277
100 157
100 285
100 289
100 291
100 299
100 177
100 186
100 194
100 205
100 220
100 119
100 223
100 142
100 228
100 231
100 235
100 120
101 259
101 145
101 187
101 195
101 213
101 214
101 256
101 109
101 251
101 203
101 142
101 193
101 101
101 237
101 124
101 149
101 244
101 290
101 196
102 142
102 258
102 274
102 156
102 164
102 176
102 185
102 188
102 209
102 212
102 227
102 226
102 102
102 115
102 152
102 241
102 183
102 232
102 105
102 198
102 220
103 141
103 206
103 258
103 274
103 156
103 176
103 188
103 209
103 226
103 164
103 185
103 232
103 132
103 215
103 110
103 113
104 130
104 135
104 269
104 159
104 162
104 298
104 181
104 190
104 192
104 222
104 211
104 255
104 252
104 161
104 240
104 155
104 242
104 237
104 245
104 260
104 288
105 147
105 123
105 258
105 274
105 156
105 185
105 188
105 212
105 226
105 227
105 232
105 115
105 113
105 176
105 265
105 296
105 153
106 133
106 268
106 290
106 173
106 260
106 137
106 280
106 284
106 172
106 174
106 228
106 233
106 117
106 275
106 250
106 106
106 155
106 213
106 231
106 114
106 126
106 127
107 267
107 268
107 141
107 199
107 200
107 225
107 189
107 239
107 169
107 116
107 112
107 212
107 219
107 184
107 282
107 186
108 133
108 147
108 158
108 175
108 180
108 182
108 216
108 108
108 121
108 253
108 201
108 243
108 152
108 207
108 135
108 118
109 171
109 268
109 259
109 142
109 149
109 178
109 187
109 193
109 203
109 206
109 214
109 237
109 145
109 124
109 256
109 298
109 118
109 248
109 224
109 247
109 266
110 267
110 268
110 141
110 169
110 183
110 189
110 200
110 225
110 110
110 116
110 239
110 123
110 112
110 174
110 114
110 217
111 260
111 137
111 270
111 275
111 280
111 284
111 286
111 172
111 228
111 233
111 114
111 111
111 174
111 126
111 170
111 241
111 250
111 292
111 139
111 266
111 125
111 127
112 267
112 169
112 189
112 199
112 239
112 225
112 112
112 116
112 192
112 163
112 138
113 274
113 164
113 176
113 209
113 212
113 226
113 227
113 258
113 232
113 188
113 156
113 185
113 160
113 223
113 238
114 201
114 209
114 260
114 270
114 275
114 284
114 286
114 292
114 170
114 172
114 174
114 228
114 241
114 114
114 127
114 233
114 125
114 287
114 117
114 126
114 168
114 223
115 161
115 192
115 199
115 258
115 274
115 164
115 176
115 185
115 188
115 209
115 212
115 227
115 147
115 278
115 270
116 267
116 268
116 141
116 169
116 199
116 200
116 239
116 189
116 225
116 252
116 208
116 233
116 256
116 144
117 260
117 137
117 270
117 275
117 280
117 284
117 292
117 172
117 174
117 228
117 233
117 241
117 170
117 125
117 127
117 286
117 176
117 152
117 126
118 133
118 271
118 147
118 158
118 175
118 180
118 182
118 216
118 243
118 121
118 253
118 118
118 278
118 279
118 148
118 294
119 275
119 288
119 278
119 151
119 157
119 285
119 296
119 299
119 177
119 186
119 194
119 205
119 220
119 223
119 277
119 231
119 152
119 156
119 197
120 187
120 195
120 278
120 151
120 157
120 291
120 177
120 186
120 194
120 220
120 223
120 277
120 205
120 120
120 285
120 231
120 299
120 145
120 207
120 193
121 133
121 147
121 158
121 171
121 182
121 201
121 208
121 216
121 243
121 180
121 271
121 253
121 170
121 255
121 138
121 177
122 268
122 232
122 146
122 276
122 148
122 294
122 210
122 246
122 215
122 191
122 122
122 155
122 286
122 170
123 257
123 134
123 262
123 138
123 273
123 152
123 154
123 165
123 140
123 136
123 203
123 205
123 185
123 294
124 259
124 142
124 145
124 149
124 178
124 187
124 193
124 195
124 203
124 213
124 248
124 256
124 251
124 237
124 167
124 289
124 285
125 178
125 260
125 275
125 280
125 172
125 174
125 233
125 241
125 286
125 170
125 228
125 126
125 137
125 292
125 127
125 270
125 285
125 215
125 207
126 260
126 137
126 270
126 275
126 280
126 172
126 174
126 228
126 241
126 170
126 292
126 284
126 250
126 274
126 167
126 300
126 127
126 264
127 137
127 270
127 275
127 286
127 292
127 228
127 250
127 241
127 233
127 172
127 260
127 127
127 142
127 277
128 165
128 206
128 295
128 244
128 196
128 264
128 266
128 143
128 272
128 153
128 281
128 160
128 168
128 179
128 238
128 128
128 239
129 140
129 273
129 136
129 138
129 154
129 129
129 166
129 152
129 165
129 257
129 262
129 134
129 205
129 148
130 240
130 269
130 242
130 135
130 298
130 192
130 190
130 255
130 211
130 130
130 181
130 162
130 161
130 159
130 165
130 177
130 225
130 222
130 252
130 234
131 147
131 176
131 227
131 207
131 167
131 131
131 236
131 217
131 247
131 234
131 155
131 221
131 202
131 224
131 163
131 300
131 184
131 204
131 230
132 202
132 283
132 132
132 173
132 287
132 229
132 261
132 224
132 254
132 265
132 149
132 288
132 144
132 290
132 295
132 219
132 215
132 163
133 271
133 182
133 201
133 147
133 158
133 208
133 243
133 216
133 175
133 180
133 133
133 260
133 171
133 253
133 274
134 257
134 140
134 262
134 138
134 152
134 166
134 154
134 136
134 273
134 244
134 215
134 269
134 165
135 240
135 192
135 211
135 242
135 135
135 159
135 255
135 298
135 190
135 222
135 252
135 181
135 279
135 189
135 269
135 161
135 263
135 167
135 220
136 257
136 262
136 165
136 273
136 166
136 136
136 152
136 154
136 140
136 153
136 249
136 138
137 257
137 273
137 260
137 228
137 172
137 292
137 275
137 280
137 233
137 137
137 174
137 286
137 170
137 186
137 142
137 256
137 284
137 250
137 278
138 257
138 262
138 140
138 152
138 273
138 166
138 154
138 138
138 165
138 206
138 261
139 190
139 214
139 266
139 179
139 279
139 249
139 281
139 150
139 143
139 238
139 288
139 139
139 168
139 258
139 228
139 272
139 153
139 282
139 293
139 278
140 257
140 262
140 154
140 140
140 165
140 166
140 273
140 268
141 267
141 268
141 225
141 189
141 239
141 200
141 141
141 199
141 285
141 169
141 183
142 216
142 259
142 178
142 142
142 237
142 206
142 145
142 187
142 251
142 195
142 149
142 193
142 213
142 214
142 240
142 203
142 248
142 191
142 210
143 181
143 210
143 217
143 266
143 279
143 272
143 249
143 238
143 288
143 150
143 297
143 264
143 281
143 293
143 282
143 151
143 296
143 283
143 160
143 168
143 179
144 265
144 229
144 290
144 254
144 173
144 219
144 283
144 224
144 295
144 287
144 144
144 269
144 222
144 292
144 296
144 186
145 259
145 248
145 145
145 187
145 206
145 195
145 237
145 203
145 214
145 213
145 256
145 178
145 273
145 191
145 211
145 149
145 193
146 263
146 210
146 191
146 198
146 197
146 244
146 245
146 246
146 276
146 215
146 148
146 146
146 232
146 214
146 218
146 235
147 271
147 180
147 147
147 208
147 182
147 253
147 243
147 175
147 171
147 158
147 201
147 300
147 240
147 189
147 221
147 160
148 263
148 276
148 210
148 197
148 198
148 215
148 245
148 294
148 218
148 161
148 191
148 246
148 277
149 180
149 255
149 259
149 251
149 149
149 213
149 193
149 206
149 248
149 237
149 195
149 214
149 178
149 295
149 245
149 170
149 187
149 203
149 228
150 264
150 272
150 238
150 293
150 160
150 153
150 249
150 150
150 282
150 179
150 279
150 288
150 196
150 248
150 281
150 168
150 297
151 278
151 296
151 194
151 277
151 235
151 220
151 231
151 291
151 223
151 289
151 177
151 285
151 157
151 151
151 158
151 299
152 159
152 257
152 262
152 273
152 165
152 152
152 229
152 205
152 154
152 166
152 202
153 266
153 272
153 279
153 168
153 179
153 153
153 293
153 160
153 238
153 264
153 288
153 249
153 253
153 199
153 282
153 281
153 297
154 257
154 262
154 273
154 165
154 154
154 166
154 288
154 192
154 266
155 190
155 284
155 221
155 184
155 217
155 163
155 204
155 236
155 234
155 196
155 167
155 165
155 300
155 230
155 279
156 182
156 258
156 274
156 176
156 156
156 185
156 232
156 164
156 188
156 209
156 212
156 157
156 244
156 226
156 227
156 282
156 186
157 278
157 235
157 291
157 186
157 231
157 285
157 220
157 299
157 296
157 289
157 177
157 277
157 271
157 187
157 236
157 205
157 223
158 271
158 180
158 201
158 175
158 208
158 216
158 243
158 171
158 182
158 253
158 240
158 204
159 269
159 190
159 192
159 161
159 159
159 298
159 255
159 211
159 181
159 242
159 222
159 240
159 289
159 162
159 252
159 195
159 283
160 230
160 266
160 272
160 279
160 282
160 281
160 288
160 297
160 293
160 207
160 238
161 269
161 252
161 242
161 181
161 222
161 211
161 190
161 255
161 240
161 298
161 192
161 162
161 270
161 274
162 269
162 192
162 255
162 298
162 240
162 181
162 190
162 162
162 242
162 211
162 170
162 209
162 277
162 252
163 270
163 247
163 163
163 236
163 207
163 221
163 184
163 196
163 217
163 300
163 234
164 258
164 185
164 274
164 188
164 209
164 227
164 212
164 164
164 232
164 193
164 207
164 206
164 176
164 226
165 257
165 165
165 225
165 267
165 241
166 257
166 262
166 273
166 166
166 278
166 169
166 281
167 208
167 192
167 227
167 167
167 234
167 196
167 236
167 204
167 207
167 190
167 300
167 184
167 217
168 212
168 264
168 266
168 272
168 279
168 282
168 281
168 288
168 249
168 238
168 168
168 200
168 179
169 267
169 268
169 225
169 183
169 199
169 200
169 239
169 189
169 278
170 188
170 270
170 284
170 286
170 292
170 280
170 260
170 172
170 170
170 278
170 228
170 241
170 250
171 271
171 208
171 175
171 253
171 201
171 180
171 171
171 182
171 216
171 264
171 211
172 280
172 284
172 286
172 275
172 260
172 174
172 172
172 241
172 292
172 270
172 227
172 264
172 233
172 250
173 261
173 265
173 283
173 290
173 202
173 219
173 229
173 295
173 254
174 216
174 260
174 270
174 280
174 284
174 286
174 250
174 174
174 292
174 275
174 233
174 238
174 228
175 253
175 271
175 216
175 182
175 175
175 243
175 180
175 239
175 275
175 221
175 201
175 208
175 215
175 184
176 274
176 209
176 185
176 232
176 226
176 188
176 227
176 212
176 176
176 293
177 278
177 277
177 289
177 296
177 299
177 220
177 291
177 223
177 235
177 205
177 231
177 186
178 269
178 259
178 178
178 248
178 187
178 203
178 256
178 195
178 193
178 251
178 214
178 213
178 286
178 206
178 237
178 300
179 193
179 233
179 264
179 266
179 272
179 279
179 282
179 297
179 238
179 179
179 210
179 222
180 271
180 180
180 216
180 208
180 253
180 182
180 201
180 243
180 293
181 298
181 252
181 240
181 222
181 269
181 242
181 211
181 181
181 255
181 254
181 190
181 192
181 187
181 213
182 271
182 208
182 216
182 243
182 201
182 253
182 202
182 300
182 217
182 277
182 289
183 267
183 268
183 183
183 239
183 189
183 199
183 225
183 190
183 200
183 232
184 265
184 234
184 204
184 217
184 230
184 300
184 221
184 236
184 247
184 207
184 196
185 274
185 232
185 185
185 209
185 212
185 188
185 226
185 258
185 250
185 227
186 278
186 277
186 291
186 296
186 299
186 289
186 223
186 205
186 194
186 231
186 285
186 220
186 235
187 214
187 195
187 187
187 193
187 248
187 256
187 251
187 213
187 203
187 200
187 206
187 228
188 258
188 274
188 209
188 227
188 226
188 188
188 255
188 212
189 267
189 268
189 189
189 225
189 200
189 264
189 199
189 239
189 262
190 252
190 190
190 240
190 269
190 222
190 242
190 192
190 227
191 263
191 276
191 197
191 198
191 244
191 210
191 245
191 191
191 215
191 289
191 286
191 246
191 250
192 269
192 298
192 222
192 240
192 192
192 252
192 211
192 237
192 242
192 264
193 271
193 239
193 259
193 237
193 195
193 256
193 214
193 193
193 283
193 203
193 206
193 213
193 248
193 251
193 249
194 258
194 245
194 278
194 285
194 291
194 296
194 299
194 235
194 231
194 223
194 205
194 194
195 225
195 259
195 206
195 214
195 256
195 248
195 251
195 213
195 203
195 237
196 232
196 300
196 207
196 221
196 230
196 196
196 247
196 204
196 217
196 299
197 263
197 276
197 294
197 210
197 198
197 244
197 215
197 245
197 218
197 237
197 295
197 278
197 299
198 263
198 276
198 294
198 215
198 218
198 198
198 245
198 246
198 244
198 210
198 230
198 281
199 268
199 200
199 225
199 199
199 239
199 267
200 267
200 268
200 200
200 239
200 232
200 205
200 225
201 271
201 253
201 216
201 208
201 201
201 202
201 243
201 290
202 261
202 265
202 287
202 290
202 295
202 229
202 254
202 224
202 283
202 202
202 219
203 259
203 214
203 248
203 251
203 203
203 206
203 256
203 255
203 213
203 237
204 273
204 300
204 217
204 207
204 247
204 230
204 234
204 236
204 204
204 221
204 269
204 212
204 223
205 277
205 285
205 291
205 231
205 205
205 299
205 217
205 237
205 213
205 220
205 235
206 225
206 259
206 248
206 213
206 206
206 214
206 237
206 251
206 256
206 290
207 217
207 207
207 247
207 230
207 234
208 271
208 216
208 208
208 243
208 247
208 293
208 253
208 225
208 237
209 258
209 274
209 227
209 212
209 226
209 249
210 263
210 276
210 246
210 215
210 244
210 210
210 218
210 233
211 269
211 298
211 222
211 252
211 255
211 242
211 211
211 254
211 213
211 258
212 298
212 258
212 212
212 226
212 274
212 252
212 227
212 232
212 241
213 248
213 251
213 259
213 256
213 214
213 283
214 259
214 214
214 251
214 248
215 263
215 276
215 294
215 218
215 246
215 275
215 279
216 271
216 216
216 253
216 269
216 243
217 300
217 236
217 234
217 217
218 263
218 276
218 294
218 245
218 244
218 273
219 290
219 295
219 265
219 229
219 261
219 224
219 280
220 242
220 278
220 277
220 285
220 291
220 296
220 220
220 231
220 235
220 223
221 287
221 295
221 229
221 263
221 300
221 298
221 230
221 234
222 269
222 298
222 222
222 255
222 289
222 240
222 242
223 259
223 293
223 278
223 277
223 285
223 291
223 296
223 299
223 289
223 231
224 242
224 261
224 283
224 287
224 290
224 295
224 254
224 239
225 268
225 239
225 267
225 225
226 274
226 258
226 226
226 232
226 249
226 227
227 253
227 258
227 274
227 249
228 254
228 260
228 280
228 284
228 286
228 292
228 275
228 228
228 241
228 233
228 231
229 261
229 265
229 283
229 287
229 295
229 290
229 229
229 254
229 276
230 234
230 300
230 247
230 236
230 252
231 237
231 277
231 285
231 289
231 291
231 296
231 278
231 264
232 248
232 258
232 274
232 232
233 270
233 275
233 280
233 286
233 292
233 260
233 284
233 233
233 241
233 250
233 293
234 252
234 261
234 300
234 236
235 278
235 277
235 285
235 291
235 296
235 289
235 235
235 275
236 300
236 287
237 262
237 259
237 248
237 256
237 237
238 266
238 272
238 279
238 281
238 288
238 293
238 297
238 264
239 267
239 268
239 254
240 269
240 298
240 255
240 252
241 260
241 270
241 284
241 286
241 292
241 250
241 280
242 269
242 298
242 255
242 252
243 271
243 243
243 275
243 259
244 263
244 276
244 294
244 245
244 246
245 263
245 294
245 245
246 271
246 257
246 276
246 294
246 246
246 288
246 279
247 248
247 300
247 247
248 259
248 248
248 256
248 284
248 251
249 265
249 294
249 264
249 266
249 272
249 279
249 282
249 281
249 293
250 269
250 275
250 280
250 284
250 286
250 292
250 270
250 260
250 298
250 262
251 259
251 256
251 251
251 283
251 292
252 255
252 269
252 298
252 288
253 271
254 261
254 265
254 283
254 287
254 290
254 295
255 298
255 292
256 256
257 273
257 257
257 262
258 262
258 274
258 258
259 297
259 289
260 292
260 260
260 286
260 275
260 280
260 299
260 270
260 284
261 295
261 287
261 290
261 265
261 283
261 261
262 262
262 273
262 264
263 294
263 276
263 285
264 276
264 279
264 282
264 293
264 264
264 272
264 297
264 288
264 266
265 295
265 287
265 283
265 265
265 290
265 288
266 297
266 288
266 281
266 293
266 272
266 282
267 268
267 267
267 297
268 268
269 298
269 269
269 277
270 292
270 284
270 270
270 286
270 275
270 280
271 271
271 275
272 297
272 293
272 282
272 281
272 272
272 279
273 273
274 274
275 292
275 284
275 280
276 294
276 276
276 295
277 278
277 285
277 289
277 296
277 291
277 277
278 291
278 285
279 293
279 288
279 297
279 281
279 282
280 286
280 280
280 284
280 292
280 282
281 282
281 293
281 281
281 288
281 297
282 293
282 288
282 282
282 297
283 283
283 287
283 290
284 284
284 292
284 286
284 285
285 285
285 296
285 299
286 286
286 292
287 295
287 290
287 287
287 294
288 297
288 293
289 299
289 289
289 291
290 290
290 295
290 296
291 296
291 291
291 299
292 292
293 293
294 294
295 295
296 299
296 296
297 297
298 298
299 299
