300 1839
1 37
1 81
1 1
1 29
1 57
1 283
1 80
1 6
1 86
1 280
1 281
1 27
1 158
1 191
2 207
2 38
2 128
2 218
2 66
2 254
2 9
2 44
2 79
2 43
2 149
3 257
3 68
3 175
3 42
3 135
3 284
3 247
3 12
3 136
3 287
3 45
3 185
4 131
4 53
4 25
4 52
4 118
4 15
4 186
4 171
4 271
4 208
4 150
5 133
5 72
5 45
5 42
5 207
5 284
5 255
5 68
5 12
5 148
5 86
5 230
6 297
6 46
6 181
6 57
6 210
6 203
6 27
6 158
6 8
6 265
6 244
7 98
7 230
7 204
7 110
7 294
7 202
7 10
7 152
7 169
7 278
7 270
7 144
7 209
8 266
8 47
8 35
8 109
8 91
8 151
8 194
8 8
8 140
8 13
8 274
8 30
9 250
9 9
9 278
9 38
9 297
9 277
9 218
9 41
9 275
9 44
9 77
10 94
10 88
10 268
10 98
10 270
10 119
10 10
10 167
10 269
10 144
10 147
10 165
10 204
10 209
10 39
11 53
11 90
11 103
11 11
11 296
11 188
11 74
11 99
11 245
11 156
11 41
11 183
11 223
11 119
12 258
12 284
12 72
12 133
12 208
12 86
12 179
12 252
12 45
12 185
12 63
12 249
13 111
13 263
13 266
13 184
13 22
13 35
13 47
13 109
13 23
13 142
13 285
13 225
13 115
13 292
13 190
14 135
14 66
14 132
14 92
14 222
14 166
14 180
14 148
14 241
14 223
14 101
14 125
15 131
15 52
15 289
15 25
15 171
15 232
15 75
15 127
15 247
15 31
15 186
15 58
15 294
16 16
16 107
16 54
16 274
16 108
16 285
16 91
16 263
16 130
16 30
16 35
17 183
17 138
17 129
17 219
17 62
17 96
17 141
17 18
17 17
17 286
17 170
17 193
18 114
18 138
18 153
18 219
18 96
18 176
18 238
18 196
18 65
18 28
18 170
18 229
19 162
19 81
19 214
19 181
19 43
19 46
19 111
19 191
19 19
19 158
19 203
19 80
19 210
19 114
20 137
20 217
20 50
20 174
20 163
20 76
20 187
20 85
20 298
20 284
20 279
20 40
20 216
20 89
21 277
21 77
21 299
21 124
21 254
21 66
21 278
21 79
21 44
21 71
21 67
21 251
22 71
22 263
22 266
22 272
22 225
22 54
22 194
22 221
22 205
22 107
23 264
23 295
23 60
23 168
23 231
23 39
23 105
23 242
23 297
23 200
24 148
24 117
24 235
24 24
24 130
24 177
24 192
24 241
24 57
24 166
24 180
24 63
24 71
24 246
25 271
25 118
25 75
25 173
25 53
25 52
25 58
25 184
25 171
25 84
25 224
25 232
25 121
25 165
25 197
26 126
26 90
26 296
26 69
26 120
26 83
26 51
26 156
26 34
26 100
26 155
27 112
27 265
27 280
27 281
27 158
27 46
27 181
27 64
27 29
27 162
27 210
28 33
28 78
28 253
28 199
28 141
28 96
28 176
28 114
28 34
28 62
28 229
29 299
29 195
29 281
29 283
29 162
29 210
29 106
29 102
29 37
29 43
29 214
29 263
30 285
30 35
30 108
30 115
30 91
30 151
30 266
30 79
30 194
30 107
30 242
31 282
31 289
31 139
31 157
31 31
31 52
31 84
31 255
31 171
31 232
32 77
32 259
32 138
32 141
32 286
32 196
32 199
32 176
32 62
32 165
32 291
32 193
32 253
32 87
33 257
33 135
33 208
33 284
33 42
33 133
33 136
33 175
33 255
33 45
33 68
34 156
34 99
34 90
34 155
34 213
34 240
34 205
34 103
34 209
34 296
34 70
34 120
35 142
35 151
35 35
35 54
35 132
35 221
35 115
35 129
36 292
36 236
36 260
36 154
36 36
36 287
36 56
36 233
36 162
36 64
36 116
37 70
37 43
37 81
37 244
37 281
37 37
37 140
37 46
37 80
37 106
37 62
38 224
38 277
38 278
38 288
38 248
38 218
38 275
38 190
38 297
38 67
38 79
38 82
38 254
38 128
38 140
39 213
39 295
39 197
39 231
39 39
39 245
39 189
39 200
40 163
40 102
40 76
40 48
40 112
40 85
40 50
40 187
40 146
40 174
40 93
40 262
41 155
41 156
41 70
41 205
41 240
41 103
41 213
41 90
41 47
41 51
41 252
42 258
42 135
42 136
42 276
42 267
42 208
42 230
42 179
42 207
42 275
42 89
43 104
43 265
43 191
43 244
43 162
43 252
43 57
44 297
44 77
44 82
44 288
44 67
44 149
44 87
44 178
44 102
45 257
45 258
45 207
45 208
45 276
45 188
45 68
45 247
46 111
46 106
46 57
46 81
46 158
46 241
46 234
47 79
47 151
47 109
47 274
47 272
47 263
47 61
47 189
48 137
48 160
48 298
48 300
48 93
48 279
48 217
48 65
48 299
48 112
48 243
48 101
48 231
49 49
49 156
49 83
49 252
49 69
49 205
49 70
49 90
49 176
49 183
50 139
50 137
50 279
50 159
50 298
50 104
50 243
50 205
50 216
50 89
50 212
50 228
51 155
51 296
51 156
51 69
51 103
51 74
51 205
51 125
51 70
51 213
51 126
52 131
52 139
52 150
52 282
52 157
52 237
52 186
52 84
52 121
52 110
53 131
53 150
53 157
53 58
53 139
53 118
53 121
54 276
54 72
54 134
54 209
54 263
54 285
54 255
54 194
54 107
55 134
55 147
55 152
55 165
55 110
55 98
55 88
55 169
55 94
55 77
56 273
56 290
56 292
56 56
56 167
56 123
56 237
56 213
56 61
56 190
56 226
56 236
56 116
57 280
57 281
57 283
57 158
57 224
57 203
58 157
58 171
58 186
58 58
58 211
58 106
58 84
58 224
59 158
59 194
59 262
59 264
59 168
59 197
59 239
59 295
59 105
59 209
59 189
60 242
60 100
60 189
60 295
60 197
60 245
60 113
60 239
60 223
60 200
60 215
60 228
61 82
61 206
61 167
61 227
61 273
61 123
61 293
61 81
61 64
62 153
62 286
62 78
62 114
62 234
62 219
62 193
62 196
62 96
62 253
63 180
63 117
63 220
63 261
63 177
63 195
63 235
63 222
63 204
64 260
64 290
64 292
64 190
64 212
64 287
64 264
65 211
65 112
65 298
65 89
65 76
65 163
65 104
65 216
65 132
65 93
66 149
66 299
66 82
66 178
66 248
66 275
66 124
66 122
67 275
67 277
67 149
67 288
67 248
67 79
67 113
67 281
68 276
68 185
68 68
68 207
68 111
68 95
68 247
68 205
69 156
69 120
69 90
69 252
69 69
69 244
69 70
69 99
70 252
70 155
70 83
70 188
70 205
70 99
70 214
71 130
71 246
71 166
71 235
71 71
71 97
71 206
71 117
72 133
72 135
72 136
72 175
72 207
72 267
72 276
72 247
73 143
73 273
73 287
73 293
73 260
73 227
73 290
73 73
73 87
73 116
74 183
74 155
74 156
74 213
74 252
74 205
74 240
74 269
74 99
74 229
75 139
75 289
75 173
75 150
75 211
75 157
75 271
75 177
75 121
76 216
76 217
76 243
76 93
76 76
76 211
77 185
77 275
77 297
77 277
77 288
77 278
77 122
77 161
78 121
78 80
78 129
78 176
78 259
78 138
78 229
78 242
78 253
79 278
79 178
79 149
79 122
79 288
79 254
80 281
80 214
80 111
80 181
80 162
80 191
81 280
81 158
81 181
81 191
81 203
81 159
81 106
81 111
82 289
82 149
82 288
82 178
82 124
82 297
82 218
82 128
82 236
83 155
83 156
83 296
83 188
83 205
83 240
83 167
83 223
83 279
83 174
84 282
84 157
84 289
84 211
84 224
84 228
84 232
84 121
84 187
84 199
85 279
85 298
85 174
85 187
85 243
85 182
85 102
85 142
85 216
85 104
86 257
86 135
86 179
86 284
86 185
86 255
86 86
86 260
87 247
87 198
87 295
87 100
87 87
87 251
88 156
88 296
88 188
88 134
88 269
88 270
88 147
88 165
88 202
88 209
88 249
89 159
89 174
89 182
89 93
89 112
89 243
90 155
90 188
90 120
90 236
90 223
91 266
91 140
91 142
91 272
91 151
91 285
91 207
91 225
92 137
92 130
92 132
92 148
92 166
92 206
92 97
92 92
92 222
92 246
92 152
92 264
93 137
93 174
93 216
93 160
93 228
93 104
93 112
93 269
93 287
94 134
94 269
94 152
94 161
94 294
94 119
94 98
94 212
95 267
95 284
95 175
95 276
95 135
95 185
95 207
95 257
95 145
95 255
96 181
96 259
96 153
96 96
96 214
96 229
97 180
97 195
97 201
97 206
97 235
97 132
97 222
97 251
97 210
98 134
98 270
98 152
98 161
98 169
98 245
98 110
98 256
99 296
99 183
99 188
99 205
99 113
99 240
100 264
100 295
100 198
100 215
100 189
100 245
100 131
100 231
101 192
101 101
101 180
101 148
101 241
101 235
101 246
101 125
101 202
102 288
102 163
102 300
102 174
102 182
102 187
102 217
103 296
103 188
103 223
103 240
103 120
103 108
104 137
104 160
104 174
104 182
104 187
104 243
105 124
105 164
105 295
105 168
105 172
105 189
105 198
105 200
105 231
105 239
106 232
106 265
106 281
106 203
106 297
106 244
106 193
107 225
107 263
107 142
107 109
107 274
107 215
107 108
108 142
108 151
108 221
108 225
108 263
108 169
109 118
109 256
109 140
109 151
109 225
109 192
110 268
110 270
110 144
110 209
110 294
110 161
111 283
111 181
111 191
111 214
112 137
112 300
112 182
112 217
113 252
113 164
113 168
113 231
113 262
113 251
113 207
114 286
114 170
114 238
114 196
114 141
114 153
115 263
115 142
115 272
115 274
115 194
115 285
115 145
116 293
116 167
116 236
116 190
116 292
116 143
116 149
117 255
117 241
117 246
117 130
117 222
117 195
117 212
117 191
118 173
118 224
118 139
118 232
118 118
118 121
119 257
119 268
119 270
119 204
119 134
119 230
119 294
119 249
119 256
120 296
120 223
120 240
120 126
120 125
120 252
120 241
121 186
121 131
121 127
121 196
122 299
122 250
122 288
122 277
122 149
122 254
122 134
123 131
123 143
123 273
123 154
123 290
123 226
123 212
123 157
124 275
124 299
124 178
124 218
124 278
124 254
124 295
125 246
125 192
125 177
125 166
125 125
126 188
126 223
126 252
126 240
126 205
126 183
126 257
127 131
127 139
127 282
127 173
127 186
127 232
127 127
128 278
128 178
128 250
128 248
128 254
128 275
128 192
129 238
129 219
129 259
129 176
129 129
129 141
129 153
129 138
129 291
129 170
130 222
130 177
130 195
130 206
130 241
130 130
130 283
130 148
130 180
131 186
131 173
131 171
131 150
131 139
131 232
131 163
132 201
132 220
132 222
132 132
132 177
132 169
132 261
133 267
133 133
133 175
133 258
133 136
133 284
133 287
133 247
133 255
133 155
134 161
134 202
134 249
134 144
134 269
134 294
134 154
135 258
135 136
135 257
135 284
135 175
135 255
136 257
136 258
136 179
136 267
136 217
136 276
136 255
137 187
137 160
137 174
137 159
137 300
137 151
138 261
138 265
138 259
138 219
138 199
138 153
138 155
138 234
139 232
139 289
139 171
139 211
139 173
139 271
139 150
139 282
139 157
140 194
140 221
140 285
140 225
140 272
140 274
140 151
140 184
141 157
141 159
141 259
141 193
141 219
141 291
141 199
141 208
141 153
141 170
141 176
141 196
141 234
142 263
142 272
142 184
142 148
142 274
142 285
142 225
143 216
143 162
143 260
143 293
143 290
143 273
143 292
143 206
143 146
143 167
143 190
143 226
144 268
144 165
144 204
144 256
144 249
144 146
144 294
145 244
145 260
145 154
145 146
145 145
145 290
145 291
145 273
145 293
146 273
146 212
146 287
146 227
146 237
146 188
146 167
146 226
146 236
147 150
147 269
147 294
147 268
147 270
147 230
147 203
147 152
147 161
147 165
147 204
148 180
148 222
148 201
148 166
148 273
148 177
148 195
148 206
149 275
149 277
149 149
149 250
149 271
149 239
150 271
150 150
150 211
151 272
151 274
151 194
151 221
152 152
152 161
152 165
152 230
152 286
153 259
153 234
153 153
153 291
153 199
154 226
154 287
154 293
154 233
154 212
154 190
154 273
154 292
155 155
155 156
155 252
155 213
156 188
156 205
156 183
156 296
157 271
157 157
157 232
157 289
157 173
157 224
158 265
158 280
158 283
158 214
158 162
158 181
158 244
158 221
159 279
159 163
159 298
159 160
159 216
159 243
160 279
160 160
160 243
160 298
160 237
160 163
160 300
160 217
160 285
161 268
161 294
161 204
161 256
162 254
162 265
162 280
162 281
162 181
162 203
162 210
163 174
163 300
163 279
163 187
163 243
164 228
164 262
164 264
164 295
164 197
164 189
164 239
164 253
164 168
165 169
165 202
165 230
165 294
166 223
166 241
166 192
166 166
166 253
166 177
166 195
166 201
166 235
166 172
167 287
167 292
167 273
167 207
168 262
168 231
168 264
168 242
168 273
168 239
169 268
169 202
169 169
169 294
169 264
169 256
169 273
170 286
170 291
170 219
170 234
170 236
170 238
171 282
171 171
172 262
172 295
172 251
172 200
172 228
172 215
172 197
172 264
172 239
173 289
173 211
173 250
173 186
174 216
174 182
175 257
175 276
175 255
175 208
175 274
175 179
175 185
176 225
176 291
176 238
176 281
176 193
176 229
176 253
177 284
177 178
177 298
177 274
177 180
177 235
178 277
178 297
178 278
178 288
178 250
179 267
179 257
179 179
179 260
179 185
179 207
179 255
180 261
180 206
180 245
180 192
180 195
180 201
180 235
180 237
181 281
181 280
182 298
182 300
182 217
182 182
183 183
183 205
183 188
184 263
184 285
184 266
184 184
184 292
185 276
185 208
185 185
185 207
186 282
186 212
186 259
186 291
187 187
187 283
188 270
189 243
189 262
189 264
189 239
189 228
190 290
190 293
190 292
190 227
190 212
190 236
191 203
191 214
191 265
191 244
192 267
192 241
192 192
192 260
193 291
193 286
193 229
193 259
193 234
193 253
194 194
195 246
195 220
195 201
196 203
196 219
196 199
196 291
196 286
196 253
197 240
197 264
197 200
197 251
197 198
197 242
198 264
198 231
198 198
198 262
198 289
198 228
199 259
199 291
199 286
199 229
199 234
200 208
200 268
200 251
200 246
201 261
201 241
201 222
201 278
202 270
202 294
202 202
202 204
202 209
203 281
203 283
203 210
204 277
204 268
204 209
204 230
204 256
205 296
205 223
205 253
206 261
206 220
206 246
207 267
207 284
207 272
208 258
208 276
208 284
209 230
209 294
209 249
210 265
210 283
210 280
211 271
211 282
211 211
211 224
212 292
212 293
212 227
213 223
213 240
213 213
214 280
214 214
215 262
215 228
215 264
215 251
215 295
215 215
216 279
216 298
217 279
217 298
217 271
217 290
218 297
218 299
218 218
218 240
219 259
219 291
219 238
220 271
220 261
220 220
220 222
220 288
220 266
221 266
221 272
221 274
221 263
222 261
222 238
222 235
223 240
224 289
224 271
224 224
224 250
225 274
225 285
226 300
226 287
226 226
226 258
226 233
226 237
227 273
227 293
227 237
227 260
227 255
228 258
228 245
229 259
229 286
229 234
230 249
230 268
230 256
231 242
231 264
231 251
232 289
233 287
233 290
233 260
233 233
233 293
233 300
233 237
234 286
235 238
236 287
236 273
237 260
237 290
238 286
238 289
239 295
239 242
239 245
241 261
241 246
242 242
244 280
244 283
245 295
245 257
246 278
247 257
247 258
247 247
248 275
248 288
248 248
248 277
248 299
248 260
249 270
249 249
250 277
250 278
250 297
250 299
250 293
251 264
253 291
254 278
254 299
254 275
254 280
256 269
256 268
257 258
257 276
257 267
258 276
259 286
260 273
260 290
261 261
262 274
262 295
262 262
262 264
263 272
263 263
264 264
265 280
265 283
265 281
266 266
266 272
266 274
267 284
267 267
268 268
268 270
269 269
271 271
271 289
271 282
272 285
275 299
275 288
275 277
276 284
276 282
277 297
278 299
278 288
278 278
278 297
279 300
279 298
287 290
288 288
288 297
288 299
290 292
290 293
292 293
294 294
298 300
