300 3494
1 218
1 226
1 23
1 245
1 87
1 128
1 134
1 73
1 212
1 79
1 235
1 11
1 191
1 49
1 202
1 123
1 1
1 239
1 84
1 15
1 39
1 198
1 216
1 224
1 98
2 2
2 210
2 12
2 254
2 221
2 53
2 234
2 190
2 120
2 249
2 222
2 147
2 180
2 35
2 62
2 214
2 71
2 235
2 298
2 5
2 44
2 192
2 193
2 195
2 201
2 90
2 215
2 165
2 15
3 258
3 10
3 28
3 143
3 276
3 271
3 175
3 118
3 115
3 99
3 299
3 13
3 183
3 205
3 65
3 68
3 260
3 225
3 241
3 117
3 20
3 238
3 132
3 66
4 167
4 42
4 4
4 102
4 148
4 16
4 178
4 194
4 171
4 288
4 24
4 283
4 36
4 34
4 263
4 30
4 272
4 51
4 78
4 264
4 267
4 145
4 164
4 64
4 114
5 195
5 62
5 222
5 192
5 234
5 5
5 201
5 120
5 53
5 210
5 190
5 35
5 193
5 249
5 254
5 170
5 263
5 208
5 12
5 147
5 44
5 90
5 196
5 205
6 193
6 259
6 215
6 196
6 47
6 121
6 257
6 96
6 129
6 22
6 265
6 226
6 14
6 109
6 6
6 97
6 218
6 145
6 27
6 211
6 89
6 107
6 127
6 154
6 73
7 130
7 261
7 133
7 159
7 51
7 140
7 270
7 173
7 17
7 294
7 144
7 246
7 136
7 7
7 84
7 182
7 163
7 236
7 69
7 275
7 296
7 103
7 218
7 213
7 205
7 132
7 207
8 194
8 104
8 141
8 199
8 8
8 21
8 23
8 161
8 245
8 179
8 54
8 74
8 295
8 290
8 55
8 88
8 278
8 76
8 229
8 273
8 146
8 284
8 69
8 168
9 175
9 200
9 188
9 280
9 153
9 282
9 300
9 160
9 152
9 105
9 27
9 52
9 228
9 293
9 165
9 208
9 40
9 151
9 50
9 248
9 286
9 43
9 56
9 251
10 223
10 38
10 260
10 115
10 230
10 65
10 177
10 99
10 276
10 183
10 175
10 174
10 258
10 46
10 28
10 225
10 10
10 221
10 13
10 271
10 299
10 118
10 92
11 53
11 77
11 134
11 73
11 191
11 198
11 91
11 11
11 87
11 75
11 216
11 128
11 93
11 98
11 39
11 49
11 60
11 67
11 15
11 66
11 80
11 212
11 142
12 130
12 222
12 249
12 44
12 201
12 234
12 90
12 170
12 193
12 214
12 62
12 180
12 254
12 53
12 35
12 120
12 261
12 64
12 190
12 192
12 71
12 210
12 102
12 295
13 274
13 258
13 81
13 20
13 13
13 260
13 65
13 46
13 225
13 205
13 183
13 175
13 28
13 115
13 230
13 257
13 202
13 143
13 271
13 276
13 174
13 68
14 129
14 257
14 47
14 124
14 22
14 97
14 253
14 218
14 211
14 196
14 265
14 121
14 14
14 107
14 96
14 139
14 27
14 26
14 127
14 137
15 84
15 170
15 134
15 212
15 49
15 79
15 202
15 91
15 128
15 75
15 80
15 87
15 191
15 216
15 15
15 268
15 39
15 66
15 198
15 73
15 224
15 123
16 209
16 263
16 264
16 267
16 42
16 148
16 238
16 34
16 36
16 178
16 164
16 283
16 94
16 24
16 272
16 114
16 194
16 56
16 203
16 30
16 288
16 64
16 102
17 130
17 261
17 140
17 270
17 144
17 182
17 17
17 50
17 133
17 84
17 103
17 246
17 83
17 296
17 294
17 275
17 243
17 38
17 274
17 163
17 108
18 186
18 132
18 291
18 247
18 166
18 168
18 57
18 18
18 156
18 60
18 48
18 189
18 207
18 289
18 58
18 61
18 154
18 65
18 91
18 157
18 162
18 297
18 59
18 206
18 185
19 190
19 129
19 26
19 85
19 31
19 106
19 287
19 122
19 248
19 281
19 185
19 131
19 76
19 113
19 142
19 101
19 19
19 260
19 201
19 25
19 29
19 197
19 203
19 219
19 255
20 260
20 143
20 271
20 276
20 115
20 118
20 81
20 174
20 99
20 230
20 46
20 177
20 68
20 20
20 258
20 220
20 215
20 28
20 299
20 183
20 65
20 205
20 225
20 188
21 141
21 273
21 146
21 295
21 161
21 23
21 284
21 69
21 21
21 41
21 199
21 88
21 55
21 245
21 278
21 104
21 288
21 137
21 179
21 74
21 240
21 189
21 256
22 129
22 259
22 265
22 139
22 211
22 257
22 196
22 124
22 215
22 253
22 107
22 241
22 109
22 89
22 97
22 121
22 177
22 38
22 47
22 223
22 127
22 28
23 269
23 141
23 278
23 88
23 245
23 295
23 290
23 146
23 41
23 55
23 69
23 244
23 74
23 273
23 54
23 23
23 284
23 161
24 267
24 145
24 272
24 148
24 194
24 30
24 114
24 238
24 167
24 178
24 36
24 24
24 164
24 263
24 283
24 54
24 127
24 42
25 131
25 142
25 281
25 248
25 31
25 122
25 239
25 287
25 219
25 112
25 101
25 255
25 29
25 25
25 197
25 137
25 108
25 244
25 185
25 203
25 106
26 70
26 262
26 138
26 268
26 277
26 242
26 176
26 26
26 217
26 82
26 45
26 266
26 227
26 169
26 116
26 231
26 180
26 77
26 78
26 232
26 237
26 250
27 133
27 151
27 153
27 52
27 188
27 165
27 293
27 251
27 27
27 43
27 160
27 208
27 56
27 95
27 273
27 206
27 40
27 300
27 100
27 125
28 176
28 184
28 258
28 260
28 143
28 115
28 68
28 118
28 299
28 271
28 276
28 177
28 174
28 81
28 181
28 175
28 65
28 205
28 225
28 99
28 230
28 239
29 72
29 241
29 56
29 137
29 142
29 281
29 76
29 239
29 204
29 106
29 255
29 131
29 113
29 248
29 219
29 122
29 262
29 126
29 31
29 287
29 85
29 112
29 243
30 263
30 267
30 272
30 148
30 264
30 94
30 30
30 238
30 164
30 178
30 64
30 288
30 36
30 102
30 289
30 240
30 34
30 42
30 194
30 114
31 230
31 131
31 142
31 122
31 112
31 85
31 137
31 248
31 243
31 31
31 76
31 239
31 219
31 255
31 282
31 210
31 185
31 203
31 204
32 149
32 150
32 279
32 155
32 67
32 213
32 38
32 110
32 117
32 32
32 285
32 37
32 158
32 187
32 186
32 298
32 252
32 286
32 162
32 229
32 79
32 203
32 106
33 149
33 150
33 279
33 155
33 158
33 67
33 37
33 213
33 298
33 252
33 186
33 110
33 38
33 70
33 187
33 33
33 181
33 215
33 36
33 292
33 117
33 126
33 135
33 93
33 98
34 103
34 264
34 145
34 148
34 283
34 288
34 194
34 64
34 164
34 42
34 167
34 272
34 267
34 178
34 238
34 67
34 85
34 36
34 94
35 50
35 147
35 222
35 120
35 180
35 35
35 254
35 210
35 193
35 234
35 190
35 44
35 214
35 221
35 112
35 127
35 170
35 192
35 195
35 90
35 158
36 82
36 263
36 264
36 145
36 148
36 283
36 288
36 164
36 178
36 167
36 171
36 102
36 252
36 72
36 42
36 64
36 194
36 94
36 134
37 149
37 155
37 285
37 298
37 213
37 181
37 37
37 126
37 220
37 67
37 279
37 187
37 117
37 70
37 292
37 56
37 63
37 186
37 111
38 51
38 150
38 279
38 155
38 158
38 292
38 252
38 67
38 220
38 126
38 285
38 111
38 70
38 187
38 83
38 181
38 186
38 213
38 229
38 224
39 92
39 134
39 128
39 91
39 202
39 93
39 87
39 233
39 75
39 80
39 224
39 39
39 123
39 73
39 143
39 64
39 66
39 216
39 235
40 155
40 126
40 151
40 153
40 152
40 286
40 160
40 188
40 105
40 56
40 40
40 165
40 200
40 280
40 125
40 144
40 60
40 43
40 100
41 234
41 269
41 141
41 273
41 146
41 284
41 88
41 41
41 69
41 290
41 244
41 278
41 54
41 199
41 179
41 80
41 223
41 55
41 74
41 104
41 236
41 245
41 162
41 172
42 163
42 263
42 264
42 267
42 145
42 167
42 238
42 42
42 148
42 164
42 194
42 236
42 239
42 94
42 166
43 237
43 151
43 280
43 153
43 282
43 152
43 165
43 188
43 95
43 100
43 52
43 228
43 251
43 160
43 300
43 97
43 79
43 56
43 208
43 125
43 73
44 170
44 249
44 193
44 201
44 44
44 190
44 214
44 71
44 234
44 221
44 210
44 90
44 62
44 55
44 228
44 53
44 192
44 195
44 222
44 120
44 254
45 124
45 262
45 135
45 138
45 277
45 45
45 250
45 242
45 227
45 232
45 169
45 77
45 116
45 217
45 237
45 78
45 279
45 89
45 176
45 184
45 209
45 82
45 119
45 46
46 258
46 260
46 143
46 271
46 276
46 299
46 118
46 46
46 65
46 175
46 174
46 68
46 115
46 205
46 107
46 177
46 183
46 81
46 225
46 230
47 129
47 257
47 259
47 265
47 109
47 127
47 139
47 218
47 241
47 124
47 47
47 96
47 121
47 107
47 272
47 152
47 211
47 215
47 89
47 97
47 226
47 105
47 59
48 156
48 157
48 289
48 162
48 168
48 297
48 172
48 154
48 291
48 132
48 57
48 48
48 63
48 60
48 59
48 92
48 219
48 236
48 58
48 207
48 247
48 101
49 67
49 184
49 93
49 235
49 123
49 212
49 233
49 80
49 75
49 91
49 202
49 87
49 198
49 66
49 224
49 199
49 138
49 191
49 73
49 216
50 130
50 133
50 136
50 140
50 270
50 144
50 274
50 275
50 159
50 294
50 296
50 173
50 108
50 51
50 50
50 84
50 290
50 72
50 83
50 88
50 87
51 130
51 133
51 270
51 144
51 274
51 275
51 294
51 173
51 108
51 83
51 261
51 246
51 159
51 136
51 84
51 296
51 192
52 68
52 151
52 280
52 153
52 282
52 160
52 293
52 165
52 300
52 105
52 200
52 188
52 286
52 125
52 251
52 229
52 133
52 208
52 100
53 147
53 170
53 180
53 120
53 71
53 53
53 193
53 222
53 249
53 254
53 201
53 62
53 210
53 175
53 192
53 214
53 221
53 234
53 295
53 247
54 252
54 269
54 141
54 273
54 146
54 278
54 179
54 55
54 69
54 245
54 74
54 240
54 161
54 295
54 250
54 78
54 88
54 244
55 124
55 299
55 81
55 141
55 273
55 146
55 278
55 161
55 295
55 179
55 284
55 240
55 270
55 246
55 74
55 88
55 104
55 244
56 119
56 152
56 286
56 293
56 300
56 280
56 208
56 228
56 251
56 153
56 125
56 100
56 206
56 200
56 95
56 58
57 132
57 154
57 157
57 166
57 168
57 297
57 172
57 57
57 289
57 162
57 156
57 189
57 256
57 58
57 291
57 67
57 145
57 59
57 61
57 206
58 133
58 227
58 154
58 156
58 157
58 162
58 291
58 166
58 168
58 172
58 61
58 63
58 60
58 256
58 207
58 199
58 189
58 206
58 92
59 132
59 154
59 157
59 289
59 291
59 297
59 172
59 166
59 206
59 207
59 162
59 59
59 92
59 61
59 182
59 60
59 189
59 63
59 247
60 132
60 157
60 289
60 162
60 291
60 189
60 247
60 61
60 156
60 256
60 297
60 154
60 60
60 264
60 63
60 206
60 207
61 107
61 154
61 156
61 157
61 291
61 168
61 172
61 206
61 132
61 256
61 92
61 61
61 96
61 155
61 63
61 247
62 170
62 180
62 190
62 147
62 193
62 222
62 195
62 192
62 254
62 90
62 210
62 62
62 265
62 264
62 201
62 115
63 222
63 285
63 283
63 132
63 154
63 157
63 289
63 162
63 168
63 189
63 207
63 291
63 69
63 182
63 92
64 221
64 264
64 267
64 145
64 283
64 288
64 167
64 178
64 102
64 272
64 148
64 114
64 146
64 202
64 194
65 144
65 143
65 177
65 118
65 81
65 271
65 299
65 183
65 225
65 175
65 99
65 115
65 160
65 95
65 205
65 267
65 74
65 244
66 191
66 128
66 123
66 79
66 202
66 134
66 73
66 224
66 216
66 93
66 80
66 198
66 75
66 66
66 87
66 91
66 98
67 149
67 150
67 279
67 155
67 285
67 158
67 298
67 181
67 186
67 117
67 67
67 220
67 126
67 83
67 70
67 213
67 229
67 252
67 123
68 258
68 260
68 143
68 271
68 276
68 299
68 174
68 177
68 183
68 118
68 68
68 230
68 286
68 205
68 115
69 146
69 278
69 295
69 141
69 240
69 199
69 290
69 284
69 273
69 269
69 179
69 236
69 211
69 85
69 244
69 245
69 191
70 279
70 155
70 285
70 158
70 298
70 292
70 149
70 70
70 186
70 213
70 181
70 187
70 252
70 183
70 110
70 126
70 217
70 75
71 147
71 170
71 180
71 190
71 193
71 195
71 71
71 214
71 249
71 254
71 221
71 192
71 222
71 219
71 124
71 234
72 130
72 261
72 133
72 270
72 144
72 163
72 296
72 159
72 83
72 108
72 103
72 84
72 72
72 274
72 275
72 140
72 74
72 246
72 181
72 151
72 125
73 237
73 191
73 198
73 75
73 80
73 134
73 212
73 73
73 123
73 233
73 216
73 79
73 91
73 93
73 128
74 211
74 269
74 141
74 273
74 284
74 295
74 179
74 88
74 290
74 244
74 240
74 193
74 236
74 224
75 264
75 134
75 191
75 198
75 212
75 93
75 202
75 233
75 98
75 216
75 224
75 80
75 125
75 122
76 152
76 131
76 137
76 142
76 287
76 185
76 197
76 204
76 101
76 113
76 243
76 122
76 112
76 219
76 165
76 236
76 85
77 149
77 262
77 135
77 138
77 169
77 184
77 232
77 209
77 237
77 268
77 78
77 227
77 116
77 266
77 176
77 250
77 228
77 82
77 231
77 171
77 208
78 262
78 135
78 138
78 277
78 169
78 176
78 82
78 268
78 217
78 242
78 78
78 232
78 209
78 250
78 228
78 81
78 86
78 227
78 291
79 241
79 158
79 138
79 116
79 134
79 198
79 202
79 91
79 79
79 98
79 235
79 123
79 127
79 212
79 87
79 224
80 120
80 225
80 134
80 191
80 202
80 123
80 233
80 235
80 87
80 91
80 96
80 97
80 216
80 93
80 98
81 201
81 279
81 258
81 143
81 271
81 299
81 175
81 174
81 177
81 183
81 118
81 225
81 144
81 99
81 230
81 153
81 235
82 149
82 262
82 135
82 268
82 277
82 237
82 86
82 138
82 116
82 242
82 169
82 266
82 232
82 82
82 227
82 231
82 250
82 243
83 261
83 133
83 136
83 274
83 275
83 163
83 296
83 173
83 130
83 108
83 84
83 182
83 246
83 294
83 249
83 297
83 94
84 130
84 133
84 136
84 140
84 270
84 144
84 274
84 275
84 159
84 163
84 182
84 296
84 210
84 99
84 131
85 137
85 142
85 287
85 203
85 219
85 106
85 239
85 85
85 131
85 281
85 243
85 205
85 230
85 255
86 275
86 135
86 266
86 277
86 169
86 176
86 184
86 209
86 268
86 116
86 242
86 231
86 86
86 119
86 227
86 150
86 90
86 236
87 178
87 280
87 198
87 202
87 212
87 128
87 98
87 87
87 123
87 258
87 216
87 235
88 269
88 141
88 273
88 284
88 161
88 290
88 295
88 179
88 240
88 278
88 236
88 90
89 129
89 257
89 259
89 139
89 196
89 215
89 89
89 107
89 265
89 127
89 223
89 109
89 124
89 241
89 263
89 278
89 218
89 226
89 288
89 134
90 147
90 170
90 180
90 190
90 193
90 195
90 201
90 210
90 214
90 90
90 254
90 280
90 106
90 221
90 222
90 150
90 160
91 107
91 157
91 256
91 134
91 191
91 198
91 216
91 233
91 91
91 245
91 98
92 100
92 132
92 154
92 156
92 289
92 162
92 291
92 166
92 172
92 207
92 247
92 189
92 206
93 294
93 210
93 134
93 191
93 202
93 216
93 128
93 98
93 233
93 93
93 193
93 235
94 263
94 272
94 148
94 283
94 171
94 194
94 238
94 102
94 145
94 178
94 264
94 114
94 167
94 166
95 242
95 194
95 151
95 160
95 293
95 300
95 188
95 200
95 251
95 282
95 228
95 153
95 286
95 95
95 256
96 129
96 257
96 259
96 139
96 196
96 211
96 215
96 218
96 223
96 97
96 265
96 107
96 96
96 109
96 106
96 162
96 127
97 257
97 259
97 211
97 215
97 218
97 129
97 139
97 109
97 223
97 241
97 226
97 97
97 148
97 197
97 124
97 127
98 198
98 224
98 128
98 123
98 191
98 98
98 233
98 235
98 165
99 220
99 258
99 260
99 271
99 276
99 299
99 174
99 183
99 225
99 230
99 118
99 143
99 149
100 110
100 151
100 153
100 282
100 152
100 286
100 293
100 188
100 208
100 105
100 160
100 300
100 100
100 125
100 131
101 179
101 131
101 137
101 142
101 185
101 203
101 204
101 112
101 248
101 219
101 113
101 122
101 243
101 239
101 281
101 294
102 263
102 264
102 267
102 272
102 148
102 283
102 167
102 171
102 238
102 178
102 145
102 288
102 154
103 261
103 133
103 140
103 270
103 274
103 159
103 163
103 294
103 296
103 173
103 182
103 275
103 108
103 246
103 103
103 148
103 146
103 286
104 273
104 284
104 161
104 295
104 179
104 199
104 244
104 240
104 278
104 290
104 245
104 104
104 141
104 294
104 193
104 236
104 291
105 234
105 280
105 153
105 282
105 152
105 286
105 160
105 293
105 165
105 300
105 188
105 208
105 228
105 200
105 124
105 212
106 257
106 131
106 137
106 142
106 281
106 197
106 204
106 219
106 113
106 185
106 122
106 287
106 260
106 243
107 129
107 257
107 259
107 265
107 196
107 215
107 223
107 226
107 124
107 121
107 127
107 253
107 241
107 292
107 164
107 207
108 261
108 136
108 140
108 270
108 274
108 275
108 159
108 294
108 182
108 133
108 296
108 246
108 297
108 166
109 257
109 259
109 265
109 139
109 196
109 211
109 215
109 218
109 223
109 226
109 109
109 176
109 256
109 121
109 204
110 140
110 182
110 150
110 279
110 155
110 292
110 220
110 229
110 111
110 186
110 252
110 126
110 117
110 181
110 213
110 294
110 271
110 282
111 149
111 155
111 292
111 298
111 181
111 229
111 252
111 213
111 117
111 111
111 126
111 285
111 150
111 279
111 123
111 119
111 200
111 228
111 247
112 277
112 169
112 131
112 281
112 287
112 203
112 204
112 137
112 239
112 255
112 113
112 248
112 183
112 150
113 182
113 117
113 161
113 131
113 137
113 281
113 287
113 185
113 203
113 204
113 113
113 257
113 249
114 263
114 264
114 267
114 145
114 288
114 164
114 167
114 171
114 238
114 272
114 194
114 148
114 274
114 210
114 197
115 260
115 143
115 276
115 175
115 174
115 205
115 225
115 271
115 115
115 156
115 118
116 265
116 262
116 135
116 138
116 268
116 184
116 209
116 217
116 232
116 242
116 119
116 237
116 227
116 206
116 250
116 269
117 149
117 150
117 155
117 158
117 186
117 187
117 292
117 229
117 279
117 181
117 220
117 126
117 168
117 252
117 161
118 260
118 271
118 276
118 174
118 177
118 183
118 205
118 258
118 265
118 224
118 278
119 144
119 262
119 135
119 266
119 268
119 176
119 184
119 209
119 217
119 231
119 232
119 237
119 242
119 227
119 187
120 147
120 170
120 180
120 190
120 192
120 195
120 201
120 214
120 221
120 249
120 210
120 254
120 171
121 129
121 259
121 196
121 215
121 265
121 121
121 223
121 253
121 226
121 218
121 241
121 135
121 191
121 127
121 245
121 165
121 188
122 254
122 131
122 142
122 281
122 185
122 197
122 203
122 204
122 243
122 219
122 122
123 134
123 224
123 233
123 212
123 235
123 123
123 197
124 257
124 259
124 265
124 215
124 211
124 124
124 129
124 127
124 223
124 241
124 253
125 127
125 151
125 280
125 153
125 282
125 152
125 160
125 208
125 228
125 293
125 300
125 251
125 259
126 150
126 279
126 285
126 158
126 187
126 213
126 220
126 186
126 229
126 155
126 211
127 265
127 139
127 218
127 223
127 226
127 241
127 196
127 269
127 185
128 290
128 134
128 212
128 216
128 224
128 233
128 235
128 198
128 128
128 197
129 129
129 241
129 215
129 265
129 226
129 259
129 196
129 257
129 139
129 218
129 236
129 211
129 253
129 150
130 136
130 130
130 274
130 261
130 159
130 246
130 270
130 133
130 163
130 140
130 144
130 158
130 275
130 294
130 173
130 273
131 142
131 131
131 197
131 239
131 137
131 255
131 281
131 248
131 219
131 204
131 243
132 246
132 211
132 247
132 291
132 154
132 132
132 297
132 189
132 156
132 168
132 289
132 162
132 172
132 281
133 261
133 294
133 173
133 182
133 274
133 246
133 136
133 133
133 296
133 140
133 144
133 275
133 159
133 201
133 178
134 216
134 235
134 212
134 233
134 224
134 191
134 198
135 262
135 169
135 237
135 217
135 176
135 227
135 184
135 232
135 250
135 268
135 255
135 266
135 277
135 231
136 261
136 163
136 173
136 136
136 246
136 182
136 275
136 274
136 159
136 270
136 203
136 222
136 144
136 296
136 280
137 276
137 244
137 281
137 219
137 142
137 137
137 287
137 255
137 239
137 247
137 185
138 262
138 138
138 227
138 250
138 231
138 209
138 217
138 268
138 277
138 266
138 184
138 169
138 173
138 176
138 237
138 242
138 287
139 257
139 265
139 241
139 218
139 211
139 139
139 259
139 253
139 196
139 215
139 226
139 212
139 246
139 223
140 261
140 159
140 270
140 182
140 140
140 144
140 173
140 246
140 275
140 242
140 163
140 294
140 195
140 176
141 147
141 295
141 141
141 199
141 236
141 245
141 240
141 278
141 146
141 254
141 217
141 290
141 244
142 260
142 248
142 142
142 219
142 197
142 281
142 203
142 239
142 228
142 185
142 204
143 260
143 271
143 174
143 276
143 225
143 143
143 299
143 175
143 221
143 296
143 177
143 183
143 230
144 261
144 294
144 182
144 163
144 275
144 246
144 296
144 270
145 263
145 178
145 264
145 194
145 283
145 145
145 267
145 167
145 238
145 195
145 255
145 272
145 148
145 288
145 164
145 171
146 169
146 269
146 278
146 284
146 199
146 240
146 245
146 236
146 161
146 273
146 165
146 290
146 179
147 222
147 249
147 214
147 210
147 193
147 254
147 192
147 221
147 195
147 190
147 147
147 180
147 234
148 263
148 267
148 272
148 178
148 264
148 194
148 171
148 164
148 229
148 283
148 167
149 187
149 158
149 149
149 229
149 220
149 213
149 186
149 298
149 285
149 181
149 150
149 155
149 292
150 150
150 158
150 285
150 220
150 186
150 298
150 279
150 181
150 252
150 292
151 293
151 208
151 282
151 188
151 200
151 152
151 280
151 251
151 300
151 165
151 253
151 160
151 235
152 282
152 200
152 286
152 300
152 293
152 153
152 165
152 188
152 251
152 209
152 208
152 228
153 165
153 160
153 251
153 153
153 282
153 200
153 280
153 208
153 228
153 245
153 286
153 293
153 300
153 188
153 191
153 212
154 296
154 166
154 172
154 168
154 162
154 291
154 156
154 289
154 247
154 258
154 157
154 206
155 279
155 220
155 213
155 252
155 158
155 187
155 229
155 181
155 282
155 285
155 292
155 186
155 219
156 189
156 168
156 247
156 256
156 156
156 207
156 172
156 166
156 291
156 161
156 300
156 157
156 162
156 297
157 291
157 247
157 189
157 157
157 172
157 256
157 166
157 237
157 289
157 162
158 285
158 181
158 213
158 298
158 186
158 279
158 220
158 229
158 292
158 278
158 243
159 275
159 294
159 163
159 173
159 182
159 270
159 159
159 274
159 174
159 192
159 296
159 175
160 282
160 286
160 200
160 160
160 228
160 300
160 208
160 273
160 293
160 165
160 251
161 269
161 273
161 284
161 236
161 161
161 290
161 295
161 240
161 199
161 179
162 289
162 206
162 247
162 207
162 291
162 256
162 287
162 166
162 168
162 297
162 189
162 198
163 261
163 274
163 275
163 163
163 182
163 270
163 258
163 296
163 246
163 266
164 263
164 264
164 267
164 272
164 288
164 171
164 194
164 167
164 238
164 196
164 178
165 240
165 280
165 282
165 286
165 293
165 188
165 200
165 208
166 168
166 256
166 297
166 289
166 166
166 206
166 207
166 171
166 172
166 247
166 202
167 267
167 272
167 288
167 283
167 194
167 178
167 167
167 262
168 253
168 217
168 289
168 291
168 207
168 297
168 227
168 172
168 189
168 247
168 256
169 262
169 266
169 209
169 184
169 176
169 277
169 169
169 237
169 250
169 232
169 268
169 217
169 227
170 193
170 221
170 234
170 210
170 190
170 195
170 249
170 180
170 201
170 297
170 214
171 277
171 260
171 263
171 272
171 283
171 288
171 238
171 194
171 178
171 264
171 285
172 251
172 289
172 291
172 256
172 172
172 285
172 189
172 206
172 247
173 261
173 274
173 275
173 294
173 296
173 270
173 246
173 182
173 288
173 220
173 180
173 233
174 258
174 260
174 271
174 299
174 205
174 174
174 233
174 177
174 183
175 271
175 299
175 205
175 230
175 260
175 258
175 276
175 183
175 225
176 187
176 262
176 266
176 268
176 217
176 209
176 176
176 232
176 184
176 237
176 242
177 183
177 225
177 230
177 271
177 205
177 260
177 258
177 232
177 218
178 261
178 268
178 267
178 272
178 283
178 288
178 194
178 238
179 273
179 278
179 284
179 290
179 295
179 269
179 240
179 236
179 297
179 199
179 244
179 245
179 255
180 249
180 210
180 201
180 195
180 222
180 190
180 180
180 253
180 193
180 221
180 289
180 203
181 279
181 285
181 298
181 187
181 213
181 186
181 252
181 181
181 236
181 220
181 238
182 261
182 270
182 274
182 275
182 294
182 296
183 276
183 271
183 258
183 299
183 278
183 294
183 230
184 262
184 266
184 268
184 277
184 217
184 250
184 231
184 184
184 242
185 281
185 219
185 287
185 239
185 197
185 185
185 204
185 255
185 243
186 249
186 285
186 292
186 213
186 229
186 298
186 187
186 244
186 220
186 300
186 251
187 279
187 292
187 229
187 252
187 187
187 213
187 298
187 209
188 195
188 215
188 280
188 293
188 300
188 251
188 200
189 289
189 291
189 297
189 247
189 189
189 225
189 207
190 193
190 234
190 221
190 214
190 254
190 210
190 243
190 201
190 222
190 231
190 219
191 191
191 202
191 198
191 216
191 212
191 224
191 233
191 235
192 254
192 192
192 249
192 222
192 214
192 193
192 200
192 232
192 195
192 201
192 221
193 234
193 193
193 210
193 248
193 195
193 214
193 221
194 264
194 267
194 272
194 238
195 201
195 222
195 254
195 249
195 234
195 214
195 221
195 268
196 259
196 211
196 241
196 253
196 223
196 265
196 196
196 244
196 215
196 218
197 286
197 206
197 281
197 239
197 255
197 248
197 287
197 267
197 203
198 202
198 216
198 235
198 233
198 224
198 239
198 212
199 265
199 269
199 278
199 284
199 290
199 295
199 244
199 199
199 286
199 204
200 284
200 293
200 300
200 208
200 282
200 200
200 228
201 249
201 201
201 214
201 254
201 210
201 221
201 231
201 216
202 229
202 202
202 233
202 216
202 266
202 212
203 281
203 287
203 248
203 239
203 255
203 243
204 225
204 281
204 287
204 219
204 239
204 248
204 224
204 255
205 260
205 271
205 299
205 205
205 258
205 230
206 254
206 289
206 291
206 297
206 256
206 292
206 207
207 289
207 256
207 207
207 291
208 280
208 208
208 282
208 230
208 251
209 262
209 266
209 277
209 250
209 242
209 227
209 232
209 268
209 291
210 222
210 214
210 210
210 221
210 234
210 254
211 270
211 257
211 259
211 265
211 211
211 223
211 253
211 215
211 218
211 226
212 272
212 212
212 235
213 292
213 298
213 285
213 279
213 213
213 220
213 252
214 234
214 249
214 226
214 294
214 222
214 254
214 292
215 265
215 257
215 253
215 218
215 241
216 233
216 235
216 283
217 262
217 268
217 277
217 232
217 250
217 237
217 227
217 242
217 263
218 257
218 259
218 265
218 223
218 253
218 226
218 266
219 259
219 281
219 287
219 248
219 255
220 279
220 285
220 292
220 298
220 229
220 231
221 249
221 221
222 234
222 271
222 279
223 257
223 259
223 265
223 223
223 226
223 241
223 253
223 224
224 296
224 298
224 235
224 233
225 258
225 260
225 276
225 299
225 230
226 257
226 259
226 226
226 241
226 288
227 229
227 266
227 268
227 277
227 232
227 227
227 239
227 231
227 250
228 246
228 258
228 280
228 282
228 300
228 286
228 287
228 251
229 279
229 285
229 292
229 252
229 298
229 229
230 258
230 260
230 276
230 299
230 255
231 274
231 266
231 277
231 231
231 262
231 250
231 242
231 237
232 262
232 266
232 277
232 232
232 279
232 272
232 288
233 235
233 291
234 234
234 249
234 287
235 284
236 258
236 273
236 290
236 295
236 245
236 282
237 259
237 266
237 277
237 237
237 242
237 268
238 264
238 283
238 288
238 267
238 272
239 263
239 293
239 281
239 243
240 261
240 269
240 273
240 278
240 284
240 240
240 244
241 259
241 265
241 241
241 257
241 253
242 266
242 268
242 277
242 264
243 281
243 287
243 243
243 248
244 269
244 290
244 273
244 245
244 278
244 289
244 281
245 269
245 273
245 278
245 290
245 245
246 274
246 296
246 275
246 270
246 299
247 291
247 247
248 264
248 281
248 287
248 273
248 253
249 249
249 254
250 262
250 266
250 268
250 250
250 285
251 286
251 300
251 251
251 293
252 279
252 285
252 298
252 292
252 291
252 262
253 257
253 265
253 253
253 290
253 262
253 271
254 269
255 281
255 287
255 296
256 289
256 291
256 256
257 265
257 257
257 258
258 276
258 271
258 299
258 258
258 260
259 265
260 271
260 276
260 299
261 296
261 275
261 274
261 294
261 270
262 266
262 268
262 277
263 272
263 288
263 263
263 264
263 267
263 283
264 288
264 267
264 264
264 283
266 298
266 268
266 277
267 283
267 272
267 288
267 285
268 285
268 277
268 268
269 290
269 284
269 269
269 295
269 273
269 278
270 294
270 270
270 274
270 296
270 280
271 271
272 283
272 272
273 284
273 273
273 290
273 296
273 278
273 295
274 294
274 296
275 275
275 294
275 276
276 276
276 299
276 297
277 277
277 293
278 290
278 284
278 295
279 285
279 298
279 279
279 292
280 290
280 293
280 286
280 280
280 282
280 300
282 286
282 282
282 295
282 293
282 300
283 288
283 283
284 295
284 284
285 285
285 292
285 298
286 293
286 286
286 300
287 287
289 297
290 290
290 295
291 297
292 292
292 298
292 297
293 300
294 296
294 295
297 300
298 298
299 299
