300 3518
1 291
1 246
1 227
1 261
1 178
1 200
1 1
1 277
1 212
1 210
1 197
1 223
1 69
1 194
1 229
1 103
1 243
1 106
1 42
1 287
1 201
1 228
1 47
2 73
2 226
2 207
2 172
2 123
2 58
2 81
2 92
2 106
2 245
2 275
2 170
2 28
2 78
2 202
2 250
2 2
2 139
2 196
2 10
2 13
2 273
2 145
2 46
2 195
2 87
2 88
2 99
3 254
3 11
3 231
3 4
3 266
3 16
3 43
3 230
3 115
3 53
3 181
3 99
3 189
3 193
3 70
3 238
3 18
3 109
3 143
3 67
3 218
3 220
3 112
4 70
4 43
4 238
4 115
4 220
4 66
4 53
4 109
4 181
4 112
4 18
4 266
4 254
4 99
4 11
4 4
4 182
4 208
4 16
4 189
4 193
4 230
4 231
4 168
5 92
5 50
5 49
5 71
5 149
5 29
5 5
5 142
5 97
5 147
5 56
5 298
5 252
5 31
5 26
5 8
5 122
5 132
5 278
5 270
5 151
5 23
5 283
5 176
5 186
5 209
5 251
5 126
6 291
6 86
6 278
6 137
6 182
6 121
6 6
6 285
6 216
6 284
6 44
6 37
6 22
6 79
6 158
6 7
6 153
6 58
6 170
6 138
6 179
7 260
7 204
7 34
7 7
7 121
7 286
7 153
7 158
7 44
7 138
7 90
7 291
7 22
7 86
7 285
7 37
7 97
7 277
7 284
7 177
7 182
8 129
8 29
8 147
8 176
8 144
8 251
8 56
8 26
8 97
8 149
8 8
8 84
8 155
8 31
8 283
8 151
8 288
8 88
8 142
8 270
8 298
8 209
8 122
8 126
9 84
9 168
9 59
9 175
9 188
9 9
9 293
9 98
9 208
9 100
9 108
9 282
9 234
9 288
9 125
9 75
9 42
9 255
9 177
9 154
9 169
9 41
9 83
9 237
10 250
10 87
10 88
10 123
10 10
10 106
10 145
10 170
10 28
10 172
10 78
10 195
10 207
10 46
10 275
10 245
10 67
10 22
10 13
10 92
10 226
10 18
10 66
11 257
11 238
11 254
11 115
11 189
11 11
11 230
11 220
11 218
11 99
11 70
11 18
11 266
11 43
11 119
11 248
11 74
11 16
11 181
11 112
12 202
12 300
12 276
12 209
12 64
12 297
12 35
12 167
12 232
12 224
12 157
12 205
12 239
12 140
12 21
12 72
12 12
12 162
12 87
12 271
12 48
12 68
12 76
12 93
12 94
12 96
12 104
12 173
13 245
13 250
13 195
13 88
13 92
13 170
13 87
13 46
13 28
13 207
13 73
13 78
13 13
13 273
13 202
13 223
13 156
13 145
13 275
13 172
13 106
13 123
13 229
13 109
13 180
14 14
14 159
14 249
14 52
14 217
14 162
14 255
14 71
14 191
14 276
14 244
14 17
14 214
14 203
14 148
14 95
14 247
14 96
14 26
14 292
14 117
15 286
15 103
15 264
15 265
15 150
15 171
15 135
15 49
15 179
15 192
15 107
15 85
15 281
15 242
15 219
15 174
15 187
15 15
15 186
15 20
15 32
15 161
15 38
15 51
15 183
16 138
16 257
16 266
16 16
16 66
16 220
16 230
16 193
16 181
16 70
16 119
16 18
16 218
16 99
16 32
16 236
16 43
16 53
16 238
16 115
16 254
17 294
17 183
17 267
17 159
17 214
17 117
17 292
17 244
17 95
17 249
17 276
17 71
17 91
17 233
17 247
17 196
17 17
17 223
17 162
17 164
17 191
17 221
18 263
18 273
18 298
18 257
18 266
18 119
18 189
18 230
18 70
18 231
18 99
18 53
18 43
18 109
18 147
18 181
18 193
18 66
18 218
18 220
18 115
18 254
18 89
19 256
19 268
19 143
19 173
19 127
19 65
19 114
19 113
19 102
19 120
19 19
19 165
19 222
19 89
19 30
19 180
19 82
19 274
19 21
19 61
19 116
19 128
20 190
20 285
20 88
20 135
20 265
20 264
20 295
20 161
20 101
20 107
20 179
20 85
20 219
20 199
20 174
20 192
20 51
20 279
20 71
20 32
20 38
20 171
20 242
20 112
20 169
21 153
21 34
21 178
21 271
21 94
21 157
21 77
21 57
21 21
21 48
21 224
21 146
21 64
21 47
21 76
21 167
21 155
21 99
21 35
21 297
21 93
21 96
22 272
22 260
22 137
22 138
22 204
22 216
22 284
22 177
22 37
22 45
22 278
22 79
22 90
22 86
22 291
22 153
22 228
22 172
22 285
22 158
22 34
22 121
22 81
22 69
22 136
23 44
23 142
23 270
23 144
23 151
23 97
23 126
23 252
23 186
23 23
23 283
23 26
23 147
23 209
23 84
23 122
23 180
23 218
23 155
23 29
23 31
23 298
23 176
24 44
24 223
24 129
24 131
24 262
24 136
24 139
24 152
24 25
24 134
24 280
24 110
24 259
24 118
24 206
24 213
24 290
24 211
24 241
24 72
24 50
24 54
24 184
24 62
24 240
24 115
24 167
24 173
25 194
25 129
25 259
25 131
25 134
25 136
25 152
25 262
25 54
25 118
25 184
25 185
25 213
25 206
25 163
25 139
25 74
25 70
25 237
25 280
25 290
25 240
25 72
25 268
26 184
26 192
26 142
26 147
26 84
26 122
26 149
26 26
26 209
26 97
26 151
26 56
26 270
26 51
26 75
26 155
26 283
26 31
26 186
26 119
26 35
26 127
27 161
27 104
27 256
27 268
27 143
27 30
27 165
27 102
27 89
27 65
27 173
27 114
27 27
27 67
27 198
27 113
27 180
27 272
27 39
27 61
27 111
27 120
28 273
28 275
28 195
28 92
28 88
28 106
28 81
28 46
28 73
28 172
28 78
28 202
28 245
28 207
28 170
28 189
28 261
28 58
28 87
28 226
28 123
28 128
29 158
29 134
29 142
29 149
29 155
29 283
29 84
29 144
29 251
29 209
29 122
29 151
29 298
29 97
29 31
29 51
29 212
29 176
29 56
29 252
29 96
30 150
30 93
30 256
30 268
30 143
30 180
30 102
30 61
30 111
30 173
30 127
30 128
30 89
30 113
30 30
30 153
30 250
30 82
30 120
31 217
31 144
31 147
31 149
31 151
31 155
31 283
31 97
31 186
31 270
31 56
31 126
31 251
31 103
31 169
31 176
31 84
32 78
32 87
32 150
32 281
32 295
32 32
32 265
32 51
32 49
32 264
32 107
32 85
32 179
32 187
32 101
32 125
32 55
32 161
32 38
32 171
32 183
32 192
32 199
32 242
32 257
33 226
33 261
33 277
33 287
33 241
33 178
33 229
33 156
33 197
33 227
33 228
33 225
33 194
33 223
33 210
33 200
33 103
33 33
33 154
33 300
33 69
33 243
33 221
34 278
34 153
34 285
34 286
34 121
34 86
34 45
34 137
34 204
34 34
34 79
34 90
34 284
34 216
34 177
34 50
34 37
35 140
35 146
35 205
35 72
35 232
35 47
35 64
35 271
35 224
35 35
35 57
35 68
35 167
35 48
35 96
35 55
35 297
35 76
35 93
35 94
35 239
35 175
36 132
36 133
36 263
36 141
36 289
36 60
36 299
36 296
36 40
36 272
36 190
36 235
36 160
36 36
36 63
36 124
36 279
36 51
36 46
36 294
36 166
36 39
36 215
36 105
37 55
37 137
37 138
37 278
37 284
37 158
37 204
37 182
37 79
37 177
37 45
37 216
37 291
37 286
37 125
37 202
37 44
37 90
37 226
37 267
37 41
38 204
38 265
38 150
38 281
38 161
38 187
38 295
38 101
38 49
38 219
38 85
38 135
38 199
38 107
38 38
38 229
38 171
38 174
38 179
39 132
39 133
39 263
39 160
39 289
39 166
39 40
39 141
39 296
39 60
39 299
39 55
39 39
39 215
39 294
39 235
39 274
39 41
39 63
39 105
39 248
39 124
39 125
40 141
40 279
40 160
40 294
40 166
40 296
40 299
40 190
40 130
40 63
40 132
40 215
40 272
40 60
40 248
40 235
40 143
40 147
40 55
40 86
40 203
41 274
41 282
41 293
41 168
41 208
41 108
41 258
41 288
41 75
41 125
41 41
41 100
41 188
41 175
41 234
41 268
41 59
41 83
41 98
41 253
42 124
42 154
42 168
42 169
42 293
42 108
42 288
42 42
42 188
42 75
42 253
42 282
42 258
42 236
42 175
42 215
42 228
42 59
42 83
42 100
42 237
43 73
43 109
43 220
43 230
43 257
43 43
43 266
43 112
43 181
43 231
43 119
43 70
43 282
43 199
43 53
43 189
43 193
43 99
43 254
44 137
44 138
44 278
44 285
44 158
44 286
44 121
44 86
44 90
44 153
44 177
44 44
44 204
44 291
44 182
44 79
44 216
44 170
44 281
44 295
44 147
45 260
45 137
45 278
45 153
45 284
45 158
45 286
45 291
45 177
45 138
45 45
45 204
45 121
45 182
45 56
45 131
45 216
45 176
46 273
46 145
46 275
46 207
46 202
46 245
46 123
46 87
46 58
46 78
46 250
46 106
46 172
46 203
46 154
46 73
46 81
46 88
46 226
46 269
46 127
47 197
47 242
47 140
47 271
47 157
47 297
47 104
47 146
47 77
47 68
47 205
47 93
47 64
47 48
47 96
47 76
47 219
47 57
47 72
47 224
47 232
48 279
48 267
48 271
48 146
48 104
48 57
48 232
48 167
48 96
48 76
48 205
48 157
48 239
48 140
48 258
48 107
48 93
49 118
49 135
49 264
49 281
49 161
49 171
49 85
49 49
49 219
49 295
49 107
49 183
49 150
49 265
49 228
49 101
49 242
50 296
50 156
50 259
50 139
50 152
50 184
50 54
50 262
50 211
50 136
50 110
50 206
50 290
50 240
50 185
50 163
50 80
50 62
50 74
50 213
51 172
51 135
51 264
51 265
51 150
51 161
51 295
51 171
51 85
51 51
51 183
51 187
51 174
51 110
51 262
51 192
51 199
51 219
51 107
52 267
52 276
52 148
52 162
52 292
52 164
52 117
52 221
52 95
52 191
52 214
52 255
52 233
52 217
52 91
52 203
52 196
52 155
52 241
52 71
52 244
53 199
53 251
53 266
53 189
53 238
53 112
53 66
53 115
53 193
53 119
53 230
53 231
53 99
53 195
53 80
53 218
53 109
53 104
53 234
54 202
54 129
54 131
54 262
54 134
54 136
54 152
54 280
54 163
54 118
54 74
54 206
54 185
54 62
54 259
54 69
54 73
54 184
54 213
54 240
55 130
55 133
55 263
55 279
55 160
55 289
55 296
55 132
55 248
55 215
55 55
55 299
55 105
55 141
55 60
55 73
55 149
56 142
56 144
56 151
56 155
56 283
56 298
56 176
56 84
56 251
56 186
56 149
56 126
56 92
56 282
56 252
57 140
57 271
57 146
57 167
57 297
57 64
57 68
57 104
57 239
57 232
57 157
57 94
57 224
57 72
57 145
57 267
57 76
57 77
57 93
57 96
58 273
58 145
58 275
58 170
58 172
58 73
58 92
58 123
58 226
58 195
58 87
58 202
58 250
58 106
58 97
58 199
58 78
58 207
58 81
58 88
58 245
58 214
58 91
59 274
59 293
59 168
59 169
59 208
59 288
59 175
59 108
59 125
59 236
59 234
59 59
59 188
59 237
59 118
59 241
59 100
59 253
60 130
60 132
60 133
60 263
60 141
60 279
60 160
60 289
60 294
60 296
60 248
60 105
60 124
60 190
60 276
60 144
60 106
60 290
60 64
60 82
61 253
61 268
61 143
61 165
61 173
61 111
61 61
61 114
61 256
61 269
61 116
61 180
61 65
61 82
61 217
61 62
61 198
61 89
61 113
61 127
62 275
62 129
62 259
62 262
62 134
62 290
62 163
62 184
62 185
62 139
62 118
62 152
62 74
62 240
62 62
62 254
62 206
62 211
62 213
62 110
63 132
63 133
63 272
63 279
63 289
63 294
63 166
63 296
63 299
63 190
63 141
63 248
63 235
63 215
63 263
63 264
63 142
63 105
63 207
63 259
63 71
63 155
63 238
63 146
63 128
64 137
64 278
64 146
64 157
64 167
64 297
64 68
64 239
64 76
64 104
64 232
64 205
64 271
64 116
64 77
65 235
65 256
65 165
65 114
65 67
65 180
65 128
65 222
65 89
65 102
65 82
65 198
65 116
65 113
65 173
65 100
65 291
65 111
65 120
65 127
66 126
66 257
66 189
66 193
66 220
66 109
66 112
66 70
66 254
66 181
66 66
66 230
66 266
66 93
66 218
66 99
66 119
67 184
67 91
67 274
67 268
67 269
67 143
67 165
67 222
67 89
67 113
67 67
67 82
67 114
67 175
67 151
67 198
67 120
67 128
68 140
68 146
68 76
68 104
68 297
68 94
68 271
68 72
68 68
68 232
68 96
68 93
68 121
68 192
68 205
68 239
68 75
69 156
69 287
69 178
69 194
69 197
69 277
69 246
69 261
69 225
69 69
69 200
69 210
69 212
69 201
69 243
69 130
69 80
69 229
69 241
69 117
70 257
70 266
70 181
70 193
70 109
70 70
70 218
70 112
70 238
70 288
70 219
70 231
70 115
70 254
71 278
71 195
71 243
71 131
71 267
71 159
71 292
71 196
71 255
71 221
71 191
71 117
71 203
71 247
71 217
71 95
71 233
71 244
71 249
71 116
72 136
72 140
72 146
72 157
72 167
72 297
72 94
72 93
72 205
72 96
72 72
72 106
72 77
72 104
72 239
73 273
73 145
73 275
73 172
73 195
73 207
73 92
73 88
73 78
73 123
73 81
73 245
73 270
73 87
73 250
74 259
74 262
74 134
74 136
74 139
74 280
74 290
74 163
74 74
74 131
74 152
74 211
74 129
74 111
74 231
74 110
74 186
75 240
75 196
75 154
75 282
75 293
75 168
75 169
75 188
75 234
75 108
75 274
75 253
75 288
75 75
75 98
75 236
76 174
76 140
76 271
76 146
76 157
76 297
76 167
76 232
76 77
76 239
76 269
76 126
76 94
77 140
77 271
77 146
77 167
77 297
77 224
77 104
77 77
77 205
77 232
77 93
77 284
77 280
77 94
77 116
78 172
78 226
78 245
78 87
78 275
78 81
78 195
78 78
78 88
78 92
78 98
78 207
78 250
78 183
78 283
79 137
79 138
79 284
79 285
79 291
79 182
79 204
79 286
79 79
79 158
79 153
79 260
79 210
79 95
79 86
79 90
80 133
80 261
80 277
80 287
80 300
80 194
80 197
80 200
80 223
80 243
80 156
80 227
80 241
80 228
80 103
80 225
80 80
80 221
80 152
80 110
80 159
81 145
81 275
81 170
81 195
81 207
81 273
81 245
81 123
81 202
81 172
81 226
81 92
81 114
82 90
82 243
82 100
82 256
82 268
82 269
82 198
82 114
82 127
82 111
82 116
82 143
82 180
82 293
82 113
83 101
83 258
83 274
83 293
83 168
83 169
83 175
83 188
83 234
83 154
83 98
83 282
83 125
83 208
83 100
83 87
83 192
83 253
84 142
84 144
84 149
84 151
84 209
84 84
84 126
84 270
84 251
84 97
84 186
84 86
84 257
85 150
85 161
85 295
85 171
85 174
85 183
85 187
85 199
85 242
85 281
85 101
85 107
85 217
85 184
85 208
85 113
86 260
86 137
86 138
86 278
86 153
86 284
86 158
86 291
86 86
86 286
86 216
86 168
86 121
86 200
87 145
87 275
87 170
87 172
87 195
87 202
87 207
87 87
87 273
87 156
87 245
88 273
88 275
88 172
88 202
88 88
88 145
88 245
88 195
88 106
88 254
88 250
88 241
89 268
89 269
89 114
89 111
89 127
89 89
89 256
89 120
89 222
89 113
89 116
89 259
90 260
90 137
90 278
90 153
90 284
90 285
90 286
90 291
90 182
90 216
90 204
90 138
90 222
90 121
90 245
90 232
91 267
91 276
91 148
91 159
91 162
91 292
91 191
91 203
91 217
91 244
91 196
91 233
91 221
91 117
91 255
91 164
92 273
92 275
92 172
92 202
92 207
92 195
92 245
92 92
92 250
92 100
93 140
93 271
93 157
93 297
93 104
93 94
93 167
93 205
93 208
93 224
93 232
94 140
94 271
94 167
94 297
94 205
94 239
94 96
94 146
94 224
94 263
94 166
95 213
95 267
95 159
95 164
95 203
95 221
95 196
95 217
95 247
95 162
95 95
95 249
95 160
95 206
95 233
95 244
95 122
95 143
96 191
96 140
96 157
96 167
96 297
96 205
96 239
96 146
96 244
96 224
96 232
97 263
97 142
97 270
97 144
97 147
97 149
97 151
97 283
97 126
97 224
97 218
97 122
97 251
98 228
98 148
98 258
98 154
98 282
98 288
98 168
98 175
98 208
98 108
98 253
98 236
98 237
98 143
98 260
98 234
98 125
99 257
99 266
99 220
99 112
99 189
99 231
99 115
99 109
99 193
99 254
99 216
99 230
99 238
100 181
100 218
100 258
100 154
100 168
100 169
100 175
100 288
100 208
100 188
100 293
100 274
100 290
100 253
101 262
101 135
101 265
101 281
101 161
101 295
101 174
101 192
101 219
101 101
101 242
101 187
101 228
101 165
102 245
102 231
102 256
102 268
102 269
102 173
102 180
102 222
102 116
102 111
102 143
102 102
102 165
102 176
102 257
102 113
102 120
102 128
103 261
103 277
103 156
103 287
103 300
103 178
103 194
103 200
103 210
103 212
103 223
103 225
103 228
103 229
103 227
103 211
104 300
104 140
104 271
104 157
104 297
104 224
104 167
104 239
104 232
105 132
105 133
105 263
105 141
105 272
105 289
105 294
105 166
105 215
105 235
105 296
105 124
105 190
105 180
105 257
105 187
106 273
106 145
106 275
106 170
106 195
106 226
106 245
106 123
106 202
106 250
106 172
106 185
107 135
107 264
107 295
107 171
107 174
107 179
107 183
107 187
107 150
107 107
107 205
107 114
107 242
108 289
108 121
108 241
108 246
108 203
108 247
108 258
108 274
108 154
108 288
108 293
108 175
108 208
108 236
109 257
109 181
109 193
109 220
109 230
109 112
109 231
109 115
109 109
109 239
109 238
110 129
110 259
110 131
110 134
110 136
110 139
110 280
110 290
110 185
110 211
110 118
110 213
110 163
110 262
110 260
110 297
111 281
111 268
111 269
111 165
111 198
111 222
111 120
111 113
111 180
111 143
111 147
111 299
111 116
112 213
112 186
112 257
112 266
112 189
112 230
112 218
112 231
112 193
112 204
112 119
113 256
113 165
113 173
113 222
113 116
113 198
113 269
113 180
113 185
113 128
114 256
114 269
114 143
114 173
114 198
114 116
114 127
114 120
114 222
114 228
114 194
114 128
115 286
115 257
115 181
115 193
115 230
115 231
115 238
115 115
115 171
115 119
115 254
115 239
116 126
116 256
116 269
116 143
116 165
116 173
116 180
116 198
116 120
116 127
116 128
117 267
117 276
117 148
117 162
117 292
117 191
117 217
117 196
117 214
117 164
117 203
117 233
117 221
117 235
118 138
118 259
118 131
118 262
118 139
118 152
118 280
118 163
118 185
118 211
118 240
118 134
118 206
118 257
119 221
119 266
119 181
119 189
119 218
119 238
119 193
119 230
119 119
119 199
119 222
120 248
120 197
120 198
120 268
120 269
120 180
120 256
120 173
120 160
120 216
121 260
121 137
121 153
121 285
121 158
121 286
121 291
121 216
121 278
121 182
121 188
122 270
122 144
122 149
122 283
122 186
122 209
122 142
122 155
122 252
122 298
122 176
122 122
122 251
122 126
123 273
123 145
123 172
123 250
123 207
123 202
123 170
123 226
123 245
123 262
123 234
123 185
123 224
124 130
124 132
124 133
124 272
124 279
124 160
124 289
124 296
124 299
124 215
124 141
124 263
124 294
124 124
125 209
125 258
125 154
125 293
125 234
125 188
125 168
125 175
125 208
125 288
125 236
125 199
126 299
126 270
126 144
126 149
126 155
126 283
126 251
126 186
126 209
126 151
127 265
127 249
127 188
127 256
127 268
127 269
127 143
127 165
127 222
127 173
128 141
128 158
128 256
128 268
128 269
128 165
128 198
128 222
128 180
128 143
129 163
129 280
129 206
129 131
129 185
129 240
129 259
129 152
129 290
129 129
129 213
129 262
129 179
129 134
129 136
129 139
129 266
130 166
130 130
130 215
130 141
130 133
130 279
130 235
130 248
130 190
130 289
130 263
130 160
130 272
130 299
130 156
130 163
130 294
131 284
131 216
131 240
131 184
131 211
131 131
131 163
131 152
131 262
131 280
131 144
131 136
131 139
131 185
131 206
132 215
132 235
132 160
132 248
132 299
132 190
132 296
132 133
132 294
132 166
132 141
132 279
132 264
132 277
132 289
132 228
132 162
133 272
133 141
133 235
133 263
133 166
133 160
133 289
133 279
133 190
133 226
133 294
133 299
133 215
133 211
133 237
134 259
134 262
134 240
134 280
134 213
134 152
134 206
134 290
134 134
134 184
134 139
134 190
134 136
134 163
134 211
135 273
135 265
135 171
135 192
135 183
135 264
135 161
135 179
135 242
135 135
135 295
135 174
135 290
135 173
135 281
135 219
136 259
136 139
136 240
136 213
136 211
136 206
136 280
136 184
136 152
136 290
136 163
136 185
137 279
137 260
137 286
137 278
137 177
137 182
137 158
137 204
137 216
137 258
137 138
137 153
137 284
137 285
138 260
138 177
138 138
138 286
138 204
138 182
138 278
138 153
138 284
138 158
138 291
138 265
139 262
139 206
139 185
139 290
139 213
139 139
139 280
139 153
139 147
139 152
139 240
140 206
140 140
140 157
140 271
140 297
140 239
140 192
140 238
140 146
140 167
140 224
140 232
141 190
141 263
141 141
141 272
141 235
141 289
141 166
141 294
141 296
141 160
141 282
141 248
141 295
142 151
142 142
142 149
142 186
142 147
142 176
142 155
142 270
142 292
142 258
142 144
142 298
142 251
143 205
143 256
143 268
143 165
143 143
143 198
143 273
143 173
143 180
144 270
144 209
144 176
144 283
144 298
144 144
144 158
144 233
144 147
144 149
144 155
144 252
145 273
145 172
145 195
145 202
145 170
145 226
145 145
145 181
145 155
145 207
145 250
146 271
146 239
146 224
146 167
146 146
146 232
146 157
146 297
146 202
146 205
147 204
147 277
147 227
147 270
147 251
147 176
147 147
147 151
147 186
147 295
147 149
147 298
147 209
148 276
148 214
148 255
148 191
148 249
148 221
148 203
148 233
148 292
148 159
148 247
148 196
148 148
148 161
148 217
148 244
148 189
149 151
149 186
149 155
149 252
149 176
149 270
149 298
149 287
149 209
149 251
150 264
150 171
150 150
150 199
150 265
150 192
150 295
150 187
150 161
150 219
150 242
150 281
150 271
150 174
150 253
151 160
151 298
151 283
151 155
151 270
151 251
151 252
151 176
151 167
151 215
151 186
152 262
152 211
152 280
152 163
152 213
152 240
152 185
152 290
152 212
152 199
152 193
153 260
153 278
153 284
153 153
153 286
153 291
153 285
153 186
153 158
153 177
153 204
153 216
153 240
153 269
154 185
154 258
154 169
154 188
154 274
154 236
154 154
154 282
154 283
154 287
154 288
154 168
154 175
154 208
154 234
154 237
154 253
155 186
155 270
155 251
155 252
155 209
155 157
155 283
156 261
156 277
156 178
156 241
156 156
156 200
156 197
156 225
156 243
156 201
156 300
156 227
156 214
156 287
156 194
156 212
156 229
156 246
156 165
157 271
157 167
157 239
157 297
157 224
157 157
157 290
157 205
158 278
158 284
158 286
158 216
158 177
158 204
158 182
158 291
159 267
159 249
159 221
159 233
159 276
159 292
159 255
159 214
159 203
159 159
159 247
159 278
159 164
159 196
159 244
159 236
160 263
160 272
160 248
160 160
160 215
160 296
160 166
160 289
160 231
160 294
160 178
161 265
161 281
161 199
161 187
161 183
161 171
161 174
161 295
161 271
161 192
162 191
162 196
162 221
162 162
162 247
162 249
162 276
162 203
162 233
162 255
162 292
162 214
162 204
162 217
163 259
163 262
163 280
163 290
163 184
163 240
163 185
163 279
163 300
163 211
163 293
164 267
164 276
164 292
164 217
164 255
164 247
164 196
164 221
164 203
164 164
164 249
164 233
164 214
164 244
164 224
164 209
164 258
165 256
165 269
165 173
165 165
165 268
165 198
165 180
165 222
166 272
166 279
166 294
166 296
166 248
166 263
166 190
166 166
166 278
166 235
166 177
166 207
167 271
167 205
167 297
167 239
167 232
167 225
167 293
167 222
168 272
168 258
168 288
168 293
168 237
168 188
168 253
168 236
168 297
169 215
169 274
169 288
169 258
169 236
169 188
169 175
169 169
169 234
169 280
170 273
170 275
170 226
170 195
170 207
170 172
170 170
170 176
170 202
170 250
170 255
170 237
171 264
171 265
171 174
171 187
171 183
171 281
171 199
171 282
171 286
171 179
171 219
171 242
172 273
172 275
172 250
172 202
172 180
172 217
173 256
173 268
173 269
173 222
173 198
173 173
173 180
174 264
174 281
174 187
174 174
174 219
174 179
174 295
174 212
174 183
174 199
175 258
175 274
175 288
175 293
175 237
175 282
175 208
175 175
175 199
175 234
175 253
176 270
176 298
176 186
176 209
176 251
176 252
176 189
177 294
177 260
177 278
177 285
177 291
177 177
177 182
177 201
177 280
178 261
178 287
178 194
178 197
178 223
178 300
178 210
178 229
178 212
178 227
178 243
178 201
178 225
178 200
179 264
179 265
179 281
179 242
179 199
179 192
179 179
179 183
179 271
179 219
180 182
180 220
180 268
180 269
180 198
180 222
180 256
180 235
181 257
181 266
181 189
181 230
181 231
181 220
181 193
181 195
181 218
181 238
182 260
182 278
182 284
182 285
182 286
182 291
182 204
182 281
182 225
182 211
182 192
182 252
183 264
183 281
183 295
183 187
183 242
183 219
183 265
184 195
184 259
184 280
184 290
184 240
184 184
184 185
184 262
184 206
184 211
184 214
185 259
185 290
185 213
185 262
185 206
185 205
186 244
186 270
186 283
186 209
186 252
187 194
187 229
187 264
187 265
187 295
187 187
187 294
187 192
187 199
188 293
188 188
188 274
188 282
188 236
188 237
188 288
188 264
188 208
188 256
189 257
189 266
189 193
189 254
189 230
189 220
189 195
189 238
190 263
190 272
190 289
190 294
190 296
190 299
190 279
190 248
190 215
190 228
190 235
190 282
191 280
191 267
191 292
191 244
191 249
191 203
191 214
191 233
191 217
191 255
191 247
191 281
191 221
192 287
192 264
192 265
192 295
192 192
192 219
192 199
192 254
192 234
193 261
193 266
193 238
193 257
193 254
193 218
193 262
193 220
193 231
194 261
194 287
194 277
194 241
194 201
194 243
194 228
194 246
194 225
194 223
194 210
194 200
194 227
194 229
195 273
195 202
195 226
195 245
195 195
195 250
196 267
196 203
196 244
196 255
196 196
196 292
196 233
196 247
196 276
196 224
196 214
196 221
196 249
196 230
197 261
197 300
197 287
197 210
197 212
197 243
197 241
197 200
197 277
197 225
197 197
197 201
197 227
197 229
197 256
198 287
198 256
198 268
198 222
198 269
198 198
198 297
199 264
199 265
199 295
199 281
199 242
200 277
200 287
200 300
200 201
200 261
200 225
200 210
200 246
200 200
200 212
200 228
200 229
201 277
201 300
201 228
201 227
201 246
201 261
201 201
201 212
201 241
201 233
201 265
201 210
201 223
201 229
201 243
202 275
202 273
202 202
202 207
202 226
203 267
203 244
203 217
203 276
203 221
203 255
203 249
204 291
204 278
204 284
204 286
204 216
204 204
205 264
205 271
205 239
205 232
205 205
206 262
206 280
206 290
206 206
206 211
206 279
206 240
206 283
207 273
207 275
207 245
207 226
208 271
208 258
208 288
208 293
208 234
208 274
208 208
208 241
208 237
208 253
209 285
209 283
209 298
209 251
210 277
210 300
210 227
210 246
210 241
210 212
210 229
210 223
210 298
210 232
210 228
211 296
211 262
211 290
211 280
211 213
212 261
212 241
212 243
212 223
212 225
212 227
212 277
212 228
212 212
212 220
213 259
213 280
213 213
213 290
213 240
214 276
214 244
214 214
214 221
214 255
214 292
214 217
214 247
215 263
215 272
215 289
215 296
215 299
215 248
215 252
215 235
216 260
216 284
216 285
216 286
216 291
216 216
217 276
217 217
217 267
217 292
217 247
217 221
217 233
218 260
218 261
218 242
218 257
218 230
218 254
218 236
219 265
219 295
219 281
219 264
219 219
219 276
219 242
219 274
219 288
220 257
220 266
220 254
220 220
220 300
220 238
221 267
221 276
221 247
221 233
221 271
222 255
222 236
222 269
222 222
223 261
223 241
223 223
223 229
223 243
223 227
223 246
223 249
223 225
223 270
224 298
224 271
224 225
225 287
225 300
225 227
225 241
225 229
225 277
225 261
225 285
225 228
225 246
226 273
226 275
226 245
226 250
227 261
227 300
227 287
227 227
227 241
227 259
227 229
227 246
228 277
228 287
228 300
228 261
228 243
228 241
228 229
228 246
229 277
229 287
229 241
229 243
229 262
230 257
230 266
230 231
230 248
230 238
231 299
231 257
231 266
231 231
231 300
232 297
232 232
233 276
233 267
233 255
233 233
233 274
233 244
233 249
234 282
234 288
234 293
234 253
234 258
234 237
234 236
235 263
235 272
235 289
235 299
235 294
235 248
235 266
236 258
236 274
236 282
236 293
236 236
236 253
237 259
237 244
237 274
237 282
237 288
237 293
237 258
238 266
238 257
238 238
238 264
239 297
239 285
240 262
240 280
241 261
241 287
241 243
241 246
242 275
242 264
242 281
242 295
243 277
243 300
243 243
244 276
244 292
244 267
244 247
245 273
245 275
245 250
246 261
246 277
246 300
246 287
246 246
246 268
247 267
247 276
247 249
247 255
247 259
248 263
248 279
248 294
248 299
248 272
248 292
249 267
249 276
249 292
249 255
249 299
250 273
250 275
250 258
250 268
251 270
251 283
251 252
251 290
252 270
252 283
252 298
252 252
252 285
253 258
253 274
253 282
253 288
253 293
254 257
254 266
254 298
255 267
255 276
255 292
256 256
256 268
257 266
258 274
258 293
258 258
258 288
259 290
259 259
259 262
259 280
260 278
260 285
260 260
260 291
260 284
260 277
261 261
261 300
261 287
262 262
262 280
262 290
263 279
263 263
263 272
263 299
263 296
263 297
264 295
264 281
264 292
264 265
265 281
265 265
265 295
266 284
266 274
267 292
267 267
267 276
268 288
268 269
269 291
269 269
270 283
270 298
270 270
270 271
272 289
272 296
272 272
272 294
272 279
272 299
273 275
274 276
274 293
274 288
274 274
274 282
276 292
277 287
277 277
277 279
277 300
278 291
278 286
278 284
278 285
279 296
279 294
279 299
279 279
279 289
279 292
280 290
281 295
281 281
282 292
282 293
282 282
282 299
282 288
283 298
284 286
284 285
285 285
285 286
286 291
286 286
287 287
287 300
288 293
288 288
289 299
289 298
289 296
290 290
290 292
291 291
294 296
294 294
296 296
296 299
298 298
299 299
300 300
