300 1835
1 192
1 81
1 167
1 156
1 186
1 3
1 298
1 221
1 155
1 257
1 27
2 129
2 63
2 106
2 222
2 283
2 22
2 79
2 53
2 32
2 235
2 151
2 23
2 35
2 295
2 88
2 298
3 37
3 27
3 242
3 155
3 3
3 33
3 156
3 160
3 147
3 154
3 167
4 102
4 97
4 21
4 231
4 202
4 115
4 290
4 199
4 56
4 13
4 281
4 159
4 39
5 280
5 132
5 100
5 122
5 5
5 267
5 110
5 174
5 274
5 101
5 237
5 121
6 257
6 289
6 108
6 77
6 253
6 31
6 176
6 218
6 19
6 267
6 150
6 284
6 164
6 171
6 127
6 241
7 271
7 7
7 25
7 277
7 243
7 278
7 179
7 36
7 290
7 172
7 151
7 16
8 179
8 58
8 286
8 136
8 241
8 16
8 207
8 91
8 128
8 155
8 139
8 194
8 70
8 85
8 87
9 163
9 294
9 52
9 71
9 51
9 244
9 37
9 105
9 229
9 112
9 291
9 217
9 232
9 274
10 178
10 133
10 135
10 266
10 138
10 239
10 214
10 292
10 213
10 114
10 24
10 29
11 48
11 233
11 66
11 251
11 230
11 120
11 201
11 83
11 107
11 276
11 18
12 134
12 273
12 272
12 102
12 98
12 12
12 269
12 104
12 293
12 227
12 114
12 124
12 140
12 138
13 96
13 278
13 243
13 172
13 141
13 25
13 13
13 92
13 89
13 271
13 170
13 179
13 185
13 206
13 165
14 59
14 115
14 274
14 199
14 21
14 80
14 165
14 281
14 249
14 163
14 158
14 50
15 125
15 36
15 190
15 96
15 172
15 15
15 277
15 278
15 255
15 82
16 136
16 143
16 225
16 153
16 208
16 264
16 142
16 128
16 85
16 111
17 273
17 195
17 272
17 104
17 205
17 86
17 17
17 102
17 222
17 48
17 227
17 295
17 255
18 90
18 223
18 83
18 180
18 293
18 251
18 220
18 211
18 255
18 66
18 197
18 76
18 78
18 107
19 149
19 150
19 171
19 284
19 196
19 127
19 248
19 297
19 185
19 176
19 54
19 72
19 194
20 219
20 172
20 25
20 190
20 185
20 179
20 277
20 234
20 187
20 71
20 170
20 92
21 195
21 175
21 97
21 119
21 115
21 55
21 281
21 295
21 159
21 80
21 84
22 129
22 79
22 222
22 276
22 53
22 22
22 295
22 76
22 35
22 42
22 49
23 276
23 61
23 157
23 35
23 99
23 145
23 129
23 23
23 32
23 288
23 103
24 171
24 120
24 138
24 47
24 261
24 213
24 268
24 45
24 164
25 141
25 271
25 278
25 234
25 25
25 230
25 36
25 206
25 96
26 261
26 135
26 146
26 74
26 239
26 266
26 93
26 138
26 38
26 219
26 29
27 145
27 28
27 221
27 156
27 262
27 41
27 58
27 45
27 33
27 167
27 186
27 60
27 95
28 147
28 155
28 58
28 167
28 60
28 242
28 34
28 221
28 176
28 287
28 256
29 292
29 74
29 133
29 232
29 198
29 93
29 135
29 231
29 173
29 214
30 229
30 258
30 270
30 282
30 300
30 210
30 137
30 203
30 44
30 214
30 175
30 178
30 181
30 65
30 89
31 149
31 69
31 176
31 284
31 77
31 171
31 148
31 64
31 234
31 253
31 90
32 157
32 151
32 145
32 129
32 63
32 99
32 288
32 238
32 53
33 95
33 34
33 262
33 60
33 81
33 40
33 58
33 215
33 41
33 112
34 96
34 40
34 242
34 81
34 155
34 34
34 209
35 130
35 151
35 288
35 79
35 106
35 283
35 81
35 99
36 141
36 185
36 187
36 234
36 271
36 278
36 68
36 190
36 219
36 228
37 228
37 162
37 169
37 244
37 51
37 182
37 260
37 123
37 217
37 65
37 132
38 135
38 146
38 74
38 232
38 213
38 133
38 266
38 161
38 67
38 45
38 239
39 205
39 250
39 189
39 62
39 159
39 103
39 56
39 80
39 117
39 50
39 199
39 224
40 154
40 155
40 256
40 287
40 298
40 81
40 40
40 186
40 85
41 262
41 147
41 154
41 167
41 192
41 95
41 221
41 69
41 60
41 198
42 164
42 295
42 129
42 63
42 130
42 88
42 283
42 53
42 296
43 258
43 152
43 59
43 94
43 285
43 270
43 175
43 203
43 210
43 271
43 44
44 137
44 282
44 215
44 258
44 44
44 94
44 96
44 177
44 59
44 116
44 255
45 54
45 63
45 261
45 268
45 292
45 214
45 223
46 265
46 163
46 260
46 217
46 109
46 105
46 244
46 71
46 250
46 153
46 238
47 167
47 135
47 266
47 268
47 146
47 292
47 173
47 138
47 49
47 224
48 134
48 227
48 73
48 114
48 272
48 195
48 124
48 102
48 68
48 98
48 256
48 128
49 272
49 129
49 130
49 276
49 283
49 222
49 288
49 99
49 70
49 61
49 63
49 88
49 106
50 274
50 165
50 55
50 80
50 103
50 159
50 275
50 220
50 199
50 224
50 97
51 265
51 169
51 238
51 168
51 162
51 109
51 260
51 75
51 52
51 217
52 260
52 162
52 163
52 168
52 244
52 105
52 123
52 197
52 229
52 238
52 250
53 284
53 145
53 295
53 130
53 79
53 97
53 63
53 106
54 257
54 171
54 54
54 108
54 218
54 253
54 127
55 70
55 274
55 158
55 159
55 56
55 103
55 249
55 219
55 231
55 119
56 275
56 158
56 249
56 115
56 231
56 202
56 183
57 273
57 236
57 104
57 57
57 124
57 200
57 86
57 98
57 166
57 191
57 73
57 205
57 258
57 275
58 156
58 287
58 256
58 186
58 154
58 298
58 192
58 95
58 173
59 176
59 137
59 270
59 285
59 94
59 300
59 140
60 147
60 154
60 298
60 192
60 155
60 74
60 221
61 77
61 129
61 288
61 283
61 151
61 63
61 276
61 171
61 222
62 201
62 280
62 296
62 299
62 252
62 237
62 82
62 193
62 122
62 226
62 113
62 126
62 67
63 170
63 130
63 129
63 99
63 247
64 257
64 164
64 297
64 171
64 284
64 77
64 248
64 108
64 270
64 72
64 262
65 258
65 270
65 300
65 177
65 215
65 140
65 94
65 116
65 203
65 161
66 263
66 189
66 223
66 235
66 220
66 251
66 233
66 143
66 201
66 83
66 230
66 120
67 259
67 194
67 142
67 286
67 207
67 245
67 212
67 128
67 208
67 216
68 134
68 273
68 183
68 68
68 272
68 205
68 86
68 204
68 200
68 227
68 102
68 236
68 114
68 246
68 270
69 148
69 289
69 297
69 196
69 149
69 248
69 127
69 209
69 261
69 72
69 166
70 264
70 139
70 286
70 208
70 241
70 216
70 87
70 212
71 187
71 265
71 291
71 168
71 260
71 71
71 109
71 250
71 123
72 164
72 149
72 297
72 176
72 248
72 289
72 161
72 218
72 253
72 81
72 113
72 216
73 269
73 73
73 195
73 124
73 205
73 254
73 157
73 236
73 91
74 215
74 135
74 161
74 146
74 232
74 105
74 213
74 264
74 158
75 150
75 221
75 131
75 174
75 299
75 122
75 113
75 240
75 282
75 237
76 222
76 83
76 112
76 78
76 293
76 223
76 220
76 185
77 149
77 289
77 257
77 171
77 253
77 148
77 287
78 180
78 197
78 235
78 112
78 230
78 120
78 223
78 288
78 90
78 107
78 280
79 149
79 130
79 151
79 283
79 288
79 172
79 88
79 247
79 107
80 275
80 159
80 290
80 202
80 103
80 212
80 224
81 155
81 298
81 147
81 287
82 166
82 299
82 252
82 226
82 131
82 110
82 280
82 132
83 160
83 263
83 189
83 201
83 223
83 132
83 233
84 202
84 97
84 165
84 231
84 224
84 84
84 281
84 149
85 153
85 194
85 212
85 139
85 264
85 111
85 142
85 216
85 128
86 269
86 273
86 183
86 191
86 246
86 98
86 233
86 227
86 236
87 264
87 139
87 208
87 241
87 142
87 286
87 212
87 189
87 225
88 269
88 276
88 151
88 157
88 247
88 290
89 140
89 282
89 203
89 258
89 300
89 94
89 116
89 217
90 279
90 197
90 90
90 220
90 201
90 112
90 120
91 136
91 264
91 139
91 153
91 286
91 188
91 207
91 194
91 119
92 141
92 179
92 187
92 234
92 125
92 190
92 172
92 210
93 133
93 266
93 138
93 161
93 213
93 118
93 268
93 123
93 232
94 206
94 282
94 285
94 160
94 175
94 116
95 155
95 167
95 95
95 242
95 128
96 277
96 187
96 228
96 190
96 185
96 243
96 220
96 233
97 274
97 202
97 249
97 97
97 231
98 191
98 195
98 200
98 134
98 269
98 275
98 114
98 246
99 130
99 276
99 157
99 295
99 100
100 217
100 132
100 267
100 280
100 299
100 240
100 166
100 218
101 129
101 247
101 131
101 267
101 174
101 252
101 122
101 110
101 289
101 121
102 134
102 272
102 191
102 205
102 236
102 114
102 246
102 254
103 199
103 224
103 231
103 274
103 115
104 272
104 273
104 200
104 227
104 205
104 134
104 188
104 124
105 259
105 260
105 162
105 168
105 169
105 184
105 205
105 136
106 283
106 145
106 151
106 247
106 157
106 122
106 192
106 174
107 156
107 189
107 112
107 120
107 220
107 223
107 240
108 257
108 284
108 289
108 218
108 209
108 148
108 181
109 141
109 260
109 184
109 123
109 169
109 162
109 124
109 252
110 278
110 131
110 166
110 193
110 226
110 240
110 147
111 264
111 188
111 142
111 286
111 207
111 143
111 212
111 234
111 241
112 219
112 263
112 293
112 235
113 193
113 204
113 237
113 126
113 166
113 132
113 267
113 133
114 183
114 191
114 236
114 272
114 247
115 158
115 165
115 202
115 224
115 181
116 282
116 175
116 203
116 160
116 181
116 296
116 255
117 263
117 279
117 197
117 223
117 293
117 189
117 120
117 235
117 211
117 228
118 135
118 266
118 146
118 292
118 213
118 232
118 138
118 214
118 208
119 165
119 199
119 158
119 119
119 202
119 231
120 220
120 251
120 279
121 132
121 280
121 174
121 193
121 204
121 226
121 121
121 252
122 297
122 131
122 267
122 280
122 166
122 299
122 193
122 240
123 259
123 265
123 291
123 168
123 250
123 192
124 183
124 236
124 200
124 205
124 261
124 162
124 282
125 254
125 141
125 271
125 228
125 234
125 277
125 187
125 292
126 177
126 132
126 296
126 193
126 267
126 174
126 126
127 148
127 149
127 150
127 164
127 176
127 194
128 136
128 286
128 225
128 139
129 183
129 157
129 247
129 145
129 276
129 151
129 288
129 137
130 288
130 130
130 276
130 295
130 161
130 145
130 247
131 237
131 240
131 299
131 226
131 174
131 212
131 132
131 296
131 204
132 240
132 174
132 237
132 296
132 226
133 193
133 138
133 239
133 214
133 146
133 213
133 292
133 266
133 173
133 232
134 236
134 227
134 246
134 273
134 183
134 166
134 269
134 205
135 198
135 161
135 239
135 273
136 143
136 212
136 136
136 188
136 207
136 142
136 153
136 208
137 258
137 270
137 178
137 285
137 215
137 255
137 140
137 152
137 300
137 175
137 181
137 203
137 153
138 173
138 268
138 138
138 198
138 161
138 214
139 241
139 153
139 188
139 207
139 142
139 249
139 216
139 225
140 248
140 140
140 160
140 300
140 270
140 255
140 152
140 285
141 228
141 179
141 170
141 185
141 271
141 219
141 281
142 279
142 264
142 286
142 241
142 207
142 153
142 245
142 234
143 236
143 153
143 225
143 208
143 245
143 286
143 277
143 188
143 207
143 212
143 216
144 278
144 206
144 243
144 234
144 185
144 144
144 219
144 179
144 241
144 277
144 170
144 228
144 182
145 151
145 276
145 157
145 222
145 288
145 295
146 268
146 239
146 173
146 292
146 182
146 161
147 262
147 221
147 298
147 167
147 192
147 288
147 186
147 199
148 150
148 149
148 284
148 148
148 176
148 257
148 219
148 289
148 196
149 257
149 248
149 196
149 297
149 150
149 209
150 209
150 248
150 257
150 196
150 176
150 253
151 157
151 247
151 222
151 276
151 283
152 258
152 160
152 210
152 152
152 175
152 180
152 178
153 194
153 286
153 212
154 227
154 298
154 221
154 256
154 156
154 268
154 287
154 167
155 167
155 155
155 289
155 192
156 262
156 156
156 242
156 192
156 287
156 231
157 283
157 222
157 229
157 295
158 231
158 281
158 290
158 158
158 199
158 202
159 260
159 275
159 290
159 231
159 198
159 165
160 282
160 285
160 215
160 300
160 203
160 177
160 178
160 181
161 261
161 198
162 259
162 162
162 163
162 294
162 265
162 182
162 184
162 238
162 188
163 229
163 244
163 294
163 250
163 260
163 273
163 168
163 169
163 217
163 238
163 285
163 296
164 284
164 209
164 164
164 297
164 196
165 253
165 274
165 281
165 249
166 226
166 252
166 193
166 174
166 299
166 204
168 200
168 294
168 291
168 250
168 273
168 182
169 265
169 260
169 184
169 244
169 229
169 275
169 299
169 237
170 243
170 179
170 206
170 277
170 278
170 172
171 297
171 253
171 176
171 196
171 209
172 271
172 278
172 206
172 172
172 185
172 187
172 228
173 266
173 268
173 239
173 261
173 198
174 267
174 299
174 252
175 178
175 210
175 181
175 177
176 246
176 184
177 190
177 258
177 177
177 282
177 285
177 203
178 300
178 282
178 285
178 210
178 181
179 277
179 278
179 243
179 276
179 266
180 293
180 180
180 251
180 211
180 235
180 255
180 197
180 223
180 233
180 292
180 245
181 270
181 258
181 210
181 267
182 291
182 265
182 260
182 250
182 229
182 184
182 238
183 200
183 269
183 273
183 254
183 191
184 271
184 265
184 259
184 229
184 217
185 277
185 187
185 278
185 210
185 190
185 206
185 219
186 262
186 287
186 192
186 242
186 256
186 265
186 268
187 271
187 278
187 190
187 228
188 286
188 264
188 216
188 225
188 245
189 263
189 223
189 189
189 235
189 211
189 230
190 277
190 219
190 190
191 195
191 200
191 254
191 248
191 205
191 246
191 203
193 204
193 240
194 235
194 286
194 225
194 245
194 208
194 212
195 269
195 236
195 227
195 195
195 200
196 257
196 284
196 218
196 291
197 220
197 211
197 201
197 241
197 235
198 266
198 214
198 198
199 281
199 249
200 272
200 273
201 233
201 220
201 263
201 211
201 230
202 274
202 281
202 224
202 252
203 255
203 285
204 280
204 299
204 267
204 222
205 272
205 273
206 278
206 271
206 243
207 283
207 245
207 286
207 291
208 245
208 215
209 284
209 289
209 253
209 248
209 283
210 258
210 300
210 255
211 230
211 211
211 279
211 295
211 233
211 235
211 251
212 286
212 245
212 274
213 261
213 266
213 229
214 300
214 263
214 243
214 232
215 300
215 285
215 215
215 270
216 286
216 216
217 244
217 265
217 259
218 297
218 218
218 289
218 256
219 271
219 234
219 277
220 263
220 279
221 262
221 242
222 294
223 251
223 274
224 224
225 286
225 264
225 285
226 267
226 280
226 240
226 270
227 272
227 236
227 257
228 278
228 234
229 260
229 238
229 291
230 263
230 293
230 300
231 249
232 268
232 292
233 233
234 234
234 243
234 244
234 286
235 279
235 293
236 272
236 246
236 254
237 267
237 280
237 299
238 259
238 294
238 272
239 261
239 292
239 275
240 280
241 264
242 262
242 287
242 258
243 277
243 244
244 260
245 264
246 272
246 273
247 276
248 284
249 261
249 275
249 281
250 259
250 291
251 263
251 279
251 258
252 296
252 299
252 267
253 289
254 269
254 272
254 254
255 270
255 285
256 287
256 256
257 273
257 297
257 289
258 285
258 282
259 294
259 265
259 259
259 260
259 291
260 294
260 260
260 288
260 290
261 266
261 268
262 262
262 287
263 279
263 293
264 264
265 294
265 291
265 296
266 268
267 281
268 268
269 272
269 269
269 273
270 282
271 277
272 273
272 272
273 291
274 290
274 275
275 290
276 283
277 277
279 279
279 293
280 299
280 296
281 281
282 285
283 283
283 295
284 284
285 300
286 289
287 298
288 295
289 289
289 297
290 290
291 291
291 294
293 293
298 298
