300 961
1 91
1 186
1 214
1 241
1 83
1 4
1 165
1 42
1 223
2 130
2 144
2 38
2 145
2 245
2 267
2 170
2 44
2 112
3 21
3 194
3 205
3 73
3 60
3 10
3 29
4 224
4 278
4 163
4 267
4 292
5 163
5 5
5 127
5 237
6 171
6 63
6 178
6 75
6 282
6 294
6 53
6 246
6 252
6 96
7 277
7 156
7 61
7 89
7 256
7 203
7 205
8 160
8 154
8 81
8 211
8 63
9 141
9 157
9 89
9 12
9 281
9 23
9 277
9 168
9 61
9 199
9 121
10 21
10 51
10 234
10 106
10 175
11 294
11 171
11 233
11 59
11 127
11 175
12 119
12 141
12 97
12 135
12 142
12 148
12 24
12 277
12 28
12 89
12 120
13 268
13 195
13 269
13 135
13 221
13 15
13 184
13 216
13 50
14 260
14 256
14 268
14 128
14 118
14 184
14 107
15 135
15 15
15 66
15 147
15 283
15 125
16 232
16 275
16 18
16 264
16 114
17 297
17 256
17 139
17 278
17 141
18 149
18 86
18 257
18 137
18 275
18 108
18 113
18 243
18 150
18 67
19 273
19 197
19 177
19 70
19 144
19 149
19 282
20 233
20 281
20 209
20 274
20 47
20 191
21 176
21 124
21 79
21 194
22 32
22 220
22 55
22 159
22 90
22 41
23 36
23 190
23 248
23 93
23 196
23 97
24 266
24 88
24 97
24 43
24 28
24 157
25 216
25 268
25 192
25 254
25 240
25 80
26 130
26 43
26 26
26 200
26 104
26 106
27 55
27 278
27 109
27 102
27 185
27 212
27 29
28 119
28 61
28 86
28 36
28 185
29 273
29 64
29 56
30 43
30 258
30 193
30 139
30 247
30 46
30 81
30 211
30 111
31 175
31 153
31 49
31 163
31 58
31 292
31 50
32 94
32 151
32 159
32 118
32 190
33 53
33 178
33 294
33 84
33 102
33 293
33 240
33 62
34 265
34 144
34 133
34 34
35 284
35 220
35 55
35 237
35 294
36 70
36 57
36 280
36 196
37 290
37 178
37 100
37 249
37 82
37 295
37 75
37 92
38 145
38 202
38 144
38 200
39 221
39 62
39 39
39 291
39 183
39 67
40 54
40 165
40 40
40 65
40 179
40 127
41 296
41 272
41 159
41 70
42 169
42 165
42 68
42 182
42 223
43 297
43 170
43 112
43 188
43 218
44 133
44 267
44 145
44 292
44 253
45 263
45 86
45 286
45 261
45 221
46 268
46 211
46 239
46 134
46 96
47 166
47 175
47 51
47 208
48 178
48 294
48 299
48 53
48 204
48 66
48 249
48 248
49 287
49 206
49 276
49 153
50 139
50 153
50 126
50 214
50 115
51 144
51 56
51 218
51 214
52 295
52 203
52 185
52 276
52 113
52 109
52 191
52 209
53 294
53 70
53 208
54 135
54 101
54 143
54 172
55 272
55 180
55 237
56 172
56 176
56 239
57 260
57 270
57 151
57 296
57 89
58 155
58 103
58 76
58 167
58 163
58 98
58 252
59 184
59 172
59 59
60 261
60 197
60 213
60 177
60 141
60 81
60 250
61 168
61 239
62 185
62 252
62 276
62 65
62 87
62 78
62 166
63 162
63 138
63 171
63 232
63 88
64 234
64 166
64 72
64 156
65 137
65 155
65 288
65 216
66 138
66 171
66 71
67 210
67 183
67 288
68 269
68 292
68 68
69 189
69 291
69 296
69 207
69 72
70 263
70 200
70 229
70 277
71 298
71 173
71 193
71 124
71 212
72 298
72 105
72 94
73 176
73 194
73 172
73 114
73 105
74 251
74 128
74 194
74 172
74 129
75 171
75 138
75 232
75 100
75 116
76 150
76 155
76 158
76 185
76 203
76 111
77 139
77 78
77 109
77 239
77 137
77 226
78 258
78 298
78 278
79 140
79 131
79 117
79 90
79 258
79 99
79 115
80 159
80 180
80 296
80 151
80 215
80 228
81 173
81 96
82 263
82 146
82 224
82 204
82 122
83 188
83 131
83 136
83 114
83 185
83 179
84 218
84 282
84 138
84 205
84 247
85 174
85 159
85 180
85 219
85 186
86 177
86 222
86 169
86 224
86 103
87 217
87 100
87 167
87 94
88 199
88 157
88 190
88 292
89 168
90 161
90 244
90 186
90 227
91 283
91 192
91 195
91 147
91 225
91 235
92 299
92 247
92 294
92 270
92 246
92 249
92 291
93 130
93 267
93 297
93 132
93 227
93 272
93 164
94 130
94 218
94 297
94 170
95 257
95 264
95 285
95 162
95 174
95 122
96 247
96 258
97 228
97 238
98 276
98 150
98 203
98 273
99 201
99 191
99 227
99 103
99 250
100 138
100 208
100 240
101 260
101 225
101 283
101 184
101 251
102 285
102 258
102 139
102 278
102 193
102 226
103 150
103 185
103 288
104 132
104 133
104 202
104 141
105 143
105 230
105 292
106 154
106 239
106 111
106 212
107 140
107 274
107 152
107 244
108 206
108 280
108 285
108 253
109 240
109 278
110 160
110 181
110 232
110 285
110 220
110 243
111 154
111 212
112 284
112 170
112 273
112 253
112 271
112 227
113 229
113 129
113 280
113 219
113 293
114 117
114 131
114 229
115 187
115 126
115 121
116 293
116 295
116 178
116 280
116 300
116 231
117 243
117 216
117 140
117 201
118 168
118 190
118 136
119 142
119 157
119 190
119 196
120 259
120 148
120 157
120 146
120 234
120 127
121 165
121 214
121 186
122 201
122 161
122 152
123 150
123 236
123 183
123 185
123 156
124 189
124 143
124 166
125 269
125 147
125 235
125 221
125 196
126 267
126 245
126 230
127 187
128 135
128 268
128 216
129 206
129 242
129 287
129 223
129 264
129 270
130 131
130 132
130 133
130 284
130 218
131 134
131 152
131 293
131 274
132 144
132 188
132 252
132 133
132 284
132 202
133 151
133 144
133 193
134 289
134 281
134 257
134 161
135 283
135 251
135 254
135 268
135 249
136 136
136 273
136 201
137 145
137 275
137 271
137 266
137 285
137 162
137 153
138 268
139 258
140 201
140 254
140 233
141 187
141 196
141 248
142 190
142 148
142 204
142 156
143 166
143 239
144 188
145 265
145 145
145 202
145 253
146 273
146 197
146 286
146 233
147 256
147 251
147 290
147 195
147 208
148 156
148 285
148 277
148 248
149 255
149 177
149 222
149 169
150 288
150 158
150 167
150 183
151 220
151 158
151 189
152 209
152 274
152 251
152 191
153 241
153 179
154 298
154 279
154 173
154 193
155 276
155 180
156 199
156 287
156 168
157 199
157 259
158 158
158 167
159 296
159 300
159 273
159 180
159 189
160 181
160 280
160 243
161 182
161 281
161 199
162 280
162 232
163 289
163 214
164 257
164 288
164 201
164 165
165 265
165 179
166 230
166 234
167 199
167 274
167 183
168 202
169 200
169 273
169 255
169 224
169 280
170 267
170 198
170 286
171 290
171 247
172 194
172 221
173 173
173 212
174 264
174 181
174 257
174 206
175 230
176 205
176 206
177 262
177 261
177 192
177 204
178 230
179 207
180 242
180 289
180 228
181 263
181 266
181 287
182 261
182 273
182 282
182 229
183 288
183 259
184 268
184 269
184 210
185 236
185 252
185 289
186 279
186 300
187 213
187 214
187 195
188 265
189 291
191 274
191 209
191 241
192 275
192 259
192 201
193 258
193 226
194 299
195 259
195 225
195 231
197 286
197 298
198 267
198 198
198 273
200 261
202 208
202 253
202 283
203 264
203 238
203 236
204 263
204 222
204 204
205 237
206 287
206 232
206 243
207 270
207 207
208 295
208 223
209 289
210 268
210 260
210 256
211 258
211 250
212 244
213 262
213 255
213 282
215 220
215 219
215 228
215 226
216 251
217 266
217 217
217 287
218 297
219 291
219 241
219 231
220 272
221 276
222 262
222 282
222 224
222 244
223 265
225 259
225 255
226 260
227 227
228 296
228 237
229 261
229 255
230 234
230 283
231 262
231 237
232 266
232 280
233 250
235 283
235 269
235 276
236 238
236 289
238 288
238 274
239 258
240 293
241 279
242 257
242 271
242 287
242 296
244 258
245 246
245 245
246 294
246 293
247 290
247 249
248 277
250 281
253 254
254 261
254 259
254 281
255 282
256 283
257 271
259 283
260 260
261 262
262 286
262 263
264 287
265 297
267 284
268 269
270 272
271 285
272 300
272 291
274 295
275 285
275 280
279 279
282 290
286 299
290 293
291 300
293 295
293 299
296 300
299 299
