300 4284
1 198
1 144
1 290
1 153
1 180
1 90
1 298
1 253
1 243
1 197
1 1
1 158
1 55
1 25
1 296
1 20
1 248
1 121
1 17
1 82
1 33
1 63
1 28
1 83
1 154
1 291
1 221
1 113
1 117
2 34
2 36
2 31
2 129
2 231
2 2
2 195
2 223
2 95
2 91
2 138
2 139
2 186
2 110
2 173
2 246
2 247
2 8
2 72
2 3
2 59
2 203
2 78
2 280
2 140
2 24
2 152
2 92
2 108
2 180
3 182
3 7
3 119
3 129
3 140
3 152
3 231
3 186
3 195
3 98
3 72
3 247
3 3
3 282
3 246
3 173
3 110
3 223
3 24
3 232
3 138
3 142
3 244
3 216
3 8
3 139
3 59
3 95
3 268
3 188
4 191
4 251
4 159
4 150
4 149
4 177
4 61
4 135
4 189
4 145
4 250
4 123
4 70
4 64
4 284
4 4
4 94
4 47
4 151
4 13
4 37
4 69
4 173
4 121
4 143
4 272
4 288
4 212
4 84
4 207
4 216
5 258
5 171
5 44
5 127
5 105
5 187
5 80
5 18
5 49
5 268
5 128
5 27
5 230
5 51
5 262
5 295
5 71
5 76
5 292
5 14
5 84
5 5
5 300
5 235
5 172
5 271
6 75
6 102
6 174
6 184
6 233
6 122
6 161
6 217
6 209
6 175
6 214
6 176
6 206
6 6
6 81
6 78
6 215
6 109
6 88
6 31
6 106
6 104
6 216
6 55
6 289
6 169
6 170
6 42
6 46
6 56
6 73
6 255
7 293
7 167
7 225
7 162
7 120
7 249
7 200
7 193
7 19
7 125
7 227
7 7
7 183
7 286
7 45
7 58
7 53
7 60
7 205
7 50
7 43
7 236
7 104
7 163
7 299
7 83
7 169
7 285
7 99
8 199
8 233
8 129
8 24
8 140
8 231
8 246
8 139
8 91
8 173
8 232
8 98
8 110
8 59
8 92
8 152
8 186
8 8
8 95
8 78
8 12
8 209
8 282
8 195
8 223
8 247
8 51
9 259
9 133
9 136
9 264
9 10
9 89
9 9
9 257
9 54
9 65
9 96
9 124
9 164
9 281
9 134
9 174
9 57
9 26
9 67
9 52
9 40
9 155
9 148
9 90
9 269
9 16
9 146
9 32
9 168
9 117
10 257
10 133
10 134
10 136
10 264
10 10
10 57
10 26
10 269
10 32
10 124
10 259
10 96
10 16
10 40
10 89
10 164
10 54
10 174
10 52
10 123
10 297
10 204
10 146
10 281
10 67
10 64
11 58
11 131
11 267
11 273
11 202
11 68
11 69
11 185
11 148
11 207
11 254
11 287
11 74
11 201
11 245
11 188
11 222
11 226
11 11
11 274
11 99
11 13
11 49
11 121
11 279
11 228
11 112
12 256
12 265
12 137
12 103
12 167
12 107
12 280
12 225
12 28
12 111
12 29
12 270
12 116
12 100
12 165
12 30
12 166
12 21
12 12
12 220
12 240
12 37
12 182
12 89
12 275
12 283
12 48
12 86
12 45
13 34
13 294
13 234
13 116
13 135
13 151
13 70
13 123
13 288
13 251
13 272
13 159
13 37
13 143
13 13
13 212
13 64
13 149
13 189
13 150
13 140
13 220
13 25
13 142
13 145
13 284
13 250
13 127
14 198
14 107
14 255
14 258
14 44
14 71
14 292
14 80
14 76
14 49
14 192
14 14
14 268
14 27
14 128
14 295
14 84
14 262
14 230
14 18
14 214
14 138
14 101
14 38
14 171
14 172
14 187
14 127
15 203
15 266
15 132
15 276
15 66
15 218
15 190
15 93
15 23
15 244
15 285
15 168
15 97
15 194
15 229
15 77
15 63
15 15
15 277
15 260
15 211
15 174
15 141
15 236
15 144
15 87
15 238
15 192
16 270
16 257
16 259
16 133
16 134
16 136
16 269
16 67
16 174
16 89
16 96
16 54
16 16
16 124
16 264
16 65
16 146
16 40
16 281
16 101
16 223
16 120
16 26
16 52
16 93
16 185
17 54
17 90
17 221
17 82
17 55
17 33
17 158
17 17
17 25
17 253
17 153
17 117
17 216
17 121
17 248
17 298
17 180
17 197
17 290
17 113
17 32
17 107
17 167
17 20
17 154
17 291
17 243
18 107
18 189
18 258
18 262
18 268
18 44
18 71
18 105
18 187
18 292
18 230
18 49
18 295
18 172
18 76
18 192
18 51
18 84
18 171
18 127
18 129
18 269
18 21
18 27
18 38
19 166
19 200
19 196
19 227
19 50
19 43
19 58
19 53
19 205
19 162
19 119
19 193
19 45
19 19
19 299
19 120
19 125
19 163
19 183
19 286
19 144
19 138
19 44
19 184
19 60
19 83
19 101
20 202
20 180
20 90
20 158
20 291
20 153
20 296
20 216
20 82
20 33
20 248
20 55
20 117
20 25
20 298
20 197
20 243
20 113
20 253
20 221
20 142
20 214
20 204
20 154
20 290
21 203
21 265
21 137
21 270
21 275
21 240
21 111
21 21
21 224
21 28
21 86
21 48
21 225
21 283
21 116
21 107
21 103
21 167
21 166
21 220
21 117
21 77
21 141
21 280
21 30
21 29
21 165
21 149
21 274
22 130
22 261
22 278
22 155
22 179
22 41
22 239
22 199
22 75
22 219
22 156
22 147
22 22
22 114
22 160
22 210
22 118
22 34
22 104
22 252
22 79
22 164
22 262
22 277
22 181
22 203
22 213
22 242
22 264
22 50
22 170
22 152
23 213
23 132
23 260
23 97
23 244
23 63
23 238
23 66
23 194
23 144
23 108
23 285
23 229
23 190
23 211
23 237
23 277
23 77
23 276
23 218
23 87
23 198
23 263
23 49
23 157
23 168
23 93
23 99
24 39
24 47
24 139
24 140
24 72
24 95
24 173
24 195
24 246
24 232
24 110
24 91
24 223
24 282
24 247
24 186
24 92
24 231
24 98
24 235
24 291
24 123
25 146
25 144
25 33
25 296
25 243
25 180
25 197
25 25
25 153
25 248
25 291
25 158
25 253
25 154
25 221
25 290
25 55
25 191
25 50
25 103
25 298
25 216
25 121
26 35
26 257
26 259
26 133
26 264
26 269
26 146
26 281
26 89
26 136
26 54
26 164
26 174
26 26
26 124
26 65
26 57
26 52
26 235
26 153
26 206
26 32
26 40
27 29
27 258
27 268
27 292
27 171
27 262
27 27
27 51
27 71
27 230
27 49
27 84
27 76
27 44
27 38
27 192
27 295
27 172
27 277
27 75
27 37
27 187
27 105
27 127
27 228
28 182
28 265
28 137
28 270
28 275
28 280
28 283
28 220
28 86
28 28
28 103
28 48
28 116
28 100
28 240
28 166
28 165
28 29
28 107
28 292
28 267
28 69
28 167
28 224
28 111
28 73
29 160
29 265
29 137
29 270
29 275
29 280
29 30
29 165
29 100
29 166
29 167
29 116
29 103
29 283
29 111
29 220
29 107
29 240
29 225
29 109
29 49
29 48
29 224
29 162
29 144
29 82
30 239
30 265
30 137
30 270
30 280
30 283
30 167
30 86
30 111
30 220
30 166
30 107
30 165
30 103
30 224
30 225
30 100
30 48
30 30
30 164
30 209
30 96
30 286
31 35
31 300
31 86
31 163
31 189
31 106
31 175
31 81
31 73
31 209
31 56
31 206
31 46
31 233
31 170
31 215
31 109
31 42
31 88
31 176
31 31
31 212
31 161
31 289
31 78
31 214
31 122
32 257
32 259
32 133
32 134
32 264
32 269
32 281
32 67
32 89
32 124
32 164
32 32
32 96
32 146
32 40
32 65
32 54
32 136
32 35
32 135
32 297
32 174
32 57
32 175
32 202
33 239
33 70
33 88
33 223
33 121
33 243
33 248
33 117
33 221
33 113
33 33
33 90
33 154
33 290
33 253
33 197
33 298
33 156
33 100
33 69
33 296
33 180
33 55
33 82
33 216
34 130
34 261
34 147
34 278
34 155
34 156
34 160
34 41
34 210
34 118
34 114
34 213
34 239
34 179
34 34
34 219
34 242
34 203
34 252
34 199
34 123
34 181
34 75
34 79
34 104
34 48
34 70
35 263
35 266
35 191
35 102
35 234
35 126
35 241
35 235
35 256
35 294
35 62
35 39
35 300
35 204
35 182
35 35
35 85
35 198
35 297
35 293
35 115
35 72
35 36
35 178
35 166
35 249
35 274
36 266
36 126
36 115
36 191
36 36
36 241
36 208
36 182
36 236
36 85
36 102
36 256
36 293
36 294
36 300
36 39
36 204
36 235
36 297
36 62
36 87
36 189
36 178
36 234
36 40
36 96
36 44
37 135
37 142
37 143
37 272
37 145
37 151
37 284
37 159
37 288
37 150
37 61
37 189
37 149
37 64
37 47
37 123
37 70
37 251
37 177
37 253
37 233
37 293
37 212
37 250
38 118
38 124
38 258
38 262
38 268
38 80
38 38
38 128
38 51
38 84
38 171
38 44
38 192
38 295
38 172
38 230
38 127
38 187
38 204
38 264
38 78
38 49
39 263
39 266
39 294
39 297
39 102
39 208
39 293
39 234
39 39
39 178
39 235
39 191
39 85
39 241
39 115
39 182
39 256
39 198
39 300
39 101
39 100
39 204
39 236
39 65
39 150
39 291
40 114
40 257
40 259
40 136
40 264
40 269
40 146
40 281
40 164
40 174
40 67
40 54
40 52
40 124
40 134
40 89
40 40
40 72
40 57
40 65
40 96
40 150
40 228
41 130
41 261
41 147
41 278
41 155
41 156
41 160
41 114
41 179
41 239
41 79
41 252
41 41
41 199
41 213
41 203
41 118
41 210
41 181
41 139
41 262
41 197
41 75
41 219
41 104
41 242
41 47
42 289
42 169
42 88
42 233
42 176
42 42
42 161
42 122
42 78
42 106
42 175
42 81
42 73
42 215
42 46
42 209
42 255
42 170
42 206
42 89
42 203
42 70
42 214
42 217
42 211
42 69
43 162
43 163
43 184
43 299
43 249
43 83
43 119
43 53
43 101
43 205
43 120
43 45
43 183
43 125
43 58
43 196
43 50
43 200
43 43
43 173
43 182
43 148
43 60
43 193
43 227
43 180
44 208
44 255
44 258
44 262
44 268
44 292
44 295
44 171
44 172
44 128
44 127
44 49
44 76
44 44
44 192
44 135
44 129
44 84
44 230
44 105
45 155
45 163
45 299
45 101
45 58
45 83
45 196
45 60
45 200
45 53
45 205
45 184
45 183
45 120
45 125
45 249
45 227
45 286
45 50
45 262
45 79
45 193
45 119
45 292
45 76
46 179
46 161
46 289
46 169
46 170
46 175
46 78
46 206
46 209
46 233
46 215
46 217
46 122
46 176
46 109
46 81
46 88
46 46
46 280
46 256
46 299
46 56
46 73
46 214
46 106
46 255
46 298
47 160
47 126
47 100
47 111
47 135
47 142
47 143
47 145
47 150
47 284
47 159
47 288
47 212
47 177
47 70
47 47
47 149
47 250
47 61
47 59
47 189
47 251
47 282
47 194
47 295
48 265
48 137
48 275
48 283
48 165
48 166
48 167
48 48
48 220
48 240
48 103
48 107
48 225
48 100
48 86
48 280
48 286
48 294
48 224
48 189
48 161
48 170
48 98
48 211
48 49
49 97
49 258
49 262
49 268
49 295
49 172
49 171
49 187
49 292
49 127
49 71
49 128
49 80
49 192
49 88
49 62
49 51
49 76
49 105
50 191
50 286
50 162
50 299
50 205
50 227
50 120
50 101
50 184
50 196
50 183
50 50
50 200
50 58
50 193
50 125
50 249
50 187
50 177
50 53
50 83
50 119
50 206
51 111
51 132
51 237
51 262
51 268
51 292
51 171
51 80
51 230
51 71
51 105
51 172
51 51
51 127
51 258
51 76
51 289
51 197
51 128
51 226
52 257
52 133
52 134
52 136
52 264
52 269
52 146
52 281
52 174
52 259
52 89
52 96
52 54
52 65
52 124
52 164
52 57
52 170
52 252
52 212
52 67
52 277
53 257
53 286
53 163
53 227
53 205
53 183
53 193
53 200
53 83
53 196
53 249
53 184
53 119
53 299
53 162
53 120
53 60
53 282
53 245
53 169
53 58
53 101
53 125
53 246
53 82
54 257
54 259
54 133
54 134
54 264
54 269
54 146
54 281
54 164
54 57
54 65
54 54
54 124
54 96
54 162
54 295
54 67
54 89
55 241
55 262
55 158
55 290
55 291
55 296
55 180
55 153
55 298
55 82
55 121
55 90
55 197
55 221
55 243
55 253
55 265
55 224
55 251
55 216
55 113
56 83
56 161
56 289
56 169
56 176
56 78
56 233
56 206
56 81
56 106
56 73
56 56
56 122
56 109
56 217
56 209
56 214
56 88
56 223
56 76
56 257
56 255
56 129
57 257
57 133
57 134
57 136
57 264
57 146
57 164
57 124
57 65
57 281
57 96
57 57
57 67
57 174
57 81
57 88
57 138
57 143
57 229
58 162
58 163
58 299
58 184
58 119
58 286
58 193
58 101
58 249
58 227
58 58
58 205
58 120
58 200
58 60
58 198
58 100
58 196
58 83
58 125
58 260
58 63
59 89
59 129
59 138
59 139
59 140
59 282
59 186
59 59
59 231
59 246
59 92
59 91
59 95
59 232
59 247
59 110
59 98
59 144
59 100
59 183
59 72
60 162
60 183
60 184
60 196
60 227
60 299
60 60
60 249
60 120
60 200
60 205
60 83
60 286
60 125
60 119
60 198
60 69
60 68
60 193
60 101
60 72
61 259
61 101
61 135
61 142
61 143
61 272
61 145
61 149
61 151
61 284
61 159
61 177
61 123
61 64
61 212
61 94
61 150
61 288
61 61
61 191
61 238
61 189
61 251
61 292
61 171
62 263
62 266
62 293
62 300
62 178
62 182
62 198
62 85
62 115
62 208
62 297
62 102
62 126
62 234
62 241
62 236
62 62
62 204
62 294
62 166
62 199
62 147
62 191
62 142
62 254
63 155
63 252
63 280
63 223
63 132
63 260
63 144
63 276
63 277
63 190
63 244
63 285
63 97
63 157
63 66
63 93
63 108
63 218
63 63
63 173
63 282
63 194
63 77
64 135
64 142
64 143
64 272
64 145
64 149
64 150
64 151
64 288
64 189
64 159
64 64
64 284
64 251
64 212
64 123
64 177
64 197
64 141
64 70
64 94
64 250
64 140
64 77
65 252
65 165
65 257
65 259
65 134
65 136
65 264
65 269
65 146
65 281
65 174
65 96
65 124
65 164
65 92
65 131
65 67
65 149
65 247
65 276
66 275
66 119
66 78
66 276
66 277
66 285
66 157
66 190
66 218
66 194
66 211
66 97
66 229
66 168
66 93
66 238
66 244
66 260
66 132
66 173
66 128
66 129
66 87
66 108
66 222
67 257
67 259
67 134
67 136
67 264
67 269
67 146
67 281
67 164
67 96
67 124
67 133
67 89
67 211
67 182
67 102
68 190
68 131
68 267
68 273
68 274
68 279
68 287
68 185
68 188
68 245
68 271
68 201
68 99
68 222
68 226
68 74
68 254
68 207
68 228
68 141
68 231
68 225
68 135
69 141
69 271
69 273
69 148
69 188
69 207
69 274
69 279
69 226
69 69
69 112
69 228
69 254
69 202
69 201
69 222
69 267
69 266
69 106
69 74
69 99
69 243
70 278
70 135
70 142
70 272
70 145
70 149
70 150
70 284
70 159
70 288
70 189
70 212
70 177
70 151
70 250
70 70
70 146
70 94
70 112
70 121
71 96
71 258
71 268
71 295
71 187
71 192
71 105
71 292
71 80
71 128
71 171
71 71
71 84
71 172
71 127
71 82
71 197
71 131
71 76
71 230
72 300
72 289
72 129
72 138
72 139
72 282
72 173
72 186
72 195
72 140
72 95
72 110
72 91
72 231
72 92
72 98
72 281
72 260
72 232
72 247
73 169
73 170
73 175
73 176
73 209
73 161
73 88
73 81
73 255
73 214
73 78
73 122
73 106
73 289
73 217
73 233
73 206
73 153
73 198
73 215
73 109
73 117
74 214
74 260
74 131
74 267
74 141
74 273
74 148
74 279
74 287
74 201
74 202
74 99
74 185
74 228
74 274
74 112
74 254
74 188
74 74
74 248
74 239
74 222
74 245
75 130
75 261
75 147
75 278
75 155
75 156
75 160
75 179
75 181
75 199
75 203
75 210
75 242
75 252
75 79
75 213
75 219
75 114
75 118
75 201
75 285
75 104
75 239
75 234
75 193
75 277
76 258
76 262
76 268
76 292
76 295
76 171
76 187
76 192
76 172
76 127
76 84
76 128
76 80
76 186
76 210
77 231
77 132
77 144
77 276
77 277
77 285
77 157
77 168
77 190
77 218
77 260
77 211
77 237
77 93
77 238
77 77
77 108
77 101
77 274
77 87
77 229
78 210
78 118
78 178
78 193
78 161
78 169
78 170
78 175
78 176
78 109
78 289
78 122
78 209
78 215
78 88
78 206
78 137
78 222
78 81
78 214
78 217
78 233
78 190
79 130
79 261
79 278
79 155
79 156
79 160
79 179
79 181
79 199
79 203
79 79
79 114
79 213
79 219
79 118
79 252
79 242
79 218
79 119
79 112
79 239
79 250
79 117
80 135
80 262
80 268
80 172
80 187
80 84
80 292
80 80
80 258
80 128
80 105
80 230
80 127
80 192
80 298
80 120
80 297
80 113
81 161
81 289
81 175
81 176
81 88
81 215
81 255
81 233
81 217
81 209
81 122
81 214
81 106
81 169
81 222
81 160
81 105
82 236
82 281
82 154
82 158
82 290
82 296
82 82
82 90
82 216
82 298
82 153
82 243
82 253
82 180
82 248
82 231
82 221
82 113
82 117
82 121
83 286
83 162
83 163
83 299
83 184
83 193
83 200
83 205
83 120
83 119
83 196
83 249
83 183
83 125
83 146
83 266
83 227
83 101
83 176
84 215
84 258
84 262
84 268
84 292
84 171
84 172
84 192
84 84
84 127
84 128
84 187
84 234
84 174
85 263
85 266
85 293
85 294
85 297
85 300
85 178
85 182
85 191
85 198
85 204
85 85
85 208
85 234
85 115
85 235
85 102
85 286
85 177
85 296
85 241
85 126
85 256
85 298
86 265
86 270
86 275
86 280
86 283
86 165
86 166
86 116
86 240
86 225
86 107
86 100
86 220
86 224
86 111
86 103
86 137
86 133
86 267
86 269
86 154
87 198
87 136
87 132
87 260
87 276
87 277
87 157
87 168
87 194
87 211
87 238
87 190
87 93
87 218
87 285
87 237
87 244
87 123
87 119
87 89
87 97
87 229
87 108
88 297
88 94
88 161
88 289
88 169
88 170
88 176
88 206
88 214
88 175
88 106
88 88
88 182
88 144
88 217
88 255
88 231
88 244
88 127
88 128
88 201
89 126
89 270
89 257
89 259
89 133
89 134
89 136
89 264
89 281
89 164
89 174
89 124
89 112
89 271
89 96
89 186
89 238
90 109
90 292
90 99
90 154
90 153
90 158
90 291
90 296
90 180
90 253
90 298
90 290
90 117
90 90
90 144
90 256
90 125
90 113
90 243
90 121
91 143
91 251
91 129
91 138
91 139
91 140
91 152
91 282
91 173
91 186
91 195
91 91
91 98
91 232
91 110
91 223
91 109
91 229
91 285
91 231
91 246
92 104
92 196
92 138
92 140
92 282
92 173
92 186
92 195
92 139
92 246
92 223
92 231
92 92
92 247
92 232
92 111
92 218
92 263
92 95
92 98
93 217
93 232
93 132
93 260
93 144
93 276
93 277
93 157
93 190
93 211
93 93
93 218
93 285
93 168
93 229
93 145
93 222
93 97
93 108
94 114
94 136
94 164
94 135
94 272
94 145
94 149
94 151
94 284
94 159
94 177
94 189
94 212
94 250
94 288
94 251
94 123
94 94
94 245
94 161
94 95
94 105
95 129
95 140
95 152
95 282
95 186
95 195
95 95
95 98
95 223
95 173
95 246
95 232
95 139
95 231
95 209
95 199
95 110
95 148
96 257
96 259
96 134
96 136
96 264
96 269
96 281
96 146
96 96
96 133
96 124
96 97
97 263
97 260
97 144
97 276
97 277
97 157
97 168
97 190
97 211
97 229
97 244
97 238
97 132
97 237
97 285
97 194
97 105
97 108
97 279
98 283
98 109
98 129
98 138
98 139
98 140
98 152
98 282
98 173
98 223
98 247
98 195
98 246
98 98
98 239
98 231
98 232
98 110
99 100
99 286
99 131
99 267
99 271
99 274
99 148
99 287
99 185
99 188
99 202
99 245
99 226
99 207
99 279
99 273
99 254
99 141
99 228
99 112
100 137
100 275
100 280
100 165
100 166
100 220
100 224
100 107
100 240
100 265
100 270
100 167
100 116
100 103
100 283
100 251
100 111
100 222
101 241
101 283
101 286
101 162
101 299
101 183
101 184
101 193
101 196
101 205
101 227
101 200
101 293
101 134
101 249
101 105
102 266
102 293
102 294
102 297
102 300
102 178
102 191
102 198
102 204
102 208
102 102
102 263
102 115
102 235
102 256
102 234
102 160
102 132
102 236
102 288
102 267
102 254
103 265
103 137
103 270
103 275
103 280
103 283
103 166
103 167
103 224
103 240
103 103
103 165
103 225
103 177
103 247
103 147
103 107
103 111
103 116
104 147
104 278
104 155
104 156
104 160
104 181
104 199
104 203
104 213
104 219
104 252
104 118
104 130
104 179
104 239
104 210
104 114
104 261
104 290
104 146
104 242
104 240
104 139
104 273
105 266
105 258
105 262
105 292
105 187
105 192
105 127
105 128
105 105
105 295
105 172
105 270
106 203
106 205
106 289
106 169
106 170
106 175
106 176
106 209
106 214
106 215
106 217
106 109
106 233
106 106
106 197
106 148
106 248
107 265
107 137
107 270
107 275
107 280
107 283
107 165
107 166
107 167
107 220
107 224
107 225
107 240
107 139
107 111
107 170
107 273
108 143
108 132
108 260
108 144
108 277
108 285
108 157
108 168
108 190
108 211
108 229
108 237
108 244
108 276
108 194
108 136
108 226
109 227
109 161
109 289
109 169
109 170
109 175
109 176
109 206
109 209
109 214
109 215
109 217
109 255
109 109
109 122
110 275
110 251
110 129
110 138
110 139
110 152
110 282
110 173
110 195
110 223
110 232
110 247
110 186
110 253
110 201
110 202
110 246
110 154
111 265
111 137
111 270
111 275
111 280
111 283
111 167
111 165
111 225
111 166
111 224
111 111
111 185
111 128
111 290
112 131
112 141
112 271
112 273
112 274
112 148
112 279
112 287
112 207
112 254
112 201
112 188
112 202
112 245
112 222
112 185
112 146
112 209
112 248
113 276
113 154
113 153
113 158
113 298
113 180
113 296
113 117
113 291
113 290
113 197
113 121
113 216
113 253
113 243
113 115
113 242
114 130
114 261
114 147
114 155
114 156
114 160
114 179
114 181
114 199
114 210
114 213
114 219
114 239
114 242
114 278
114 118
114 137
114 252
114 284
114 254
115 263
115 266
115 294
115 300
115 178
115 191
115 198
115 208
115 236
115 241
115 297
115 235
115 234
115 182
115 256
115 115
115 225
115 118
115 126
115 163
115 123
115 296
116 278
116 156
116 137
116 270
116 275
116 280
116 283
116 165
116 166
116 167
116 220
116 224
116 225
116 265
116 240
116 151
116 196
116 214
116 157
117 154
117 153
117 158
117 291
117 296
117 298
117 180
117 216
117 221
117 243
117 197
117 117
117 253
118 130
118 261
118 147
118 278
118 155
118 179
118 181
118 203
118 210
118 213
118 219
118 239
118 252
118 118
118 195
118 224
118 209
118 258
118 271
118 158
119 286
119 162
119 163
119 299
119 183
119 193
119 196
119 200
119 205
119 227
119 119
119 249
119 259
119 120
120 286
120 162
120 299
120 184
120 200
120 205
120 249
120 163
120 196
120 125
120 120
120 142
120 298
121 218
121 154
121 153
121 290
121 291
121 180
121 197
121 221
121 243
121 248
121 253
121 298
121 275
121 209
122 146
122 161
122 289
122 170
122 175
122 209
122 215
122 217
122 233
122 176
122 122
122 169
122 235
122 156
122 191
123 181
123 135
123 143
123 272
123 145
123 149
123 150
123 151
123 284
123 288
123 177
123 189
123 212
123 251
123 233
123 138
123 176
123 140
123 232
123 296
124 259
124 134
124 136
124 281
124 174
124 164
124 264
124 257
124 269
124 169
124 197
124 177
124 289
124 217
125 286
125 162
125 163
125 299
125 183
125 184
125 196
125 205
125 249
125 193
125 200
125 125
125 172
125 228
125 185
126 263
126 266
126 297
126 300
126 178
126 182
126 191
126 198
126 204
126 208
126 235
126 236
126 241
126 234
126 293
126 126
126 298
126 256
126 152
126 173
127 283
127 258
127 262
127 268
127 292
127 295
127 171
127 192
127 187
127 288
127 267
127 290
128 134
128 258
128 262
128 268
128 292
128 171
128 172
128 192
128 230
128 295
128 145
129 293
129 140
129 231
129 246
129 138
129 247
129 186
129 232
129 152
129 139
129 223
129 282
129 129
129 250
129 195
129 180
130 199
130 147
130 156
130 261
130 181
130 160
130 210
130 242
130 179
130 155
130 278
130 130
130 203
130 213
130 134
130 286
130 183
130 252
130 162
131 174
131 238
131 287
131 202
131 131
131 228
131 274
131 254
131 141
131 226
131 201
131 188
131 273
131 271
131 281
131 189
131 280
131 279
131 185
131 207
131 222
132 132
132 218
132 277
132 237
132 194
132 168
132 157
132 190
132 285
132 211
132 244
132 238
132 144
132 233
132 151
132 260
132 229
133 300
133 236
133 164
133 136
133 269
133 257
133 174
133 259
133 133
133 146
133 281
133 261
133 219
133 237
133 134
133 264
133 184
133 282
133 295
134 204
134 259
134 174
134 164
134 257
134 136
134 281
134 134
134 157
134 271
134 264
134 269
134 146
135 135
135 288
135 284
135 212
135 145
135 189
135 251
135 177
135 142
135 149
135 250
135 152
135 182
135 143
135 272
135 150
135 151
135 175
135 276
135 188
136 257
136 259
136 281
136 164
136 174
136 136
136 264
136 146
136 229
136 269
136 150
137 265
137 167
137 240
137 220
137 225
137 275
137 137
137 283
137 280
137 252
137 139
137 291
137 270
137 165
138 212
138 173
138 232
138 195
138 282
138 152
138 140
138 186
138 139
138 247
138 214
138 192
138 198
138 223
138 231
138 237
139 223
139 173
139 186
139 246
139 231
139 140
139 139
139 208
139 236
139 152
139 195
139 247
139 218
140 266
140 246
140 282
140 195
140 173
140 223
140 140
140 152
140 145
140 232
140 247
140 172
141 267
141 148
141 228
141 273
141 271
141 287
141 222
141 254
141 201
141 188
141 279
141 245
141 207
141 226
141 141
141 244
141 269
141 274
141 185
141 202
142 280
142 284
142 145
142 189
142 272
142 288
142 159
142 251
142 150
142 177
142 143
142 250
142 149
142 151
142 206
142 255
142 212
142 226
143 263
143 284
143 212
143 145
143 143
143 189
143 272
143 250
143 177
143 151
143 150
143 288
143 149
143 159
144 178
144 260
144 218
144 285
144 277
144 237
144 276
144 194
144 190
144 157
144 238
144 168
144 211
145 159
145 177
145 212
145 151
145 150
145 251
145 284
145 250
145 189
145 145
145 257
145 178
145 149
145 288
146 257
146 259
146 269
146 264
146 164
146 174
146 146
146 295
146 195
147 261
147 156
147 252
147 179
147 213
147 219
147 242
147 147
147 278
147 160
147 155
147 199
147 203
147 181
147 262
147 150
147 168
147 210
147 265
147 187
148 211
148 267
148 226
148 148
148 254
148 279
148 273
148 185
148 207
148 188
148 271
148 228
148 159
148 210
148 287
148 202
149 272
149 251
149 284
149 288
149 212
149 250
149 150
149 177
149 159
149 189
149 151
149 296
150 156
150 272
150 150
150 189
150 284
150 212
150 251
150 159
150 250
150 151
150 288
150 175
150 195
151 294
151 159
151 272
151 250
151 288
151 251
151 177
151 284
151 231
151 229
151 158
152 227
152 173
152 186
152 223
152 152
152 231
152 247
152 195
152 282
152 174
152 232
152 246
152 229
152 273
153 154
153 296
153 248
153 153
153 243
153 298
153 291
153 290
153 253
153 197
153 216
153 241
153 281
153 229
153 158
153 180
154 169
154 243
154 296
154 180
154 197
154 158
154 253
154 290
154 221
154 154
154 216
154 242
154 298
154 248
155 261
155 278
155 203
155 199
155 219
155 156
155 155
155 210
155 252
155 239
155 160
155 273
155 181
155 213
155 242
155 235
155 165
155 217
155 237
156 261
156 278
156 210
156 181
156 213
156 160
156 239
156 219
156 242
156 179
156 252
156 203
156 236
156 199
156 225
156 260
156 279
157 299
157 260
157 276
157 277
157 285
157 157
157 218
157 190
157 238
157 168
157 194
157 236
157 176
157 211
157 237
158 248
158 253
158 296
158 221
158 216
158 298
158 243
158 291
158 197
158 180
158 223
158 159
158 290
159 208
159 272
159 284
159 212
159 177
159 251
159 189
159 250
159 288
159 178
159 170
159 218
159 279
160 261
160 278
160 239
160 210
160 252
160 213
160 181
160 242
160 179
160 203
160 199
160 291
160 219
160 183
161 204
161 170
161 215
161 161
161 169
161 206
161 255
161 233
161 214
161 176
161 175
161 289
161 295
161 209
161 217
161 186
161 268
162 269
162 164
162 286
162 205
162 183
162 200
162 249
162 184
162 193
162 196
162 173
162 163
162 299
162 187
163 199
163 213
163 286
163 163
163 200
163 193
163 184
163 299
163 249
163 196
163 183
163 250
163 227
164 257
164 259
164 264
164 269
164 164
164 174
164 240
164 253
165 265
165 270
165 280
165 283
165 224
165 275
165 240
165 225
165 165
165 166
165 201
165 167
166 265
166 275
166 283
166 270
166 167
166 280
166 166
166 225
166 170
166 224
166 285
167 265
167 270
167 275
167 283
167 220
167 167
167 240
167 225
167 181
167 261
167 224
167 245
168 259
168 260
168 276
168 277
168 194
168 168
168 238
168 285
168 244
168 218
168 211
168 282
168 247
169 219
169 257
169 289
169 169
169 175
169 209
169 206
169 217
169 170
169 231
169 176
169 215
169 233
169 255
169 277
169 287
170 209
170 206
170 217
170 170
170 176
170 289
170 175
170 214
170 215
170 262
171 209
171 258
171 268
171 292
171 295
171 172
171 192
171 262
171 171
171 230
171 276
171 282
172 224
172 258
172 268
172 292
172 295
172 230
172 262
172 172
172 187
172 247
172 293
173 242
173 240
173 205
173 282
173 232
173 186
173 286
173 192
173 195
173 223
173 247
174 257
174 259
174 264
174 269
174 281
174 174
174 190
174 214
175 255
175 175
175 209
175 214
175 233
175 176
175 215
175 206
175 217
176 256
176 289
176 255
176 209
176 206
176 217
176 233
176 213
176 215
176 230
177 199
177 200
177 272
177 284
177 288
177 251
177 233
177 213
177 189
177 285
178 263
178 266
178 293
178 297
178 198
178 234
178 208
178 178
178 300
178 256
178 241
178 294
178 236
178 274
178 182
178 191
178 204
178 235
179 261
179 242
179 179
179 252
179 181
179 210
179 199
179 203
179 213
179 239
179 294
179 238
179 297
179 192
180 226
180 290
180 291
180 298
180 221
180 243
180 253
180 296
180 197
180 248
181 261
181 278
181 219
181 210
181 252
181 181
181 242
181 244
181 232
181 199
181 203
181 213
181 239
182 252
182 266
182 293
182 294
182 300
182 297
182 256
182 208
182 234
182 198
182 241
182 236
182 235
182 263
182 182
182 191
182 204
183 294
183 286
183 299
183 193
183 205
183 249
183 184
183 183
183 237
183 199
183 196
183 200
183 227
184 286
184 299
184 249
184 193
184 227
184 196
184 200
184 205
184 233
184 243
185 264
185 267
185 274
185 279
185 287
185 245
185 226
185 201
185 185
185 188
185 202
185 207
185 271
185 228
185 209
185 254
186 282
186 186
186 247
186 246
186 232
186 231
186 195
186 199
186 268
186 274
187 241
187 258
187 262
187 268
187 292
187 295
187 192
187 230
187 187
187 246
188 247
188 271
188 287
188 202
188 201
188 245
188 274
188 279
188 254
188 188
188 267
188 207
188 226
188 278
188 222
189 272
189 288
189 250
189 212
189 251
190 250
190 260
190 276
190 285
190 244
190 237
190 190
190 218
190 229
190 288
190 194
190 211
190 238
190 221
191 263
191 266
191 293
191 294
191 297
191 208
191 234
191 235
191 204
191 236
191 241
191 198
191 260
191 272
192 262
192 268
192 292
192 295
192 258
192 192
192 284
193 299
193 196
193 286
193 193
193 205
193 227
193 211
193 200
193 249
193 207
194 293
194 240
194 289
194 209
194 215
194 276
194 277
194 285
194 218
194 194
194 260
194 203
194 207
194 211
194 237
194 238
194 244
195 282
195 223
195 246
195 195
195 214
195 231
195 232
196 219
196 286
196 227
196 299
196 249
196 200
196 271
196 232
196 205
197 291
197 296
197 298
197 248
197 243
197 267
197 212
197 236
197 221
198 263
198 266
198 293
198 294
198 297
198 300
198 256
198 241
198 204
198 235
198 236
198 234
199 261
199 242
199 203
199 213
199 239
199 199
199 210
199 219
199 265
199 246
200 269
200 299
200 227
200 286
200 205
200 208
200 202
201 205
201 267
201 273
201 274
201 279
201 201
201 287
201 254
201 228
201 226
201 300
201 299
201 207
201 245
202 267
202 271
202 273
202 279
202 287
202 274
202 207
202 254
202 245
202 222
202 228
202 213
203 278
203 239
203 242
203 210
203 203
203 213
203 219
203 232
204 263
204 293
204 297
204 300
204 235
204 234
204 204
204 294
204 236
204 241
204 255
205 286
205 249
205 299
205 227
206 217
206 289
206 215
206 214
206 206
206 255
206 269
206 275
206 209
206 233
207 267
207 271
207 274
207 279
207 245
207 228
207 207
207 254
207 287
207 258
207 222
207 296
208 242
208 263
208 266
208 294
208 297
208 300
208 208
208 234
208 293
208 236
208 241
208 235
208 230
209 264
209 217
209 289
209 215
209 255
209 214
210 261
210 278
210 242
210 219
210 252
210 210
210 250
210 292
210 239
211 212
211 260
211 277
211 244
211 218
211 285
211 276
211 237
212 284
212 288
212 272
212 250
212 252
213 261
213 278
213 219
213 252
213 242
213 297
214 289
214 233
214 255
214 214
214 217
214 215
215 289
215 255
215 217
215 233
215 283
216 290
216 291
216 253
216 216
216 248
216 221
216 243
216 296
216 298
216 246
216 272
217 289
217 255
217 247
218 236
218 260
218 276
218 277
218 285
218 229
218 252
218 238
218 244
219 278
219 239
219 219
219 252
219 281
219 242
219 271
220 265
220 270
220 275
220 280
220 225
220 224
220 240
220 220
220 283
220 244
220 266
220 230
221 290
221 298
221 253
221 291
221 248
221 296
221 221
221 265
221 281
222 249
222 233
222 267
222 271
222 273
222 279
222 287
222 254
222 245
222 228
222 224
223 282
223 232
223 246
223 231
223 236
223 295
224 265
224 270
224 275
224 283
224 224
224 280
224 240
224 242
224 225
224 299
225 265
225 270
225 280
225 240
225 225
225 283
225 274
226 263
226 297
226 286
226 267
226 273
226 274
226 279
226 287
226 226
226 245
226 228
226 254
227 286
227 299
227 227
227 297
227 249
228 271
228 273
228 279
228 287
228 245
228 228
228 233
228 254
229 250
229 282
229 260
229 276
229 277
229 285
229 238
229 244
229 287
229 237
230 244
230 258
230 262
230 268
230 292
230 295
230 230
230 237
231 247
231 232
231 246
231 275
232 282
232 247
232 245
233 289
233 255
233 248
234 266
234 293
234 294
234 297
234 300
234 234
234 236
234 256
234 235
234 271
234 241
235 263
235 266
235 293
235 294
235 297
235 235
235 256
235 300
235 246
235 290
235 236
235 241
236 263
236 293
236 300
236 236
236 241
236 256
237 265
237 260
237 276
237 277
237 285
237 237
237 238
237 262
238 276
238 285
238 260
238 238
238 263
239 261
239 278
239 242
239 239
239 246
240 265
240 275
240 280
240 283
240 270
240 240
241 261
241 263
241 293
241 294
241 297
241 300
241 256
242 261
242 278
242 296
242 288
243 291
243 296
243 298
243 253
243 248
243 255
244 270
244 260
244 276
244 277
244 285
244 249
245 278
245 267
245 274
245 279
245 287
245 245
245 254
246 282
246 247
246 273
247 299
247 282
248 280
248 290
248 296
248 291
248 248
248 259
249 286
249 299
249 252
250 272
250 284
250 288
251 272
251 284
251 288
251 251
252 278
252 252
252 261
253 290
253 296
253 298
253 260
254 267
254 271
254 273
254 287
255 289
255 255
256 263
256 266
256 293
256 294
256 297
256 256
256 300
256 273
256 275
257 269
257 257
257 264
257 281
257 259
257 274
258 262
258 292
258 258
258 295
258 260
258 271
258 268
259 269
259 264
259 259
259 281
259 289
259 291
260 277
260 260
260 285
260 276
261 261
261 278
261 271
261 281
262 295
262 292
262 268
263 293
263 297
263 263
263 294
263 300
263 266
263 284
263 288
264 264
264 269
264 281
264 287
265 280
265 265
265 270
265 275
265 283
266 266
266 300
266 297
266 294
266 293
267 279
267 274
267 287
267 273
267 271
267 267
268 295
268 292
269 269
270 280
270 275
270 270
270 283
271 273
271 271
271 279
271 274
272 288
272 284
272 272
272 289
272 274
273 287
273 273
273 279
273 274
274 274
274 287
274 279
275 275
275 280
275 283
276 276
276 277
276 285
277 285
278 278
279 279
279 287
280 280
280 283
280 290
281 286
281 298
283 283
284 288
284 299
285 285
286 286
286 299
286 291
287 287
287 288
288 288
289 289
290 291
290 296
290 290
291 291
291 298
291 296
292 295
293 294
293 293
293 297
293 300
294 300
294 294
294 297
296 296
296 298
297 297
297 300
298 298
299 299
300 300
