300 1844
1 249
1 281
1 160
1 210
1 179
1 277
1 221
1 144
1 85
1 251
1 271
1 294
1 42
1 72
1 109
1 163
1 186
2 193
2 247
2 71
2 229
2 53
2 110
2 2
2 76
2 132
2 262
2 150
2 44
2 67
2 81
2 216
2 243
3 167
3 3
3 104
3 25
3 112
3 23
3 166
3 56
3 79
3 26
3 36
3 58
3 86
3 127
3 130
4 14
4 265
4 287
4 8
4 254
4 45
4 101
4 41
4 292
4 105
4 145
4 40
4 195
4 77
4 241
5 258
5 135
5 57
5 184
5 282
5 148
5 156
5 18
5 169
5 7
5 140
5 181
6 13
6 231
6 18
6 147
6 48
6 169
6 290
6 272
6 184
6 291
6 135
6 156
7 132
7 11
7 245
7 242
7 180
7 204
7 46
7 116
7 126
7 108
7 139
7 100
7 171
8 254
8 45
8 8
8 287
8 292
8 89
8 189
8 67
8 145
8 288
8 80
8 96
9 91
9 262
9 150
9 67
9 110
9 243
9 193
9 9
9 165
9 284
9 188
9 216
10 25
10 162
10 211
10 104
10 244
10 10
10 235
10 223
10 188
10 141
10 166
11 31
11 255
11 132
11 139
11 114
11 164
11 118
11 100
11 117
11 27
11 180
11 219
11 116
11 123
12 133
12 285
12 131
12 185
12 149
12 236
12 143
12 54
12 152
12 256
12 51
12 187
12 194
12 91
12 228
12 239
12 120
13 154
13 134
13 13
13 261
13 209
13 280
13 238
13 87
13 29
13 183
14 259
14 265
14 77
14 189
14 250
14 288
14 14
14 210
14 159
14 287
14 41
14 178
14 195
14 89
14 96
14 17
14 140
15 257
15 214
15 172
15 246
15 79
15 173
15 260
15 279
15 201
15 87
15 17
15 171
15 182
15 205
15 98
16 139
16 137
16 138
16 268
16 224
16 50
16 16
16 280
16 152
16 29
16 209
16 225
17 33
17 257
17 17
17 119
17 260
17 240
17 98
17 173
17 182
17 79
17 246
18 165
18 50
18 258
18 147
18 21
18 290
18 184
18 180
18 156
18 169
18 48
18 192
19 132
19 252
19 126
19 75
19 27
19 242
19 245
19 100
19 114
19 233
19 90
19 219
19 116
20 274
20 263
20 197
20 176
20 198
20 153
20 286
20 94
20 295
20 104
20 163
21 150
21 135
21 147
21 282
21 140
21 192
21 157
21 148
21 193
21 231
22 289
22 222
22 83
22 66
22 248
22 95
22 60
22 264
22 165
22 214
22 298
22 74
23 141
23 213
23 26
23 56
23 223
23 244
23 208
23 104
23 118
23 25
23 162
23 112
24 152
24 285
24 194
24 149
24 143
24 111
24 61
24 131
24 133
24 28
24 54
24 202
24 91
24 113
24 86
25 213
25 26
25 155
25 86
25 36
25 211
25 109
25 34
25 166
25 167
25 56
25 197
26 161
26 223
26 155
26 104
26 166
26 112
26 134
26 36
26 208
27 82
27 46
27 180
27 126
27 219
27 204
27 207
27 265
27 123
28 266
28 278
28 35
28 38
28 217
28 64
28 227
28 31
28 263
28 47
28 199
28 84
29 136
29 137
29 138
29 268
29 273
29 200
29 261
29 267
29 225
30 133
30 149
30 285
30 143
30 51
30 113
30 131
30 120
30 128
30 290
30 54
30 236
30 239
31 189
31 96
31 266
31 218
31 255
31 230
31 170
31 35
31 33
31 74
31 200
32 77
32 136
32 225
32 32
32 134
32 137
32 183
32 238
32 123
32 50
32 233
33 142
33 289
33 217
33 269
33 218
33 227
33 62
33 107
33 35
33 38
33 199
34 155
34 166
34 161
34 211
34 58
34 86
34 223
34 141
34 266
34 234
35 255
35 47
35 227
35 289
35 206
35 35
35 204
35 244
36 56
36 155
36 58
36 223
36 167
36 162
36 41
36 211
37 62
37 263
37 151
37 52
37 176
37 295
37 253
37 197
37 37
37 39
37 65
37 94
38 274
38 289
38 206
38 47
38 227
38 269
38 115
38 265
38 170
39 44
39 275
39 163
39 295
39 55
39 78
39 270
39 263
39 228
39 52
39 198
39 92
40 287
40 259
40 241
40 101
40 288
40 80
40 292
40 40
40 300
40 89
41 259
41 287
41 80
41 145
41 101
41 45
41 254
41 246
41 260
42 281
42 297
42 72
42 42
42 105
42 85
42 59
42 146
42 177
42 179
42 190
42 93
42 221
42 249
42 71
43 53
43 110
43 262
43 103
43 247
43 150
43 237
43 193
43 71
43 180
43 76
43 81
44 229
44 216
44 256
44 71
44 73
44 150
44 284
44 237
44 193
45 265
45 145
45 159
45 287
45 288
45 178
45 177
45 189
46 139
46 164
46 252
46 204
46 126
46 118
46 90
46 62
46 75
46 116
46 123
47 170
47 206
47 217
47 269
47 278
47 274
47 148
47 199
47 218
47 230
47 115
48 258
48 146
48 158
48 169
48 157
48 231
48 272
48 238
48 57
48 186
48 122
49 260
49 279
49 124
49 175
49 125
49 251
49 99
49 173
49 201
49 293
49 79
49 119
50 191
50 136
50 280
50 233
50 261
50 138
50 134
50 200
50 220
51 131
51 149
51 285
51 236
51 185
51 133
51 152
51 248
51 228
51 196
51 276
52 172
52 85
52 167
52 263
52 270
52 151
52 163
52 138
52 55
53 182
53 161
53 262
53 150
53 81
53 103
53 283
53 124
53 193
53 73
54 131
54 111
54 185
54 113
54 239
54 202
54 59
54 120
54 122
55 175
55 276
55 153
55 286
55 176
55 84
55 291
55 136
55 78
56 109
56 166
56 86
56 56
56 183
56 213
56 104
57 147
57 290
57 282
57 186
57 258
57 57
57 248
58 213
58 166
58 244
58 104
58 223
58 112
58 191
58 208
58 211
59 160
59 174
59 177
59 179
59 271
59 281
59 72
59 240
59 249
60 297
60 130
60 264
60 296
60 299
60 74
60 88
60 97
60 259
60 121
61 133
61 143
61 285
61 187
61 128
61 202
61 194
61 228
61 184
61 208
61 261
61 220
62 266
62 269
62 142
62 278
62 255
62 232
62 274
62 206
62 155
62 209
63 281
63 294
63 190
63 249
63 105
63 277
63 85
63 174
63 210
63 66
63 69
64 278
64 170
64 255
64 230
64 227
64 217
64 218
64 64
64 280
65 254
65 239
65 270
65 275
65 163
65 153
65 78
65 108
65 79
66 188
66 267
66 168
66 121
66 129
66 154
66 66
66 196
66 68
66 83
67 150
67 283
67 284
67 67
67 237
67 290
67 76
67 103
68 166
68 129
68 264
68 165
68 248
68 196
68 74
68 191
68 134
69 160
69 294
69 277
69 210
69 179
69 281
69 105
69 297
69 298
70 261
70 134
70 136
70 137
70 138
70 234
70 280
70 273
70 70
70 209
70 224
70 238
71 150
71 262
71 188
71 284
71 283
71 193
71 229
71 110
71 247
72 202
72 281
72 174
72 177
72 190
72 93
72 113
73 227
73 284
73 188
73 81
73 229
73 237
73 216
73 149
73 243
73 247
74 195
74 130
74 154
74 165
74 121
74 88
74 95
75 226
75 204
75 242
75 207
75 116
75 123
75 180
75 289
76 262
76 283
76 193
76 256
76 229
76 81
76 131
76 216
77 259
77 145
77 287
77 300
77 189
77 265
77 101
78 132
78 276
78 176
78 108
78 84
78 286
78 217
79 257
79 260
79 201
79 205
79 175
79 246
79 84
79 119
80 159
80 288
80 189
80 292
80 178
80 89
80 157
80 148
81 203
81 110
81 237
81 216
81 88
81 103
82 132
82 204
82 226
82 123
82 242
82 82
82 90
82 240
82 219
82 114
82 116
82 162
82 183
82 238
83 129
83 154
83 267
83 222
83 117
83 88
83 95
83 275
83 97
83 138
84 153
84 176
84 286
84 108
84 275
84 197
85 271
85 277
85 160
85 297
85 177
85 93
85 192
86 167
86 208
86 127
86 112
86 211
87 138
87 280
87 261
87 183
87 136
87 233
87 234
87 168
87 225
88 267
88 196
88 97
88 264
88 129
88 127
88 95
88 117
89 287
89 300
89 89
89 241
89 237
89 127
90 139
90 126
90 226
90 114
90 180
90 252
90 213
90 116
90 118
90 123
90 294
90 291
91 131
91 91
91 236
91 106
91 152
91 228
91 98
91 97
92 263
92 151
92 153
92 286
92 291
92 275
92 270
92 163
92 200
93 174
93 190
93 281
93 221
93 160
93 294
93 139
93 109
94 251
94 284
94 263
94 275
94 163
94 270
94 295
94 256
95 129
95 264
95 267
95 298
95 154
95 185
96 259
96 159
96 288
96 300
96 265
96 241
96 287
97 154
97 296
97 191
97 165
97 267
97 121
98 182
98 212
98 125
98 99
98 251
98 257
98 240
99 260
99 171
99 172
99 173
99 124
99 212
99 99
100 132
100 242
100 118
100 204
100 226
100 180
100 106
100 126
101 259
101 178
101 195
101 265
101 300
101 106
101 241
101 281
101 263
102 261
102 134
102 268
102 280
102 225
102 138
102 234
102 220
102 273
102 288
103 283
103 203
103 188
103 262
103 110
103 295
103 243
103 256
104 174
104 161
104 127
104 185
104 244
105 144
105 160
105 294
105 277
105 174
105 115
105 299
106 133
106 143
106 185
106 111
106 131
106 194
106 236
106 127
107 269
107 142
107 274
107 289
107 199
107 218
107 266
107 107
108 249
108 203
108 270
108 163
108 253
108 115
109 271
109 281
109 160
109 293
109 294
109 174
109 210
109 153
110 188
110 203
110 229
110 178
111 131
111 143
111 149
111 202
111 239
111 228
111 298
111 113
111 156
112 141
112 161
112 167
112 244
112 260
113 149
113 152
113 202
113 185
113 128
113 223
113 168
114 132
114 204
114 252
114 226
114 245
114 186
114 118
115 266
115 269
115 199
115 218
115 227
115 232
115 170
115 186
115 246
116 126
116 226
116 295
116 179
116 137
117 178
117 264
117 154
117 168
117 121
117 248
117 244
117 286
118 219
118 226
118 132
118 123
118 173
119 300
119 279
119 182
119 214
119 260
119 246
119 180
119 247
120 131
120 133
120 143
120 152
120 187
120 236
120 197
120 128
120 129
121 129
121 264
121 154
121 196
121 266
122 140
122 156
122 184
122 186
122 157
122 122
122 231
123 164
123 219
123 194
124 279
124 173
124 175
124 201
124 240
124 251
124 246
124 219
124 125
125 218
125 257
125 279
125 173
125 201
125 251
125 230
125 233
126 132
126 126
127 155
127 162
127 167
127 235
127 213
128 131
128 149
128 185
128 187
128 236
128 270
128 141
129 228
129 299
129 196
129 129
129 130
129 267
129 298
129 222
130 241
130 215
130 299
130 130
130 191
130 267
130 168
130 196
130 248
131 194
131 133
131 131
131 208
131 149
131 152
131 285
131 239
131 256
132 180
132 226
132 252
133 187
133 194
133 202
133 146
133 152
133 228
133 239
134 151
134 261
134 183
134 220
134 168
134 138
134 268
134 273
134 224
135 140
135 282
135 272
135 157
135 290
135 147
135 295
135 148
135 158
135 169
136 236
136 271
136 137
136 234
136 174
136 268
136 183
136 220
136 147
137 261
137 268
137 200
137 280
137 273
137 220
138 261
138 234
138 225
138 233
139 245
139 164
139 252
139 139
139 180
139 207
140 210
140 258
140 148
140 231
140 157
140 186
140 282
140 156
140 181
141 162
141 213
141 167
141 235
141 166
141 211
141 155
141 161
142 232
142 266
142 199
142 289
142 218
142 278
142 215
142 274
142 170
143 143
143 202
143 185
143 160
143 152
143 285
144 221
144 144
144 249
144 179
144 210
144 293
144 188
144 297
144 174
144 190
144 268
145 178
145 195
145 292
145 189
145 287
145 242
145 288
145 267
146 250
146 258
146 184
146 148
146 158
146 147
146 214
147 186
147 148
147 282
147 156
147 157
147 169
147 192
148 223
148 258
148 156
148 231
149 202
149 285
149 220
149 185
149 187
149 257
150 159
150 262
150 193
150 284
150 203
151 275
151 276
151 253
151 176
151 286
151 153
152 239
152 194
152 188
152 236
152 240
153 262
153 276
153 198
153 275
153 286
153 295
154 264
154 191
154 299
154 248
154 296
154 168
155 235
155 211
155 208
155 213
155 161
155 162
156 157
156 258
156 158
156 192
157 272
157 290
157 231
157 279
158 169
158 158
158 181
158 272
158 255
158 186
158 192
159 265
159 250
159 292
159 287
159 254
159 194
159 266
160 277
160 174
160 232
160 293
161 211
161 223
161 235
161 162
162 244
162 162
162 208
163 275
163 197
163 198
163 276
163 286
164 217
164 164
164 242
164 204
164 273
164 207
164 219
164 226
165 267
165 222
165 298
165 248
165 196
165 296
166 211
166 235
166 213
166 296
167 235
167 223
168 267
168 168
168 264
168 191
168 299
169 290
169 258
169 198
169 186
169 192
170 266
170 274
170 206
170 227
170 230
170 277
170 231
171 260
171 182
171 212
171 175
171 257
171 251
171 246
171 172
171 201
171 240
172 246
172 279
172 172
172 214
172 175
172 212
172 215
173 257
173 205
173 215
173 241
173 182
173 240
173 213
174 294
174 277
174 179
174 190
175 212
175 201
175 215
175 214
175 182
175 251
175 181
176 206
176 291
176 275
176 276
176 176
176 253
177 271
177 297
177 177
177 266
178 259
178 300
178 178
178 287
178 241
178 232
179 281
179 190
179 221
179 297
179 275
180 180
180 204
180 242
180 210
180 226
181 287
181 252
181 258
181 181
181 272
181 184
182 251
182 215
182 205
182 246
183 235
183 273
183 268
183 224
183 200
183 220
183 238
184 272
184 282
184 261
185 228
185 236
185 203
185 194
185 239
186 282
187 285
187 236
187 228
187 269
188 247
188 193
188 284
188 256
189 265
189 292
189 288
189 287
190 293
190 249
190 281
190 290
191 267
191 299
191 196
191 248
192 230
192 272
192 231
193 284
193 237
193 266
193 229
193 243
193 247
193 256
194 285
194 228
194 202
194 239
195 259
195 265
195 288
195 300
195 254
195 241
196 264
196 267
197 270
197 275
197 276
197 291
197 295
198 286
198 198
198 295
198 275
198 238
199 266
199 199
199 279
199 217
200 261
200 268
200 273
200 280
200 220
200 238
200 258
201 214
201 257
201 218
201 212
201 225
202 290
203 262
203 283
203 284
203 256
203 216
203 237
204 252
204 207
205 279
205 251
205 260
205 257
205 205
205 212
206 266
206 269
206 274
206 278
206 232
206 255
207 242
207 245
207 219
207 226
207 264
208 292
208 213
209 293
209 280
209 220
209 234
209 268
209 273
210 271
210 277
210 297
211 274
211 244
212 257
212 260
212 246
212 259
214 257
214 260
214 279
214 251
214 231
215 260
215 240
215 279
215 257
215 253
216 216
216 242
217 269
217 232
217 217
217 218
217 227
218 288
218 230
219 245
219 252
219 282
220 273
220 224
221 277
221 281
221 297
221 293
221 240
222 242
222 237
222 296
222 298
222 264
222 276
224 280
224 234
224 261
224 224
225 261
225 273
225 280
226 245
226 278
227 274
227 232
228 285
228 236
229 283
229 237
229 299
230 266
230 289
230 255
230 232
231 290
232 269
232 278
233 261
233 280
233 238
233 234
234 273
235 235
238 268
238 280
240 260
240 257
240 251
241 265
241 292
241 250
243 262
243 283
243 243
243 263
244 244
245 265
245 252
245 257
246 279
247 262
247 284
247 283
247 298
248 298
248 272
248 282
249 271
249 297
249 293
250 265
250 288
250 292
250 300
250 250
252 277
253 270
253 275
253 286
253 291
253 276
254 300
254 292
254 254
255 269
255 278
255 274
256 262
256 283
257 279
257 260
258 258
258 272
258 290
259 292
259 259
259 288
260 279
261 268
261 280
262 284
263 291
263 295
264 298
264 281
264 296
265 300
265 272
266 269
266 289
266 274
267 267
267 299
267 296
269 274
269 278
269 294
269 289
270 291
270 286
270 275
270 278
271 281
271 294
271 293
272 282
272 272
273 293
274 274
274 278
275 276
276 276
276 295
277 277
277 293
277 297
278 278
278 293
279 286
281 293
281 294
281 297
282 290
283 283
283 291
283 284
285 288
286 291
287 292
288 292
289 289
291 295
293 297
295 298
296 296
298 299
