400 2466
1 344
1 50
1 122
1 301
1 202
1 262
1 302
1 305
1 239
1 352
1 339
1 384
1 395
2 2
2 64
2 3
2 117
2 42
2 198
2 45
2 61
2 384
2 34
2 176
2 185
2 314
2 322
2 196
2 206
2 95
2 113
3 248
3 103
3 350
3 314
3 45
3 223
3 113
3 196
3 89
3 153
3 176
3 185
3 61
3 198
3 206
3 214
3 156
4 264
4 244
4 89
4 102
4 205
4 237
4 260
4 15
4 360
4 225
4 81
4 383
5 137
5 357
5 400
5 249
5 285
5 104
5 121
5 355
5 376
5 117
5 141
5 398
5 276
5 30
6 236
6 282
6 221
6 29
6 8
6 165
6 69
6 263
6 230
6 146
6 140
6 169
6 298
6 208
6 259
7 294
7 341
7 254
7 393
7 25
7 224
7 78
7 346
7 384
7 343
7 278
7 152
7 26
7 51
8 169
8 10
8 8
8 374
8 356
8 236
8 164
8 396
8 154
8 29
8 60
8 57
9 135
9 264
9 15
9 244
9 205
9 68
9 102
9 81
9 210
9 122
9 395
9 146
9 20
10 165
10 56
10 221
10 154
10 270
10 29
10 267
10 263
10 307
10 169
10 374
11 136
11 139
11 327
11 222
11 382
11 63
11 370
11 65
11 114
11 42
11 281
12 227
12 133
12 295
12 145
12 274
12 40
12 369
12 240
12 194
12 239
12 272
12 150
12 253
13 334
13 137
13 398
13 376
13 213
13 147
13 30
13 120
13 288
13 264
14 389
14 207
14 232
14 58
14 243
14 241
14 318
14 299
14 182
14 217
14 304
14 106
14 252
14 381
14 273
15 135
15 102
15 320
15 244
15 359
15 81
15 308
15 91
15 146
15 197
15 205
16 130
16 386
16 387
16 378
16 99
16 110
16 92
16 96
16 27
16 363
16 70
16 225
16 227
16 380
17 316
17 35
17 85
17 67
17 313
17 323
17 105
17 275
17 17
17 190
17 347
17 375
18 221
18 259
18 246
18 319
18 118
18 178
18 54
18 76
18 367
18 287
18 159
18 177
18 183
18 66
18 212
19 130
19 386
19 156
19 70
19 149
19 99
19 265
19 261
19 225
19 63
19 385
20 135
20 395
20 146
20 244
20 102
20 260
20 237
20 89
20 83
20 308
20 210
21 278
21 334
21 25
21 345
21 254
21 172
21 294
21 354
21 201
21 79
21 224
21 384
22 129
22 266
22 144
22 369
22 22
22 295
22 142
22 240
22 175
22 155
23 65
23 370
23 397
23 309
23 209
23 396
23 94
23 220
23 366
23 141
23 168
23 297
23 72
23 77
24 325
24 396
24 72
24 397
24 283
24 124
24 157
24 309
24 291
24 318
24 160
24 366
25 251
25 131
25 278
25 152
25 342
25 26
25 393
25 232
26 311
26 393
26 342
26 152
26 36
26 278
26 201
26 345
26 348
26 161
26 254
27 149
27 110
27 225
27 167
27 217
27 119
27 99
27 130
27 290
27 156
27 378
27 380
28 235
28 398
28 269
28 147
28 276
28 213
28 234
28 288
28 28
28 285
28 121
28 376
29 282
29 174
29 60
29 230
29 267
29 263
29 77
29 164
29 221
30 35
30 269
30 285
30 376
30 249
30 104
30 288
30 41
30 365
31 283
31 309
31 397
31 255
31 41
31 168
31 94
31 97
31 157
31 377
31 160
31 291
31 37
31 307
31 220
32 172
32 257
32 132
32 268
32 32
32 85
32 275
32 330
32 84
32 52
32 313
32 204
33 399
33 271
33 284
33 373
33 151
33 372
33 171
33 245
33 385
33 86
33 170
34 315
34 214
34 187
34 61
34 34
34 45
34 206
34 173
34 176
34 314
34 196
34 198
34 350
34 117
35 56
35 257
35 275
35 85
35 116
35 132
35 204
35 313
35 52
35 186
35 188
35 190
35 123
36 152
36 161
36 78
36 280
36 224
36 384
36 346
36 201
36 157
36 303
36 354
36 61
37 160
37 291
37 157
37 72
37 209
37 255
37 297
37 97
37 266
37 41
37 309
38 391
38 143
38 51
38 79
38 125
38 166
38 87
38 47
38 335
38 134
38 321
38 329
38 108
38 377
39 138
39 189
39 391
39 62
39 180
39 55
39 166
39 226
39 79
39 81
39 321
39 329
40 305
40 54
40 243
40 290
40 390
40 394
40 155
40 266
40 59
40 240
40 128
41 268
41 160
41 291
41 94
41 307
41 41
41 297
41 209
41 97
42 391
42 153
42 196
42 45
42 214
42 322
42 61
42 283
42 185
42 187
42 100
43 162
43 163
43 43
43 333
43 324
43 332
43 296
43 315
43 377
43 44
43 80
43 362
43 368
43 366
44 358
44 332
44 192
44 80
44 250
44 59
44 362
44 306
44 115
45 176
45 314
45 187
45 322
45 153
45 146
45 206
45 248
46 111
46 385
46 392
46 399
46 271
46 277
46 151
46 46
46 356
46 71
46 352
46 245
46 121
47 161
47 143
47 321
47 180
47 166
47 108
47 125
47 335
47 357
47 51
47 87
47 226
47 363
47 91
48 164
48 138
48 300
48 321
48 79
48 329
48 87
48 143
48 48
48 226
48 108
48 125
49 299
49 207
49 317
49 84
49 247
49 58
49 134
49 289
49 232
49 158
49 181
49 83
49 153
50 262
50 293
50 173
50 301
50 305
50 302
50 73
50 122
50 390
50 86
50 344
50 231
51 391
51 138
51 166
51 79
51 87
51 189
51 363
51 108
52 152
52 275
52 330
52 313
52 186
52 67
52 258
52 79
52 85
52 375
52 226
52 149
53 262
53 136
53 114
53 281
53 75
53 139
53 336
53 148
53 370
53 290
53 312
53 65
53 328
53 337
53 353
53 233
54 159
54 178
54 183
54 212
54 351
54 319
54 193
54 246
54 82
54 93
55 263
55 143
55 377
55 180
55 189
55 363
55 55
55 297
55 321
55 133
56 356
56 298
56 174
56 164
56 154
56 140
56 169
56 69
56 60
56 229
56 222
57 289
57 381
57 243
57 134
57 304
57 252
57 299
57 241
57 83
57 84
57 257
58 182
58 195
58 247
58 134
58 232
58 318
58 304
58 303
58 317
59 381
59 296
59 203
59 343
59 306
59 93
59 59
59 215
59 332
59 333
59 103
60 267
60 270
60 154
60 165
60 236
60 221
60 294
60 208
60 374
60 320
60 198
60 170
61 176
61 248
61 223
61 214
61 95
61 64
61 198
61 100
61 113
62 138
62 143
62 166
62 108
62 377
62 180
62 292
62 79
62 280
62 226
63 148
63 281
63 63
63 371
63 136
63 109
63 112
63 317
63 327
63 328
63 370
64 314
64 187
64 117
64 185
64 176
64 103
64 64
64 196
64 198
64 214
65 281
65 312
65 107
65 382
65 328
65 388
65 148
65 336
65 228
65 114
66 259
66 212
66 159
66 82
66 98
66 193
66 246
66 177
66 384
66 349
66 367
67 202
67 371
67 126
67 257
67 258
67 132
67 268
67 190
67 323
67 88
67 347
68 260
68 135
68 102
68 81
68 244
68 264
68 211
68 395
68 174
68 197
68 210
68 359
68 383
69 263
69 164
69 298
69 69
69 140
69 236
69 182
69 229
69 230
69 288
70 130
70 386
70 265
70 149
70 70
70 175
70 330
70 217
70 96
70 110
71 76
71 399
71 277
71 284
71 171
71 310
71 245
71 273
71 188
71 352
72 396
72 157
72 297
72 160
72 94
72 97
72 273
72 366
73 302
73 218
73 305
73 73
73 242
73 379
73 86
73 276
74 260
74 264
74 308
74 320
74 197
74 395
74 89
74 237
74 359
74 193
74 205
74 211
75 312
75 222
75 228
75 281
75 371
75 109
75 136
75 327
75 261
75 336
76 356
76 259
76 159
76 325
76 351
76 199
76 82
76 200
76 340
76 215
76 104
77 252
77 124
77 309
77 168
77 94
77 307
77 361
77 243
77 209
77 220
78 278
78 161
78 172
78 354
78 131
78 152
78 334
78 132
78 345
79 166
79 300
79 180
79 213
80 158
80 343
80 362
80 333
80 93
80 324
80 368
80 385
80 250
81 340
81 260
81 135
81 264
81 308
81 162
81 383
82 199
82 183
82 159
82 200
82 325
82 98
82 222
82 340
82 351
82 101
82 343
82 313
82 96
83 389
83 289
83 304
83 299
83 318
83 241
83 232
83 201
83 106
83 252
84 134
84 389
84 289
84 182
84 317
84 195
84 241
84 343
84 235
84 108
84 291
85 257
85 275
85 330
85 313
85 85
85 88
86 302
86 184
86 339
86 122
86 231
86 90
86 173
86 282
87 180
87 189
87 335
87 300
87 321
87 141
88 275
88 186
88 375
88 258
88 88
88 316
88 325
88 105
88 179
89 135
89 264
89 146
89 308
89 244
89 197
89 323
89 217
90 311
90 302
90 239
90 344
90 122
90 262
90 115
90 173
90 208
90 271
90 277
91 287
91 129
91 390
91 142
91 144
91 274
91 155
91 331
91 128
92 130
92 156
92 217
92 149
92 233
92 387
92 378
92 99
92 255
93 163
93 332
93 315
93 111
93 192
93 324
93 362
93 250
93 119
94 397
94 283
94 160
94 297
94 220
94 97
95 185
95 187
95 198
95 214
95 223
95 176
95 103
95 289
96 173
96 201
96 214
96 156
96 130
96 227
96 110
96 225
96 233
97 396
97 157
97 168
97 124
97 390
98 259
98 177
98 178
98 200
98 340
98 349
98 159
98 384
98 101
98 246
99 130
99 175
99 387
99 167
99 386
99 249
99 233
100 322
100 113
100 187
100 223
100 248
100 314
100 350
100 384
101 177
101 183
101 340
101 215
101 199
101 200
101 178
101 364
102 346
102 395
102 244
102 211
102 134
102 383
103 383
103 176
103 322
103 350
103 103
103 113
104 163
104 205
104 261
104 137
104 141
104 398
104 216
105 258
105 316
105 323
105 188
105 132
105 268
105 347
105 264
106 389
106 181
106 182
106 252
106 241
106 232
106 247
106 133
106 235
106 381
107 388
107 136
107 139
107 336
107 228
107 371
107 222
107 112
107 177
107 109
107 212
108 138
108 166
108 300
108 363
109 229
109 136
109 139
109 336
109 353
109 327
109 121
109 131
109 177
110 260
110 387
110 265
110 227
110 156
110 396
110 219
111 158
111 162
111 296
111 324
111 368
111 163
111 192
111 315
112 148
112 327
112 336
112 353
112 312
112 222
112 139
112 385
112 303
113 203
113 187
113 248
113 350
113 230
114 388
114 148
114 327
114 281
114 382
114 371
114 220
115 262
115 238
115 242
115 122
115 115
115 184
115 379
115 210
115 251
115 266
116 313
116 188
116 316
116 323
116 347
116 268
116 116
116 335
117 153
117 187
117 196
117 214
117 185
117 176
117 274
118 259
118 193
118 200
118 340
118 212
118 215
118 351
118 325
118 347
119 136
119 261
119 265
119 225
119 227
119 378
119 156
119 130
119 380
120 302
120 134
120 121
120 141
120 120
120 269
120 219
120 170
120 234
121 276
121 213
121 269
121 249
121 365
122 293
122 302
122 305
122 184
122 238
122 242
122 251
123 341
123 258
123 188
123 316
123 204
123 375
123 257
123 268
123 177
123 147
124 397
124 309
124 220
124 361
124 291
124 157
124 319
125 391
125 138
125 292
125 166
125 180
125 335
125 255
126 162
126 296
126 192
126 324
126 364
126 348
126 203
126 362
126 368
127 133
127 266
127 144
127 150
127 155
127 369
127 394
127 274
127 240
127 385
128 129
128 133
128 394
128 142
128 194
128 128
128 281
129 155
129 129
129 295
129 390
129 253
129 352
129 266
129 145
129 274
129 331
130 225
130 217
130 233
130 256
130 267
130 378
131 342
131 201
131 345
131 393
131 334
131 346
131 161
131 354
131 294
131 341
132 257
132 258
132 190
132 186
132 323
132 330
132 246
132 316
132 347
133 194
133 286
133 272
133 145
133 142
133 331
134 281
134 247
134 195
134 232
134 317
134 134
134 241
134 299
134 182
134 252
134 138
135 260
135 244
135 320
135 360
135 368
135 395
135 211
135 176
136 312
136 337
136 136
136 139
136 148
136 353
136 370
136 296
137 276
137 357
137 376
137 400
137 141
137 234
137 311
137 147
137 355
138 166
138 363
138 329
138 292
138 300
138 357
139 328
139 337
139 228
139 371
139 139
139 327
140 263
140 221
140 229
140 169
140 267
140 282
140 270
140 154
140 239
140 356
140 322
141 400
141 276
141 234
141 288
141 219
141 232
141 285
141 213
142 266
142 145
142 274
142 295
142 155
142 142
142 144
143 293
143 189
143 329
143 335
143 363
143 292
143 210
144 394
144 266
144 272
144 144
144 353
144 155
144 286
144 240
145 258
145 300
145 390
145 394
145 286
145 244
145 272
145 295
146 260
146 146
146 205
146 389
146 308
146 197
146 276
147 398
147 355
147 219
147 365
147 376
147 213
147 216
147 357
148 388
148 328
148 353
148 312
148 222
148 230
148 281
148 337
148 382
149 386
149 265
149 167
149 261
149 217
149 378
150 266
150 274
150 150
150 240
150 272
150 286
150 230
150 369
150 253
151 399
151 392
151 271
151 171
151 290
151 191
151 373
151 372
151 185
151 310
151 326
152 278
152 354
152 384
152 342
152 294
152 254
152 334
152 341
152 346
153 375
153 314
153 350
153 153
153 248
153 196
154 263
154 282
154 236
154 164
154 208
154 343
154 298
154 174
154 230
154 200
155 390
155 253
155 215
155 286
155 369
156 386
156 387
156 227
156 256
156 156
157 270
157 236
157 397
157 168
157 160
157 231
157 307
157 220
158 368
158 158
158 163
158 364
158 358
158 362
158 336
158 162
158 306
158 315
158 203
158 348
159 325
159 215
159 199
159 319
159 200
159 259
159 387
159 178
159 183
159 349
159 326
160 224
160 178
160 283
160 288
160 366
161 169
161 393
161 280
161 254
161 384
161 303
161 342
161 345
161 318
161 197
162 343
162 163
162 250
162 333
162 203
162 314
162 192
162 324
162 348
162 386
163 306
163 163
163 358
163 296
163 333
164 208
164 221
164 356
164 165
164 230
164 174
164 388
164 365
165 282
165 374
165 230
165 165
165 370
166 228
166 189
166 226
166 329
166 361
166 300
166 180
166 321
167 292
167 380
167 387
167 256
167 386
167 261
167 378
167 199
167 175
168 182
168 291
168 396
168 309
168 283
168 392
168 366
169 267
169 282
169 236
169 221
169 208
169 174
169 229
170 392
170 399
170 273
170 279
170 191
170 179
170 284
170 310
170 216
171 273
171 284
171 372
171 373
171 277
171 290
171 285
171 310
172 393
172 280
172 341
172 303
172 224
172 334
172 201
172 346
172 199
173 293
173 173
173 231
173 262
173 251
173 339
173 311
173 302
173 344
174 270
174 208
174 374
174 236
174 298
174 268
174 356
175 386
175 387
175 261
175 175
175 256
175 227
175 264
175 378
175 380
176 185
176 198
176 248
177 319
177 349
177 215
177 178
177 200
177 212
178 259
178 246
178 183
178 319
178 325
178 200
178 289
179 392
179 279
179 277
179 373
179 326
179 310
179 399
179 372
179 338
179 245
180 292
180 335
180 189
180 264
180 309
181 182
181 235
181 389
181 299
181 318
181 232
181 247
181 340
181 243
181 252
181 390
182 389
182 289
182 304
182 318
182 195
182 241
183 325
183 351
183 340
183 349
183 320
183 319
183 199
183 367
184 293
184 339
184 379
184 305
184 242
184 231
184 311
184 295
184 202
184 238
184 363
185 333
185 223
185 350
185 322
185 250
185 187
185 198
185 206
186 257
186 258
186 313
186 316
186 204
186 361
186 188
187 223
187 196
187 190
187 350
188 257
188 275
188 323
188 316
188 330
188 381
188 285
189 327
189 391
189 292
189 300
190 268
190 313
190 316
190 330
190 204
190 260
191 319
191 241
191 385
191 279
191 352
191 191
191 269
192 296
192 306
192 315
192 358
192 368
192 192
192 324
192 364
193 193
193 319
193 215
193 325
193 367
193 349
193 238
193 199
193 246
194 367
194 247
194 266
194 240
194 274
194 369
194 340
194 331
195 389
195 317
195 318
195 247
195 235
195 216
195 243
196 223
196 259
196 206
196 214
197 395
197 264
197 210
197 244
197 260
197 211
197 237
197 352
198 248
199 259
199 325
199 319
199 246
199 349
199 200
199 212
199 215
199 351
200 259
200 325
200 212
200 340
200 297
201 379
201 393
201 278
201 280
201 341
202 262
202 302
202 293
202 202
202 379
202 311
202 218
202 251
203 203
203 332
203 333
203 315
203 368
203 348
203 359
204 246
204 257
204 268
204 323
204 255
205 264
205 395
205 308
205 237
205 211
205 360
205 383
206 342
206 314
206 350
206 347
207 239
207 294
207 299
207 318
207 289
207 241
207 232
207 398
207 307
208 267
208 270
208 364
208 229
208 374
209 378
209 397
209 255
209 307
209 209
209 366
210 264
210 320
210 360
210 237
210 256
210 383
211 264
211 320
211 383
211 308
211 295
211 397
212 349
212 215
213 219
213 398
213 216
213 400
213 234
214 223
215 319
215 314
216 400
216 285
216 249
216 355
216 288
216 276
217 386
217 387
217 265
217 361
218 262
218 302
218 231
218 379
218 218
218 238
218 234
218 242
218 251
218 393
219 389
219 392
219 276
219 376
219 398
219 365
220 283
220 307
220 352
221 298
221 263
222 281
222 327
222 337
222 312
222 222
222 353
222 371
223 322
223 314
223 302
223 248
224 278
224 280
224 294
224 254
224 346
225 261
225 256
225 282
225 233
226 391
226 292
226 321
226 377
227 238
227 386
227 265
227 233
228 327
228 328
228 337
228 353
228 312
228 336
228 394
229 267
229 270
229 282
229 298
229 306
229 323
230 267
230 298
230 374
230 235
230 232
231 293
231 301
231 311
231 344
231 271
232 299
233 386
233 387
233 256
234 355
234 357
234 234
234 365
235 317
235 304
235 241
235 318
235 329
236 270
236 282
236 355
237 264
237 395
237 360
237 262
238 262
238 293
238 301
238 251
238 344
238 239
239 262
239 301
239 305
239 311
239 344
239 302
239 242
239 249
240 390
240 272
240 331
240 388
240 253
242 305
242 293
242 344
242 341
242 284
243 304
243 243
243 289
243 247
243 381
243 372
244 320
244 359
245 273
245 287
245 290
245 277
245 338
245 378
246 259
246 351
247 304
247 318
247 252
247 381
248 388
249 269
249 355
249 249
250 296
250 358
250 364
250 332
250 315
250 388
251 262
251 251
252 289
252 304
253 394
253 266
253 331
253 369
253 343
254 303
254 345
254 354
254 262
254 384
255 267
255 396
255 307
255 309
256 386
256 261
256 265
256 378
256 380
257 330
257 258
257 275
258 375
258 323
258 347
258 316
258 376
260 339
260 360
260 260
260 308
260 320
261 380
261 265
261 261
262 302
262 311
262 344
262 274
263 270
263 267
263 263
263 298
263 282
263 356
263 374
264 324
264 360
265 386
265 387
265 325
266 286
266 295
266 274
267 267
267 356
268 347
268 313
268 323
268 375
268 275
269 269
269 365
269 398
269 288
269 333
270 298
270 278
271 280
271 385
271 399
271 273
271 310
271 373
272 390
272 394
272 274
272 286
272 346
272 295
272 331
272 369
273 299
273 287
273 273
273 279
273 326
273 338
274 286
274 331
275 275
275 297
275 375
276 398
276 357
276 355
276 376
276 283
277 336
277 385
277 399
277 338
277 326
277 290
277 373
277 284
277 352
278 280
278 303
278 334
278 345
279 284
279 385
279 326
279 372
279 392
279 395
279 295
280 393
280 303
280 280
280 342
281 388
281 353
281 337
281 371
281 312
281 328
281 336
282 356
282 385
282 298
283 368
283 396
283 397
284 347
284 392
284 385
284 287
284 310
284 373
285 400
285 288
285 365
285 355
286 369
286 375
287 392
287 399
287 326
287 352
287 372
287 290
287 338
288 398
288 400
288 376
288 355
288 357
288 365
289 289
289 381
289 318
289 299
290 392
290 399
290 338
291 399
291 366
291 291
292 363
292 391
292 321
292 335
292 300
293 344
293 293
293 301
293 311
293 339
293 379
294 342
294 294
294 341
294 354
295 331
296 306
296 324
296 333
296 348
297 398
297 396
297 397
297 309
297 366
298 367
298 330
299 317
299 381
299 304
300 364
300 391
300 377
300 321
300 329
301 311
301 305
301 339
301 301
301 379
302 379
302 305
302 311
303 342
303 393
303 346
303 334
303 345
304 389
304 304
304 381
304 357
305 311
305 339
305 344
305 379
306 332
306 348
306 315
306 362
306 324
306 358
307 353
307 397
307 361
308 308
308 359
309 361
310 399
310 326
310 354
311 339
311 369
312 388
312 327
312 370
312 312
313 348
313 323
313 375
314 314
314 350
315 358
315 368
315 333
315 343
315 332
315 324
316 363
316 330
317 318
317 317
318 345
319 367
319 340
319 325
319 349
319 358
319 387
320 359
320 383
320 331
321 335
321 375
322 324
322 350
323 330
323 347
324 343
324 358
324 362
325 367
326 385
326 373
327 382
328 382
328 371
328 364
329 391
329 377
331 390
332 333
332 332
332 348
333 364
333 358
334 334
334 341
334 346
335 391
335 400
336 337
336 371
337 388
337 382
337 343
338 392
338 399
338 372
338 385
338 346
339 344
339 379
340 351
341 393
342 393
343 362
343 368
343 396
344 361
345 384
345 354
346 393
346 384
346 354
347 375
348 348
349 398
349 367
350 350
351 367
351 351
352 385
352 392
352 372
352 373
353 388
353 370
353 382
353 380
354 390
356 374
357 398
358 400
359 395
359 360
359 383
359 373
360 395
360 361
361 396
361 397
362 364
362 366
363 377
363 391
364 374
364 368
365 400
369 390
370 388
370 382
371 388
372 392
377 391
377 400
380 380
381 389
382 394
384 393
385 392
387 387
389 389
391 391
394 394
