400 5714
1 342
1 369
1 329
1 373
1 168
1 119
1 92
1 39
1 312
1 1
1 71
1 325
1 213
1 162
1 362
1 64
1 346
1 12
1 352
1 157
1 167
1 125
1 97
1 4
1 135
1 319
1 290
2 89
2 330
2 244
2 2
2 380
2 61
2 160
2 72
2 294
2 234
2 237
2 228
2 141
2 382
2 187
2 390
2 291
2 134
2 339
2 274
2 87
2 265
2 190
2 111
2 263
2 306
2 309
2 70
3 279
3 90
3 360
3 371
3 262
3 74
3 321
3 216
3 365
3 100
3 318
3 51
3 190
3 315
3 41
3 199
3 364
3 313
3 257
3 179
3 101
3 3
3 170
3 232
3 158
3 83
3 217
3 88
3 253
3 309
3 260
4 259
4 44
4 379
4 189
4 124
4 370
4 343
4 344
4 48
4 122
4 224
4 310
4 96
4 323
4 45
4 99
4 133
4 265
4 97
4 178
4 242
4 69
4 222
4 246
4 208
4 288
5 28
5 249
5 205
5 118
5 256
5 348
5 149
5 299
5 5
5 159
5 156
5 29
5 356
5 266
5 38
5 277
5 184
5 30
5 357
5 89
5 154
5 302
5 244
5 325
5 140
5 273
5 174
5 347
5 350
6 56
6 137
6 196
6 303
6 396
6 231
6 113
6 241
6 6
6 280
6 247
6 361
6 105
6 8
6 185
6 285
6 76
6 32
6 230
6 332
6 26
6 63
6 340
6 51
6 180
6 194
6 197
6 338
6 373
7 129
7 261
7 85
7 7
7 103
7 333
7 137
7 400
7 93
7 22
7 369
7 182
7 117
7 397
7 172
7 353
7 145
7 28
7 221
7 376
7 215
7 141
7 354
7 73
7 11
7 24
7 283
7 9
8 176
8 109
8 190
8 205
8 356
8 270
8 230
8 245
8 338
8 26
8 231
8 197
8 105
8 152
8 32
8 247
8 185
8 285
8 8
8 241
8 279
8 290
8 28
8 396
8 303
8 180
8 194
8 196
8 332
8 76
8 361
8 113
8 166
8 304
9 69
9 130
9 330
9 227
9 374
9 86
9 106
9 218
9 98
9 316
9 150
9 366
9 43
9 236
9 377
9 314
9 301
9 327
9 351
9 9
9 340
9 289
9 32
9 13
9 171
9 104
9 208
10 295
10 142
10 10
10 170
10 19
10 211
10 225
10 35
10 232
10 116
10 107
10 147
10 79
10 78
10 15
10 354
10 235
10 251
10 341
10 394
10 127
10 299
10 271
10 128
10 375
10 123
10 254
10 247
11 381
11 129
11 261
11 137
11 22
11 172
11 215
11 11
11 103
11 24
11 400
11 353
11 221
11 397
11 145
11 85
11 93
11 84
11 369
11 376
11 335
11 157
11 124
11 283
11 182
11 333
11 352
12 63
12 19
12 135
12 80
12 64
12 325
12 373
12 157
12 362
12 346
12 119
12 329
12 213
12 167
12 39
12 12
12 312
12 255
12 71
12 173
12 86
12 111
12 165
12 162
12 352
13 259
13 354
13 130
13 171
13 377
13 327
13 366
13 195
13 98
13 218
13 209
13 104
13 351
13 227
13 236
13 314
13 86
13 330
13 340
13 301
13 43
13 178
13 174
13 166
13 150
13 316
13 374
13 60
14 315
14 195
14 387
14 136
14 223
14 355
14 165
14 177
14 336
14 264
14 363
14 324
14 293
14 220
14 399
14 252
14 20
14 202
14 110
14 36
14 25
14 311
14 364
14 398
14 35
14 304
14 91
14 238
14 243
15 394
15 142
15 232
15 170
15 116
15 19
15 341
15 375
15 147
15 15
15 79
15 35
15 295
15 251
15 107
15 123
15 354
15 235
15 211
15 82
15 76
15 69
15 274
15 254
16 400
16 353
16 234
16 300
16 260
16 68
16 334
16 16
16 368
16 214
16 181
16 290
16 297
16 331
16 201
16 367
16 62
16 81
16 200
16 296
16 67
16 194
16 230
16 351
16 286
16 163
16 222
17 389
17 395
17 138
17 267
17 143
17 271
17 125
17 335
17 307
17 17
17 114
17 381
17 18
17 269
17 56
17 95
17 55
17 126
17 109
17 212
17 281
17 273
17 327
17 162
17 284
17 42
17 121
17 173
17 163
18 389
18 395
18 138
18 267
18 271
18 55
18 281
18 56
18 307
18 143
18 42
18 176
18 114
18 269
18 109
18 381
18 335
18 284
18 121
18 125
18 126
18 396
18 278
18 86
18 212
18 95
18 112
19 388
19 199
19 394
19 142
19 341
19 225
19 107
19 116
19 232
19 35
19 79
19 123
19 147
19 254
19 82
19 235
19 78
19 127
19 211
19 19
19 128
19 295
19 170
19 251
19 375
19 247
19 181
20 287
20 259
20 211
20 314
20 136
20 399
20 177
20 293
20 355
20 202
20 25
20 238
20 220
20 363
20 387
20 324
20 264
20 208
20 336
20 36
20 110
20 189
20 249
20 389
20 165
20 304
20 91
20 223
21 398
21 276
21 342
21 52
21 192
21 90
21 169
21 120
21 46
21 328
21 21
21 148
21 164
21 305
21 207
21 198
21 322
21 326
21 360
21 188
21 183
21 312
21 346
21 236
21 47
21 210
21 266
22 52
22 137
22 400
22 145
22 215
22 353
22 261
22 28
22 84
22 103
22 333
22 22
22 369
22 397
22 85
22 93
22 182
22 172
22 24
22 60
22 380
22 220
22 221
22 376
22 154
22 317
22 370
23 385
23 278
23 75
23 300
23 372
23 302
23 131
23 23
23 275
23 58
23 288
23 383
23 161
23 60
23 345
23 77
23 191
23 166
23 239
23 248
23 233
23 44
23 150
23 54
23 34
23 136
23 363
24 395
24 129
24 261
24 137
24 397
24 400
24 145
24 103
24 24
24 353
24 85
24 376
24 117
24 182
24 172
24 283
24 333
24 215
24 226
24 144
24 163
24 28
24 221
24 89
24 162
24 72
24 264
25 41
25 97
25 99
25 327
25 387
25 136
25 264
25 399
25 25
25 208
25 293
25 311
25 165
25 177
25 304
25 238
25 355
25 336
25 363
25 367
25 54
25 85
25 36
25 324
25 91
25 220
25 223
26 212
26 156
26 370
26 152
26 180
26 303
26 245
26 231
26 105
26 247
26 76
26 361
26 113
26 285
26 197
26 332
26 32
26 196
26 194
26 396
26 317
26 238
26 177
26 185
26 338
26 241
26 239
27 333
27 347
27 258
27 132
27 391
27 139
27 272
27 146
27 151
27 112
27 37
27 27
27 175
27 193
27 358
27 111
27 270
27 49
27 246
27 186
27 349
27 298
27 164
27 136
27 128
27 135
28 94
28 129
28 261
28 397
28 145
28 283
28 85
28 400
28 117
28 103
28 172
28 221
28 84
28 182
28 333
28 353
28 28
28 369
28 341
28 136
28 376
28 162
28 228
28 372
29 266
29 140
29 273
29 277
29 154
29 29
29 184
29 30
29 174
29 299
29 356
29 149
29 118
29 357
29 159
29 38
29 89
29 256
29 348
29 347
29 189
29 264
29 217
29 317
29 350
29 372
30 149
30 154
30 156
30 357
30 277
30 205
30 317
30 347
30 266
30 140
30 30
30 273
30 256
30 348
30 159
30 356
30 184
30 38
30 299
30 389
30 234
30 81
30 174
30 89
30 118
30 191
31 388
31 393
31 279
31 153
31 282
31 287
31 33
31 102
31 229
31 320
31 73
31 59
31 40
31 31
31 292
31 226
31 386
31 359
31 206
31 57
31 250
31 397
31 260
31 251
31 54
31 65
31 66
31 203
31 88
31 303
31 373
31 334
32 122
32 396
32 280
32 152
32 285
32 230
32 247
32 194
32 245
32 231
32 241
32 32
32 185
32 180
32 76
32 338
32 105
32 197
32 187
32 163
32 141
32 303
32 196
32 113
32 316
32 222
33 386
33 388
33 279
33 153
33 282
33 287
33 320
33 66
33 203
33 33
33 73
33 292
33 57
33 59
33 393
33 229
33 102
33 54
33 226
33 250
33 253
33 81
33 268
33 40
33 65
33 206
33 185
34 397
34 127
34 385
34 131
34 268
34 144
34 275
34 288
34 161
34 302
34 58
34 239
34 300
34 248
34 60
34 233
34 383
34 278
34 77
34 219
34 372
34 326
34 210
34 135
34 166
34 75
34 345
35 394
35 142
35 147
35 251
35 35
35 78
35 225
35 116
35 232
35 375
35 354
35 254
35 82
35 107
35 79
35 123
35 341
35 127
35 329
35 180
35 362
35 295
35 170
35 211
36 189
36 344
36 141
36 387
36 136
36 399
36 91
36 202
36 264
36 165
36 336
36 311
36 110
36 363
36 36
36 220
36 324
36 238
36 56
36 367
36 126
36 293
36 208
36 223
36 355
36 252
37 258
37 132
37 391
37 139
37 270
37 272
37 151
37 155
37 289
37 349
37 111
37 37
37 108
37 112
37 358
37 240
37 204
37 146
37 175
37 186
37 68
37 165
37 72
37 49
37 193
37 246
37 142
37 197
37 80
37 50
38 266
38 140
38 277
38 149
38 154
38 156
38 159
38 356
38 184
38 357
38 348
38 317
38 256
38 118
38 38
38 89
38 174
38 299
38 138
38 49
38 173
38 205
38 347
38 350
38 108
39 46
39 348
39 135
39 157
39 168
39 92
39 312
39 167
39 39
39 255
39 378
39 346
39 325
39 352
39 80
39 362
39 64
39 213
39 329
39 152
39 89
39 172
39 173
39 71
39 373
39 119
40 386
40 393
40 279
40 153
40 282
40 287
40 292
40 40
40 59
40 206
40 359
40 388
40 54
40 203
40 226
40 229
40 102
40 320
40 65
40 179
40 272
40 132
40 57
40 66
40 250
40 335
40 84
40 189
40 128
40 231
40 373
41 284
41 257
41 158
41 190
41 365
41 216
41 101
41 318
41 74
41 253
41 313
41 315
41 100
41 88
41 179
41 217
41 249
41 371
41 199
41 364
41 83
41 106
41 348
41 51
41 321
41 312
42 389
42 395
42 138
42 267
42 269
42 271
42 281
42 284
42 114
42 212
42 335
42 95
42 109
42 126
42 56
42 307
42 176
42 125
42 121
42 55
42 303
42 378
42 326
42 381
42 163
43 224
43 246
43 78
43 76
43 130
43 150
43 171
43 374
43 86
43 98
43 330
43 195
43 209
43 218
43 316
43 106
43 340
43 314
43 327
43 351
43 184
43 81
43 160
43 104
43 366
43 377
43 165
44 283
44 172
44 154
44 259
44 265
44 242
44 44
44 45
44 323
44 178
44 99
44 224
44 133
44 370
44 96
44 337
44 69
44 122
44 189
44 344
44 113
44 249
44 57
44 48
44 310
44 63
44 97
44 124
44 294
45 259
45 133
45 323
45 310
45 178
45 344
45 99
45 224
45 97
45 189
45 265
45 337
45 63
45 124
45 69
45 45
45 343
45 96
45 122
45 366
45 168
45 364
45 48
45 370
45 242
45 196
45 380
46 398
46 276
46 148
46 164
46 169
46 360
46 326
46 192
46 52
46 328
46 198
46 47
46 53
46 207
46 46
46 120
46 305
46 322
46 90
46 183
46 83
46 382
46 188
46 342
46 94
46 84
47 398
47 276
47 148
47 192
47 169
47 94
47 210
47 326
47 360
47 90
47 120
47 47
47 52
47 188
47 53
47 198
47 322
47 305
47 183
47 357
47 140
47 340
47 328
47 207
47 342
47 159
47 301
47 351
47 70
48 145
48 259
48 133
48 265
48 379
48 323
48 69
48 48
48 224
48 370
48 344
48 337
48 96
48 63
48 310
48 99
48 343
48 178
48 156
48 290
48 74
48 189
48 122
48 124
48 332
49 322
49 95
49 258
49 391
49 139
49 270
49 151
49 155
49 289
49 175
49 358
49 132
49 108
49 111
49 349
49 49
49 146
49 204
49 133
49 356
49 195
49 240
49 246
49 128
49 255
49 209
50 321
50 132
50 108
50 64
50 327
50 134
50 390
50 141
50 274
50 160
50 306
50 234
50 50
50 319
50 244
50 237
50 263
50 228
50 187
50 70
50 382
50 293
50 77
50 309
50 61
50 72
50 87
50 380
51 117
51 262
51 158
51 315
51 88
51 253
51 51
51 190
51 179
51 371
51 83
51 216
51 100
51 249
51 101
51 217
51 321
51 364
51 257
51 147
51 348
51 208
51 313
51 318
51 199
51 74
51 396
51 241
51 275
52 398
52 276
52 148
52 164
52 120
52 360
52 210
52 94
52 52
52 207
52 198
52 192
52 342
52 183
52 328
52 188
52 169
52 326
52 278
52 270
52 53
52 322
52 291
52 296
53 276
53 148
53 164
53 169
53 305
53 192
53 210
53 94
53 183
53 207
53 120
53 328
53 398
53 90
53 322
53 188
53 326
53 342
53 53
53 293
53 157
53 198
53 360
53 123
53 71
53 319
53 244
54 386
54 388
54 393
54 279
54 153
54 282
54 287
54 102
54 229
54 65
54 54
54 73
54 320
54 292
54 57
54 206
54 66
54 59
54 134
54 375
54 77
54 226
54 359
54 250
54 121
54 216
54 197
54 106
55 206
55 138
55 269
55 143
55 271
55 281
55 284
55 56
55 212
55 176
55 109
55 55
55 395
55 121
55 267
55 95
55 335
55 307
55 69
55 123
55 158
55 381
55 125
55 126
55 103
55 361
56 389
56 138
56 267
56 269
56 143
56 271
56 281
56 284
56 125
56 126
56 381
56 395
56 95
56 335
56 56
56 121
56 109
56 396
56 107
56 114
56 371
56 235
57 386
57 393
57 279
57 153
57 292
57 229
57 206
57 282
57 65
57 226
57 66
57 203
57 359
57 388
57 59
57 320
57 57
57 362
57 389
57 323
57 102
57 289
57 123
57 92
57 387
58 265
58 344
58 245
58 131
58 268
58 144
58 278
58 288
58 161
58 166
58 191
58 385
58 383
58 275
58 60
58 219
58 248
58 345
58 302
58 300
58 348
58 172
58 177
58 77
58 239
58 220
59 386
59 393
59 279
59 282
59 287
59 66
59 203
59 320
59 359
59 229
59 73
59 206
59 292
59 388
59 250
59 153
59 65
59 382
59 84
59 155
59 102
59 228
59 233
60 305
60 176
60 199
60 385
60 131
60 268
60 144
60 275
60 161
60 300
60 302
60 288
60 60
60 239
60 77
60 248
60 278
60 116
60 344
60 191
60 219
60 233
60 383
61 360
61 134
61 263
61 274
61 294
61 306
61 237
61 141
61 390
61 160
61 319
61 339
61 244
61 87
61 291
61 382
61 72
61 228
61 70
61 187
61 112
61 222
61 190
61 234
62 269
62 195
62 293
62 260
62 290
62 163
62 296
62 297
62 308
62 115
62 243
62 201
62 200
62 62
62 384
62 222
62 331
62 67
62 368
62 367
62 80
62 175
62 213
62 214
63 183
63 259
63 133
63 265
63 310
63 189
63 370
63 96
63 97
63 99
63 379
63 122
63 343
63 337
63 178
63 63
63 224
63 124
63 361
63 82
63 323
63 69
63 344
63 218
63 374
63 75
64 135
64 157
64 162
64 167
64 168
64 173
64 312
64 373
64 352
64 378
64 213
64 119
64 362
64 329
64 71
64 346
64 255
64 298
64 80
64 175
64 225
64 325
64 291
65 386
65 388
65 393
65 279
65 153
65 282
65 287
65 320
65 229
65 206
65 292
65 250
65 66
65 226
65 73
65 359
65 272
65 311
65 241
65 203
65 102
65 335
65 184
65 197
65 218
66 386
66 388
66 393
66 279
66 153
66 282
66 287
66 292
66 102
66 229
66 250
66 226
66 320
66 73
66 206
66 211
66 232
66 115
66 203
66 318
66 349
66 246
66 157
67 254
67 374
67 263
67 260
67 286
67 290
67 296
67 115
67 201
67 214
67 243
67 334
67 331
67 367
67 67
67 297
67 368
67 200
67 308
67 381
67 146
67 349
67 68
67 222
68 215
68 325
68 345
68 372
68 260
68 392
68 286
68 290
68 296
68 297
68 308
68 181
68 81
68 243
68 331
68 214
68 384
68 200
68 201
68 75
68 104
68 116
68 334
69 212
69 259
69 133
69 189
69 323
69 337
69 178
69 122
69 69
69 370
69 224
69 97
69 124
69 96
69 265
69 207
69 211
69 343
69 242
69 379
69 139
70 273
70 205
70 134
70 263
70 141
70 274
70 160
70 291
70 294
70 306
70 309
70 187
70 319
70 70
70 380
70 339
70 72
70 244
70 330
70 231
71 217
71 310
71 135
71 162
71 168
71 298
71 312
71 325
71 71
71 167
71 119
71 80
71 378
71 255
71 173
71 213
71 352
71 78
71 222
71 346
71 92
72 121
72 232
72 338
72 390
72 263
72 141
72 274
72 291
72 306
72 309
72 244
72 187
72 134
72 228
72 294
72 380
72 237
72 225
72 132
72 339
72 87
72 234
72 382
73 386
73 388
73 279
73 153
73 282
73 292
73 320
73 203
73 73
73 206
73 287
73 102
73 229
73 226
73 359
73 211
73 111
73 236
73 250
73 93
73 254
73 115
74 257
74 262
74 313
74 315
74 190
74 318
74 321
74 199
74 179
74 249
74 371
74 88
74 364
74 253
74 100
74 101
74 83
74 217
74 365
74 397
74 222
74 205
74 216
74 87
75 267
75 315
75 329
75 268
75 275
75 278
75 288
75 161
75 300
75 191
75 345
75 248
75 219
75 131
75 239
75 233
75 75
75 166
75 144
75 229
75 277
75 372
75 383
76 396
76 280
76 285
76 180
76 194
76 197
76 230
76 245
76 231
76 113
76 338
76 196
76 241
76 185
76 361
76 76
76 202
76 363
76 105
76 181
77 229
77 283
77 175
77 385
77 131
77 268
77 144
77 275
77 278
77 288
77 300
77 191
77 302
77 345
77 219
77 166
77 120
77 235
77 267
77 233
77 372
77 248
77 136
78 250
78 95
78 190
78 394
78 142
78 147
78 170
78 341
78 235
78 107
78 354
78 116
78 232
78 123
78 375
78 295
78 79
78 251
78 211
78 137
78 181
78 82
78 225
78 127
78 306
78 345
79 148
79 140
79 178
79 394
79 142
79 147
79 295
79 170
79 235
79 225
79 79
79 232
79 254
79 123
79 107
79 82
79 273
79 317
79 318
79 341
79 116
79 152
79 319
79 234
80 284
80 118
80 135
80 167
80 168
80 173
80 312
80 329
80 157
80 373
80 80
80 362
80 325
80 346
80 119
80 213
80 298
80 321
80 328
80 352
80 255
80 150
81 320
81 167
81 260
81 286
81 163
81 297
81 181
81 334
81 214
81 243
81 81
81 368
81 296
81 308
81 331
81 384
81 373
81 361
81 289
81 222
82 164
82 179
82 151
82 142
82 107
82 254
82 232
82 225
82 235
82 127
82 170
82 147
82 251
82 394
82 211
82 375
82 203
82 100
82 193
82 341
82 116
82 219
83 262
83 158
83 179
83 313
83 315
83 190
83 318
83 321
83 199
83 253
83 83
83 365
83 371
83 88
83 100
83 217
83 379
83 129
83 207
83 216
83 101
83 249
84 94
84 120
84 129
84 261
84 137
84 397
84 400
84 145
84 283
84 172
84 182
84 333
84 103
84 84
84 353
84 85
84 117
84 214
84 215
84 221
84 93
85 102
85 129
85 261
85 137
85 397
85 400
85 145
85 283
85 182
85 369
85 85
85 103
85 376
85 93
85 221
85 86
85 306
85 150
85 215
85 117
85 288
85 302
85 200
85 331
86 92
86 130
86 171
86 301
86 316
86 195
86 209
86 86
86 236
86 150
86 106
86 340
86 366
86 377
86 227
86 201
86 365
86 312
86 218
86 351
86 374
87 395
87 358
87 134
87 390
87 263
87 141
87 274
87 160
87 291
87 306
87 309
87 187
87 319
87 339
87 244
87 237
87 228
87 294
87 383
87 233
87 234
88 172
88 257
88 262
88 158
88 179
88 313
88 315
88 190
88 321
88 217
88 318
88 216
88 371
88 249
88 88
88 101
88 221
88 94
88 100
88 364
88 365
88 99
88 367
89 269
89 266
89 140
89 277
89 149
89 154
89 156
89 174
89 317
89 356
89 350
89 299
89 348
89 357
89 347
89 184
89 205
89 89
89 118
89 265
89 391
90 398
90 276
90 148
90 164
90 169
90 183
90 188
90 192
90 322
90 198
90 207
90 328
90 305
90 360
90 342
90 210
90 326
90 120
90 311
90 373
90 94
90 129
90 154
90 127
90 336
91 330
91 387
91 399
91 165
91 304
91 177
91 311
91 324
91 202
91 208
91 220
91 293
91 223
91 336
91 264
91 238
91 252
91 110
91 180
91 158
91 99
91 355
92 257
92 280
92 196
92 338
92 135
92 157
92 162
92 167
92 168
92 298
92 173
92 312
92 213
92 346
92 119
92 362
92 373
92 378
92 352
92 336
92 255
93 129
93 261
93 137
93 397
93 283
93 172
93 182
93 333
93 215
93 221
93 93
93 353
93 103
93 145
93 369
93 376
93 97
93 314
93 117
93 375
93 351
94 398
94 276
94 164
94 169
94 305
94 183
94 192
94 198
94 328
94 120
94 188
94 342
94 207
94 94
94 326
94 210
94 266
94 379
94 396
95 138
95 267
95 269
95 271
95 281
95 176
95 307
95 212
95 389
95 114
95 395
95 95
95 381
95 125
95 284
95 335
95 118
95 121
95 355
96 250
96 259
96 133
96 265
96 178
96 310
96 189
96 323
96 337
96 344
96 379
96 343
96 122
96 124
96 96
96 109
96 293
96 289
96 370
96 242
96 325
96 223
97 153
97 389
97 259
97 133
97 265
97 178
97 310
97 189
97 323
97 337
97 343
97 224
97 344
97 99
97 242
97 379
97 143
97 377
98 397
98 213
98 150
98 171
98 301
98 316
98 195
98 327
98 330
98 209
98 340
98 351
98 130
98 104
98 218
98 236
98 98
98 374
98 284
98 360
98 371
98 286
99 179
99 259
99 133
99 265
99 178
99 310
99 189
99 323
99 337
99 343
99 344
99 224
99 242
99 379
99 99
99 102
99 370
99 332
99 237
99 399
100 257
100 262
100 158
100 179
100 313
100 318
100 199
100 216
100 371
100 190
100 101
100 253
100 315
100 249
100 217
100 364
100 351
100 380
100 111
100 365
100 341
100 285
100 352
101 257
101 262
101 158
101 179
101 313
101 315
101 190
101 318
101 321
101 216
101 371
101 101
101 217
101 365
101 287
101 198
101 180
101 253
101 159
101 254
101 213
101 296
102 386
102 388
102 393
102 153
102 282
102 292
102 320
102 203
102 102
102 359
102 250
102 287
102 108
102 132
103 129
103 137
103 400
103 145
103 283
103 172
103 333
103 215
103 221
103 117
103 182
103 376
103 369
103 103
103 300
103 367
104 313
104 379
104 362
104 130
104 150
104 171
104 301
104 195
104 209
104 340
104 218
104 351
104 236
104 374
104 106
104 366
104 316
104 327
104 364
104 246
104 132
105 396
105 280
105 152
105 285
105 303
105 180
105 194
105 196
105 197
105 332
105 338
105 230
105 241
105 361
105 231
105 185
105 245
105 384
105 269
105 242
105 247
105 316
106 241
106 130
106 150
106 171
106 301
106 314
106 316
106 195
106 330
106 209
106 218
106 351
106 227
106 377
106 106
106 340
106 152
106 109
106 366
106 385
107 350
107 394
107 142
107 147
107 295
107 211
107 225
107 354
107 251
107 232
107 123
107 375
107 127
107 254
107 324
107 352
107 256
107 116
108 153
108 198
108 258
108 132
108 272
108 146
108 151
108 155
108 175
108 186
108 193
108 349
108 391
108 139
108 111
108 112
108 108
108 128
108 362
108 346
108 340
109 395
109 138
109 267
109 269
109 143
109 271
109 281
109 284
109 307
109 335
109 114
109 121
109 212
109 125
109 126
109 381
109 109
109 262
109 182
109 151
109 194
109 245
110 299
110 133
110 387
110 136
110 264
110 399
110 293
110 165
110 304
110 311
110 324
110 202
110 220
110 223
110 355
110 177
110 208
110 238
110 361
110 146
110 267
110 252
111 216
111 317
111 258
111 132
111 391
111 139
111 270
111 272
111 146
111 155
111 175
111 193
111 204
111 151
111 349
111 111
111 284
111 340
111 240
111 246
111 128
112 258
112 391
112 139
112 270
112 289
112 175
112 186
112 193
112 349
112 358
112 240
112 132
112 146
112 204
112 272
112 246
112 155
112 112
112 232
112 154
112 128
113 188
113 280
113 152
113 180
113 185
113 196
113 197
113 332
113 338
113 230
113 231
113 396
113 241
113 113
113 303
113 377
113 253
113 317
113 247
113 263
113 260
114 169
114 183
114 389
114 395
114 269
114 143
114 271
114 284
114 176
114 335
114 212
114 381
114 114
114 307
114 126
114 149
114 280
114 346
114 349
115 262
115 260
115 392
115 286
115 290
115 163
115 296
115 308
115 331
115 222
115 368
115 243
115 334
115 200
115 201
115 384
115 115
115 297
115 121
115 300
116 394
116 147
116 295
116 341
116 354
116 232
116 251
116 123
116 127
116 375
116 211
116 254
116 235
116 142
116 248
116 331
116 210
116 230
116 130
117 261
117 137
117 397
117 400
117 145
117 283
117 182
117 221
117 353
117 369
117 333
117 129
117 117
117 215
117 327
117 266
117 376
117 277
118 277
118 154
118 159
118 184
118 205
118 348
118 350
118 118
118 356
118 140
118 273
118 256
118 357
118 149
118 266
118 239
118 325
118 272
118 264
119 250
119 121
119 299
119 135
119 162
119 167
119 168
119 298
119 173
119 312
119 352
119 373
119 213
119 255
119 325
119 267
119 327
119 143
119 378
120 226
120 398
120 276
120 148
120 164
120 169
120 183
120 188
120 322
120 326
120 198
120 328
120 207
120 342
120 360
120 242
120 330
120 271
120 144
120 293
120 260
121 389
121 395
121 138
121 143
121 271
121 176
121 307
121 335
121 381
121 284
121 121
121 267
121 281
121 269
121 301
121 297
121 201
122 259
122 133
122 265
122 178
122 310
122 189
122 337
122 343
122 344
122 224
122 242
122 323
122 370
122 122
122 356
122 197
122 231
122 278
122 308
123 394
123 142
123 147
123 295
123 170
123 211
123 225
123 354
123 235
123 251
123 232
123 341
123 254
123 234
123 134
123 201
124 259
124 133
124 265
124 178
124 310
124 343
124 344
124 224
124 242
124 379
124 124
124 370
124 323
124 245
124 335
124 312
124 222
125 389
125 395
125 138
125 267
125 269
125 143
125 281
125 284
125 176
125 307
125 212
125 381
125 126
125 125
125 178
125 147
125 289
125 129
125 266
125 351
125 233
126 389
126 138
126 267
126 269
126 143
126 271
126 281
126 284
126 307
126 335
126 381
126 395
126 126
126 342
126 392
126 314
127 359
127 276
127 175
127 394
127 147
127 295
127 170
127 354
127 235
127 251
127 375
127 211
127 225
127 142
127 254
127 239
127 339
128 258
128 132
128 391
128 139
128 272
128 146
128 155
128 289
128 175
128 186
128 204
128 240
128 246
128 270
128 151
128 358
128 349
128 173
128 154
129 169
129 215
129 397
129 261
129 172
129 400
129 283
129 182
129 369
129 137
129 129
129 145
129 353
129 267
129 348
130 249
130 236
130 330
130 171
130 340
130 314
130 301
130 195
130 374
130 366
130 150
130 130
130 218
130 327
130 351
130 227
130 172
130 381
130 316
130 209
130 377
131 375
131 385
131 248
131 131
131 275
131 233
131 161
131 219
131 166
131 278
131 288
131 383
131 239
131 268
131 144
131 300
131 191
131 148
131 193
131 180
131 302
131 345
131 372
132 258
132 204
132 289
132 349
132 175
132 155
132 391
132 139
132 193
132 270
132 358
132 240
132 151
132 146
132 186
132 249
132 275
132 272
132 246
132 222
133 198
133 259
133 133
133 189
133 370
133 310
133 344
133 343
133 265
133 178
133 379
133 154
133 187
133 323
133 337
133 252
134 228
134 244
134 339
134 306
134 263
134 294
134 237
134 390
134 319
134 141
134 382
134 380
134 291
134 274
134 187
134 309
134 325
134 151
134 160
135 240
135 162
135 373
135 329
135 157
135 298
135 312
135 325
135 173
135 378
135 346
135 167
135 255
135 135
135 212
135 150
136 146
136 387
136 324
136 293
136 238
136 252
136 336
136 136
136 208
136 223
136 311
136 165
136 202
136 220
136 384
136 177
137 261
137 369
137 353
137 221
137 283
137 172
137 145
137 333
137 376
137 400
137 397
137 182
137 286
137 267
137 215
138 389
138 395
138 307
138 269
138 176
138 143
138 267
138 284
138 281
138 271
138 212
138 335
138 320
138 371
138 355
138 381
139 258
139 391
139 246
139 272
139 240
139 270
139 151
139 289
139 146
139 139
139 186
139 358
139 204
139 193
139 248
139 325
139 155
139 175
140 206
140 266
140 357
140 356
140 156
140 350
140 256
140 273
140 154
140 159
140 140
140 149
140 184
140 299
140 277
140 205
140 374
140 243
140 174
140 348
140 147
141 390
141 263
141 339
141 382
141 234
141 294
141 380
141 309
141 306
141 244
141 274
141 291
141 141
141 373
141 345
141 187
141 319
141 228
141 237
142 232
142 211
142 254
142 225
142 341
142 147
142 295
142 251
142 170
142 394
142 375
142 142
142 177
142 324
142 354
142 235
142 392
143 342
143 389
143 395
143 269
143 284
143 281
143 267
143 212
143 271
143 335
143 381
143 143
143 185
143 382
143 170
143 176
143 307
143 256
144 347
144 289
144 268
144 161
144 166
144 248
144 219
144 383
144 345
144 372
144 191
144 278
144 302
144 385
144 233
144 288
144 216
144 260
144 275
144 239
145 276
145 397
145 400
145 369
145 172
145 333
145 353
145 376
145 221
145 283
145 145
145 302
145 182
145 215
145 277
145 291
145 166
145 324
145 334
146 215
146 343
146 258
146 391
146 270
146 349
146 146
146 246
146 151
146 289
146 186
146 193
146 204
146 358
146 155
146 230
146 295
146 175
146 168
146 309
147 169
147 394
147 225
147 211
147 341
147 147
147 170
147 354
147 212
147 381
147 232
147 235
147 254
147 160
147 161
147 233
148 398
148 207
148 148
148 169
148 360
148 305
148 198
148 342
148 188
148 322
148 183
148 326
148 192
148 276
148 264
148 359
148 164
148 328
148 210
148 217
149 266
149 273
149 277
149 159
149 347
149 149
149 317
149 205
149 299
149 154
149 256
149 174
149 156
149 350
149 184
149 150
149 358
149 301
149 357
149 329
150 335
150 394
150 280
150 314
150 209
150 236
150 218
150 377
150 150
150 351
150 340
150 195
150 247
150 171
150 316
150 327
150 330
150 366
150 374
151 391
151 272
151 175
151 270
151 193
151 204
151 358
151 151
151 246
151 349
151 155
151 258
151 289
151 240
151 375
151 268
152 305
152 280
152 361
152 285
152 194
152 180
152 247
152 231
152 245
152 241
152 396
152 152
152 338
152 230
152 332
152 197
152 366
152 158
152 303
152 185
152 165
152 286
153 386
153 388
153 393
153 279
153 282
153 203
153 292
153 250
153 229
153 359
153 206
153 226
153 320
153 333
153 287
154 273
154 277
154 205
154 357
154 184
154 299
154 174
154 154
154 348
154 356
154 317
154 156
154 266
154 256
155 258
155 391
155 270
155 246
155 358
155 349
155 272
155 240
155 155
155 289
155 204
155 290
155 374
155 170
155 186
155 193
155 340
155 274
156 326
156 266
156 273
156 159
156 299
156 184
156 205
156 357
156 256
156 317
156 350
156 156
156 356
156 348
156 369
156 282
156 174
156 347
156 161
157 246
157 312
157 352
157 157
157 346
157 213
157 325
157 329
157 373
157 168
157 362
157 255
157 378
157 278
157 295
157 162
157 167
157 298
157 173
158 257
158 253
158 315
158 365
158 179
158 321
158 199
158 216
158 262
158 364
158 190
158 371
158 249
158 158
158 268
158 226
158 313
158 318
158 217
159 203
159 359
159 333
159 277
159 256
159 350
159 159
159 273
159 317
159 266
159 184
159 174
159 357
159 201
159 299
159 205
159 347
159 348
159 356
159 286
160 271
160 213
160 377
160 390
160 263
160 274
160 294
160 306
160 339
160 291
160 234
160 237
160 380
160 228
160 244
160 160
160 211
160 309
160 187
160 319
160 382
161 385
161 275
161 278
161 219
161 161
161 191
161 372
161 288
161 233
161 268
161 166
161 345
161 383
161 239
161 367
161 300
161 248
162 258
162 346
162 167
162 362
162 213
162 325
162 255
162 312
162 329
162 168
162 378
162 162
162 224
162 298
162 173
162 352
162 339
162 275
163 311
163 392
163 297
163 308
163 384
163 286
163 368
163 331
163 367
163 163
163 181
163 260
163 290
163 296
163 201
163 282
163 334
163 214
163 243
164 398
164 207
164 188
164 192
164 198
164 276
164 342
164 360
164 305
164 183
164 326
164 328
164 210
164 169
164 331
164 308
164 341
165 371
165 171
165 387
165 264
165 399
165 252
165 363
165 220
165 165
165 177
165 238
165 324
165 354
165 304
165 202
165 208
165 223
165 355
166 322
166 225
166 268
166 288
166 302
166 275
166 191
166 233
166 248
166 219
166 372
166 166
166 345
166 300
166 385
166 313
166 239
167 352
167 362
167 298
167 346
167 255
167 325
167 173
167 167
167 329
167 168
167 213
167 312
167 207
167 264
167 378
168 213
168 325
168 173
168 352
168 255
168 373
168 329
168 362
168 346
168 298
168 378
168 319
168 199
168 312
168 382
169 398
169 276
169 342
169 305
169 198
169 322
169 328
169 210
169 192
169 207
169 169
169 360
169 188
169 183
169 326
169 381
170 256
170 258
170 394
170 295
170 251
170 232
170 211
170 225
170 254
170 300
170 216
170 364
170 341
170 354
170 235
170 375
171 316
171 314
171 171
171 366
171 236
171 351
171 209
171 374
171 301
171 227
171 340
171 327
171 187
171 342
171 195
171 330
172 276
172 261
172 397
172 283
172 353
172 182
172 172
172 333
172 369
172 376
172 361
172 215
173 398
173 298
173 255
173 312
173 362
173 378
173 373
173 329
173 352
173 253
173 369
173 325
173 213
174 266
174 273
174 277
174 299
174 174
174 347
174 317
174 350
174 256
174 348
174 184
174 257
174 303
174 330
174 205
174 356
175 258
175 270
175 272
175 349
175 175
175 193
175 289
175 204
175 240
175 186
175 178
175 246
175 237
176 398
176 389
176 395
176 267
176 269
176 271
176 281
176 284
176 335
176 212
176 307
176 381
176 176
176 204
177 380
177 300
177 264
177 399
177 293
177 304
177 355
177 208
177 363
177 238
177 387
177 202
177 220
177 374
177 341
177 266
177 311
177 324
177 336
177 223
178 265
178 224
178 259
178 379
178 323
178 178
178 343
178 310
178 337
178 189
178 236
178 348
178 370
178 242
178 383
178 214
179 257
179 321
179 371
179 179
179 199
179 313
179 365
179 216
179 190
179 364
179 217
179 253
179 314
179 315
179 318
179 308
180 353
180 396
180 280
180 285
180 303
180 361
180 197
180 196
180 241
180 247
180 230
180 338
180 344
180 345
180 370
180 194
180 332
181 366
181 260
181 392
181 286
181 296
181 297
181 308
181 331
181 290
181 368
181 243
181 201
181 367
181 181
181 384
181 200
181 210
181 214
182 397
182 283
182 215
182 369
182 261
182 376
182 400
182 353
182 221
182 363
182 375
182 333
182 330
183 398
183 276
183 305
183 207
183 192
183 210
183 326
183 322
183 328
183 183
183 314
183 198
183 342
183 360
183 382
183 297
184 203
184 266
184 277
184 299
184 205
184 350
184 184
184 256
184 348
184 317
184 367
184 240
184 347
184 356
184 357
184 301
184 195
184 339
185 356
185 295
185 396
185 280
185 285
185 303
185 231
185 185
185 194
185 338
185 361
185 247
185 245
185 196
185 347
185 333
185 332
185 230
186 258
186 272
186 289
186 358
186 349
186 246
186 193
186 270
186 186
186 391
186 204
186 266
186 340
186 222
186 240
187 390
187 263
187 274
187 291
187 294
187 306
187 234
187 339
187 244
187 319
187 309
187 228
187 360
187 317
187 283
187 382
187 239
188 398
188 276
188 305
188 188
188 207
188 198
188 342
188 210
188 326
188 192
188 328
188 222
188 283
189 310
189 265
189 379
189 344
189 370
189 242
189 259
189 337
189 343
189 232
189 323
189 224
190 269
190 271
190 257
190 262
190 315
190 216
190 364
190 321
190 249
190 365
190 190
190 371
190 212
190 217
190 253
191 391
191 385
191 268
191 275
191 300
191 302
191 383
191 345
191 372
191 233
191 288
191 239
191 278
191 344
191 329
192 398
192 276
192 305
192 322
192 207
192 192
192 328
192 198
192 210
192 341
192 392
192 234
192 326
192 360
192 295
193 391
193 270
193 272
193 289
193 258
193 358
193 349
193 193
193 240
193 330
193 287
193 208
193 204
193 251
193 316
193 202
194 280
194 285
194 303
194 231
194 338
194 396
194 245
194 247
194 197
194 361
194 332
194 241
194 194
194 357
194 196
194 230
195 301
195 316
195 209
195 314
195 366
195 330
195 377
195 218
195 195
195 340
195 227
195 327
195 306
196 396
196 280
196 338
196 361
196 231
196 247
196 285
196 197
196 332
196 241
196 196
196 230
196 345
196 245
197 285
197 303
197 332
197 241
197 247
197 338
197 361
197 231
197 197
197 392
198 398
198 276
198 305
198 326
198 342
198 328
198 322
198 210
198 375
198 207
198 360
198 224
199 261
199 262
199 313
199 318
199 321
199 249
199 217
199 199
199 364
199 371
199 315
199 365
199 257
199 391
199 385
200 221
200 280
200 298
200 275
200 260
200 392
200 286
200 290
200 296
200 297
200 308
200 222
200 243
200 331
200 334
200 384
200 200
200 316
200 201
201 260
201 392
201 290
201 297
201 308
201 367
201 222
201 334
201 384
201 368
201 296
201 331
201 214
201 381
202 387
202 264
202 399
202 293
202 355
202 208
202 202
202 223
202 311
202 363
202 220
202 304
202 315
202 326
202 336
202 238
203 386
203 388
203 393
203 279
203 282
203 287
203 292
203 320
203 226
203 229
203 359
203 203
203 254
203 206
203 311
204 258
204 391
204 270
204 272
204 289
204 240
204 204
204 349
204 385
204 397
204 284
204 358
204 246
204 298
205 320
205 273
205 277
205 299
205 317
205 256
205 266
205 348
205 356
205 357
205 212
205 347
205 227
206 386
206 388
206 279
206 282
206 292
206 320
206 229
206 359
206 250
206 287
206 393
206 332
206 226
206 221
207 276
207 305
207 322
207 328
207 210
207 398
207 342
207 207
207 270
207 226
207 360
207 377
207 368
208 399
208 293
208 304
208 324
208 336
208 311
208 264
208 208
208 223
208 355
208 318
208 366
208 363
208 238
208 252
209 381
209 394
209 314
209 327
209 377
209 340
209 316
209 236
209 209
209 374
209 351
209 338
209 287
210 398
210 276
210 305
210 322
210 326
210 328
210 210
210 342
210 360
210 249
210 356
210 365
210 230
210 252
211 292
211 394
211 295
211 232
211 211
211 235
211 225
211 249
211 236
211 341
211 354
211 251
211 254
211 396
212 393
212 389
212 395
212 267
212 269
212 271
212 281
212 284
212 307
212 335
212 212
212 322
212 381
212 353
212 273
212 236
213 357
213 298
213 352
213 255
213 213
213 325
213 346
213 378
213 312
213 373
214 392
214 286
214 290
214 296
214 297
214 331
214 334
214 308
214 243
214 214
214 384
214 260
214 356
214 281
214 367
214 368
215 267
215 261
215 397
215 333
215 353
215 221
215 369
215 400
215 376
215 314
215 262
215 324
216 257
216 262
216 315
216 318
216 321
216 216
216 364
216 371
216 313
216 365
216 253
216 287
216 217
217 257
217 262
217 313
217 315
217 321
217 371
217 249
217 253
217 318
217 217
217 309
217 364
217 234
217 355
217 243
218 301
218 314
218 330
218 377
218 227
218 351
218 366
218 218
218 374
218 316
218 236
218 327
218 386
218 238
218 296
219 268
219 278
219 288
219 239
219 248
219 385
219 219
219 275
219 300
219 345
219 383
219 302
219 301
219 266
219 233
219 252
220 282
220 294
220 300
220 387
220 264
220 399
220 293
220 304
220 324
220 363
220 223
220 373
220 384
220 238
220 252
221 261
221 397
221 400
221 283
221 333
221 221
221 353
221 273
221 376
221 299
222 228
222 260
222 392
222 286
222 290
222 297
222 384
222 308
222 331
222 368
222 243
223 387
223 264
223 399
223 304
223 238
223 293
223 355
223 252
223 336
223 324
223 277
223 347
223 363
223 297
223 243
224 386
224 259
224 265
224 310
224 323
224 337
224 343
224 344
224 379
224 242
224 224
224 370
225 287
225 257
225 394
225 295
225 341
225 235
225 254
225 225
225 354
225 236
225 250
225 251
226 386
226 388
226 393
226 282
226 287
226 320
226 226
226 292
226 279
226 359
226 378
226 392
226 229
226 250
227 279
227 235
227 285
227 301
227 314
227 316
227 327
227 340
227 374
227 366
227 377
227 351
227 227
227 356
227 341
227 236
228 322
228 390
228 263
228 274
228 291
228 294
228 309
228 306
228 228
228 339
228 380
228 319
228 237
228 382
229 386
229 388
229 393
229 279
229 282
229 287
229 292
229 320
229 359
229 351
229 240
229 395
229 307
229 374
230 357
230 396
230 280
230 285
230 303
230 338
230 241
230 230
230 231
230 277
230 245
231 283
231 277
231 396
231 280
231 285
231 332
231 245
231 231
231 247
231 291
231 361
231 387
232 394
232 295
232 341
232 354
232 254
232 235
232 345
232 322
232 251
232 362
233 237
233 385
233 268
233 275
233 278
233 288
233 300
233 302
233 345
233 248
233 372
233 383
234 342
234 321
234 390
234 274
234 294
234 306
234 309
234 319
234 380
234 234
234 382
235 323
235 394
235 295
235 341
235 354
235 254
235 375
235 251
235 325
235 399
235 336
236 371
236 301
236 314
236 316
236 327
236 330
236 285
236 283
237 390
237 294
237 306
237 309
237 319
237 380
237 382
237 291
237 339
237 244
237 237
237 263
238 253
238 387
238 399
238 304
238 311
238 355
238 324
238 238
238 396
238 327
238 252
239 385
239 268
239 275
239 288
239 300
239 302
239 372
239 383
239 239
240 258
240 391
240 270
240 349
240 358
240 289
240 246
240 342
240 275
241 280
241 285
241 303
241 332
241 247
241 245
241 241
241 396
241 329
242 265
242 310
242 323
242 337
242 343
242 344
242 370
242 379
242 259
242 380
242 386
242 385
243 359
243 260
243 392
243 286
243 297
243 308
243 367
243 243
243 296
243 290
243 384
244 390
244 263
244 291
244 294
244 306
244 309
244 319
244 339
244 380
244 244
244 328
244 302
245 282
245 333
245 396
245 303
245 332
245 338
245 247
245 285
245 280
245 302
246 258
246 270
246 272
246 289
246 349
246 358
246 251
247 396
247 280
247 285
247 303
247 332
247 338
247 361
247 295
248 385
248 268
248 278
248 288
248 300
248 372
248 275
248 345
248 254
248 294
248 365
249 257
249 262
249 313
249 315
249 321
249 364
249 365
249 371
249 249
249 318
249 263
249 378
250 388
250 393
250 279
250 282
250 287
250 292
250 320
250 386
250 250
250 261
250 312
251 295
251 341
251 394
251 251
251 338
251 254
251 331
252 262
252 346
252 387
252 264
252 293
252 304
252 311
252 324
252 336
252 355
252 363
252 399
253 388
253 257
253 262
253 315
253 318
253 364
253 313
253 365
253 253
253 264
254 295
254 341
254 394
254 354
254 332
254 294
255 326
255 298
255 312
255 325
255 329
255 346
255 362
255 352
255 278
255 342
256 266
256 273
256 277
256 299
256 347
256 350
256 356
256 317
256 357
256 316
257 267
257 364
257 315
257 313
257 318
257 257
257 371
257 262
257 321
257 380
257 365
258 391
258 258
258 289
258 270
258 358
258 394
258 272
259 317
259 323
259 337
259 310
259 344
259 265
259 379
259 343
259 370
259 388
260 297
260 308
260 367
260 296
260 286
260 384
260 260
260 334
260 392
260 290
260 368
261 283
261 353
261 397
261 400
261 261
261 369
261 333
261 376
261 294
262 321
262 365
262 318
262 313
262 315
262 262
262 364
262 371
262 362
262 314
262 306
263 292
263 295
263 306
263 382
263 390
263 263
263 294
263 309
263 291
263 320
263 274
263 319
264 329
264 387
264 311
264 304
264 293
264 324
264 399
264 336
264 264
264 356
264 355
265 321
265 379
265 323
265 337
265 310
265 344
265 343
265 370
265 375
266 287
266 273
266 299
266 266
266 277
266 317
266 356
266 347
266 350
266 340
266 323
266 367
267 389
267 395
267 271
267 267
267 307
267 281
267 335
267 381
267 284
267 269
267 318
268 385
268 300
268 288
268 275
268 268
268 278
268 390
268 307
268 302
268 372
268 383
269 389
269 395
269 307
269 335
269 269
269 381
269 271
269 284
269 281
269 270
270 397
270 272
270 270
270 349
270 391
270 358
270 367
270 289
271 389
271 395
271 271
271 381
271 335
271 281
271 284
271 307
271 376
272 348
272 391
272 358
272 289
272 272
272 345
272 349
272 399
273 356
273 348
273 317
273 277
273 347
273 357
273 299
273 350
273 273
273 333
274 393
274 390
274 309
274 291
274 306
274 274
274 294
274 335
274 358
274 319
274 339
274 304
275 385
275 383
275 345
275 275
275 302
275 278
275 288
275 372
275 300
276 398
276 305
276 276
276 322
276 360
276 328
276 342
277 277
277 350
277 357
277 299
277 348
277 347
277 317
277 356
278 376
278 385
278 300
278 383
278 372
278 302
278 285
278 353
279 388
279 393
279 279
279 287
279 386
279 292
279 282
279 400
279 320
279 281
280 396
280 332
280 280
280 303
280 285
280 361
281 389
281 395
281 335
281 284
281 307
281 281
281 289
281 381
282 386
282 388
282 393
282 292
282 282
282 336
282 287
282 320
282 359
283 397
283 400
283 376
283 353
283 333
283 369
284 389
284 395
284 335
284 307
284 284
284 381
284 346
285 396
285 361
285 332
285 285
285 303
285 305
286 293
286 392
286 297
286 290
286 368
286 384
286 296
286 331
286 367
286 334
286 308
287 388
287 393
287 386
287 287
287 359
287 320
287 292
287 326
287 369
288 323
288 385
288 288
288 383
288 372
288 345
288 302
288 376
288 300
288 290
289 391
289 349
289 358
289 320
290 360
290 369
290 290
290 296
290 368
290 331
290 384
290 329
290 297
290 308
290 334
291 386
291 349
291 390
291 382
291 339
291 309
291 291
291 319
291 294
291 306
291 308
292 386
292 388
292 393
292 292
292 320
292 359
292 348
292 366
293 340
293 387
293 399
293 304
293 336
293 324
293 311
293 355
293 363
294 364
294 390
294 339
294 294
294 380
294 382
294 309
295 394
295 341
295 375
295 354
296 337
296 392
296 297
296 334
296 367
296 296
296 331
296 384
296 308
296 368
297 358
297 394
297 392
297 384
297 331
297 334
297 308
297 367
297 368
298 386
298 354
298 325
298 312
298 373
298 298
298 329
298 378
298 352
298 323
298 346
299 347
299 348
299 299
299 350
299 317
299 357
300 385
300 372
300 300
300 302
300 345
300 383
301 316
301 330
301 374
301 351
301 366
301 301
301 377
301 314
301 327
302 305
302 364
302 385
302 345
302 383
302 314
302 372
303 396
303 338
303 361
303 303
303 370
303 332
304 377
304 387
304 304
304 355
304 399
304 336
304 324
304 331
304 311
305 398
305 328
305 360
305 305
305 326
305 322
305 342
306 344
306 390
306 380
306 339
306 382
306 309
306 319
306 336
307 395
307 335
307 381
307 307
307 346
307 396
308 327
308 331
308 367
308 392
308 384
308 334
308 308
308 368
309 390
309 339
309 319
309 309
309 336
310 323
310 370
310 344
310 379
310 337
310 326
310 395
310 343
310 341
311 383
311 387
311 399
311 336
311 311
311 324
311 363
311 333
312 312
312 352
312 373
312 364
312 378
313 371
313 315
313 321
313 365
313 318
313 313
313 361
313 372
314 377
314 327
314 374
314 330
314 366
314 398
314 316
314 340
314 351
315 364
315 321
315 318
315 315
315 369
315 365
315 371
316 340
316 327
316 377
316 316
316 366
316 351
316 330
317 400
317 348
317 347
317 350
317 357
317 317
317 356
317 366
318 371
318 365
318 321
318 364
318 318
318 323
318 391
318 385
318 363
319 390
319 339
319 382
319 319
319 380
320 386
320 388
320 393
320 359
320 363
321 321
321 364
321 365
322 398
322 360
322 326
322 328
322 322
322 342
323 323
323 370
323 337
323 343
323 344
323 379
324 390
324 387
324 399
324 355
324 368
324 336
324 363
325 329
325 346
325 362
325 373
325 378
325 365
325 368
326 388
326 398
326 342
326 326
326 360
326 328
327 330
327 366
327 327
327 351
327 340
327 377
328 398
328 342
328 334
328 392
328 333
329 378
329 362
329 329
329 346
329 352
329 373
329 334
330 330
330 366
330 351
330 377
331 392
331 384
331 331
331 344
331 334
331 368
332 376
332 396
332 338
332 361
333 397
333 400
333 376
333 369
333 353
334 398
334 392
334 334
334 367
334 384
334 368
335 389
335 395
335 335
335 381
336 375
336 387
336 399
336 355
336 363
337 343
337 337
337 370
337 361
337 395
337 344
338 396
338 338
338 377
338 361
339 365
339 350
339 378
339 390
339 380
339 339
340 364
340 374
340 351
340 366
340 392
340 368
341 394
341 341
341 354
341 375
342 360
342 342
343 379
343 343
343 367
343 359
343 344
343 370
343 383
344 344
344 379
344 370
345 379
345 385
345 372
345 390
345 383
346 373
346 352
346 362
346 378
347 350
347 356
347 357
347 347
347 366
347 348
348 350
348 356
348 357
349 391
349 349
349 358
349 355
350 350
350 357
350 358
350 356
350 361
351 377
351 374
352 352
352 362
352 382
352 373
352 378
352 363
353 400
353 369
353 397
353 376
353 365
354 394
354 354
354 375
354 396
355 387
355 355
356 356
356 357
357 357
358 391
358 358
358 367
359 386
359 388
359 393
359 359
359 400
360 360
361 396
361 361
362 378
362 362
363 387
363 399
363 363
364 364
364 371
364 365
365 365
365 371
366 377
366 374
367 384
367 368
368 384
368 392
369 397
369 400
369 376
369 369
369 378
370 379
370 370
372 383
372 385
373 378
373 373
374 374
374 377
375 375
376 397
376 400
379 379
380 390
380 380
380 398
381 389
381 395
382 390
382 382
383 385
384 392
385 385
386 386
386 393
386 388
386 389
387 399
387 387
387 400
388 388
388 393
389 389
389 390
389 395
390 390
390 391
391 391
392 392
393 393
394 394
395 395
397 400
398 398
399 399
400 400
