400 4674
1 152
1 63
1 206
1 211
1 370
1 75
1 376
1 220
1 322
1 233
1 362
1 61
1 86
1 40
1 203
1 185
1 119
1 371
1 68
1 321
1 2
1 148
1 205
1 157
1 258
1 41
1 367
2 2
2 148
2 205
2 152
2 234
2 298
2 61
2 185
2 206
2 86
2 376
2 75
2 370
2 119
2 40
2 254
2 51
2 69
2 63
2 322
2 211
2 220
2 371
2 202
2 78
3 251
3 24
3 232
3 391
3 349
3 256
3 390
3 372
3 60
3 338
3 327
3 345
3 97
3 17
3 264
3 188
3 99
3 78
3 170
3 92
3 8
3 37
3 52
3 359
3 71
4 134
4 249
4 34
4 307
4 32
4 80
4 59
4 267
4 19
4 22
4 199
4 133
4 89
4 4
4 140
4 320
4 236
4 119
4 244
4 141
4 146
4 278
4 311
4 117
4 143
4 284
4 125
5 133
5 331
5 130
5 389
5 189
5 5
5 101
5 297
5 269
5 125
5 18
5 193
5 368
5 364
5 330
5 272
5 45
5 119
5 83
5 41
5 190
5 329
5 367
6 258
6 271
6 334
6 92
6 108
6 351
6 111
6 121
6 348
6 142
6 81
6 109
6 373
6 122
6 6
6 284
6 223
6 326
6 224
6 399
6 83
6 360
6 380
6 287
7 300
7 276
7 216
7 166
7 200
7 114
7 13
7 70
7 7
7 183
7 27
7 46
7 171
7 192
7 342
7 90
7 165
7 229
7 107
7 39
7 44
7 177
8 103
8 327
8 372
8 232
8 99
8 37
8 188
8 173
8 345
8 8
8 24
8 391
8 359
8 17
8 264
8 97
8 57
8 174
8 52
8 60
8 78
8 338
8 357
8 251
9 10
9 30
9 9
9 369
9 21
9 120
9 365
9 248
9 104
9 176
9 156
9 252
9 95
9 316
9 131
9 139
9 221
9 345
9 157
9 14
9 49
9 346
9 230
9 147
9 72
9 358
9 142
10 393
10 266
10 120
10 21
10 104
10 49
10 96
10 176
10 221
10 10
10 156
10 230
10 365
10 30
10 346
10 248
10 349
10 28
10 139
10 14
10 107
11 303
11 263
11 105
11 356
11 201
11 250
11 333
11 135
11 11
11 102
11 325
11 210
11 353
11 328
11 219
11 341
11 107
11 23
11 174
11 28
11 157
11 33
11 318
11 215
11 350
11 361
11 106
12 268
12 287
12 213
12 155
12 159
12 227
12 191
12 302
12 228
12 106
12 36
12 310
12 12
12 153
12 363
12 366
12 323
12 343
12 95
12 335
12 84
13 20
13 300
13 276
13 158
13 200
13 170
13 226
13 44
13 46
13 39
13 114
13 192
13 216
13 70
13 13
13 165
13 356
13 188
13 27
13 166
13 177
13 342
13 90
13 201
14 82
14 131
14 120
14 221
14 266
14 176
14 104
14 230
14 369
14 346
14 95
14 49
14 248
14 96
14 30
14 252
14 338
14 143
14 145
14 21
14 156
14 365
15 293
15 398
15 290
15 235
15 53
15 172
15 383
15 85
15 377
15 178
15 281
15 55
15 48
15 381
15 354
15 91
15 224
15 82
15 19
15 344
15 288
15 195
15 225
15 115
15 99
15 67
16 385
16 274
16 312
16 150
16 400
16 16
16 293
16 187
16 182
16 25
16 255
16 160
16 247
16 54
16 88
16 112
16 154
16 33
16 215
16 151
16 175
16 204
16 380
17 264
17 390
17 251
17 349
17 173
17 188
17 60
17 232
17 391
17 37
17 359
17 24
17 52
17 256
17 327
17 99
17 36
17 195
17 78
18 306
18 130
18 389
18 269
18 272
18 330
18 297
18 189
18 368
18 329
18 364
18 18
18 190
18 344
18 125
18 71
18 362
18 115
18 45
18 101
18 245
19 133
19 134
19 140
19 141
19 146
19 320
19 321
19 236
19 80
19 59
19 32
19 34
19 194
19 68
19 22
19 199
19 73
19 109
19 278
19 311
20 395
20 70
20 276
20 192
20 200
20 46
20 44
20 183
20 20
20 166
20 158
20 114
20 27
20 342
20 39
20 216
20 309
20 274
20 165
20 170
20 171
20 177
21 131
21 266
21 145
21 176
21 316
21 120
21 139
21 393
21 30
21 230
21 96
21 156
21 221
21 252
21 365
21 70
21 280
21 104
21 238
22 133
22 267
22 140
22 141
22 146
22 278
22 34
22 311
22 68
22 236
22 59
22 194
22 320
22 32
22 22
22 382
22 70
22 307
22 321
22 199
22 80
22 270
22 35
23 298
23 320
23 387
23 305
23 94
23 23
23 74
23 386
23 181
23 26
23 127
23 283
23 77
23 65
23 392
23 396
23 104
23 269
23 35
23 42
23 306
23 308
23 180
23 208
23 358
23 84
24 390
24 264
24 24
24 251
24 97
24 99
24 37
24 188
24 372
24 359
24 60
24 357
24 256
24 338
24 247
24 257
24 52
24 327
24 78
24 232
25 385
25 400
25 150
25 151
25 197
25 112
25 293
25 160
25 25
25 255
25 175
25 100
25 73
25 54
25 88
25 247
25 89
25 127
25 182
25 317
25 379
26 30
26 386
26 388
26 305
26 74
26 51
26 180
26 208
26 358
26 282
26 283
26 181
26 65
26 42
26 94
26 308
26 26
26 75
26 306
26 184
26 77
27 395
27 276
27 192
27 177
27 300
27 44
27 90
27 70
27 46
27 39
27 166
27 171
27 216
27 165
27 200
27 223
27 267
27 158
27 170
27 342
27 226
27 63
28 263
28 107
28 328
28 341
28 135
28 33
28 124
28 201
28 318
28 361
28 105
28 210
28 219
28 157
28 215
28 325
28 221
28 63
28 350
28 102
28 118
28 250
28 335
29 129
29 257
29 137
29 277
29 397
29 331
29 161
29 62
29 38
29 319
29 198
29 315
29 313
29 57
29 239
29 289
29 217
29 162
29 273
29 376
29 202
29 262
29 350
29 292
30 236
30 393
30 266
30 145
30 156
30 96
30 49
30 346
30 120
30 95
30 248
30 369
30 221
30 176
30 93
30 316
30 230
30 104
30 365
30 252
30 265
30 169
31 68
31 372
31 219
31 259
31 260
31 167
31 295
31 336
31 285
31 179
31 207
31 87
31 168
31 126
31 31
31 123
31 164
31 185
31 263
31 66
31 196
31 337
31 41
32 113
32 55
32 133
32 134
32 267
32 140
32 141
32 278
32 194
32 307
32 311
32 89
32 320
32 199
32 236
32 218
32 83
32 59
32 68
32 80
32 249
32 96
33 231
33 333
33 201
33 263
33 219
33 361
33 353
33 33
33 124
33 135
33 107
33 318
33 118
33 341
33 194
33 320
33 215
33 102
33 106
34 192
34 133
34 134
34 140
34 146
34 278
34 34
34 80
34 89
34 236
34 194
34 320
34 117
34 199
34 290
34 291
34 307
34 311
34 321
34 249
35 203
35 316
35 264
35 265
35 386
35 387
35 388
35 392
35 396
35 94
35 51
35 180
35 181
35 74
35 77
35 305
35 282
35 166
35 42
35 306
35 184
35 208
35 87
36 60
36 279
36 153
36 155
36 287
36 382
36 116
36 347
36 310
36 159
36 366
36 332
36 191
36 335
36 268
36 213
36 238
36 134
36 227
36 106
36 363
36 237
37 90
37 390
37 264
37 99
37 37
37 97
37 60
37 391
37 349
37 52
37 78
37 327
37 188
37 295
37 310
37 173
37 345
37 357
37 232
37 282
37 184
37 108
38 183
38 129
38 257
38 137
38 397
38 144
38 277
38 161
38 162
38 198
38 239
38 202
38 319
38 331
38 315
38 217
38 253
38 58
38 41
38 303
38 57
38 313
38 390
38 352
39 395
39 276
39 158
39 165
39 166
39 70
39 177
39 114
39 200
39 300
39 90
39 216
39 170
39 171
39 191
39 217
39 44
39 183
39 152
39 97
39 245
40 148
40 152
40 298
40 370
40 211
40 61
40 75
40 86
40 234
40 322
40 233
40 254
40 206
40 362
40 63
40 203
40 316
40 317
40 205
40 220
40 119
40 376
40 368
41 277
41 343
41 130
41 389
41 269
41 379
41 272
41 71
41 101
41 368
41 245
41 45
41 330
41 297
41 98
41 189
41 190
41 193
41 329
41 344
41 367
42 387
42 283
42 392
42 181
42 386
42 358
42 77
42 42
42 282
42 396
42 74
42 65
42 308
42 51
42 239
42 292
42 208
42 127
42 207
43 317
43 383
43 261
43 262
43 273
43 147
43 280
43 375
43 244
43 246
43 103
43 174
43 231
43 304
43 64
43 296
43 43
43 119
43 347
43 343
43 110
43 358
44 158
44 165
44 170
44 44
44 395
44 192
44 90
44 276
44 70
44 166
44 171
44 226
44 176
44 338
44 300
44 46
44 183
44 342
44 216
44 291
44 131
45 211
45 89
45 266
45 130
45 389
45 269
45 272
45 297
45 125
45 329
45 71
45 189
45 45
45 364
45 362
45 380
45 193
45 330
45 101
45 367
46 158
46 166
46 170
46 300
46 395
46 342
46 165
46 192
46 46
46 114
46 276
46 200
46 345
46 55
46 183
46 216
46 90
46 226
47 112
47 242
47 132
47 136
47 265
47 138
47 275
47 294
47 299
47 301
47 67
47 340
47 169
47 47
47 209
47 222
47 326
47 193
47 64
47 56
47 72
47 76
47 339
47 241
48 398
48 149
48 281
48 82
48 53
48 381
48 195
48 235
48 85
48 93
48 225
48 383
48 55
48 91
48 48
48 354
48 223
48 188
48 178
48 224
48 115
48 377
48 271
49 139
49 145
49 156
49 230
49 346
49 221
49 365
49 176
49 96
49 49
49 252
49 248
49 131
49 372
49 382
49 316
49 120
49 95
49 333
49 353
49 301
49 399
50 187
50 259
50 164
50 167
50 295
50 260
50 309
50 179
50 336
50 128
50 87
50 66
50 207
50 218
50 314
50 168
50 50
50 389
50 322
50 196
50 123
51 395
51 135
51 138
51 387
51 396
51 282
51 306
51 65
51 386
51 388
51 208
51 358
51 94
51 308
51 123
51 61
51 184
51 74
51 77
52 141
52 390
52 173
52 188
52 372
52 97
52 256
52 251
52 327
52 349
52 359
52 357
52 99
52 230
52 205
52 338
52 345
52 232
53 281
53 288
53 290
53 172
53 178
53 354
53 53
53 235
53 115
53 93
53 91
53 242
53 381
53 225
53 149
53 210
53 174
53 82
53 75
53 371
53 273
53 302
54 385
54 400
54 150
54 151
54 160
54 175
54 187
54 197
54 255
54 312
54 113
54 247
54 317
54 112
54 204
54 274
54 375
54 393
54 182
54 323
55 149
55 281
55 288
55 290
55 178
55 242
55 91
55 93
55 383
55 381
55 225
55 195
55 82
55 235
55 85
55 377
55 312
55 115
56 136
56 138
56 275
56 169
56 299
56 301
56 72
56 186
56 132
56 209
56 355
56 294
56 58
56 265
56 76
56 212
56 339
56 302
56 98
56 326
56 340
56 222
57 205
57 129
57 257
57 137
57 397
57 277
57 289
57 161
57 291
57 162
57 303
57 313
57 62
57 217
57 57
57 323
57 366
57 202
57 240
58 372
58 136
58 138
58 294
58 169
58 275
58 241
58 324
58 222
58 186
58 265
58 67
58 132
58 355
58 72
58 209
58 367
58 346
58 339
58 340
58 126
59 220
59 134
59 267
59 146
59 307
59 311
59 80
59 89
59 117
59 68
59 140
59 278
59 133
59 194
59 121
59 349
59 320
59 321
59 199
59 335
60 319
60 391
60 264
60 173
60 188
60 60
60 338
60 78
60 232
60 349
60 99
60 345
60 252
60 327
60 97
61 148
61 298
61 185
61 370
61 371
61 152
61 119
61 234
61 362
61 203
61 86
61 63
61 233
61 75
61 206
61 390
61 157
61 205
61 220
62 129
62 137
62 161
62 315
62 239
62 62
62 303
62 277
62 257
62 313
62 144
62 253
62 240
62 397
62 202
62 314
62 381
62 331
62 135
62 305
63 148
63 152
63 298
63 185
63 376
63 211
63 206
63 371
63 254
63 86
63 119
63 205
63 362
63 203
63 266
63 322
63 75
63 220
63 233
64 261
64 262
64 273
64 147
64 280
64 286
64 296
64 304
64 174
64 143
64 270
64 79
64 103
64 110
64 246
64 343
64 244
64 307
64 151
64 231
64 243
64 348
65 82
65 376
65 338
65 387
65 388
65 392
65 396
65 283
65 306
65 308
65 180
65 181
65 65
65 322
65 389
65 77
65 208
65 127
65 285
66 260
66 285
66 292
66 168
66 295
66 314
66 128
66 167
66 87
66 218
66 66
66 207
66 238
66 374
66 126
66 326
66 235
66 196
66 336
66 337
67 132
67 265
67 138
67 275
67 169
67 301
67 136
67 209
67 339
67 340
67 355
67 72
67 222
67 294
67 299
67 326
67 195
67 153
68 255
68 133
68 141
68 146
68 278
68 307
68 311
68 320
68 321
68 68
68 249
68 117
68 70
68 89
68 236
68 139
69 394
69 271
69 399
69 284
69 142
69 109
69 223
69 334
69 81
69 69
69 258
69 384
69 348
69 378
69 111
69 83
69 155
69 172
69 92
69 360
69 108
69 373
69 122
70 274
70 395
70 276
70 158
70 170
70 171
70 183
70 166
70 192
70 200
70 165
70 226
70 103
70 318
70 342
70 216
70 90
70 114
70 129
70 303
70 128
71 336
71 213
71 130
71 269
71 297
71 190
71 193
71 330
71 98
71 368
71 379
71 367
71 272
71 71
71 99
71 245
72 233
72 132
72 136
72 265
72 138
72 275
72 169
72 299
72 186
72 324
72 326
72 212
72 294
72 72
72 241
72 180
72 208
72 314
73 385
73 154
73 175
73 182
73 204
73 247
73 113
73 312
73 187
73 100
73 255
73 73
73 88
73 197
73 400
73 151
73 92
73 181
73 112
73 173
74 249
74 318
74 386
74 387
74 388
74 392
74 283
74 305
74 306
74 308
74 181
74 184
74 74
74 153
74 77
74 94
74 358
74 272
75 148
75 152
75 298
75 185
75 322
75 203
75 362
75 234
75 86
75 206
75 370
75 75
75 120
75 211
75 371
75 119
75 376
75 105
75 130
76 197
76 132
76 136
76 138
76 275
76 169
76 301
76 186
76 324
76 209
76 326
76 299
76 340
76 339
76 294
76 241
76 115
76 102
76 212
77 386
77 388
77 392
77 396
77 283
77 305
77 308
77 180
77 184
77 181
77 94
77 297
77 91
77 208
77 127
77 374
78 234
78 390
78 391
78 264
78 173
78 188
78 327
78 251
78 372
78 338
78 78
78 246
78 345
78 349
78 232
78 256
79 225
79 226
79 261
79 262
79 270
79 143
79 147
79 286
79 296
79 304
79 231
79 214
79 243
79 163
79 103
79 280
79 110
79 320
79 348
79 244
79 246
80 267
80 140
80 141
80 278
80 320
80 321
80 194
80 146
80 117
80 134
80 89
80 199
80 248
80 170
80 236
80 249
80 296
80 164
81 105
81 394
81 142
81 284
81 334
81 83
81 122
81 223
81 271
81 399
81 384
81 378
81 81
81 111
81 258
81 237
81 133
81 92
81 351
81 360
82 398
82 288
82 377
82 290
82 281
82 172
82 93
82 91
82 354
82 115
82 224
82 149
82 178
82 381
82 225
82 242
82 383
83 248
83 294
83 394
83 142
83 271
83 284
83 334
83 108
83 378
83 92
83 111
83 360
83 121
83 83
83 281
83 351
83 109
83 380
84 216
84 268
84 279
84 159
84 310
84 191
84 323
84 335
84 332
84 116
84 237
84 155
84 363
84 228
84 213
84 382
84 106
84 226
84 130
84 190
85 149
85 281
85 288
85 290
85 178
85 377
85 172
85 224
85 398
85 85
85 93
85 354
85 235
85 195
85 298
85 372
85 91
85 115
85 383
85 253
85 295
86 322
86 203
86 205
86 211
86 298
86 233
86 185
86 234
86 86
86 220
86 362
86 126
86 153
86 371
86 119
86 376
86 254
86 278
87 150
87 253
87 260
87 285
87 292
87 295
87 309
87 314
87 128
87 218
87 126
87 238
87 168
87 374
87 336
87 395
88 385
88 400
88 274
88 154
88 160
88 293
88 175
88 182
88 204
88 151
88 113
88 247
88 100
88 312
88 88
88 291
88 243
89 195
89 148
89 133
89 140
89 146
89 278
89 307
89 194
89 199
89 249
89 321
89 204
89 236
89 277
90 395
90 276
90 166
90 300
90 165
90 171
90 177
90 342
90 226
90 216
90 158
90 396
90 114
90 223
91 398
91 172
91 178
91 195
91 383
91 377
91 115
91 354
91 281
91 224
91 235
91 242
91 293
91 302
91 93
91 225
91 146
91 340
91 388
92 203
92 258
92 394
92 142
92 271
92 399
92 351
92 284
92 378
92 108
92 223
92 109
92 133
92 347
92 360
92 384
93 398
93 290
93 354
93 224
93 377
93 381
93 281
93 242
93 288
93 225
93 235
93 93
93 95
93 156
94 331
94 353
94 386
94 396
94 282
94 305
94 308
94 180
94 181
94 392
94 94
94 119
94 302
95 131
95 139
95 266
95 156
95 316
95 346
95 120
95 95
95 369
95 252
95 393
95 176
95 379
95 148
95 244
95 345
95 359
96 131
96 393
96 139
96 266
96 145
96 156
96 346
96 221
96 96
96 176
96 120
96 252
96 383
96 230
96 104
96 365
96 369
97 254
97 390
97 264
97 173
97 327
97 338
97 345
97 349
97 357
97 359
97 256
97 372
97 119
97 232
97 251
97 260
97 351
98 187
98 231
98 181
98 130
98 389
98 269
98 189
98 190
98 193
98 329
98 330
98 245
98 368
98 272
98 379
98 208
98 336
99 240
99 390
99 391
99 173
99 188
99 327
99 338
99 345
99 256
99 264
99 359
99 153
99 357
99 251
99 314
99 297
100 151
100 175
100 182
100 312
100 187
100 197
100 204
100 154
100 100
100 385
100 247
100 255
100 400
100 112
100 232
100 364
100 276
100 250
100 222
101 275
101 389
101 272
101 297
101 189
101 193
101 330
101 344
101 352
101 367
101 190
101 130
101 269
101 329
101 152
101 135
101 364
101 379
101 125
102 263
102 135
102 157
102 328
102 210
102 215
102 219
102 105
102 341
102 350
102 353
102 102
102 124
102 118
102 385
102 159
102 250
102 167
103 261
103 262
103 143
103 273
103 286
103 163
103 174
103 229
103 231
103 375
103 343
103 214
103 246
103 147
103 317
104 131
104 393
104 139
104 145
104 316
104 120
104 346
104 221
104 365
104 230
104 369
104 248
104 304
104 378
104 301
105 263
105 135
105 157
105 318
105 325
105 328
105 333
105 210
105 341
105 219
105 201
105 105
105 124
105 250
105 213
106 304
106 256
106 268
106 153
106 159
106 302
106 310
106 332
106 213
106 347
106 227
106 228
106 335
106 382
106 191
106 363
107 263
107 135
107 157
107 325
107 328
107 341
107 215
107 219
107 350
107 353
107 356
107 318
107 201
107 118
107 177
107 250
107 237
107 389
108 394
108 348
108 351
108 360
108 223
108 108
108 384
108 109
108 378
108 111
108 121
108 271
108 334
108 149
108 373
108 380
109 171
109 258
109 142
109 271
109 399
109 284
109 334
109 384
109 223
109 378
109 121
109 373
109 204
109 299
109 122
109 380
110 262
110 270
110 143
110 280
110 286
110 163
110 174
110 214
110 343
110 229
110 243
110 296
110 304
110 261
110 246
110 294
110 148
110 167
111 255
111 132
111 168
111 258
111 394
111 142
111 399
111 334
111 360
111 121
111 373
111 122
111 384
111 190
111 167
111 227
112 385
112 400
112 274
112 151
112 154
112 160
112 293
112 182
112 312
112 317
112 197
112 112
112 147
112 113
112 247
113 400
113 274
113 150
113 151
113 154
113 160
113 293
113 175
113 182
113 312
113 317
113 197
113 255
113 204
113 300
113 344
114 395
114 170
114 171
114 177
114 200
114 226
114 165
114 114
114 216
114 342
114 155
114 118
115 398
115 149
115 281
115 288
115 290
115 172
115 178
115 195
115 242
115 383
115 377
115 123
115 213
116 268
116 279
116 153
116 155
116 287
116 332
116 213
116 363
116 237
116 366
116 228
116 335
116 159
116 227
116 116
116 128
116 216
116 382
117 133
117 134
117 267
117 140
117 141
117 146
117 278
117 311
117 321
117 194
117 236
117 307
117 117
117 224
117 249
117 356
118 354
118 235
118 135
118 328
118 201
118 210
118 341
118 353
118 325
118 318
118 118
118 350
118 376
118 120
118 250
118 124
118 324
118 227
119 152
119 185
119 203
119 205
119 211
119 362
119 370
119 206
119 298
119 220
119 254
119 343
119 361
119 236
119 357
120 131
120 393
120 139
120 145
120 176
120 365
120 369
120 248
120 316
120 120
120 204
120 346
120 221
120 230
121 158
121 124
121 258
121 394
121 142
121 271
121 334
121 348
121 223
121 373
121 284
121 122
121 386
121 249
121 380
121 302
121 367
122 149
122 258
122 394
122 271
122 399
122 348
122 351
122 373
122 284
122 334
122 142
122 380
122 364
122 229
122 384
123 176
123 260
123 285
123 292
123 167
123 295
123 179
123 207
123 337
123 218
123 238
123 374
123 123
123 212
123 214
123 126
123 128
124 315
124 327
124 263
124 318
124 325
124 328
124 201
124 333
124 219
124 353
124 250
124 356
124 157
124 153
124 279
125 170
125 390
125 130
125 272
125 190
125 329
125 344
125 352
125 379
125 245
125 330
125 368
125 269
125 297
125 314
126 260
126 285
126 168
126 295
126 196
126 207
126 218
126 374
126 238
126 179
126 259
126 292
126 128
126 341
127 386
127 387
127 388
127 392
127 396
127 283
127 282
127 306
127 180
127 181
127 358
127 305
127 184
127 164
127 310
128 173
128 260
128 164
128 179
128 309
128 196
128 207
128 218
128 374
128 337
128 336
128 168
128 167
128 185
129 129
129 303
129 217
129 202
129 313
129 240
129 198
129 253
129 291
129 161
129 289
129 319
129 315
129 362
129 257
129 137
129 397
130 272
130 189
130 367
130 364
130 379
130 190
130 330
130 344
130 130
130 297
130 269
130 193
130 352
131 266
131 248
131 252
131 393
131 156
131 365
131 221
131 139
131 145
131 230
131 131
131 398
131 316
131 369
131 271
132 139
132 280
132 212
132 209
132 324
132 241
132 355
132 275
132 339
132 301
132 136
132 222
132 299
132 340
132 179
132 265
132 294
132 326
133 371
133 249
133 133
133 199
133 134
133 278
133 321
133 236
133 146
133 223
133 267
133 140
133 141
133 311
134 267
134 236
134 311
134 146
134 320
134 249
134 134
134 307
134 194
134 278
134 171
134 294
134 141
134 199
135 361
135 263
135 135
135 215
135 325
135 333
135 219
135 210
135 201
135 356
135 157
135 328
135 353
135 250
136 299
136 212
136 186
136 301
136 209
136 324
136 265
136 138
136 222
136 169
136 136
136 261
136 371
136 275
136 294
137 253
137 303
137 291
137 239
137 319
137 161
137 331
137 202
137 313
137 217
137 397
137 257
137 289
137 245
137 273
137 144
137 277
137 162
137 315
137 240
138 328
138 265
138 169
138 294
138 241
138 275
138 212
138 339
138 326
138 222
138 301
138 201
138 299
138 209
138 340
138 196
139 393
139 266
139 176
139 221
139 369
139 252
139 346
139 156
139 145
139 316
139 365
139 248
139 285
140 267
140 194
140 140
140 199
140 320
140 311
140 321
140 307
140 293
140 205
140 141
140 275
140 396
141 321
141 278
141 311
141 307
141 194
141 199
141 236
141 320
141 247
141 146
141 249
142 258
142 394
142 271
142 334
142 142
142 399
142 380
142 223
142 384
142 378
142 178
142 284
143 261
143 262
143 273
143 244
143 296
143 243
143 286
143 147
143 174
143 163
143 143
143 280
143 214
143 237
143 304
143 229
143 231
143 246
143 310
144 249
144 257
144 397
144 239
144 313
144 144
144 331
144 319
144 240
144 198
144 277
144 202
144 315
144 217
144 291
144 185
144 269
145 393
145 252
145 176
145 316
145 369
145 266
145 346
145 221
145 145
145 220
145 156
145 230
145 248
145 323
145 269
146 267
146 321
146 278
146 311
146 249
146 307
146 236
146 166
146 320
146 199
147 195
147 239
147 261
147 270
147 273
147 375
147 343
147 262
147 246
147 174
147 244
147 286
147 163
147 346
147 280
147 296
147 304
147 231
148 148
148 370
148 234
148 220
148 203
148 362
148 254
148 322
148 298
148 152
148 205
148 259
148 185
148 211
148 371
148 250
149 381
149 354
149 242
149 225
149 398
149 288
149 224
149 235
149 281
149 377
149 149
149 195
149 383
149 176
149 290
149 178
150 274
150 204
150 385
150 317
150 154
150 150
150 255
150 187
150 197
150 175
150 151
150 400
150 182
150 206
150 312
151 400
151 274
151 317
151 175
151 293
151 154
151 187
151 197
151 247
151 385
151 160
151 334
151 166
151 204
151 375
152 362
152 152
152 370
152 220
152 185
152 211
152 203
152 254
152 371
152 206
152 313
152 233
152 234
153 274
153 397
153 335
153 228
153 227
153 323
153 302
153 363
153 191
153 366
153 276
153 155
153 347
153 237
153 382
154 385
154 400
154 274
154 312
154 317
154 187
154 182
154 293
154 175
154 247
154 160
154 285
154 336
154 204
154 255
154 235
154 311
154 186
155 304
155 268
155 363
155 332
155 191
155 310
155 228
155 347
155 382
155 155
155 323
155 171
155 367
155 287
155 302
155 213
155 366
156 316
156 176
156 266
156 248
156 346
156 230
156 156
156 365
156 252
156 378
157 263
157 250
157 325
157 353
157 215
157 341
157 333
157 328
157 356
157 210
157 253
157 201
157 219
157 350
158 395
158 216
158 200
158 166
158 300
158 342
158 165
158 170
158 177
158 192
158 171
158 325
158 183
158 226
159 175
159 219
159 279
159 159
159 323
159 268
159 347
159 227
159 237
159 366
159 302
159 228
159 335
159 282
159 289
159 287
159 332
159 363
160 400
160 187
160 204
160 312
160 385
160 317
160 182
160 175
160 293
160 274
160 392
160 298
160 197
160 255
160 176
161 171
161 277
161 198
161 239
161 313
161 257
161 303
161 331
161 217
161 162
161 397
161 289
161 359
161 398
161 315
161 202
161 253
161 238
162 385
162 257
162 397
162 277
162 289
162 162
162 319
162 239
162 331
162 198
162 291
162 217
162 348
162 353
162 303
162 315
163 205
163 261
163 262
163 270
163 273
163 286
163 163
163 229
163 174
163 375
163 214
163 231
163 296
163 324
163 321
163 304
163 243
163 244
163 246
164 259
164 260
164 285
164 238
164 168
164 218
164 314
164 295
164 207
164 337
164 167
164 309
164 336
164 374
164 249
164 292
165 395
165 276
165 165
165 342
165 166
165 183
165 192
165 170
165 226
165 177
165 270
165 234
165 171
165 300
165 214
165 347
166 395
166 200
166 183
166 226
166 276
166 300
166 166
166 171
166 323
166 206
166 170
166 177
166 327
166 325
166 329
167 211
167 259
167 260
167 285
167 336
167 168
167 179
167 337
167 292
167 167
167 207
167 238
167 314
167 374
168 259
168 260
168 285
168 218
168 309
168 207
168 336
168 168
168 295
168 179
168 337
168 196
168 234
169 321
169 229
169 265
169 222
169 294
169 340
169 275
169 209
169 169
169 241
169 231
169 186
169 324
169 212
169 386
170 395
170 226
170 183
170 177
170 192
170 200
170 300
170 323
170 171
170 342
170 216
170 382
171 276
171 216
171 226
171 183
171 300
171 171
171 342
171 177
172 398
172 288
172 290
172 172
172 225
172 383
172 195
172 235
172 224
172 178
172 281
172 354
172 242
172 370
172 400
173 390
173 391
173 264
173 338
173 173
173 357
173 232
173 256
173 188
173 345
173 372
173 251
173 310
174 261
174 262
174 270
174 280
174 296
174 231
174 273
174 229
174 286
174 304
174 375
174 331
174 233
174 214
174 243
174 308
175 385
175 400
175 274
175 293
175 317
175 312
175 187
175 224
175 204
175 247
175 200
175 230
176 393
176 266
176 365
176 316
176 230
176 369
176 248
176 346
176 221
177 200
177 395
177 276
177 226
177 192
177 177
177 283
177 214
177 183
177 342
177 257
178 288
178 225
178 178
178 377
178 383
178 242
178 354
178 235
178 323
178 314
178 195
178 224
178 381
178 360
179 393
179 259
179 295
179 337
179 179
179 238
179 196
179 218
179 260
179 309
179 219
179 224
179 314
179 336
179 374
180 386
180 388
180 392
180 396
180 283
180 282
180 305
180 306
180 358
180 184
180 387
180 308
180 352
180 181
180 208
181 392
181 305
181 306
181 358
181 386
181 282
181 181
181 381
182 187
182 204
182 247
182 255
182 385
182 293
182 182
182 220
182 312
182 197
182 363
183 395
183 192
183 276
183 200
183 226
183 216
183 344
183 384
184 377
184 346
184 252
184 270
184 386
184 387
184 392
184 396
184 282
184 306
184 305
184 308
184 283
184 191
184 208
185 298
185 205
185 371
185 234
185 370
185 220
185 376
185 362
185 254
185 203
185 241
185 350
185 233
185 202
186 290
186 346
186 252
186 361
186 275
186 294
186 299
186 301
186 326
186 265
186 209
186 222
186 237
186 340
187 385
187 400
187 293
187 312
187 204
187 317
187 255
187 187
187 197
188 345
188 357
188 251
188 256
188 372
188 264
188 220
188 279
188 349
188 359
189 272
189 379
189 368
189 329
189 269
189 364
189 389
189 189
189 245
189 190
189 337
189 326
189 193
189 330
189 344
189 352
189 367
190 241
190 394
190 389
190 368
190 330
190 269
190 364
190 193
190 329
190 239
190 344
190 352
190 245
191 276
191 311
191 289
191 313
191 268
191 287
191 302
191 335
191 213
191 366
191 323
191 379
191 397
191 227
191 228
191 237
192 395
192 276
192 300
192 200
192 342
192 216
192 192
193 389
193 193
193 379
193 364
193 368
193 269
193 367
193 217
193 275
193 329
193 352
194 267
194 278
194 320
194 307
194 249
194 321
194 311
194 282
194 355
194 236
195 281
195 288
195 354
195 383
195 398
195 381
195 377
195 225
195 195
195 224
195 235
195 242
195 263
196 288
196 259
196 260
196 292
196 314
196 309
196 336
196 238
196 374
196 196
196 335
197 385
197 274
197 293
197 312
197 197
197 247
197 317
197 313
197 204
198 385
198 281
198 397
198 277
198 289
198 291
198 303
198 217
198 331
198 315
198 319
198 313
198 285
198 227
198 202
198 239
198 253
199 267
199 307
199 311
199 321
199 236
199 199
199 391
199 249
199 361
200 395
200 276
200 300
200 200
200 289
200 315
201 325
201 263
201 361
201 219
201 353
201 356
201 341
201 350
201 250
201 201
201 295
201 333
201 210
201 215
202 257
202 397
202 289
202 303
202 217
202 313
202 240
202 253
202 291
203 298
203 322
203 205
203 376
203 233
203 370
203 203
203 211
203 220
203 234
203 371
203 254
203 319
203 351
204 385
204 274
204 293
204 312
204 204
204 276
204 308
205 322
205 220
205 234
205 206
205 370
205 205
205 233
205 211
205 376
206 298
206 322
206 234
206 233
206 254
206 370
206 362
206 206
206 326
206 211
206 371
206 376
206 229
206 283
207 260
207 292
207 295
207 309
207 337
207 285
207 314
207 259
207 207
207 238
207 364
208 386
208 387
208 392
208 283
208 282
208 305
208 358
208 306
208 396
208 349
209 312
209 349
209 265
209 275
209 299
209 301
209 326
209 212
209 325
209 335
209 340
209 241
210 263
210 318
210 325
210 361
210 219
210 341
210 215
210 250
210 210
210 332
210 350
210 353
210 356
210 337
211 298
211 322
211 362
211 254
211 233
211 370
211 234
211 376
212 265
212 275
212 299
212 324
212 326
212 339
212 294
212 222
212 340
212 241
212 308
212 364
212 355
212 228
213 307
213 268
213 287
213 302
213 310
213 332
213 335
213 227
213 323
213 228
213 363
213 237
213 382
214 234
214 221
214 261
214 270
214 273
214 286
214 304
214 229
214 243
214 246
214 296
214 244
214 338
214 343
214 231
215 381
215 263
215 333
215 350
215 341
215 325
215 215
215 331
215 282
215 356
215 250
215 330
216 276
216 300
216 216
216 342
216 299
216 226
216 309
216 389
217 321
217 257
217 397
217 289
217 291
217 331
217 217
217 396
217 230
218 292
218 309
218 295
218 336
218 260
218 259
218 337
218 374
218 243
218 287
219 263
219 318
219 328
219 333
219 341
219 353
219 356
219 350
220 322
220 254
220 370
220 298
220 220
220 252
220 233
220 376
221 393
221 266
221 316
221 230
221 346
221 299
221 248
222 265
222 275
222 294
222 301
222 355
222 299
222 340
222 324
222 242
223 394
223 399
223 284
223 334
223 348
223 378
223 351
223 223
223 287
223 360
223 373
223 384
224 281
224 290
224 242
224 398
224 354
224 381
224 377
224 297
224 244
225 398
225 281
225 290
225 288
225 381
225 242
225 383
225 273
225 235
226 276
226 226
226 395
226 387
226 325
227 244
227 279
227 302
227 332
227 335
227 347
227 382
227 323
227 363
227 228
227 366
228 266
228 337
228 268
228 279
228 287
228 302
228 310
228 335
228 323
228 340
228 366
229 261
229 262
229 286
229 343
229 273
229 246
229 304
229 231
229 244
229 375
229 270
230 393
230 266
230 346
230 252
230 316
230 318
231 242
231 261
231 270
231 296
231 243
231 231
231 343
232 391
232 264
232 327
232 349
232 357
232 345
232 338
232 288
232 383
232 372
232 259
233 362
233 298
233 233
233 371
233 322
233 268
233 376
233 279
234 298
234 322
234 371
234 362
234 254
234 369
235 398
235 281
235 288
235 290
235 383
235 377
235 242
235 381
236 267
236 278
236 307
236 249
236 363
237 338
237 279
237 287
237 302
237 310
237 347
237 363
237 332
237 368
238 259
238 292
238 314
238 336
238 295
238 337
238 260
238 238
238 309
239 257
239 277
239 291
239 303
239 315
239 331
239 253
239 397
239 313
239 240
239 312
239 258
240 257
240 277
240 289
240 303
240 319
240 253
240 291
240 397
240 240
240 315
240 350
241 265
241 275
241 294
241 299
241 324
241 326
241 339
241 301
241 304
241 269
242 398
242 288
242 290
242 354
242 381
242 383
242 299
242 245
243 262
243 270
243 273
243 296
243 343
243 246
243 244
243 280
243 375
243 304
243 279
244 262
244 270
244 286
244 304
244 296
244 280
244 246
245 246
245 269
245 344
245 352
245 367
245 368
245 245
245 330
245 379
245 297
246 261
246 270
246 296
246 343
246 375
246 280
246 355
247 385
247 400
247 274
247 293
247 312
247 317
247 355
247 336
247 391
248 393
248 316
248 369
248 252
248 375
249 307
249 311
249 249
250 325
250 341
250 361
250 263
250 350
250 328
251 327
251 357
251 359
251 372
251 264
251 390
251 345
251 256
251 330
251 351
251 299
251 396
251 287
252 393
252 369
252 365
252 316
252 295
253 257
253 277
253 289
253 291
253 303
253 313
253 319
253 331
253 397
254 322
254 362
254 370
254 371
254 376
254 361
254 326
255 385
255 400
255 274
255 312
255 255
255 293
256 390
256 391
256 264
256 338
256 345
256 349
256 357
256 359
256 307
257 257
257 331
257 277
257 319
257 291
257 315
257 388
257 360
258 383
258 334
258 373
258 258
258 380
258 394
258 348
258 378
258 271
258 384
258 399
258 284
258 379
259 345
259 292
259 309
259 337
259 336
259 295
259 259
259 314
259 372
259 285
259 399
260 365
260 295
260 336
260 314
260 337
260 374
260 309
260 323
260 285
260 292
261 304
261 273
261 286
261 270
261 375
261 261
261 317
261 262
261 280
262 267
262 280
262 304
262 262
262 286
262 308
262 264
263 341
263 350
263 328
263 263
263 361
263 353
263 318
263 300
263 356
264 390
264 391
264 338
264 349
264 359
264 357
264 327
264 345
264 372
264 282
265 294
265 339
265 326
265 324
265 265
265 355
265 275
265 299
265 340
266 362
266 266
266 316
266 346
266 369
267 267
267 278
267 307
267 320
267 336
267 311
268 268
268 382
268 366
268 279
268 332
268 335
268 302
268 323
268 297
268 398
268 287
268 310
268 363
269 306
269 297
269 368
269 269
269 389
269 379
269 352
269 272
269 364
270 343
270 304
270 296
270 375
270 273
270 280
270 350
271 394
271 380
271 351
271 360
271 348
271 384
271 271
271 284
271 334
271 373
272 366
272 389
272 368
272 330
272 297
272 352
272 272
272 344
272 379
272 289
272 329
273 395
273 304
273 296
273 375
273 280
273 331
273 286
273 343
273 330
274 312
274 400
274 385
274 317
274 274
274 316
274 380
275 299
275 355
275 275
275 294
275 340
276 395
276 276
276 300
276 342
276 292
277 397
277 303
277 313
277 291
277 331
277 319
277 289
277 315
278 321
278 278
278 311
278 284
278 368
279 339
279 332
279 323
279 382
279 310
279 279
279 347
279 287
279 302
279 335
279 363
280 365
280 280
280 286
280 304
280 296
280 375
280 367
280 343
281 398
281 381
281 377
281 288
281 354
281 281
281 344
281 290
281 383
282 298
282 386
282 387
282 388
282 283
282 358
282 305
282 282
282 392
282 306
283 386
283 387
283 388
283 396
283 392
283 358
283 305
283 329
283 306
283 308
284 394
284 399
284 360
284 378
284 380
284 351
284 373
284 284
284 334
284 384
285 314
285 337
285 374
285 295
285 309
285 285
286 375
286 296
286 304
286 286
286 298
286 343
286 334
287 347
287 323
287 363
287 302
287 366
287 310
287 332
287 335
287 382
288 398
288 381
288 288
288 377
288 333
288 290
288 383
289 397
289 315
289 291
289 303
289 319
289 331
289 328
289 313
289 392
290 398
290 383
290 377
290 354
290 306
290 381
291 397
291 315
291 313
291 291
291 324
292 355
292 337
292 314
292 374
292 336
292 295
292 309
293 385
293 400
293 293
293 317
293 393
294 301
294 326
294 355
294 294
294 324
294 383
294 340
295 392
295 337
295 309
295 314
295 374
296 300
296 343
296 375
296 304
296 296
296 332
297 387
297 297
297 368
297 389
297 329
297 367
297 309
297 330
297 352
298 376
298 371
298 362
298 298
298 322
299 301
299 355
299 326
299 339
299 324
299 344
300 395
300 300
300 342
301 391
301 301
301 355
301 339
301 340
301 324
301 326
302 373
302 335
302 323
302 332
302 363
303 398
303 331
303 397
303 319
303 313
303 315
304 307
304 375
304 343
305 386
305 387
305 392
305 396
305 308
305 306
305 358
305 388
305 348
306 312
306 386
306 387
306 396
306 308
307 307
307 320
307 311
307 321
308 386
308 387
308 392
308 388
308 343
309 381
309 309
309 337
309 332
309 314
310 332
310 366
310 335
310 323
310 363
310 347
311 321
311 359
311 329
312 400
312 317
312 385
313 397
313 319
313 315
313 331
313 332
314 337
314 336
314 374
315 397
315 315
315 319
315 331
315 378
315 332
316 393
316 346
316 369
316 365
317 385
317 400
317 317
317 336
318 320
318 350
318 356
318 353
318 318
318 325
318 361
318 341
318 328
318 324
319 342
319 397
319 319
319 331
319 339
319 347
320 321
320 320
321 377
322 370
322 376
322 371
322 362
322 325
322 388
322 393
323 335
323 347
323 332
323 366
324 355
324 340
324 339
324 326
325 325
325 328
325 356
325 333
325 350
326 326
326 340
326 378
326 339
326 355
327 390
327 391
327 372
327 359
327 349
328 341
328 333
328 361
328 356
328 344
328 353
329 354
329 388
329 389
329 364
329 330
329 344
329 352
329 367
329 379
330 369
330 389
330 330
330 344
330 352
330 364
330 368
330 379
331 397
331 349
332 340
332 382
332 335
333 342
333 350
333 341
333 361
333 356
333 333
333 353
334 394
334 399
334 373
334 360
334 378
334 351
334 359
334 348
335 382
335 347
336 374
336 353
337 337
337 374
338 375
338 390
338 391
338 349
338 357
338 359
339 343
339 340
339 339
340 355
341 353
341 361
341 350
341 383
341 349
341 356
342 395
342 342
342 373
342 384
343 343
343 375
344 389
344 367
344 379
345 390
345 391
345 349
345 357
345 359
346 393
346 346
346 365
346 369
347 363
347 366
347 347
347 382
348 394
348 399
348 351
348 380
348 378
348 384
348 366
348 360
348 373
349 391
349 359
349 372
350 356
350 353
350 361
351 370
351 394
351 399
351 373
351 378
351 380
352 389
352 364
352 367
352 352
352 363
352 368
353 361
354 377
354 354
354 381
354 376
355 400
355 378
356 356
356 393
357 391
357 390
357 372
357 357
357 382
358 386
358 387
358 388
358 392
358 358
359 391
359 390
359 372
360 394
360 384
360 378
360 380
360 360
361 361
362 362
362 366
362 370
363 382
363 366
364 368
364 389
364 379
364 372
364 367
365 393
365 365
366 378
366 382
367 389
367 368
368 386
368 379
369 397
369 393
370 388
370 371
371 376
372 390
372 391
373 384
373 380
373 399
373 378
374 374
376 376
377 398
378 394
378 399
378 384
379 389
380 394
380 399
380 380
380 384
381 398
383 398
384 399
385 385
385 400
385 394
386 386
386 392
386 388
387 388
387 392
387 396
387 400
388 388
388 392
388 396
389 389
390 390
390 391
391 391
392 392
392 396
394 399
395 395
396 398
396 396
397 397
398 398
399 399
400 400
