400 3551
1 115
1 44
1 84
1 120
1 98
1 278
1 35
1 139
1 384
1 106
1 27
1 53
1 67
1 398
1 256
1 42
1 218
1 231
1 103
1 117
2 400
2 386
2 100
2 91
2 92
2 7
2 290
2 359
2 292
2 87
2 173
2 158
2 79
2 348
2 13
2 335
2 226
2 119
3 187
3 300
3 170
3 222
3 172
3 3
3 123
3 322
3 299
3 294
3 378
3 336
3 185
3 298
3 36
3 320
3 69
3 198
3 330
3 357
4 296
4 278
4 257
4 19
4 105
4 234
4 75
4 382
4 374
4 190
4 136
4 379
4 251
4 223
4 128
4 301
4 107
4 377
4 392
4 347
5 393
5 201
5 24
5 5
5 156
5 112
5 102
5 189
5 338
5 121
5 34
5 352
5 166
5 231
5 397
5 21
5 309
5 70
5 88
6 96
6 357
6 222
6 69
6 260
6 294
6 111
6 330
6 320
6 328
6 299
6 172
6 198
6 322
6 387
6 36
6 305
6 187
6 123
7 92
7 79
7 400
7 290
7 100
7 158
7 241
7 200
7 196
7 292
7 87
7 226
7 306
7 143
7 9
7 335
7 91
7 119
7 183
8 8
8 103
8 117
8 398
8 262
8 384
8 211
8 231
8 98
8 218
8 278
8 67
8 106
8 86
8 139
8 27
8 44
8 220
9 386
9 348
9 9
9 376
9 306
9 79
9 200
9 292
9 164
9 119
9 290
9 241
9 219
9 400
9 158
9 87
9 91
9 95
10 10
10 331
10 56
10 371
10 155
10 317
10 204
10 126
10 316
10 287
10 169
10 368
10 50
10 118
10 65
11 137
11 266
11 365
11 149
11 25
11 81
11 146
11 232
11 39
11 245
11 167
11 46
11 47
11 250
11 397
11 270
11 60
11 97
11 360
12 174
12 391
12 264
12 267
12 298
12 180
12 160
12 210
12 177
12 37
12 31
12 12
12 203
12 340
12 151
12 281
12 163
12 297
12 194
12 350
12 247
13 265
13 40
13 104
13 184
13 48
13 174
13 162
13 353
13 372
13 51
13 225
13 288
13 77
13 52
13 336
13 45
13 312
13 83
13 113
14 390
14 136
14 251
14 208
14 22
14 381
14 75
14 234
14 374
14 105
14 382
14 183
14 19
14 257
14 61
14 301
14 190
14 107
14 377
14 16
15 397
15 259
15 135
15 16
15 212
15 243
15 125
15 235
15 249
15 214
15 116
15 193
15 399
15 271
15 309
15 80
15 355
15 253
16 164
16 270
16 259
16 135
16 395
16 271
16 355
16 243
16 248
16 315
16 193
16 358
16 95
16 399
16 197
16 214
16 125
16 249
17 387
17 389
17 141
17 131
17 282
17 134
17 346
17 202
17 342
17 215
17 326
17 254
17 76
17 313
17 98
17 279
17 161
17 186
17 205
17 209
17 240
18 129
18 394
18 269
18 144
18 20
18 94
18 96
18 115
18 302
18 364
18 41
18 236
18 268
18 150
18 385
18 89
18 227
18 356
18 369
18 252
19 388
19 68
19 257
19 136
19 105
19 382
19 390
19 379
19 75
19 223
19 22
19 234
19 180
19 66
19 325
19 208
20 129
20 388
20 269
20 144
20 96
20 108
20 148
20 20
20 302
20 236
20 41
20 369
20 130
20 150
20 94
20 227
20 356
20 128
21 60
21 333
21 311
21 189
21 309
21 34
21 70
21 393
21 88
21 332
21 397
21 64
21 112
21 170
21 201
21 343
21 102
22 257
22 390
22 66
22 136
22 374
22 107
22 234
22 208
22 301
22 325
22 75
22 251
22 82
22 190
22 224
22 377
22 381
22 382
22 233
23 276
23 246
23 147
23 296
23 207
23 175
23 219
23 275
23 154
23 109
23 114
23 86
23 238
23 38
23 392
23 29
23 327
23 345
23 337
24 227
24 393
24 397
24 88
24 333
24 34
24 70
24 343
24 112
24 303
24 189
24 311
24 64
24 93
24 156
24 166
24 309
25 137
25 266
25 149
25 176
25 250
25 39
25 373
25 340
25 245
25 97
25 81
25 365
25 46
25 130
25 167
25 60
25 360
26 261
26 274
26 277
26 152
26 188
26 370
26 122
26 26
26 127
26 228
26 118
26 61
26 367
26 43
26 310
26 319
26 362
26 124
26 66
27 262
27 220
27 106
27 139
27 35
27 120
27 398
27 211
27 44
27 27
27 98
27 34
27 43
27 53
27 218
28 359
28 142
28 307
28 239
28 72
28 263
28 157
28 191
28 216
28 284
28 233
28 242
28 337
28 171
28 95
28 308
28 74
28 244
28 380
29 292
29 143
29 275
29 86
29 296
29 114
29 154
29 327
29 272
29 179
29 29
29 295
29 99
29 175
29 219
29 238
29 246
30 314
30 133
30 138
30 280
30 286
30 68
30 321
30 213
30 237
30 318
30 334
30 101
30 85
30 217
30 169
30 304
30 181
31 391
31 264
31 347
31 229
31 160
31 151
31 298
31 177
31 293
31 194
31 163
31 392
31 247
31 69
31 73
31 341
32 62
32 385
32 155
32 371
32 65
32 331
32 368
32 199
32 354
32 50
32 178
32 291
32 56
32 126
32 150
32 33
32 165
32 54
32 59
32 204
33 108
33 258
33 155
33 287
33 178
33 59
33 316
33 317
33 126
33 385
33 169
33 204
33 165
33 336
33 50
33 54
33 56
33 331
33 371
33 180
34 286
34 396
34 397
34 156
34 333
34 332
34 309
34 343
34 189
34 303
34 120
34 311
34 64
34 201
35 145
35 139
35 398
35 43
35 106
35 44
35 120
35 35
35 84
35 278
35 384
35 352
35 67
35 220
35 283
36 185
36 187
36 260
36 300
36 111
36 305
36 328
36 322
36 123
36 63
36 69
36 294
36 44
36 299
36 320
36 336
36 357
37 102
37 391
37 264
37 267
37 151
37 281
37 163
37 293
37 392
37 297
37 210
37 203
37 180
37 40
37 350
37 247
38 127
38 373
38 396
38 140
38 145
38 276
38 275
38 179
38 86
38 147
38 38
38 175
38 270
38 295
38 345
38 246
39 137
39 146
39 149
39 365
39 232
39 373
39 182
39 339
39 340
39 46
39 349
39 60
39 144
39 47
39 245
40 372
40 162
40 159
40 361
40 48
40 82
40 312
40 130
40 225
40 83
40 45
40 93
40 51
40 284
40 174
40 52
40 184
40 353
40 223
41 129
41 388
41 394
41 268
41 144
41 150
41 108
41 302
41 269
41 41
41 89
41 239
41 221
41 94
41 128
42 196
42 114
42 398
42 278
42 67
42 384
42 220
42 53
42 117
42 106
42 44
42 103
42 42
42 55
42 231
42 193
43 55
43 218
43 44
43 220
43 106
43 384
43 120
43 84
43 103
43 67
43 211
43 154
44 262
44 84
44 55
44 218
44 139
44 53
44 231
44 293
44 211
44 98
44 117
44 105
45 265
45 162
45 77
45 45
45 225
45 110
45 159
45 83
45 52
45 353
45 51
45 226
45 48
45 82
45 113
46 173
46 137
46 266
46 270
46 149
46 81
46 146
46 176
46 46
46 373
46 383
46 60
46 339
46 360
46 250
47 137
47 270
47 149
47 365
47 340
47 349
47 232
47 176
47 360
47 146
47 97
47 266
47 312
47 182
47 339
48 159
48 288
48 162
48 361
48 225
48 113
48 184
48 265
48 110
48 93
48 77
48 260
48 353
48 372
48 133
48 63
49 133
49 138
49 280
49 78
49 304
49 318
49 101
49 99
49 192
49 334
49 329
49 68
49 286
49 217
49 80
49 85
49 237
49 79
49 91
50 322
50 385
50 287
50 291
50 165
50 354
50 126
50 199
50 317
50 50
50 356
50 54
50 204
51 130
51 265
51 159
51 162
51 52
51 288
51 110
51 225
51 312
51 361
51 353
51 168
51 77
51 104
52 130
52 265
52 159
52 288
52 110
52 361
52 312
52 77
52 174
52 93
52 347
52 184
52 104
52 372
53 262
53 139
53 278
53 53
53 120
53 84
53 231
53 67
53 103
53 327
53 211
53 220
53 98
53 384
54 258
54 291
54 54
54 287
54 56
54 354
54 165
54 178
54 331
54 155
54 171
54 59
54 204
54 368
54 338
55 278
55 398
55 103
55 220
55 120
55 139
55 231
55 84
55 98
55 55
55 397
55 67
56 155
56 287
56 291
56 169
56 258
56 316
56 317
56 354
56 204
56 368
56 347
56 65
56 199
56 380
57 192
57 157
57 168
57 308
57 74
57 242
57 284
57 171
57 153
57 57
57 72
57 363
57 337
57 258
57 206
57 216
57 233
57 239
57 380
57 255
58 369
58 133
58 280
58 286
58 304
58 181
58 85
58 329
58 318
58 324
58 217
58 213
58 68
58 78
58 65
58 192
58 323
58 342
59 207
59 155
59 291
59 178
59 354
59 331
59 371
59 65
59 258
59 199
59 385
59 339
59 317
59 204
59 368
59 235
60 137
60 167
60 182
60 250
60 60
60 266
60 373
60 232
60 97
60 340
60 389
60 331
61 132
61 261
61 274
61 152
61 310
61 314
61 256
61 122
61 118
61 124
61 370
61 277
61 127
61 108
61 319
61 195
61 362
61 367
61 375
62 128
62 137
62 131
62 387
62 141
62 279
62 282
62 215
62 62
62 240
62 202
62 205
62 344
62 327
62 73
63 305
63 185
63 187
63 357
63 294
63 300
63 299
63 378
63 198
63 260
63 320
63 170
63 330
64 187
64 219
64 393
64 156
64 285
64 311
64 338
64 332
64 333
64 189
64 64
64 343
64 88
64 102
64 121
65 136
65 385
65 155
65 291
65 178
65 126
65 65
65 258
65 150
65 331
65 204
65 371
66 349
66 257
66 377
66 234
66 379
66 374
66 223
66 183
66 208
66 381
66 251
66 390
66 325
66 224
66 105
67 188
67 139
67 384
67 103
67 117
67 106
67 218
67 265
67 231
67 249
68 138
68 181
68 318
68 192
68 323
68 324
68 329
68 217
68 280
68 85
68 99
68 334
68 78
68 101
68 237
68 383
69 299
69 300
69 305
69 185
69 198
69 330
69 336
69 294
69 187
69 328
69 170
69 126
69 123
69 390
70 393
70 156
70 285
70 166
70 309
70 311
70 189
70 70
70 303
70 88
70 72
70 201
70 338
71 375
71 131
71 387
71 389
71 282
71 186
71 326
71 134
71 71
71 254
71 161
71 366
71 209
71 224
71 202
71 76
71 205
71 215
71 346
71 240
71 143
72 263
72 168
72 307
72 308
72 255
72 244
72 233
72 239
72 284
72 216
72 230
72 273
72 74
72 206
72 337
72 363
72 380
73 264
73 281
73 163
73 180
73 298
73 392
73 391
73 347
73 194
73 203
73 210
73 247
73 151
73 341
74 122
74 263
74 153
74 284
74 157
74 168
74 171
74 308
74 191
74 242
74 142
74 126
74 233
74 244
75 213
75 290
75 257
75 390
75 136
75 190
75 251
75 107
75 301
75 382
75 225
75 208
75 234
75 379
75 374
75 381
76 131
76 389
76 141
76 282
76 161
76 313
76 186
76 326
76 202
76 344
76 209
76 279
76 233
76 205
76 342
76 254
77 312
77 83
77 353
77 225
77 162
77 104
77 288
77 93
77 130
77 383
77 113
77 364
77 264
77 399
77 214
78 273
78 138
78 280
78 192
78 321
78 323
78 324
78 101
78 334
78 217
78 286
78 249
78 213
79 101
79 386
79 400
79 164
79 173
79 196
79 200
79 376
79 79
79 348
79 92
79 359
80 263
80 142
80 259
80 135
80 271
80 283
80 315
80 193
80 214
80 243
80 249
80 358
80 360
80 212
81 137
81 266
81 167
81 176
81 250
81 232
81 146
81 270
81 365
81 340
81 373
81 216
81 360
81 88
82 130
82 265
82 159
82 288
82 184
82 83
82 110
82 104
82 361
82 82
82 174
82 119
82 93
82 113
83 288
83 162
83 174
83 184
83 312
83 93
83 225
83 83
83 324
83 279
84 262
84 139
84 398
84 211
84 231
84 106
84 278
84 98
84 246
84 218
84 103
84 120
84 116
85 138
85 304
85 181
85 318
85 334
85 85
85 213
85 321
85 383
85 394
85 217
85 99
85 101
85 384
86 306
86 396
86 276
86 275
86 327
86 86
86 295
86 114
86 154
86 175
86 174
86 345
87 386
87 290
87 164
87 173
87 196
87 200
87 306
87 359
87 226
87 292
87 87
87 348
88 262
88 309
88 333
88 343
88 201
88 156
88 285
88 303
88 189
89 129
89 269
89 148
89 150
89 144
89 221
89 388
89 227
89 89
89 252
89 108
89 174
89 364
89 369
89 115
90 129
90 281
90 259
90 135
90 395
90 399
90 315
90 193
90 197
90 355
90 283
90 214
90 271
90 248
90 387
90 125
90 116
91 400
91 164
91 173
91 196
91 200
91 92
91 359
91 376
91 100
91 226
91 119
91 348
91 250
92 294
92 158
92 290
92 292
92 92
92 348
92 306
92 241
92 386
92 310
92 359
93 130
93 159
93 174
93 184
93 225
93 288
93 312
93 93
93 361
93 110
93 255
94 129
94 144
94 148
94 302
94 221
94 236
94 394
94 356
94 369
94 364
94 150
94 372
94 108
94 115
94 252
94 128
95 176
95 259
95 395
95 271
95 399
95 315
95 193
95 197
95 95
95 214
95 235
95 358
95 125
95 248
96 129
96 388
96 394
96 268
96 269
96 302
96 96
96 128
96 115
96 236
96 221
96 227
96 356
96 252
96 120
97 150
97 149
97 182
97 339
97 373
97 232
97 167
97 340
97 349
97 146
97 242
97 245
97 271
98 139
98 220
98 384
98 117
98 106
98 278
98 160
98 103
99 133
99 138
99 304
99 323
99 324
99 217
99 318
99 383
99 280
99 101
99 213
99 146
99 284
100 158
100 290
100 292
100 164
100 173
100 306
100 196
100 200
100 226
100 241
100 376
100 161
100 359
101 302
101 286
101 334
101 217
101 213
101 280
101 133
101 383
101 237
102 397
102 285
102 303
102 189
102 332
102 333
102 343
102 352
102 338
102 112
102 156
102 197
103 262
103 211
103 106
103 384
103 117
103 217
104 130
104 265
104 159
104 288
104 353
104 104
104 110
104 162
104 285
104 113
105 190
105 208
105 224
105 251
105 107
105 390
105 377
105 325
105 381
105 136
105 239
106 262
106 139
106 278
106 218
106 300
106 117
107 334
107 390
107 183
107 190
107 325
107 208
107 107
107 374
107 142
107 377
107 251
108 225
108 388
108 269
108 144
108 150
108 221
108 227
108 236
108 129
108 369
108 252
109 396
109 140
109 143
109 145
109 147
109 275
109 295
109 296
109 175
109 345
109 276
109 219
109 246
109 168
110 130
110 265
110 159
110 288
110 162
110 174
110 225
110 226
110 113
111 260
111 170
111 299
111 300
111 172
111 187
111 322
111 198
111 336
111 222
111 320
111 111
111 385
112 236
112 190
112 393
112 156
112 285
112 303
112 201
112 338
112 309
112 112
113 265
113 159
113 288
113 162
113 361
113 353
113 174
113 306
113 340
114 143
114 145
114 147
114 276
114 275
114 154
114 295
114 327
114 207
114 345
114 219
115 129
115 388
115 394
115 268
115 269
115 221
115 227
115 364
115 236
115 128
115 382
116 318
116 383
116 259
116 395
116 315
116 193
116 125
116 243
116 249
116 214
116 116
117 139
117 398
117 120
117 231
117 384
117 278
117 294
118 132
118 273
118 274
118 314
118 188
118 228
118 362
118 367
118 319
118 261
118 152
118 124
118 252
118 177
119 386
119 400
119 158
119 292
119 173
119 306
119 335
119 241
119 164
119 206
120 262
120 139
120 278
120 231
120 120
121 393
121 285
121 166
121 309
121 189
121 201
121 332
121 333
121 338
121 343
121 397
121 156
121 169
122 132
122 273
122 277
122 289
122 314
122 188
122 367
122 370
122 256
122 351
122 274
122 362
122 127
122 221
123 294
123 170
123 330
123 222
123 357
123 336
123 320
123 185
123 378
123 187
123 174
124 132
124 261
124 273
124 277
124 152
124 289
124 314
124 351
124 228
124 370
124 127
124 262
124 245
125 271
125 283
125 214
125 253
125 212
125 249
125 399
125 355
125 358
125 190
126 287
126 291
126 165
126 316
126 331
126 371
126 178
126 155
126 264
127 261
127 277
127 289
127 195
127 273
127 127
127 274
127 367
127 310
128 129
128 394
128 144
128 302
128 227
128 356
128 252
128 221
128 236
128 202
129 162
129 388
129 150
129 236
129 221
129 302
129 268
129 269
129 148
129 227
130 372
130 225
130 159
130 174
130 130
130 265
130 312
130 373
131 336
131 279
131 346
131 186
131 387
131 344
131 313
131 326
131 366
131 254
131 215
131 390
131 389
131 202
131 342
132 261
132 351
132 310
132 319
132 375
132 152
132 314
132 367
132 273
132 132
132 274
132 289
132 228
132 370
132 256
133 321
133 280
133 133
133 237
133 329
133 138
133 318
133 192
133 181
133 334
133 217
133 350
133 135
134 265
134 170
134 346
134 254
134 282
134 240
134 209
134 313
134 342
134 141
134 387
134 366
134 134
134 369
134 161
134 215
134 344
134 179
135 355
135 259
135 135
135 358
135 212
135 193
135 395
135 235
135 197
135 283
136 301
136 223
136 224
136 190
136 379
136 390
136 381
136 377
136 382
136 183
136 208
137 137
137 232
137 245
137 373
137 365
137 270
137 266
137 146
137 149
137 167
137 176
137 349
137 250
137 191
138 323
138 329
138 217
138 192
138 237
138 138
138 238
138 280
138 286
138 324
138 354
139 218
139 139
139 278
139 313
139 398
140 396
140 272
140 275
140 140
140 154
140 145
140 345
140 147
140 327
140 295
140 296
140 354
140 276
140 175
140 179
140 219
141 387
141 205
141 215
141 254
141 240
141 202
141 346
141 161
141 344
141 326
141 347
141 279
141 282
141 342
142 230
142 308
142 307
142 363
142 239
142 206
142 142
142 380
142 153
142 157
142 216
142 284
142 191
142 233
143 186
143 345
143 238
143 143
143 272
143 154
143 396
143 327
143 147
143 145
143 276
143 295
143 296
143 179
143 207
143 246
143 203
144 388
144 394
144 268
144 269
144 148
144 236
144 369
144 252
144 306
145 396
145 272
145 147
145 295
145 327
145 219
145 154
145 246
145 345
145 276
145 275
145 296
145 175
145 179
145 207
146 148
146 339
146 250
146 340
146 270
146 182
146 149
146 365
146 146
146 154
146 176
146 360
146 232
146 373
147 272
147 179
147 175
147 207
147 345
147 276
147 327
147 396
147 275
147 169
147 154
147 238
147 246
148 394
148 268
148 269
148 227
148 388
148 148
148 236
148 356
148 364
149 305
149 340
149 266
149 365
149 349
149 270
149 178
149 339
149 360
149 205
150 388
150 394
150 268
150 221
150 227
150 269
150 302
150 150
150 236
150 369
150 252
151 368
151 391
151 267
151 293
151 151
151 160
151 210
151 177
151 298
151 203
151 347
151 349
151 281
151 163
151 194
151 229
152 273
152 274
152 188
152 367
152 256
152 319
152 310
152 370
152 277
152 261
152 257
152 351
152 375
152 251
152 178
153 284
153 233
153 307
153 244
153 363
153 153
153 255
153 168
153 239
153 216
153 242
153 268
153 171
153 308
153 337
154 272
154 296
154 207
154 219
154 179
154 327
154 276
154 256
154 175
155 385
155 258
155 371
155 199
155 169
155 178
155 331
155 354
155 159
155 165
155 316
155 317
156 195
156 224
156 156
156 303
156 332
156 189
156 393
156 163
156 166
156 338
157 247
157 263
157 233
157 157
157 307
157 308
157 171
157 363
157 255
157 210
157 206
157 230
158 348
158 359
158 290
158 173
158 164
158 200
158 335
158 386
158 274
158 196
158 376
159 162
159 225
159 353
159 159
159 238
159 288
159 174
159 184
159 312
159 361
159 372
160 267
160 203
160 194
160 210
160 180
160 160
160 350
160 229
160 281
160 215
160 163
160 293
160 297
161 279
161 282
161 209
161 387
161 344
161 186
161 389
161 346
161 240
161 188
161 342
161 254
162 265
162 174
162 361
162 162
162 372
162 312
162 184
162 254
163 391
163 267
163 347
163 194
163 350
163 297
163 180
163 314
163 293
163 177
163 341
164 386
164 400
164 306
164 335
164 376
164 359
164 226
164 292
164 200
165 385
165 258
165 287
165 331
165 178
165 368
165 169
165 204
165 199
165 184
165 317
166 367
166 285
166 309
166 343
166 333
166 393
166 303
166 189
166 311
166 324
167 329
167 270
167 266
167 365
167 167
167 339
167 245
167 373
167 258
167 176
167 349
168 371
168 263
168 168
168 239
168 284
168 244
168 363
168 370
168 171
168 191
168 230
168 242
169 269
169 385
169 258
169 287
169 178
169 169
169 291
169 186
169 316
169 354
169 368
170 260
170 294
170 222
170 198
170 378
170 185
170 300
170 299
170 187
170 330
170 322
170 305
170 336
171 171
171 263
171 206
171 363
171 380
171 255
171 242
171 304
171 307
171 191
171 230
172 256
172 260
172 322
172 172
172 187
172 299
172 300
172 185
172 328
172 378
172 247
173 290
173 306
173 200
173 292
173 359
173 241
173 196
173 335
173 266
173 317
174 353
174 184
174 372
174 361
174 174
175 276
175 296
175 295
175 207
175 238
175 327
175 203
175 219
175 201
176 217
176 232
176 349
176 250
176 270
176 373
176 365
176 182
176 340
176 245
176 253
177 391
177 392
177 264
177 297
177 298
177 180
177 210
177 194
177 341
177 229
178 354
178 316
178 368
178 371
178 291
178 317
178 331
178 303
179 272
179 276
179 296
179 275
179 219
179 295
179 238
179 246
179 234
180 281
180 293
180 298
180 203
180 264
180 180
180 347
180 341
180 350
180 247
181 286
181 237
181 304
181 323
181 329
181 280
181 181
181 383
181 284
182 270
182 232
182 339
182 266
182 365
182 360
182 245
182 182
182 349
183 390
183 208
183 223
183 379
183 234
183 325
183 381
183 224
183 301
183 190
183 382
183 377
183 307
184 265
184 353
184 312
184 288
184 360
184 225
184 295
185 260
185 300
185 305
185 294
185 320
185 222
185 336
185 322
185 353
185 187
185 316
186 389
186 313
186 346
186 344
186 282
186 209
186 215
186 326
186 366
186 202
186 205
186 240
187 378
187 300
187 198
187 294
187 322
187 260
187 320
187 328
187 222
187 357
187 393
188 261
188 274
188 314
188 273
188 277
188 370
188 351
188 195
188 289
188 228
189 238
189 393
189 397
189 311
189 285
189 201
189 344
190 390
190 301
190 379
190 190
190 224
190 382
190 325
190 208
190 234
190 377
190 381
191 226
191 263
191 284
191 380
191 233
191 308
191 230
191 239
191 206
191 216
191 337
192 318
192 324
192 323
192 329
192 321
192 286
192 213
192 237
193 271
193 399
193 283
193 315
193 358
193 355
193 395
193 212
193 235
193 243
193 248
194 264
194 267
194 281
194 297
194 391
194 350
194 298
194 203
194 208
194 229
195 273
195 274
195 277
195 289
195 310
195 314
195 319
195 195
195 362
195 375
195 351
195 367
195 256
196 260
196 386
196 292
196 400
196 196
196 241
196 226
197 357
197 259
197 271
197 399
197 283
197 212
197 214
197 197
197 253
197 355
197 243
197 248
198 260
198 294
198 299
198 305
198 320
198 330
198 222
198 352
198 328
198 336
199 321
199 385
199 258
199 316
199 331
199 287
199 354
199 371
199 398
200 292
200 386
200 376
200 290
200 400
200 242
200 348
200 226
201 397
201 285
201 303
201 311
201 332
201 352
201 343
201 333
202 387
202 279
202 389
202 205
202 209
202 342
202 366
203 215
203 392
203 264
203 267
203 297
203 350
203 210
204 385
204 258
204 287
204 316
204 317
204 307
204 354
204 368
205 280
205 387
205 389
205 279
205 346
205 240
205 366
205 209
205 344
205 254
206 263
206 363
206 206
206 242
206 255
206 244
206 389
206 230
206 380
207 323
207 396
207 296
207 327
207 275
207 246
207 295
207 219
207 238
208 379
208 382
208 374
208 381
208 223
208 322
208 251
209 387
209 389
209 279
209 326
209 209
209 312
209 215
209 344
210 392
210 264
210 281
210 293
210 350
210 347
210 341
210 215
211 262
211 278
211 218
211 384
211 231
211 211
211 385
212 259
212 395
212 399
212 283
212 315
212 253
212 248
212 235
212 249
212 331
213 280
213 321
213 323
213 213
213 304
213 237
213 334
213 329
214 345
214 395
214 271
214 283
214 249
214 315
214 355
214 243
214 259
214 248
214 253
215 389
215 313
215 326
215 240
215 387
215 282
216 263
216 284
216 308
216 363
216 242
216 239
216 216
217 280
217 318
217 329
217 334
218 398
218 278
218 231
218 262
218 352
218 301
219 272
219 275
219 296
219 327
220 262
220 398
220 231
220 220
220 278
220 274
221 269
221 221
221 388
221 356
221 236
221 369
221 252
221 258
222 299
222 305
222 378
222 300
222 320
222 330
222 380
222 343
223 257
223 390
223 301
223 223
223 251
223 382
223 379
224 325
224 234
224 377
224 374
224 224
224 251
224 301
225 265
225 372
225 361
225 298
225 230
226 386
226 292
226 306
226 400
226 241
227 388
227 269
227 356
227 369
227 364
228 261
228 273
228 277
228 310
228 319
228 351
228 289
228 375
228 228
228 362
228 367
228 256
228 395
229 381
229 391
229 392
229 281
229 298
229 350
229 267
229 297
229 347
229 295
230 320
230 263
230 307
230 337
230 308
230 363
230 239
230 244
231 262
231 398
231 304
231 384
232 266
232 270
232 339
232 349
232 369
233 263
233 308
233 284
233 307
233 337
233 363
233 244
234 257
234 390
234 251
234 325
234 374
234 381
235 300
235 395
235 271
235 283
235 355
235 235
235 358
235 315
236 388
236 269
236 356
236 364
236 369
237 280
237 286
237 304
237 323
237 334
237 367
238 396
238 272
238 276
238 275
238 345
239 284
239 307
239 337
239 363
239 255
240 389
240 282
240 313
240 342
240 279
240 255
240 254
241 386
241 290
241 306
241 335
241 348
241 359
241 308
242 263
242 308
242 284
242 307
242 389
242 380
242 255
243 271
243 315
243 253
243 243
243 399
243 283
243 371
244 284
244 307
244 308
244 337
244 363
244 255
244 286
244 380
245 270
245 339
245 349
245 340
245 245
246 299
246 295
246 276
246 246
246 323
247 392
247 267
247 281
247 341
247 350
247 264
247 247
248 259
248 283
248 358
248 249
248 399
248 253
248 271
248 353
249 274
249 271
249 399
249 358
249 259
250 270
250 349
250 360
250 373
250 339
250 340
251 257
251 390
251 379
251 381
252 302
252 364
252 369
252 268
252 260
253 395
253 399
253 283
253 355
253 358
253 253
254 330
254 279
254 344
254 366
254 387
255 309
255 284
255 337
255 380
256 261
256 310
256 314
256 319
256 370
256 273
256 362
256 351
257 379
257 382
257 301
257 325
257 374
257 328
257 390
257 381
257 259
258 291
258 316
258 368
258 317
258 287
258 331
259 315
259 271
259 395
259 355
259 399
259 358
260 336
260 378
260 357
260 299
260 322
260 330
260 300
260 294
260 320
260 328
261 362
261 314
261 319
261 289
261 274
261 367
261 269
261 273
261 277
261 370
261 375
262 262
262 384
262 398
262 278
263 337
263 307
263 308
263 284
263 380
264 281
264 391
264 293
264 264
264 267
264 297
265 361
265 372
265 288
265 312
266 340
266 349
266 270
266 373
266 360
266 266
266 365
267 297
267 281
267 347
267 267
267 301
267 293
267 298
267 350
268 362
268 394
268 268
268 364
268 369
268 302
268 332
268 356
269 388
269 302
269 356
269 364
269 369
270 270
270 360
270 373
270 339
270 340
270 349
271 395
271 355
271 283
271 315
271 358
272 396
272 272
272 276
272 295
272 327
272 286
272 275
272 296
273 277
273 273
273 274
273 314
273 310
273 289
273 351
273 375
274 319
274 274
274 367
274 362
274 277
274 289
274 293
275 339
275 396
275 276
275 300
275 295
275 296
276 396
276 296
276 352
277 288
277 367
277 362
277 375
277 370
277 287
277 289
277 319
277 351
278 282
278 344
278 398
278 278
279 326
279 344
279 366
279 282
279 389
279 346
280 329
280 304
280 324
280 383
280 318
280 321
281 392
281 350
281 297
281 293
281 341
282 387
282 282
282 313
282 342
283 319
283 399
283 355
283 315
284 284
284 307
284 337
285 393
285 397
285 332
285 311
285 309
285 285
285 338
286 318
286 329
286 286
286 323
286 321
286 304
286 334
286 324
287 385
287 287
287 368
287 316
287 321
287 317
287 354
288 288
288 372
288 312
288 353
289 319
289 367
289 289
289 314
289 339
289 351
289 362
289 370
289 375
290 386
290 290
290 335
290 306
290 348
290 376
291 313
291 385
291 316
291 371
291 291
291 377
291 317
291 354
292 400
292 292
292 376
292 348
292 306
293 391
293 392
293 341
293 297
293 350
294 300
294 378
294 330
294 305
294 328
294 299
294 322
294 357
295 394
295 396
295 295
295 296
295 341
296 327
297 391
297 392
297 298
297 297
298 391
298 392
298 298
298 347
298 341
299 305
299 330
299 320
299 300
299 328
299 357
300 322
300 328
300 378
300 336
300 320
300 305
300 386
301 377
301 374
301 382
301 301
301 390
301 325
301 379
302 394
302 356
302 369
303 397
303 311
303 343
303 309
303 303
303 333
304 323
304 304
304 321
304 329
304 324
304 383
304 373
305 322
305 320
305 378
305 328
306 370
306 386
307 308
307 337
308 380
308 357
309 393
309 311
309 338
309 397
310 310
310 367
310 362
310 314
310 319
310 394
310 351
310 375
310 398
311 393
311 333
311 338
311 334
311 343
311 352
312 372
312 312
312 327
312 361
313 389
313 366
313 346
313 342
313 387
313 326
314 351
314 362
314 319
315 335
315 395
315 358
315 321
315 355
316 371
316 354
317 385
317 371
317 368
318 361
318 318
318 329
318 321
318 323
318 334
318 383
318 360
319 370
319 362
320 330
320 328
320 378
320 336
321 383
321 334
321 324
321 321
322 378
322 336
322 328
323 334
323 324
323 329
324 329
324 334
324 345
324 383
324 352
325 390
325 382
325 325
325 377
325 329
326 389
326 387
326 366
326 342
326 400
327 396
327 345
328 330
328 342
328 336
329 334
330 330
330 357
331 385
331 368
332 393
332 338
332 397
332 352
332 333
332 349
333 393
333 397
333 370
333 338
333 343
333 352
334 383
335 386
335 400
335 335
335 376
335 348
335 359
336 357
337 337
338 393
338 397
338 338
338 352
339 339
339 340
339 360
339 363
340 349
340 340
341 391
341 392
341 341
341 347
341 350
342 387
342 389
342 344
343 397
343 352
344 387
344 346
345 348
345 396
346 387
346 366
346 346
347 391
347 392
348 386
348 359
348 376
349 365
349 360
351 375
351 370
351 367
351 383
351 366
351 391
352 352
353 353
353 372
353 375
355 395
355 394
355 358
356 394
356 364
356 362
357 378
357 357
357 400
358 358
358 366
359 386
359 400
361 361
361 372
362 362
362 370
363 380
364 394
364 364
365 365
366 387
366 366
367 375
368 385
369 394
370 375
371 371
372 383
374 387
374 379
374 390
374 398
376 386
376 400
376 376
377 390
377 379
377 392
378 378
379 379
381 381
382 390
384 398
386 400
387 387
388 388
388 394
389 389
390 390
391 391
391 392
393 397
395 395
395 399
396 396
398 398
399 399
400 400
