400 2469
1 2
1 305
1 129
1 42
1 1
1 80
1 72
1 17
1 281
1 257
1 133
1 242
2 120
2 354
2 323
2 399
2 269
2 265
2 21
2 61
2 112
2 263
2 355
2 372
3 73
3 295
3 121
3 321
3 243
3 363
3 300
3 20
3 351
3 49
3 13
3 286
3 54
4 130
4 6
4 89
4 288
4 285
4 346
4 385
4 88
4 245
4 94
4 90
4 128
4 188
5 275
5 171
5 257
5 108
5 110
5 93
5 163
5 216
5 306
5 265
5 335
5 80
6 385
6 131
6 88
6 9
6 285
6 130
6 361
6 137
6 386
6 215
6 89
7 225
7 173
7 174
7 178
7 353
7 334
7 190
7 329
7 7
7 142
7 274
7 32
7 298
7 312
8 204
8 154
8 139
8 264
8 70
8 22
8 79
8 231
8 102
8 366
8 267
8 97
9 137
9 23
9 361
9 92
9 235
9 288
9 153
9 385
9 186
9 215
9 90
10 33
10 313
10 18
10 273
10 268
10 293
10 332
10 180
10 342
10 222
10 71
10 205
10 317
11 354
11 11
11 382
11 86
11 168
11 234
11 99
11 50
11 238
11 40
11 187
11 315
11 209
11 379
11 299
12 139
12 341
12 339
12 280
12 231
12 369
12 97
12 102
12 204
12 163
12 275
12 207
12 83
12 126
12 25
13 234
13 13
13 351
13 107
13 363
13 96
13 73
13 16
13 286
14 260
14 394
14 210
14 179
14 384
14 182
14 184
14 211
14 310
14 68
14 155
14 330
14 227
14 358
15 380
15 400
15 318
15 322
15 45
15 165
15 77
15 319
15 30
15 222
15 151
15 193
16 381
16 262
16 284
16 161
16 28
16 303
16 314
16 327
16 396
16 60
16 150
16 282
16 33
16 185
16 188
16 117
17 265
17 73
17 257
17 125
17 42
17 166
17 129
17 306
17 253
17 163
17 296
17 69
17 72
17 216
17 100
18 273
18 170
18 388
18 180
18 365
18 205
18 332
18 114
18 367
18 149
18 297
18 313
18 256
19 248
19 102
19 272
19 392
19 367
19 192
19 281
19 19
19 249
19 276
19 57
19 186
19 195
19 223
20 300
20 121
20 73
20 105
20 252
20 20
20 196
20 29
20 301
20 54
20 351
21 265
21 269
21 266
21 251
21 112
21 61
21 246
21 354
21 303
21 276
22 264
22 270
22 123
22 102
22 267
22 341
22 231
22 97
22 186
22 154
22 339
23 385
23 395
23 361
23 235
23 147
23 131
23 245
23 347
23 179
23 92
24 277
24 389
24 326
24 376
24 75
24 206
24 100
24 356
24 220
24 395
24 25
24 60
24 378
25 44
25 180
25 389
25 378
25 75
25 368
25 277
25 65
25 167
25 60
25 220
26 147
26 261
26 278
26 164
26 325
26 290
26 62
26 56
26 157
26 37
26 29
26 67
26 95
26 118
27 132
27 291
27 27
27 37
27 383
27 41
27 169
27 78
27 313
27 38
27 74
27 226
27 167
28 396
28 160
28 314
28 39
28 161
28 282
28 171
28 51
28 194
28 158
28 181
28 188
28 327
28 117
28 340
29 204
29 261
29 134
29 278
29 240
29 64
29 56
29 244
29 310
29 372
29 350
30 250
30 144
30 318
30 77
30 299
30 30
30 319
30 275
30 49
30 193
30 108
31 259
31 283
31 101
31 338
31 115
31 172
31 111
31 213
31 294
31 81
31 289
31 249
31 85
32 141
32 274
32 298
32 343
32 225
32 142
32 229
32 178
32 347
32 190
32 198
32 334
32 219
32 330
33 152
33 158
33 284
33 181
33 262
33 39
33 161
33 303
33 171
33 188
33 327
33 117
34 299
34 308
34 165
34 34
34 144
34 380
34 145
34 45
34 341
34 328
34 212
34 364
34 367
34 75
35 82
35 199
35 209
35 391
35 35
35 84
35 40
35 168
35 128
35 50
35 214
35 236
35 360
35 184
36 138
36 78
36 370
36 156
36 344
36 36
36 224
36 132
36 377
36 316
36 152
36 63
37 291
37 38
37 292
37 132
37 349
37 344
37 59
37 138
37 91
37 41
37 74
37 82
37 226
38 156
38 316
38 383
38 344
38 291
38 349
38 138
38 182
38 292
38 169
38 78
39 262
39 396
39 160
39 119
39 284
39 152
39 171
39 145
39 181
39 314
39 333
39 365
40 187
40 374
40 391
40 236
40 84
40 47
40 199
40 227
40 315
40 255
40 386
41 291
41 41
41 156
41 370
41 224
41 138
41 171
41 371
42 163
42 42
42 305
42 166
42 296
42 133
42 331
42 69
42 93
42 125
43 148
43 279
43 159
43 162
43 228
43 249
43 289
43 338
43 172
43 344
43 196
44 263
44 393
44 246
44 265
44 377
44 381
44 66
44 355
44 287
44 354
44 45
45 397
45 299
45 45
45 77
45 165
45 212
45 202
46 266
46 399
46 61
46 251
46 393
46 58
46 355
46 233
46 265
46 318
47 323
47 168
47 391
47 221
47 199
47 255
47 99
47 86
47 139
47 209
47 98
47 374
47 302
48 137
48 143
48 156
48 292
48 74
48 370
48 383
48 344
48 224
48 314
48 59
48 226
48 396
48 301
49 288
49 397
49 400
49 49
49 299
49 250
49 212
49 85
49 193
49 322
49 328
50 309
50 187
50 374
50 84
50 379
50 50
50 263
50 86
50 98
50 236
50 116
50 255
51 262
51 284
51 161
51 158
51 185
51 51
51 333
51 394
51 104
52 274
52 241
52 286
52 301
52 91
52 243
52 96
52 295
52 196
52 137
52 85
52 362
53 135
53 392
53 276
53 281
53 367
53 192
53 177
53 239
53 63
53 324
53 68
53 241
53 253
54 307
54 196
54 105
54 107
54 301
54 351
54 73
54 379
54 362
55 394
55 227
55 55
55 357
55 358
55 113
55 218
55 254
55 256
55 330
56 391
56 157
56 134
56 278
56 95
56 164
56 325
56 366
56 67
56 230
56 237
56 244
56 247
57 392
57 272
57 195
57 239
57 304
57 352
57 68
57 360
57 191
57 76
57 223
58 265
58 269
58 399
58 112
58 66
58 377
58 246
58 233
58 202
58 61
58 354
58 121
59 143
59 291
59 344
59 371
59 370
59 156
59 78
59 220
59 82
60 277
60 368
60 194
60 386
60 326
60 103
60 278
60 75
60 87
60 356
60 100
60 376
61 265
61 287
61 266
61 176
61 269
61 390
61 233
61 318
62 390
62 261
62 278
62 290
62 64
62 325
62 95
62 271
62 365
62 109
62 240
62 244
62 118
63 342
63 276
63 304
63 186
63 177
63 239
63 360
63 68
64 134
64 157
64 230
64 95
64 247
64 237
64 122
64 362
64 109
65 389
65 140
65 167
65 175
65 375
65 326
65 242
65 87
65 129
65 100
65 103
66 393
66 265
66 269
66 287
66 377
66 251
66 66
66 323
66 233
66 112
66 381
66 336
66 329
67 271
67 278
67 302
67 67
67 157
67 118
67 149
67 237
67 122
68 89
68 304
68 192
68 195
68 360
68 135
68 313
68 76
68 352
68 373
69 257
69 129
69 163
69 296
69 305
69 125
69 183
69 195
69 72
69 80
69 398
70 264
70 139
70 207
70 126
70 102
70 204
70 79
70 275
70 383
70 339
70 83
70 388
71 344
71 258
71 170
71 311
71 149
71 273
71 114
71 238
71 362
71 201
71 203
71 332
71 163
72 105
72 163
72 306
72 166
72 72
72 318
72 335
72 108
73 295
73 301
73 307
73 196
73 243
73 351
73 105
74 132
74 143
74 74
74 291
74 349
74 124
74 78
74 370
74 111
75 386
75 389
75 277
75 376
75 140
75 242
75 100
75 375
76 135
76 281
76 304
76 192
76 360
76 276
76 392
76 347
76 222
76 241
77 144
77 151
77 319
77 202
77 322
77 299
77 102
78 143
78 292
78 169
78 138
78 396
78 214
78 272
79 264
79 267
79 280
79 207
79 154
79 339
79 102
79 248
79 83
79 369
79 384
80 133
80 163
80 324
80 166
80 125
80 108
80 318
81 141
81 190
81 353
81 298
81 191
81 124
81 350
81 229
81 149
82 138
82 156
82 316
82 349
82 82
82 383
82 304
82 93
83 204
83 207
83 264
83 123
83 83
83 302
84 391
84 168
84 309
84 187
84 315
84 234
84 273
84 214
84 379
85 286
85 295
85 307
85 321
85 121
85 91
85 196
85 107
85 252
86 391
86 199
86 209
86 187
86 99
86 255
86 342
87 397
87 167
87 200
87 368
87 194
87 386
87 389
87 329
87 356
87 100
87 242
88 147
88 153
88 395
88 131
88 90
88 248
88 92
88 127
88 361
89 147
89 285
89 128
89 395
89 153
89 92
89 130
89 347
89 245
89 382
89 250
90 131
90 130
90 285
90 235
90 288
90 90
90 245
90 170
91 301
91 307
91 300
91 243
91 96
91 106
91 328
92 385
92 131
92 137
92 346
92 288
92 196
92 279
93 221
93 129
93 166
93 296
93 183
93 335
93 340
93 110
94 340
94 306
94 108
94 110
94 335
94 216
94 324
94 166
94 161
95 134
95 157
95 261
95 290
95 271
95 219
95 109
95 240
95 376
96 300
96 301
96 307
96 321
96 96
96 205
96 105
96 362
96 252
97 139
97 270
97 154
97 217
97 339
97 369
97 178
98 209
98 214
98 187
98 379
98 374
98 234
98 98
98 116
99 391
99 168
99 309
99 199
99 209
99 234
99 213
99 374
99 366
100 386
100 140
100 368
100 375
100 242
101 259
101 331
101 336
101 345
101 159
101 228
101 162
101 283
101 305
102 128
102 139
102 275
102 204
103 389
103 356
103 386
103 368
103 277
103 194
103 175
103 329
104 284
104 303
104 104
104 171
104 158
104 333
104 119
104 281
104 256
105 228
105 301
105 196
105 121
105 363
106 285
106 187
106 209
106 196
106 362
106 121
106 243
106 252
106 197
107 300
107 286
107 321
107 243
107 362
107 295
107 212
108 166
108 306
108 216
108 324
108 335
108 125
109 271
109 302
109 237
109 261
109 372
109 109
109 240
110 129
110 296
110 324
110 305
110 110
110 388
111 279
111 283
111 197
111 162
111 249
111 336
111 172
111 331
111 115
111 225
112 287
112 355
112 377
112 246
112 354
112 234
112 160
113 260
113 398
113 182
113 210
113 227
113 359
113 155
113 113
114 205
114 388
114 170
114 256
114 332
114 268
114 238
114 202
114 179
115 230
115 148
115 283
115 159
115 289
115 228
115 336
115 311
116 215
116 391
116 315
116 199
116 209
116 221
116 374
116 145
116 213
117 396
117 282
117 171
117 262
117 150
117 284
117 341
118 134
118 271
118 157
118 164
118 325
118 230
118 155
118 183
119 264
119 396
119 150
119 282
119 158
119 181
119 185
119 314
119 327
119 333
119 283
119 394
120 355
120 251
120 354
120 265
120 287
120 269
120 377
120 120
121 353
121 281
121 295
121 307
122 261
122 271
122 157
122 244
122 278
122 372
122 237
122 373
123 390
123 270
123 275
123 280
123 207
123 339
123 217
123 165
124 387
124 136
124 142
124 173
124 174
124 219
124 225
124 347
125 257
125 183
125 324
125 216
125 174
126 139
126 267
126 270
126 154
126 275
126 217
126 390
126 329
126 219
126 260
126 254
127 172
127 179
127 384
127 211
127 398
127 227
127 366
127 310
127 334
128 130
128 153
128 215
128 346
128 245
128 395
128 131
129 257
129 133
129 216
129 335
129 129
130 288
130 153
130 395
130 130
130 131
130 235
130 213
130 137
130 147
130 285
130 248
130 218
131 346
131 245
131 137
131 153
131 361
131 285
131 304
131 288
131 235
131 141
131 343
132 245
132 138
132 344
132 291
132 226
132 143
132 156
132 318
132 292
132 371
132 322
132 182
133 216
133 340
133 183
133 306
133 335
133 296
133 250
133 166
133 305
134 261
134 237
134 164
134 271
134 325
134 138
134 157
134 290
134 244
134 178
134 135
135 241
135 222
135 253
135 186
135 281
135 392
135 352
135 373
136 387
136 142
136 178
136 191
136 329
136 353
136 219
136 229
136 222
136 312
136 334
137 385
137 235
137 288
137 346
137 395
137 147
137 347
137 248
138 169
138 370
138 383
138 316
138 291
138 349
138 145
138 156
138 224
138 294
139 390
139 204
139 280
139 322
139 217
140 198
140 389
140 376
140 140
140 356
140 206
140 271
140 242
140 375
141 329
141 198
141 174
141 219
141 274
141 312
141 225
141 142
141 353
141 229
142 348
142 343
142 178
142 198
142 350
142 287
142 174
142 312
142 191
142 334
142 229
143 371
143 224
143 344
143 292
143 164
143 291
143 169
143 349
144 397
144 380
144 151
144 364
144 144
144 319
144 308
144 252
144 299
144 202
144 250
144 229
145 308
145 328
145 400
145 318
145 145
145 374
145 299
145 319
145 193
145 322
145 212
145 250
146 155
146 208
146 359
146 254
146 330
146 310
146 184
146 179
146 398
146 336
146 358
147 347
147 361
147 235
147 245
147 248
147 215
148 259
148 228
148 338
148 348
148 283
148 162
148 317
148 194
148 336
149 273
149 232
149 256
149 337
149 293
149 238
149 388
149 194
149 356
150 262
150 333
150 327
150 161
150 185
150 188
150 396
150 237
150 282
150 284
150 314
151 397
151 212
151 318
151 400
151 308
151 380
151 378
151 364
152 207
152 291
152 262
152 158
152 181
152 396
152 152
152 284
152 160
152 161
152 321
153 395
153 385
153 288
153 347
153 168
153 215
153 289
154 264
154 270
154 231
154 339
154 280
154 217
154 324
154 341
154 369
155 182
155 310
155 398
155 227
155 366
155 359
155 194
155 357
156 224
156 169
156 371
156 226
156 316
156 168
156 392
157 325
157 247
157 379
157 290
158 282
158 158
158 181
158 314
158 362
158 171
159 287
159 259
159 331
159 338
159 317
159 289
159 197
159 258
159 189
159 249
160 262
160 303
160 160
160 188
160 282
160 171
160 327
160 259
161 315
161 396
161 282
161 333
161 200
161 171
161 277
162 279
162 213
162 283
162 317
162 197
162 228
162 345
162 325
163 257
163 183
163 324
163 296
163 216
164 267
164 271
164 278
164 325
164 290
164 373
164 230
164 372
164 247
165 400
165 320
165 193
165 380
165 364
165 308
165 387
166 312
166 257
166 183
166 324
166 306
166 186
166 335
167 194
167 378
167 206
167 242
167 356
167 175
168 382
168 187
168 256
168 214
168 221
168 305
169 291
169 383
169 371
169 286
170 258
170 268
170 170
170 293
170 342
170 388
170 180
170 313
170 201
170 256
170 223
171 284
171 181
171 303
172 268
172 289
172 189
172 172
172 345
172 259
172 348
172 362
173 316
173 278
173 387
173 298
173 312
173 178
173 198
173 321
173 350
173 225
174 329
174 343
174 229
174 219
174 387
174 238
174 350
174 225
175 326
175 175
175 220
175 386
175 376
175 200
175 357
175 206
175 211
176 263
176 393
176 265
176 399
176 323
176 354
176 251
176 233
176 381
176 224
177 392
177 272
177 304
177 177
177 222
177 192
177 241
177 253
177 226
177 195
178 205
178 198
178 190
178 312
178 225
178 252
179 220
179 260
179 394
179 218
179 208
179 357
179 254
180 268
180 297
180 238
180 365
180 258
180 293
180 311
180 201
180 342
180 232
180 324
181 314
181 303
181 337
182 398
182 260
182 227
182 358
182 394
182 210
183 395
183 257
183 296
183 340
183 335
183 359
184 310
184 394
184 211
184 227
184 366
184 260
184 208
185 361
185 262
185 396
185 185
185 341
186 272
186 223
186 241
186 352
186 340
186 222
186 253
187 255
187 199
187 382
187 315
187 236
188 379
188 396
188 303
188 262
189 224
189 289
189 331
189 228
189 189
189 213
189 308
189 317
189 197
189 336
190 212
190 293
190 274
190 219
190 334
190 297
191 274
191 229
191 298
191 191
191 387
191 312
191 299
191 198
191 334
192 392
192 281
192 192
192 238
192 195
193 320
193 318
193 400
193 212
193 302
193 364
194 333
194 222
194 356
194 389
194 365
194 368
194 375
194 376
195 276
195 281
195 304
195 360
195 331
195 352
195 253
196 301
196 362
196 300
196 243
197 258
197 259
197 283
197 279
197 345
197 251
197 348
198 274
198 298
198 343
198 329
199 309
199 315
199 214
199 281
199 221
200 386
200 389
200 378
200 368
200 326
200 277
200 294
201 297
201 313
201 258
201 203
201 337
201 201
202 397
202 319
202 328
202 299
202 202
202 364
203 258
203 388
203 297
203 205
203 342
203 365
203 238
203 352
203 232
203 306
204 270
204 341
204 280
204 217
204 369
204 364
204 311
204 378
205 388
205 273
205 293
205 297
205 311
206 373
206 389
206 277
206 326
206 242
206 290
207 264
207 217
207 280
207 231
207 341
207 339
208 280
208 327
208 313
208 384
208 218
208 358
208 270
208 210
209 309
209 382
209 379
209 221
209 234
209 314
210 260
210 310
210 358
210 218
210 359
210 319
210 357
211 260
211 394
211 310
211 398
211 211
211 358
211 357
211 359
212 320
212 319
212 380
213 237
213 289
213 336
213 283
214 391
214 315
214 309
214 236
214 221
215 385
215 395
215 346
215 361
216 296
216 257
216 340
216 290
217 264
217 267
217 390
217 380
218 239
218 330
218 260
218 358
218 398
219 298
219 343
219 353
219 368
220 277
220 386
220 378
220 220
220 376
221 315
221 309
221 391
221 236
221 379
221 382
222 272
222 241
222 223
223 392
223 304
223 239
223 272
223 373
224 316
224 344
224 371
224 352
225 343
225 334
226 316
226 344
226 291
226 383
226 294
226 358
227 366
227 394
227 275
227 384
228 279
228 228
228 336
229 312
229 350
230 261
230 302
230 372
230 290
230 247
230 271
231 390
231 264
231 267
231 339
231 365
232 258
232 268
232 293
232 313
232 332
232 238
232 305
233 266
233 354
233 355
233 393
233 294
233 249
234 391
234 234
234 382
235 395
235 288
235 377
236 391
236 315
236 255
236 268
236 374
237 261
237 271
237 290
237 278
237 325
237 240
237 247
238 341
238 292
238 388
238 337
238 298
239 272
239 276
239 304
239 367
239 360
239 373
240 290
240 302
240 278
240 325
240 381
240 372
241 253
241 272
241 392
241 373
242 326
242 386
243 321
243 307
243 343
244 261
244 302
244 372
244 278
244 382
245 395
245 288
245 346
246 393
246 265
246 399
246 354
246 263
246 318
247 372
247 302
247 261
247 274
247 282
248 385
248 395
248 285
248 361
248 346
248 273
249 279
249 331
249 336
249 345
249 289
249 335
250 320
250 328
250 322
250 319
250 397
251 393
251 269
251 355
251 263
251 386
251 381
252 286
252 295
252 351
252 307
253 392
253 360
253 367
253 299
254 269
254 330
254 384
254 394
254 260
254 398
255 315
255 374
255 391
255 321
256 268
256 273
256 297
256 293
257 369
257 295
257 296
258 342
258 337
258 388
258 313
258 311
258 268
258 297
259 332
259 348
259 336
259 294
259 289
259 345
260 310
260 366
260 359
260 398
260 330
261 271
261 261
261 372
262 303
262 333
262 368
263 323
263 377
263 269
263 265
263 287
263 393
263 308
263 399
264 390
264 369
264 270
264 275
264 297
265 287
265 323
266 266
266 269
266 287
266 354
266 323
266 355
266 302
266 399
267 390
267 275
267 341
267 369
268 388
268 337
268 297
268 342
269 377
269 399
269 354
270 280
270 275
270 311
270 357
271 278
271 311
272 392
272 281
272 272
272 276
272 304
272 367
273 388
273 337
273 293
274 290
274 387
274 353
275 390
275 275
276 377
276 392
276 367
276 352
276 360
277 334
277 389
277 386
277 378
277 356
277 326
278 278
278 372
278 302
278 325
279 338
279 294
279 331
279 345
279 289
279 336
279 348
280 390
280 280
280 341
280 369
281 392
281 352
282 314
282 396
282 282
282 284
282 296
283 338
283 317
283 283
284 396
284 303
284 292
285 385
285 288
285 285
285 347
285 307
286 346
286 351
286 301
286 300
286 369
286 295
286 307
286 321
287 399
287 393
287 381
287 323
288 395
289 331
289 317
290 290
290 302
290 325
290 320
291 371
291 292
291 370
291 400
292 344
292 383
292 370
293 388
293 332
293 365
293 342
294 294
294 345
294 331
294 317
295 387
295 363
295 300
295 340
296 324
296 340
297 308
297 332
297 365
297 311
298 371
298 329
298 387
298 343
298 350
299 400
299 299
299 364
299 319
299 328
300 301
300 363
300 307
300 352
301 351
302 319
303 303
303 333
304 367
305 340
305 306
305 305
305 335
306 340
306 324
306 335
307 362
308 374
308 397
308 320
308 318
308 319
308 322
308 328
308 345
309 391
309 382
309 379
309 309
310 398
310 394
310 321
311 388
311 365
311 342
311 313
311 337
312 334
312 387
312 350
312 353
313 388
313 332
315 379
316 316
317 331
317 348
318 397
318 322
319 380
319 320
320 400
320 328
320 322
321 363
321 362
322 397
322 380
322 328
323 399
323 381
323 355
325 327
326 386
326 326
326 375
327 393
327 396
328 360
329 339
329 387
329 350
330 398
330 394
330 366
330 359
330 357
331 345
331 342
332 388
332 365
333 333
334 387
334 343
336 336
336 348
337 388
337 387
338 399
338 348
338 338
338 345
339 341
341 390
343 387
343 350
343 353
344 349
345 348
346 395
346 361
346 347
346 349
347 395
347 361
347 398
349 349
350 387
351 355
351 363
351 380
352 360
353 387
354 393
355 393
356 389
356 375
357 398
357 366
358 366
358 384
359 394
359 384
360 367
363 385
363 363
364 370
364 400
368 386
368 375
368 378
369 390
370 383
370 371
373 373
374 391
374 379
375 386
375 394
376 386
376 389
377 393
378 386
380 397
381 393
381 381
382 382
384 384
385 385
386 389
389 392
390 390
393 393
394 398
394 394
398 398
400 400
