400 5699
1 346
1 368
1 263
1 242
1 362
1 330
1 293
1 287
1 172
1 27
1 26
1 246
1 165
1 199
1 203
1 335
1 324
1 47
1 185
1 53
1 331
1 1
1 174
1 115
1 280
1 57
1 71
1 210
1 128
2 371
2 100
2 357
2 45
2 158
2 39
2 99
2 111
2 353
2 219
2 330
2 2
2 224
2 360
2 114
2 132
2 220
2 365
2 229
2 56
2 395
2 260
2 386
2 31
2 207
2 374
2 127
3 86
3 325
3 167
3 81
3 329
3 294
3 346
3 3
3 350
3 65
3 311
3 182
3 215
3 157
3 42
3 126
3 281
3 256
3 159
3 347
3 10
3 122
3 150
3 246
3 35
3 164
3 179
3 343
3 400
3 6
3 163
3 209
4 213
4 232
4 125
4 19
4 270
4 129
4 173
4 163
4 4
4 288
4 253
4 6
4 162
4 175
4 15
4 269
4 113
4 147
4 212
4 355
4 17
4 159
4 41
4 245
4 171
4 152
4 360
5 277
5 388
5 133
5 394
5 225
5 392
5 190
5 284
5 275
5 226
5 292
5 54
5 252
5 319
5 221
5 149
5 90
5 274
5 217
5 85
5 5
5 36
5 296
5 161
5 89
5 233
5 227
6 217
6 82
6 129
6 130
6 125
6 173
6 253
6 15
6 270
6 269
6 113
6 230
6 362
6 171
6 6
6 355
6 288
6 163
6 175
6 17
6 78
6 287
6 136
6 19
6 147
6 23
6 162
6 212
7 182
7 282
7 102
7 160
7 176
7 50
7 381
7 73
7 193
7 302
7 36
7 188
7 222
7 232
7 77
7 103
7 308
7 218
7 301
7 70
7 55
7 361
7 199
7 349
7 293
7 49
7 309
7 78
7 238
8 201
8 272
8 60
8 134
8 247
8 104
8 154
8 251
8 72
8 214
8 191
8 378
8 310
8 380
8 306
8 58
8 194
8 352
8 8
8 338
8 120
8 270
8 158
8 25
8 267
8 209
8 383
9 222
9 259
9 263
9 332
9 84
9 9
9 80
9 148
9 356
9 181
9 18
9 333
9 364
9 87
9 342
9 166
9 94
9 266
9 367
9 109
9 88
9 89
9 264
9 104
9 21
9 29
9 384
9 143
10 325
10 329
10 294
10 179
10 164
10 311
10 159
10 256
10 281
10 65
10 346
10 86
10 42
10 350
10 182
10 10
10 62
10 157
10 126
10 167
10 251
10 239
10 132
10 35
10 215
10 347
10 249
11 13
11 341
11 315
11 265
11 340
11 11
11 174
11 316
11 400
11 297
11 187
11 296
11 189
11 314
11 327
11 64
11 43
11 116
11 122
11 117
11 351
11 32
11 93
11 281
11 322
11 110
11 389
12 305
12 385
12 258
12 131
12 386
12 184
12 254
12 227
12 20
12 290
12 16
12 115
12 33
12 121
12 106
12 169
12 237
12 344
12 376
12 197
12 345
12 12
12 279
12 213
12 278
12 119
13 86
13 141
13 354
13 211
13 265
13 316
13 13
13 170
13 122
13 174
13 322
13 117
13 116
13 64
13 297
13 340
13 351
13 314
13 63
13 400
13 48
13 98
13 44
13 296
13 43
13 315
13 189
13 341
14 141
14 398
14 271
14 25
14 32
14 318
14 363
14 298
14 399
14 370
14 354
14 382
14 201
14 196
14 14
14 304
14 38
14 145
14 40
14 206
14 68
14 120
14 74
14 232
14 299
14 321
14 123
14 85
15 211
15 43
15 49
15 24
15 285
15 129
15 130
15 136
15 269
15 270
15 15
15 162
15 173
15 163
15 113
15 23
15 230
15 147
15 125
15 394
15 241
15 293
15 17
15 19
15 171
15 355
16 42
16 74
16 385
16 386
16 131
16 278
16 33
16 344
16 20
16 237
16 376
16 258
16 223
16 184
16 115
16 345
16 254
16 197
16 106
16 227
16 290
16 79
16 279
16 24
16 169
16 92
16 119
17 150
17 273
17 129
17 130
17 136
17 270
17 19
17 147
17 355
17 288
17 253
17 212
17 125
17 269
17 173
17 230
17 113
17 362
17 17
17 364
17 89
17 162
17 163
17 175
17 33
17 154
18 259
18 263
18 21
18 373
18 367
18 29
18 18
18 148
18 87
18 333
18 88
18 266
18 84
18 234
18 342
18 181
18 332
18 166
18 364
18 94
18 260
18 50
18 218
18 356
18 109
18 384
18 249
18 132
18 330
18 114
19 129
19 130
19 270
19 253
19 162
19 212
19 230
19 171
19 288
19 355
19 19
19 113
19 147
19 125
19 163
19 175
19 362
19 386
19 151
19 76
19 23
19 357
20 270
20 258
20 131
20 119
20 106
20 345
20 121
20 254
20 386
20 169
20 223
20 278
20 33
20 92
20 385
20 184
20 20
20 197
20 237
20 187
20 305
20 76
20 290
20 344
21 264
21 334
21 122
21 217
21 259
21 266
21 148
21 94
21 80
21 166
21 367
21 333
21 356
21 234
21 87
21 384
21 88
21 373
21 109
21 21
21 350
21 366
21 181
21 332
21 342
21 364
22 361
22 260
22 261
22 138
22 397
22 273
22 108
22 107
22 98
22 192
22 250
22 135
22 34
22 244
22 22
22 336
22 67
22 248
22 359
22 317
22 60
22 94
22 123
22 367
22 153
22 82
22 216
22 371
22 39
22 100
23 301
23 356
23 130
23 136
23 269
23 270
23 147
23 129
23 113
23 171
23 23
23 230
23 175
23 355
23 163
23 125
23 212
23 162
23 245
23 41
23 198
23 288
24 51
24 390
24 151
24 369
24 91
24 28
24 46
24 76
24 236
24 31
24 285
24 96
24 303
24 283
24 289
24 312
24 313
24 156
24 161
24 105
24 118
24 323
24 380
24 106
24 228
24 240
24 242
24 171
24 223
24 287
24 214
25 164
25 294
25 141
25 399
25 271
25 382
25 38
25 354
25 32
25 363
25 40
25 196
25 123
25 370
25 25
25 398
25 286
25 145
25 318
25 298
25 264
25 389
25 103
25 299
25 304
25 321
25 68
25 201
26 31
26 173
26 280
26 172
26 124
26 177
26 328
26 195
26 324
26 165
26 71
26 185
26 27
26 47
26 53
26 26
26 128
26 293
26 331
26 203
26 277
26 217
26 281
26 57
26 306
27 142
27 238
27 303
27 124
27 293
27 199
27 177
27 203
27 172
27 47
27 27
27 195
27 210
27 71
27 324
27 328
27 57
27 246
27 287
27 231
27 270
27 387
27 165
27 53
27 331
28 110
28 390
28 151
28 283
28 240
28 46
28 76
28 105
28 228
28 303
28 242
28 156
28 236
28 118
28 369
28 285
28 91
28 289
28 312
28 96
28 313
28 168
28 200
28 77
28 31
28 323
28 385
29 168
29 375
29 259
29 263
29 266
29 148
29 166
29 80
29 29
29 367
29 333
29 181
29 88
29 234
29 87
29 373
29 109
29 84
29 332
29 381
29 116
29 335
29 94
29 356
29 364
29 384
29 380
30 309
30 332
30 389
30 143
30 155
30 41
30 30
30 249
30 202
30 83
30 178
30 74
30 48
30 112
30 69
30 44
30 37
30 268
30 186
30 239
30 300
30 263
30 117
30 225
30 200
30 337
30 235
30 241
30 76
31 390
31 151
31 283
31 285
31 156
31 118
31 240
31 323
31 313
31 312
31 228
31 242
31 46
31 303
31 76
31 105
31 289
31 161
31 31
31 269
31 373
31 91
31 236
31 369
31 128
31 52
32 141
32 398
32 399
32 271
32 145
32 286
32 318
32 299
32 38
32 32
32 298
32 40
32 304
32 201
32 370
32 363
32 196
32 68
32 382
32 90
32 240
32 222
32 206
32 354
32 123
32 244
33 35
33 117
33 308
33 78
33 386
33 131
33 169
33 254
33 115
33 184
33 227
33 92
33 237
33 345
33 258
33 278
33 376
33 119
33 33
33 63
33 290
33 197
33 121
34 261
34 135
34 138
34 273
34 153
34 82
34 336
34 371
34 248
34 34
34 244
34 359
34 192
34 260
34 317
34 107
34 108
34 60
34 98
34 250
34 117
34 228
34 203
34 67
34 216
34 97
35 281
35 157
35 164
35 350
35 294
35 329
35 62
35 35
35 179
35 167
35 65
35 215
35 126
35 42
35 81
35 347
35 346
35 256
35 182
35 99
35 266
35 311
35 325
35 86
35 193
35 306
36 144
36 160
36 55
36 361
36 70
36 50
36 301
36 77
36 302
36 193
36 238
36 103
36 102
36 232
36 36
36 176
36 308
36 222
36 73
36 218
36 347
36 62
36 283
36 188
36 381
36 310
37 122
37 389
37 396
37 268
37 337
37 83
37 239
37 74
37 235
37 41
37 349
37 143
37 44
37 48
37 249
37 186
37 200
37 202
37 241
37 112
37 37
37 92
37 136
37 300
37 178
38 141
38 398
38 399
38 271
38 145
38 286
38 38
38 196
38 206
38 123
38 298
38 299
38 201
38 68
38 318
38 363
38 304
38 321
38 54
38 155
38 264
38 354
39 398
39 94
39 253
39 132
39 395
39 255
39 99
39 219
39 111
39 158
39 374
39 56
39 127
39 45
39 357
39 152
39 224
39 330
39 365
39 39
39 294
39 41
39 207
39 229
40 141
40 398
40 399
40 271
40 145
40 286
40 68
40 40
40 123
40 299
40 304
40 206
40 370
40 354
40 382
40 196
40 363
40 298
40 185
40 184
40 106
40 318
40 321
40 201
40 364
40 74
41 43
41 252
41 389
41 396
41 268
41 155
41 235
41 143
41 200
41 112
41 83
41 300
41 178
41 74
41 41
41 349
41 337
41 48
41 249
41 57
41 76
41 353
41 44
41 186
41 202
41 239
41 241
41 184
42 281
42 157
42 164
42 167
42 86
42 182
42 256
42 311
42 65
42 346
42 81
42 215
42 350
42 179
42 62
42 329
42 347
42 126
42 42
42 291
42 325
42 73
42 115
42 104
43 265
43 400
43 296
43 297
43 170
43 341
43 174
43 122
43 64
43 340
43 189
43 63
43 351
43 314
43 315
43 316
43 110
43 327
43 116
43 187
43 61
43 322
43 117
43 336
43 129
43 47
44 187
44 322
44 389
44 396
44 268
44 143
44 155
44 300
44 249
44 74
44 337
44 202
44 186
44 112
44 83
44 69
44 241
44 178
44 257
44 116
44 171
44 48
44 200
44 349
44 56
44 119
44 71
45 93
45 118
45 317
45 132
45 395
45 152
45 158
45 360
45 357
45 114
45 365
45 255
45 219
45 100
45 330
45 220
45 224
45 56
45 99
45 45
45 389
45 218
45 353
45 111
45 374
46 218
46 69
46 390
46 151
46 283
46 285
46 156
46 161
46 289
46 323
46 118
46 236
46 105
46 91
46 313
46 76
46 240
46 96
46 369
46 317
46 395
46 263
46 303
46 312
46 228
46 242
46 288
46 355
47 86
47 372
47 341
47 229
47 165
47 172
47 280
47 124
47 199
47 328
47 177
47 335
47 324
47 246
47 293
47 185
47 195
47 128
47 57
47 289
47 297
47 71
47 331
47 210
48 389
48 396
48 268
48 143
48 155
48 300
48 83
48 200
48 74
48 241
48 202
48 48
48 186
48 69
48 249
48 178
48 97
48 365
48 75
48 337
48 349
48 235
48 112
48 254
48 194
49 160
49 301
49 302
49 176
49 218
49 308
49 222
49 49
49 232
49 361
49 55
49 77
49 238
49 381
49 188
49 50
49 309
49 78
49 193
49 70
49 106
49 354
49 73
50 160
50 176
50 73
50 232
50 103
50 102
50 188
50 381
50 308
50 78
50 77
50 193
50 218
50 309
50 55
50 302
50 50
50 70
50 344
50 368
50 311
50 222
50 124
50 134
51 264
51 393
51 139
51 295
51 305
51 61
51 168
51 334
51 79
51 348
51 326
51 343
51 320
51 213
51 339
51 375
51 59
51 66
51 245
51 183
51 243
51 211
51 382
51 199
51 92
51 210
52 327
52 323
52 134
52 267
52 306
52 338
52 310
52 104
52 154
52 307
52 191
52 383
52 58
52 72
52 120
52 378
52 52
52 352
52 205
52 194
52 380
52 224
52 113
52 209
52 101
52 251
53 140
53 95
53 351
53 312
53 280
53 287
53 293
53 165
53 172
53 177
53 128
53 124
53 328
53 195
53 335
53 203
53 71
53 199
53 53
53 169
53 196
53 324
53 331
53 210
53 246
54 325
54 387
54 388
54 133
54 392
54 394
54 274
54 149
54 284
54 217
54 89
54 319
54 377
54 275
54 226
54 85
54 225
54 292
54 90
54 272
54 88
54 76
54 334
54 190
54 221
54 280
55 294
55 160
55 301
55 302
55 309
55 381
55 218
55 222
55 193
55 78
55 232
55 55
55 102
55 238
55 70
55 73
55 308
55 142
55 85
55 270
55 188
55 77
55 103
55 396
55 248
55 280
56 350
56 132
56 395
56 152
56 158
56 111
56 374
56 357
56 360
56 229
56 207
56 127
56 219
56 353
56 365
56 99
56 224
56 100
56 220
56 311
56 375
56 330
56 255
56 352
57 390
57 287
57 293
57 185
57 199
57 203
57 335
57 165
57 210
57 177
57 246
57 57
57 280
57 128
57 331
57 328
57 72
57 342
57 297
57 195
57 324
57 124
58 159
58 318
58 275
58 373
58 134
58 267
58 154
58 306
58 307
58 310
58 191
58 104
58 72
58 58
58 214
58 101
58 352
58 205
58 247
58 61
58 208
58 246
58 194
58 338
58 380
59 264
59 393
59 295
59 168
59 305
59 183
59 320
59 211
59 334
59 180
59 213
59 326
59 375
59 339
59 66
59 59
59 348
59 243
59 79
59 61
59 69
59 96
59 400
59 198
59 245
59 283
59 312
59 313
60 303
60 260
60 261
60 135
60 138
60 397
60 273
60 153
60 248
60 250
60 60
60 371
60 216
60 107
60 82
60 108
60 359
60 317
60 98
60 182
60 81
60 192
60 97
60 244
60 72
61 393
61 139
61 295
61 168
61 305
61 180
61 183
61 198
61 66
61 61
61 213
61 264
61 320
61 375
61 79
61 245
61 243
61 339
61 211
61 359
61 378
61 338
61 334
61 348
62 157
62 159
62 164
62 294
62 167
62 179
62 182
62 311
62 62
62 281
62 329
62 347
62 325
62 215
62 350
62 65
62 126
62 346
62 276
62 77
62 122
62 81
62 86
62 256
63 400
63 296
63 297
63 174
63 314
63 315
63 122
63 63
63 340
63 316
63 187
63 341
63 322
63 327
63 64
63 189
63 117
63 116
63 110
63 104
63 362
63 273
63 351
63 349
63 114
63 278
63 247
64 400
64 296
64 297
64 170
64 314
64 315
64 316
64 189
64 187
64 341
64 322
64 340
64 110
64 64
64 117
64 116
64 174
64 143
64 277
64 392
64 351
64 122
64 302
64 263
64 80
64 330
65 281
65 157
65 159
65 294
65 167
65 179
65 182
65 350
65 347
65 329
65 126
65 86
65 81
65 164
65 325
65 311
65 65
65 362
65 361
65 215
65 346
65 228
65 324
66 264
66 393
66 139
66 295
66 168
66 305
66 180
66 183
66 320
66 334
66 213
66 211
66 375
66 339
66 343
66 243
66 66
66 79
66 327
66 266
66 214
66 198
66 326
67 231
67 265
67 260
67 261
67 135
67 138
67 397
67 153
67 317
67 192
67 97
67 371
67 359
67 248
67 250
67 216
67 273
67 82
67 244
67 98
67 373
67 151
67 120
67 336
67 107
67 108
68 141
68 398
68 399
68 145
68 286
68 298
68 299
68 304
68 318
68 196
68 370
68 354
68 123
68 68
68 363
68 382
68 209
68 326
68 117
68 201
68 300
68 239
68 287
69 389
69 396
69 268
69 178
69 186
69 69
69 241
69 349
69 235
69 200
69 143
69 300
69 337
69 83
69 239
69 155
69 202
69 97
69 247
69 74
69 249
70 160
70 301
70 302
70 176
70 308
70 309
70 193
70 361
70 381
70 102
70 78
70 238
70 188
70 70
70 232
70 73
70 221
70 189
70 325
70 77
70 149
70 356
71 381
71 280
71 287
71 293
71 165
71 177
71 185
71 195
71 324
71 199
71 246
71 328
71 172
71 124
71 203
71 71
71 383
71 295
71 331
71 210
71 120
72 127
72 134
72 267
72 307
72 310
72 191
72 194
72 72
72 338
72 352
72 247
72 383
72 154
72 104
72 214
72 378
72 101
72 248
72 164
72 209
72 380
73 379
73 305
73 339
73 160
73 301
73 308
73 309
73 188
73 218
73 78
73 238
73 302
73 176
73 103
73 232
73 73
73 392
73 77
73 361
73 381
74 389
74 396
74 143
74 155
74 300
74 178
74 186
74 112
74 349
74 83
74 74
74 249
74 200
74 241
74 336
74 235
74 239
75 257
75 391
75 137
75 140
75 142
75 144
75 146
75 276
75 277
75 150
75 279
75 291
75 95
75 262
75 93
75 231
75 75
75 372
75 368
75 282
75 208
75 229
75 102
75 321
75 204
75 358
75 366
75 98
75 158
75 353
75 111
75 376
75 172
76 390
76 151
76 283
76 156
76 161
76 289
76 303
76 312
76 313
76 323
76 236
76 118
76 242
76 285
76 91
76 76
76 335
76 96
76 105
76 240
76 199
77 370
77 144
77 160
77 302
77 176
77 308
77 309
77 188
77 193
77 102
77 381
77 218
77 301
77 222
77 388
77 89
77 243
77 103
77 361
78 286
78 201
78 208
78 160
78 302
78 176
78 308
78 309
78 188
78 238
78 361
78 381
78 218
78 222
78 232
78 103
78 174
78 229
79 145
79 264
79 393
79 139
79 295
79 320
79 198
79 326
79 334
79 343
79 183
79 180
79 348
79 245
79 243
79 211
79 79
79 349
79 370
79 116
79 339
79 375
79 161
79 236
80 264
80 263
80 266
80 148
80 166
80 332
80 356
80 87
80 342
80 181
80 333
80 84
80 88
80 109
80 373
80 367
80 94
80 259
80 364
80 146
80 204
80 234
80 349
81 281
81 157
81 159
81 164
81 294
81 167
81 179
81 182
81 311
81 325
81 329
81 350
81 346
81 215
81 126
81 256
81 81
81 393
81 150
81 86
81 347
81 319
81 285
81 244
82 202
82 260
82 261
82 135
82 397
82 273
82 153
82 317
82 192
82 336
82 359
82 97
82 138
82 371
82 107
82 82
82 250
82 354
82 227
82 98
82 244
82 203
82 378
83 204
83 389
83 300
83 178
83 200
83 202
83 337
83 349
83 396
83 239
83 186
83 241
83 112
83 155
83 143
83 326
83 347
83 351
83 235
83 249
84 334
84 309
84 388
84 266
84 148
84 181
84 332
84 333
84 84
84 94
84 367
84 87
84 373
84 166
84 109
84 263
84 259
84 360
84 296
84 159
84 88
84 356
84 234
84 364
84 384
84 247
85 304
85 387
85 388
85 133
85 392
85 394
85 274
85 275
85 149
85 284
85 292
85 190
85 319
85 90
85 225
85 233
85 221
85 85
85 320
85 360
85 217
85 89
86 281
86 159
86 164
86 179
86 311
86 325
86 329
86 167
86 86
86 256
86 126
86 347
86 294
86 350
86 106
86 215
86 346
86 133
87 259
87 263
87 266
87 148
87 166
87 181
87 332
87 333
87 342
87 234
87 109
87 94
87 373
87 87
87 356
87 305
87 378
87 155
87 88
87 364
87 367
87 355
88 301
88 259
88 263
88 148
88 166
88 181
88 332
88 333
88 342
88 94
88 384
88 266
88 356
88 109
88 321
88 316
88 125
88 234
88 207
88 383
89 339
89 102
89 387
89 388
89 133
89 392
89 394
89 272
89 274
89 275
89 149
89 292
89 190
89 319
89 217
89 90
89 377
89 221
89 244
89 304
89 316
89 225
89 98
90 399
90 387
90 388
90 392
90 394
90 272
90 274
90 149
90 284
90 292
90 190
90 319
90 221
90 275
90 233
90 133
90 377
90 309
90 107
90 96
90 225
90 252
90 390
90 216
91 339
91 186
91 390
91 151
91 283
91 285
91 161
91 289
91 303
91 312
91 323
91 369
91 118
91 240
91 313
91 105
91 156
91 393
91 366
91 325
91 228
91 242
91 171
91 119
91 251
92 179
92 222
92 155
92 385
92 258
92 131
92 278
92 290
92 197
92 223
92 169
92 106
92 345
92 237
92 376
92 227
92 92
92 177
92 250
92 115
92 119
92 254
93 257
93 262
93 391
93 137
93 140
93 142
93 146
93 276
93 277
93 150
93 282
93 291
93 95
93 368
93 93
93 208
93 372
93 379
93 204
93 231
93 369
93 227
93 358
93 366
93 387
93 225
93 280
94 225
94 233
94 259
94 263
94 148
94 181
94 332
94 333
94 342
94 109
94 94
94 266
94 364
94 340
94 108
94 356
94 367
94 384
94 365
95 257
95 262
95 391
95 137
95 140
95 144
95 146
95 276
95 277
95 150
95 279
95 282
95 291
95 208
95 379
95 142
95 368
95 231
95 204
95 358
95 304
95 399
95 366
95 372
95 149
95 390
96 116
96 390
96 151
96 283
96 285
96 156
96 161
96 289
96 303
96 312
96 323
96 242
96 313
96 240
96 236
96 105
96 347
96 317
96 264
96 228
96 369
96 212
97 391
97 260
97 261
97 135
97 138
97 397
97 317
97 192
97 336
97 216
97 97
97 250
97 273
97 359
97 98
97 262
97 345
97 146
97 107
97 244
97 248
97 100
98 260
98 261
98 138
98 273
98 153
98 317
98 192
98 336
98 248
98 371
98 397
98 244
98 216
98 107
98 359
98 152
98 108
98 101
99 164
99 296
99 395
99 152
99 330
99 207
99 219
99 220
99 224
99 360
99 100
99 229
99 127
99 353
99 99
99 132
99 202
99 386
99 297
99 255
100 102
100 132
100 152
100 158
100 224
100 353
100 114
100 100
100 111
100 207
100 219
100 127
100 374
100 365
100 229
100 255
100 330
100 364
100 360
101 259
101 171
101 267
101 154
101 306
101 307
101 310
101 191
101 194
101 352
101 214
101 120
101 380
101 209
101 247
101 134
101 205
101 251
101 378
101 149
101 322
101 383
102 366
102 160
102 301
102 302
102 176
102 308
102 309
102 188
102 193
102 218
102 222
102 102
102 232
102 103
102 270
102 361
102 135
102 165
103 110
103 160
103 301
103 302
103 308
103 309
103 188
103 193
103 218
103 103
103 381
103 238
103 380
103 196
103 339
103 361
103 394
103 240
104 305
104 373
104 186
104 131
104 293
104 134
104 267
104 306
104 307
104 310
104 191
104 194
104 205
104 209
104 154
104 214
104 227
104 255
104 247
104 120
104 378
104 251
104 380
104 383
105 343
105 390
105 151
105 161
105 289
105 303
105 313
105 323
105 228
105 369
105 156
105 240
105 105
105 285
105 318
105 321
105 243
105 118
105 209
106 271
106 117
106 269
106 278
106 290
106 169
106 345
106 227
106 237
106 223
106 115
106 258
106 119
106 254
106 281
106 384
106 306
106 376
106 121
107 146
107 188
107 260
107 261
107 135
107 397
107 273
107 153
107 192
107 359
107 248
107 250
107 244
107 336
107 217
107 303
107 164
107 108
107 371
107 374
107 210
108 196
108 183
108 238
108 387
108 252
108 260
108 135
108 138
108 273
108 153
108 216
108 317
108 244
108 108
108 275
108 186
108 342
108 371
108 237
109 145
109 259
109 263
109 266
109 166
109 181
109 332
109 333
109 342
109 234
109 364
109 148
109 356
109 357
109 309
109 376
109 384
109 112
110 346
110 265
110 400
110 296
110 170
110 174
110 314
110 315
110 316
110 189
110 322
110 327
110 340
110 351
110 122
110 110
110 116
110 276
110 117
110 268
110 269
111 366
111 152
111 158
111 207
111 219
111 220
111 353
111 357
111 229
111 360
111 365
111 374
111 114
111 395
111 132
111 111
111 240
111 363
111 127
111 255
112 389
112 396
112 268
112 143
112 300
112 178
112 200
112 337
112 235
112 239
112 112
112 249
112 155
112 186
112 205
112 379
112 241
113 350
113 370
113 193
113 283
113 130
113 136
113 269
113 270
113 147
113 288
113 162
113 163
113 171
113 173
113 175
113 212
113 355
113 230
113 362
113 125
113 253
113 197
114 304
114 363
114 137
114 204
114 132
114 395
114 152
114 158
114 330
114 207
114 220
114 353
114 365
114 114
114 229
114 357
114 255
114 381
114 331
115 133
115 385
115 258
115 386
115 290
115 197
115 344
115 345
115 254
115 184
115 237
115 169
115 223
115 121
115 131
115 119
115 278
115 143
115 174
115 376
115 380
116 179
116 326
116 265
116 297
116 314
116 316
116 189
116 187
116 340
116 341
116 116
116 315
116 122
116 170
116 121
116 267
116 117
116 118
117 265
117 296
117 297
117 170
117 174
117 314
117 316
117 189
117 187
117 340
117 327
117 122
117 351
117 341
117 292
117 381
118 183
118 309
118 259
118 151
118 285
118 156
118 312
118 323
118 242
118 118
118 236
118 161
118 240
118 390
118 188
119 385
119 386
119 131
119 278
119 290
119 169
119 345
119 223
119 237
119 119
119 344
119 184
119 227
119 121
119 392
120 363
120 274
120 267
120 154
120 310
120 191
120 205
120 338
120 214
120 209
120 120
120 383
120 251
120 378
120 306
120 375
120 299
120 380
121 364
121 240
121 242
121 138
121 132
121 258
121 386
121 131
121 278
121 290
121 169
121 227
121 237
121 197
121 121
121 392
121 206
121 267
122 265
122 400
122 297
122 170
122 174
122 314
122 315
122 322
122 351
122 122
122 189
122 225
123 346
123 141
123 398
123 271
123 145
123 286
123 298
123 299
123 304
123 321
123 201
123 206
123 354
123 363
123 370
123 399
123 172
123 165
123 293
123 133
124 169
124 293
124 172
124 335
124 287
124 280
124 165
124 124
124 185
124 324
124 199
124 331
124 128
124 246
124 203
124 376
124 175
125 222
125 129
125 130
125 136
125 269
125 147
125 163
125 175
125 212
125 355
125 162
125 230
125 125
125 357
125 265
125 239
125 253
125 345
126 157
126 159
126 164
126 294
126 167
126 182
126 311
126 329
126 215
126 350
126 281
126 179
126 325
126 126
126 211
126 248
126 256
126 382
126 161
126 185
127 373
127 132
127 152
127 158
127 330
127 207
127 224
127 357
127 360
127 395
127 255
127 229
127 365
127 353
127 127
127 313
127 259
127 177
128 286
128 231
128 280
128 287
128 172
128 177
128 324
128 199
128 328
128 335
128 195
128 246
128 293
128 210
128 165
128 203
128 365
128 267
129 393
129 221
129 130
129 269
129 355
129 253
129 129
129 171
129 230
129 270
129 147
129 362
129 173
129 136
129 175
129 212
129 205
129 387
129 288
129 162
130 341
130 288
130 162
130 269
130 230
130 355
130 130
130 175
130 270
130 253
130 212
130 163
130 173
130 316
130 177
130 179
130 362
130 134
131 297
131 385
131 258
131 386
131 344
131 223
131 237
131 184
131 254
131 131
131 345
131 376
131 169
131 290
131 145
131 215
131 278
132 271
132 217
132 229
132 224
132 374
132 395
132 158
132 132
132 365
132 357
132 360
132 219
132 255
132 351
132 152
132 330
132 207
132 169
133 387
133 388
133 217
133 252
133 319
133 133
133 233
133 292
133 221
133 274
133 392
133 394
133 149
133 226
133 377
133 275
133 190
133 272
133 284
134 266
134 153
134 191
134 307
134 267
134 380
134 209
134 214
134 338
134 306
134 247
134 134
134 378
134 154
134 383
134 310
134 171
134 194
134 251
135 281
135 260
135 261
135 371
135 397
135 153
135 359
135 250
135 317
135 336
135 138
135 248
135 273
135 135
135 307
135 322
135 192
135 216
136 298
136 321
136 245
136 275
136 212
136 173
136 163
136 270
136 288
136 355
136 171
136 230
136 253
136 362
136 197
136 207
136 213
136 147
136 162
136 175
137 257
137 262
137 391
137 276
137 146
137 140
137 144
137 208
137 282
137 379
137 366
137 137
137 291
137 358
137 231
137 279
137 368
137 150
137 275
137 197
137 142
137 277
137 204
137 372
137 342
137 163
138 308
138 155
138 260
138 261
138 273
138 244
138 397
138 138
138 336
138 359
138 153
138 371
138 317
138 221
138 383
138 216
138 248
138 250
139 264
139 343
139 295
139 326
139 139
139 243
139 320
139 305
139 213
139 334
139 198
139 348
139 211
139 375
139 168
139 180
139 183
139 222
139 357
139 399
139 339
139 245
139 268
139 212
139 230
139 223
140 304
140 257
140 262
140 279
140 366
140 231
140 358
140 208
140 368
140 144
140 150
140 391
140 142
140 282
140 277
140 291
140 204
140 372
140 310
140 191
140 276
140 379
140 392
140 190
140 367
141 354
141 363
141 382
141 286
141 398
141 271
141 201
141 145
141 206
141 141
141 370
141 299
141 321
141 318
141 211
141 225
141 399
141 298
141 304
141 279
141 226
142 257
142 262
142 391
142 142
142 208
142 358
142 279
142 277
142 276
142 204
142 146
142 282
142 366
142 379
142 231
142 144
142 291
142 323
142 264
142 150
142 368
142 372
142 220
143 159
143 389
143 268
143 396
143 349
143 200
143 202
143 178
143 337
143 143
143 186
143 241
143 300
143 249
143 155
143 244
143 399
143 235
143 239
144 257
144 262
144 204
144 208
144 358
144 150
144 276
144 366
144 368
144 291
144 379
144 277
144 391
144 146
144 231
144 144
144 169
144 279
144 301
145 398
145 399
145 271
145 354
145 286
145 382
145 304
145 145
145 370
145 206
145 321
145 299
145 318
145 298
145 155
145 196
145 201
145 337
145 365
146 262
146 391
146 366
146 146
146 291
146 379
146 279
146 358
146 150
146 368
146 208
146 276
146 277
146 257
146 282
146 266
146 395
146 204
146 231
147 358
147 270
147 230
147 171
147 269
147 163
147 288
147 362
147 173
147 162
147 253
147 147
147 223
147 198
147 355
147 195
147 310
148 259
148 266
148 234
148 356
148 181
148 342
148 332
148 364
148 166
148 333
148 367
148 384
148 373
148 298
148 375
148 274
148 324
149 387
149 388
149 392
149 394
149 272
149 274
149 284
149 225
149 377
149 221
149 319
149 190
149 233
149 149
149 252
149 297
149 292
149 217
149 226
149 239
150 262
150 391
150 276
150 277
150 366
150 368
150 231
150 150
150 379
150 282
150 279
150 370
150 376
150 291
150 204
150 358
150 372
150 375
150 174
150 200
151 285
151 236
151 283
151 242
151 289
151 303
151 161
151 312
151 151
151 323
151 313
151 390
151 400
151 358
151 346
151 156
151 228
151 240
151 369
152 160
152 395
152 224
152 255
152 353
152 357
152 374
152 219
152 158
152 365
152 207
152 152
152 270
152 246
152 330
152 220
152 229
152 360
153 206
153 260
153 261
153 397
153 273
153 250
153 359
153 248
153 216
153 192
153 336
153 317
153 347
153 303
154 243
154 160
154 156
154 267
154 251
154 209
154 191
154 214
154 306
154 154
154 352
154 383
154 205
154 380
154 338
154 247
154 224
154 273
154 307
154 310
155 318
155 389
155 396
155 268
155 349
155 186
155 241
155 200
155 235
155 239
155 155
155 202
155 375
155 300
155 178
155 337
155 249
155 177
155 195
156 265
156 283
156 285
156 156
156 303
156 289
156 228
156 161
156 242
156 312
156 369
156 236
156 323
156 387
156 184
156 313
156 240
157 281
157 346
157 159
157 325
157 256
157 215
157 294
157 164
157 157
157 329
157 311
157 179
157 182
157 274
157 299
157 180
157 167
157 347
157 377
157 273
158 320
158 170
158 173
158 395
158 357
158 158
158 229
158 220
158 224
158 360
158 207
158 330
158 172
158 179
158 219
158 353
158 365
158 374
159 281
159 325
159 182
159 159
159 179
159 294
159 215
159 167
159 164
159 329
159 346
159 350
159 311
159 208
159 256
159 317
159 290
160 308
160 309
160 361
160 238
160 232
160 176
160 218
160 160
160 222
160 188
160 345
160 301
160 302
160 307
161 358
161 368
161 390
161 283
161 285
161 242
161 236
161 323
161 303
161 312
161 161
161 308
161 228
161 240
162 269
162 270
162 212
162 230
162 355
162 175
162 362
162 253
162 163
162 171
162 288
162 318
162 214
162 364
162 173
163 270
163 288
163 230
163 171
163 173
163 355
163 175
163 362
163 269
163 253
163 214
164 164
164 182
164 311
164 325
164 281
164 329
164 256
164 350
164 167
164 346
164 179
164 327
164 294
164 347
164 382
164 353
164 205
165 258
165 290
165 287
165 293
165 331
165 165
165 246
165 195
165 199
165 203
165 335
165 185
165 280
165 172
165 238
165 361
165 177
165 328
166 231
166 368
166 259
166 263
166 367
166 266
166 181
166 384
166 234
166 332
166 333
166 356
166 166
166 215
166 278
166 342
166 364
166 352
167 281
167 294
167 182
167 350
167 167
167 347
167 215
167 325
167 179
167 256
167 181
167 257
167 326
167 389
167 229
168 391
168 264
168 393
168 295
168 183
168 326
168 213
168 334
168 305
168 245
168 348
168 243
168 375
168 211
168 320
168 168
168 343
168 230
168 173
168 180
168 198
168 292
168 219
169 333
169 397
169 385
169 258
169 386
169 290
169 197
169 376
169 345
169 223
169 344
169 184
169 254
169 285
169 227
169 237
170 295
170 265
170 400
170 296
170 297
170 341
170 170
170 327
170 316
170 322
170 315
170 340
170 187
170 351
170 314
170 333
170 172
170 174
170 189
170 181
170 395
171 372
171 394
171 269
171 288
171 253
171 270
171 173
171 362
171 230
171 175
171 212
171 355
172 360
172 280
172 287
172 293
172 203
172 210
172 246
172 195
172 328
172 331
172 199
172 227
172 196
172 177
172 185
172 335
173 398
173 288
173 270
173 173
173 212
173 355
173 230
173 269
173 342
173 175
173 362
173 191
174 265
174 400
174 296
174 297
174 174
174 189
174 340
174 322
174 314
174 316
174 351
174 341
174 315
174 273
174 395
174 187
174 327
175 269
175 288
175 253
175 362
175 230
175 175
175 270
175 396
175 218
175 183
175 212
176 299
176 211
176 301
176 302
176 381
176 309
176 222
176 188
176 361
176 232
176 308
176 193
176 238
176 225
176 274
176 236
176 218
176 260
177 220
177 287
177 293
177 328
177 324
177 185
177 199
177 210
177 195
177 280
177 331
177 203
177 312
178 180
178 396
178 268
178 300
178 200
178 202
178 239
178 241
178 235
178 186
178 389
178 211
178 388
178 343
178 249
179 281
179 294
179 179
179 256
179 350
179 347
179 346
179 311
179 182
179 357
179 325
179 329
179 215
179 213
179 266
180 295
180 305
180 348
180 243
180 334
180 393
180 180
180 326
180 339
180 375
180 211
180 245
180 320
180 198
180 264
180 213
180 280
180 214
180 183
180 343
181 259
181 263
181 181
181 234
181 364
181 384
181 342
181 356
181 373
181 207
181 223
181 333
181 300
181 374
182 281
182 256
182 329
182 215
182 350
182 294
182 347
182 182
182 184
182 258
182 311
182 325
182 346
182 291
182 200
183 262
183 264
183 393
183 295
183 305
183 243
183 245
183 320
183 348
183 213
183 183
183 339
183 198
183 211
183 319
183 388
183 234
184 212
184 253
184 255
184 258
184 386
184 278
184 290
184 223
184 344
184 227
184 197
184 254
184 385
184 196
184 204
184 237
185 255
185 287
185 293
185 199
185 210
185 185
185 203
185 331
185 335
185 280
185 324
185 195
185 323
185 376
185 328
186 389
186 268
186 300
186 241
186 200
186 239
186 249
186 186
186 202
186 396
186 337
186 351
186 235
187 201
187 265
187 400
187 296
187 297
187 314
187 315
187 189
187 327
187 351
187 341
187 340
187 187
187 316
187 224
187 385
187 322
187 221
188 302
188 308
188 309
188 301
188 238
188 218
188 361
188 232
188 222
188 381
188 235
188 336
188 193
189 265
189 400
189 296
189 314
189 315
189 316
189 340
189 322
189 327
189 341
189 351
189 189
189 285
189 238
190 387
190 388
190 392
190 394
190 272
190 275
190 284
190 292
190 274
190 319
190 252
190 225
190 217
190 233
190 226
190 206
190 232
190 377
190 219
191 354
191 359
191 267
191 306
191 307
191 194
191 205
191 247
191 214
191 338
191 352
191 380
191 271
191 372
191 209
191 378
191 251
192 333
192 234
192 260
192 397
192 273
192 336
192 317
192 248
192 371
192 359
192 250
192 216
192 225
192 274
192 384
192 244
193 301
193 308
193 309
193 232
193 222
193 238
193 218
193 361
193 193
193 381
193 350
193 396
194 261
194 306
194 307
194 310
194 194
194 267
194 383
194 338
194 209
194 205
194 214
194 247
194 251
194 387
194 332
194 352
195 349
195 280
195 324
195 331
195 287
195 335
195 293
195 328
195 246
195 203
195 210
195 199
195 343
196 398
196 399
196 271
196 286
196 298
196 299
196 304
196 318
196 321
196 201
196 206
196 370
196 363
196 382
196 196
196 326
196 354
196 345
197 258
197 386
197 290
197 254
197 278
197 385
197 227
197 344
197 376
197 197
197 345
197 315
197 362
197 223
197 293
197 246
198 295
198 305
198 320
198 326
198 334
198 348
198 211
198 343
198 375
198 198
198 245
198 264
198 339
198 296
198 329
198 363
199 254
199 280
199 287
199 293
199 328
199 210
199 246
199 331
199 245
199 375
199 203
199 335
200 389
200 396
200 268
200 349
200 200
200 202
200 249
200 241
200 300
200 226
200 337
200 239
201 398
201 399
201 298
201 299
201 304
201 321
201 318
201 382
201 206
201 286
201 271
201 354
201 316
201 272
202 325
202 342
202 356
202 389
202 396
202 268
202 349
202 300
202 235
202 241
202 234
202 283
202 337
202 239
202 313
203 233
203 280
203 293
203 324
203 331
203 328
203 210
203 335
203 203
203 378
203 246
204 257
204 262
204 391
204 276
204 277
204 279
204 291
204 379
204 204
204 372
204 358
204 368
204 208
204 282
204 374
204 231
205 262
205 391
205 394
205 306
205 378
205 338
205 205
205 352
205 251
205 307
205 214
205 380
205 212
205 285
205 247
205 383
206 398
206 399
206 271
206 286
206 298
206 299
206 304
206 318
206 354
206 382
206 370
206 206
206 376
206 394
206 363
206 284
206 210
207 330
207 374
207 207
207 229
207 357
207 365
207 360
207 353
207 224
207 228
207 251
207 219
207 220
207 255
208 262
208 391
208 276
208 277
208 279
208 282
208 366
208 231
208 208
208 368
208 379
208 372
208 367
208 338
208 358
208 289
209 299
209 284
209 258
209 306
209 307
209 310
209 209
209 251
209 383
209 247
209 267
209 352
209 305
209 338
209 214
210 365
210 280
210 287
210 324
210 328
210 335
210 210
210 246
210 293
211 264
211 393
211 295
211 305
211 320
211 334
211 326
211 348
211 243
211 213
211 343
211 245
211 375
211 270
211 331
212 269
212 270
212 355
212 230
212 212
212 288
212 253
213 282
213 264
213 393
213 295
213 320
213 326
213 339
213 334
213 343
213 213
213 245
213 243
213 345
213 348
213 375
213 241
213 335
213 247
214 267
214 307
214 310
214 338
214 383
214 306
214 247
214 378
214 266
214 365
214 352
215 294
215 311
215 325
215 215
215 346
215 350
215 256
215 318
215 360
215 223
215 218
215 272
215 310
215 383
216 260
216 261
216 397
216 273
216 317
216 336
216 244
216 250
216 359
216 371
216 248
216 216
216 346
216 319
217 387
217 388
217 394
217 274
217 275
217 284
217 292
217 226
217 217
217 252
217 377
217 233
217 221
217 392
218 301
218 302
218 308
218 222
218 232
218 361
218 218
218 358
218 381
219 382
219 330
219 219
219 229
219 360
219 224
219 374
219 255
219 353
219 357
219 220
219 361
220 256
220 321
220 330
220 353
220 357
220 229
220 220
220 365
220 255
220 224
220 360
220 265
220 374
221 348
221 387
221 392
221 394
221 272
221 274
221 275
221 292
221 225
221 252
221 284
221 233
221 388
221 376
221 226
221 377
221 278
222 301
222 308
222 309
222 238
222 302
222 222
222 232
222 300
222 240
223 318
223 265
223 239
223 283
223 359
223 258
223 386
223 290
223 344
223 385
223 254
223 323
223 227
223 237
224 379
224 296
224 330
224 374
224 255
224 353
224 229
224 395
224 267
224 284
224 269
224 357
225 387
225 388
225 392
225 394
225 274
225 275
225 284
225 292
225 377
225 319
225 233
225 396
225 252
225 384
226 314
226 381
226 387
226 388
226 392
226 394
226 272
226 274
226 275
226 284
226 292
226 319
226 252
226 226
226 385
226 234
226 377
226 241
227 263
227 384
227 258
227 386
227 278
227 344
227 345
227 227
227 385
227 242
227 239
227 254
228 343
228 361
228 390
228 283
228 285
228 303
228 313
228 312
228 369
228 228
228 323
228 325
228 327
228 240
228 242
228 250
229 291
229 395
229 330
229 353
229 365
229 360
229 255
229 341
229 306
230 311
230 273
230 269
230 270
230 362
230 391
230 242
231 257
231 262
231 391
231 276
231 277
231 279
231 291
231 358
231 366
231 379
231 372
231 368
231 385
232 301
232 302
232 309
232 238
232 308
232 361
232 311
232 278
232 270
233 282
233 387
233 388
233 392
233 394
233 272
233 275
233 284
233 292
233 319
233 233
233 252
233 243
233 377
233 237
234 259
234 266
234 332
234 333
234 342
234 356
234 263
234 384
234 373
234 367
234 254
235 370
235 315
235 389
235 396
235 268
235 300
235 349
235 239
235 393
235 243
235 364
235 241
235 317
236 348
236 390
236 283
236 289
236 313
236 242
236 323
236 312
236 240
236 285
236 236
236 366
236 318
237 393
237 362
237 385
237 258
237 386
237 290
237 345
237 278
237 237
237 344
237 396
237 254
238 245
238 302
238 308
238 309
238 361
238 238
238 355
238 381
238 397
238 376
239 268
239 300
239 337
239 349
239 396
239 389
239 241
239 369
239 287
240 279
240 285
240 289
240 303
240 312
240 313
240 369
240 283
241 396
241 268
241 300
241 337
241 349
241 272
242 283
242 289
242 313
242 369
242 390
242 303
242 312
242 285
242 242
243 271
243 264
243 393
243 305
243 320
243 326
243 334
243 339
243 343
243 245
243 243
243 369
244 264
244 261
244 273
244 336
244 371
244 250
244 317
244 260
244 315
245 358
245 264
245 393
245 295
245 320
245 339
245 348
245 343
245 305
245 375
245 390
245 285
246 280
246 287
246 324
246 328
246 331
246 335
246 246
246 257
246 358
247 364
247 306
247 307
247 338
247 352
247 378
247 380
247 383
247 310
247 251
248 261
248 397
248 273
248 371
248 317
248 336
248 250
248 359
248 248
248 291
248 386
249 389
249 396
249 268
249 300
249 337
249 349
249 249
249 322
250 311
250 260
250 261
250 397
250 336
250 371
250 250
250 357
250 291
250 386
250 307
251 306
251 307
251 310
251 383
251 251
251 352
251 338
251 320
251 266
251 380
252 372
252 387
252 392
252 394
252 272
252 274
252 284
252 292
252 319
252 377
252 252
252 297
253 269
253 270
253 288
253 355
253 362
253 253
253 372
254 258
254 386
254 278
254 290
254 344
254 345
254 385
254 366
255 395
255 330
255 353
255 360
255 365
255 374
255 357
255 299
256 281
256 325
256 329
256 347
256 294
256 350
256 256
256 345
256 298
257 277
257 379
257 291
257 279
257 257
257 358
257 372
257 391
257 368
257 282
257 366
257 338
257 265
257 327
257 262
257 276
258 385
258 345
258 386
258 376
258 278
258 258
258 290
258 337
258 344
259 259
259 333
259 367
259 263
259 332
259 356
259 342
259 364
259 266
259 272
259 384
259 337
260 397
260 261
260 260
260 273
260 359
260 371
260 280
260 315
260 317
260 336
261 295
261 284
261 371
261 397
261 261
261 359
261 378
261 367
261 338
262 358
262 276
262 391
262 279
262 368
262 366
262 291
262 282
262 262
262 312
262 277
262 387
263 384
263 266
263 373
263 333
263 342
263 356
263 364
263 367
263 263
263 332
264 339
264 305
264 348
264 320
264 295
264 393
264 375
264 334
264 343
265 341
265 315
265 322
265 265
265 400
265 296
265 351
265 327
265 314
265 297
265 316
266 399
266 351
266 367
266 266
266 373
266 384
266 332
266 322
266 342
267 393
267 338
267 307
267 380
267 310
267 378
267 383
267 267
267 346
267 352
268 396
268 337
268 389
268 268
268 349
268 296
269 276
269 314
269 355
269 362
269 270
269 288
269 269
270 362
270 270
270 288
270 355
271 398
271 399
271 298
271 318
271 354
271 382
271 363
271 370
271 271
271 286
271 304
271 321
271 378
272 379
272 296
272 387
272 388
272 392
272 394
272 292
272 272
272 377
272 275
272 284
272 319
273 299
273 397
273 317
273 359
273 336
274 387
274 388
274 392
274 394
274 274
274 284
274 275
274 375
274 326
274 292
274 377
274 336
275 295
275 388
275 394
275 392
275 292
275 319
275 275
275 377
275 307
275 284
276 391
276 368
276 279
276 372
276 277
276 366
276 276
276 336
276 282
276 291
276 358
276 379
277 325
277 391
277 291
277 379
277 368
277 372
277 282
277 306
277 390
277 279
277 366
277 360
278 334
278 292
278 385
278 386
278 376
278 290
278 345
278 344
278 379
279 399
279 391
279 291
279 372
279 379
279 368
279 282
279 344
279 366
279 335
280 344
280 287
280 331
280 280
280 335
280 328
280 293
280 324
281 346
281 294
281 311
281 329
281 350
281 347
281 325
281 281
281 315
281 301
281 327
281 362
282 350
282 286
282 391
282 358
282 368
282 291
282 282
282 366
282 379
282 388
283 347
283 320
283 390
283 303
283 313
283 323
283 312
283 285
283 289
283 369
284 387
284 388
284 319
284 392
284 284
284 292
284 377
285 390
285 313
285 323
285 289
285 303
285 285
285 312
285 369
285 397
286 398
286 304
286 318
286 286
286 382
286 399
286 321
286 370
286 363
286 298
286 354
286 326
286 319
287 293
287 335
287 324
287 331
287 328
287 287
288 323
288 288
288 355
288 362
288 356
288 369
289 390
289 312
289 369
289 303
289 289
289 323
289 335
289 358
289 313
289 355
290 351
290 385
290 345
290 386
290 376
290 347
290 344
291 368
291 358
291 372
291 391
291 324
291 366
291 379
292 388
292 377
292 392
292 394
292 322
292 319
293 294
293 293
293 331
293 296
293 328
293 335
294 294
294 347
294 350
294 329
294 346
294 311
294 325
294 386
295 305
295 320
295 339
295 334
295 375
295 326
295 343
295 348
296 400
296 322
296 314
296 297
296 341
296 296
296 340
296 315
296 316
296 327
296 351
296 371
297 315
297 351
297 316
297 327
297 400
297 297
297 340
297 341
297 373
297 318
297 314
297 322
297 392
297 336
298 398
298 399
298 299
298 382
298 318
298 370
298 321
298 363
298 305
299 398
299 399
299 321
299 318
299 354
299 304
299 363
299 370
300 321
300 389
300 396
300 349
300 300
300 337
301 329
301 361
301 302
301 381
301 309
301 301
301 308
301 342
301 380
302 309
302 302
302 381
302 361
302 308
302 382
302 352
302 377
302 337
303 323
303 303
303 312
303 369
303 390
303 350
303 313
304 398
304 399
304 370
304 354
304 318
304 382
304 321
304 363
305 393
305 320
305 348
305 326
305 343
305 339
305 305
305 334
306 341
306 307
306 380
306 338
306 306
306 310
306 352
307 338
307 310
307 383
307 380
307 352
307 378
307 344
308 309
308 381
308 361
308 342
309 309
309 381
310 395
310 352
310 383
310 338
310 378
311 311
311 347
311 350
311 325
311 346
311 317
311 329
312 390
312 312
312 313
312 369
312 385
312 323
313 332
313 390
313 369
313 313
313 318
313 323
314 400
314 314
314 315
314 340
314 351
314 324
314 322
315 400
315 315
315 322
315 316
315 327
315 376
315 370
315 340
315 341
315 351
316 329
316 400
316 327
316 341
316 340
316 351
316 316
316 358
316 344
316 322
317 397
317 359
317 317
317 371
317 336
318 347
318 399
318 363
318 370
318 382
318 398
318 321
318 354
319 387
319 388
319 392
319 394
319 319
319 383
319 377
320 339
320 375
320 348
320 343
320 393
320 354
321 398
321 321
321 382
321 354
321 370
321 399
321 363
321 361
322 400
322 351
322 341
322 327
322 322
322 373
323 366
323 390
323 369
323 394
324 331
324 328
324 335
324 324
325 347
325 350
325 346
325 329
325 359
326 393
326 334
326 326
326 348
326 339
326 375
326 373
326 343
326 376
327 400
327 351
327 340
327 327
327 385
327 341
327 357
328 335
328 328
328 395
328 354
328 337
328 331
329 347
329 350
329 329
329 346
329 338
330 395
330 353
330 365
330 330
330 357
330 374
331 331
331 398
332 356
332 364
332 384
332 373
332 332
332 348
332 333
333 373
333 367
333 364
333 333
333 341
333 342
333 356
333 384
334 393
334 334
334 375
334 348
334 339
334 343
334 378
335 335
336 377
336 397
336 359
336 371
337 389
337 396
337 337
337 349
338 378
338 338
338 352
338 380
339 393
339 348
339 339
339 343
340 400
340 340
340 341
340 385
340 398
340 374
340 351
340 344
341 400
341 351
341 341
342 384
342 373
342 342
342 367
342 356
342 364
343 393
343 343
343 375
343 348
344 367
344 385
344 386
344 376
344 344
345 385
345 386
345 400
345 376
346 346
346 347
346 350
347 347
347 379
347 350
348 393
348 375
348 354
349 396
349 389
349 357
351 400
352 392
352 383
352 378
352 352
353 384
353 395
353 353
353 374
353 357
353 391
353 365
354 398
354 399
354 363
354 370
354 375
354 382
355 362
356 384
356 364
356 367
356 373
357 395
357 374
357 365
358 391
358 372
358 366
358 358
358 368
359 397
359 359
360 395
360 365
360 360
360 374
361 361
361 381
362 362
363 398
363 399
363 370
363 363
363 382
364 364
364 373
364 367
364 384
365 396
365 395
365 374
365 383
366 391
366 379
366 368
366 372
366 371
367 373
367 367
367 368
367 384
368 372
368 379
368 374
369 390
369 376
369 372
370 398
370 399
370 370
371 397
371 371
372 398
372 391
372 372
372 379
373 373
373 384
373 385
374 395
375 393
375 375
376 386
376 385
377 394
377 388
377 387
377 392
378 378
379 391
380 395
380 380
381 381
382 398
382 399
382 382
383 400
385 389
385 385
385 386
387 400
387 387
387 394
387 388
387 392
388 392
388 394
389 396
389 389
390 390
391 391
392 392
392 394
393 393
395 395
396 396
397 397
398 399
399 399
400 400
