400 4653
1 109
1 74
1 184
1 214
1 211
1 50
1 381
1 286
1 148
1 186
1 250
1 200
1 31
1 258
1 51
1 199
1 308
1 104
1 281
1 302
1 195
1 366
1 127
2 218
2 327
2 103
2 351
2 339
2 80
2 262
2 115
2 60
2 182
2 106
2 309
2 91
2 118
2 300
2 170
2 270
2 356
2 254
2 232
2 5
2 302
2 174
2 306
2 65
2 69
2 26
3 67
3 291
3 71
3 397
3 254
3 218
3 225
3 68
3 307
3 3
3 296
3 76
3 398
3 86
3 133
3 134
3 108
3 185
3 317
3 6
3 394
3 113
3 284
3 126
3 326
4 47
4 385
4 4
4 8
4 232
4 389
4 33
4 400
4 77
4 112
4 102
4 350
4 10
4 279
4 135
4 377
4 165
4 156
4 360
4 395
4 289
4 89
4 96
4 363
5 69
5 300
5 339
5 80
5 118
5 302
5 174
5 309
5 262
5 115
5 60
5 65
5 306
5 327
5 319
5 356
5 103
5 253
5 142
5 182
5 363
6 324
6 398
6 134
6 218
6 296
6 224
6 394
6 121
6 320
6 108
6 86
6 71
6 133
6 397
6 113
6 88
6 68
6 31
6 97
6 307
6 76
6 225
6 254
6 11
7 243
7 397
7 225
7 385
7 263
7 256
7 137
7 361
7 27
7 19
7 100
7 282
7 83
7 9
7 344
7 332
7 92
7 7
7 116
7 269
7 34
7 360
7 382
7 383
8 378
8 389
8 165
8 289
8 10
8 235
8 102
8 112
8 77
8 96
8 226
8 279
8 400
8 135
8 89
8 395
8 265
8 364
8 187
8 353
8 374
8 377
9 241
9 385
9 137
9 34
9 269
9 85
9 263
9 9
9 332
9 216
9 234
9 382
9 361
9 383
9 100
9 362
9 157
9 399
9 19
9 27
9 92
9 155
9 156
10 332
10 390
10 135
10 350
10 395
10 33
10 232
10 102
10 77
10 96
10 353
10 165
10 89
10 377
10 363
10 226
10 45
10 39
10 279
10 235
10 374
10 149
11 93
11 257
11 259
11 387
11 390
11 391
11 17
11 109
11 21
11 280
11 98
11 233
11 284
11 12
11 220
11 248
11 372
11 35
11 350
11 16
12 130
12 257
12 259
12 390
12 391
12 98
12 396
12 284
12 372
12 220
12 109
12 35
12 387
12 369
12 280
12 140
12 238
12 154
12 31
12 145
12 233
12 28
13 132
13 139
13 81
13 237
13 310
13 13
13 231
13 236
13 44
13 171
13 297
13 120
13 47
13 210
13 342
13 364
13 328
13 154
13 121
13 152
13 190
13 84
13 357
13 252
13 301
14 261
14 61
14 143
14 333
14 399
14 167
14 93
14 20
14 129
14 209
14 176
14 281
14 105
14 208
14 294
14 260
14 161
14 370
14 332
14 84
14 164
14 318
14 192
14 99
14 95
14 200
15 130
15 386
15 264
15 266
15 138
15 247
15 15
15 18
15 119
15 107
15 379
15 24
15 179
15 122
15 384
15 365
15 249
15 353
15 240
15 153
15 38
15 41
15 368
15 375
16 183
16 259
16 387
16 391
16 140
16 396
16 228
16 17
16 369
16 372
16 233
16 284
16 21
16 98
16 109
16 248
16 280
16 352
16 34
16 145
16 35
16 151
17 257
17 259
17 387
17 390
17 391
17 140
17 396
17 284
17 220
17 17
17 145
17 248
17 233
17 280
17 369
17 316
17 94
17 21
17 35
17 109
17 238
18 130
18 386
18 388
18 264
18 266
18 138
18 179
18 18
18 384
18 122
18 29
18 153
18 379
18 247
18 249
18 24
18 50
18 211
18 48
18 107
18 375
19 385
19 263
19 137
19 269
19 142
19 383
19 85
19 100
19 362
19 19
19 216
19 282
19 34
19 332
19 344
19 26
19 238
19 27
19 92
19 361
19 256
19 311
20 260
20 399
20 143
20 370
20 164
20 61
20 318
20 42
20 161
20 20
20 176
20 261
20 192
20 333
20 129
20 209
20 75
20 128
20 281
20 167
20 317
20 64
20 208
20 105
21 106
21 385
21 142
21 259
21 387
21 390
21 391
21 140
21 396
21 284
21 35
21 280
21 248
21 98
21 372
21 103
21 170
21 220
21 233
21 51
22 109
22 147
22 277
22 99
22 175
22 154
22 295
22 172
22 125
22 79
22 334
22 316
22 54
22 193
22 36
22 202
22 301
22 352
22 45
22 55
22 166
22 57
22 242
23 232
23 144
23 151
23 46
23 185
23 330
23 219
23 288
23 253
23 326
23 32
23 180
23 314
23 156
23 197
23 187
23 367
23 28
23 154
23 234
23 160
23 39
23 70
23 381
24 130
24 386
24 388
24 264
24 48
24 379
24 122
24 247
24 138
24 107
24 24
24 365
24 41
24 29
24 119
24 158
24 68
24 153
24 368
24 375
24 249
25 274
25 320
25 144
25 151
25 157
25 367
25 32
25 219
25 253
25 288
25 28
25 314
25 160
25 323
25 180
25 330
25 197
25 187
25 293
25 38
25 156
25 39
25 46
26 392
26 145
26 376
26 37
26 290
26 26
26 116
26 212
26 155
26 315
26 56
26 354
26 169
26 303
26 338
26 114
26 127
26 163
26 58
26 188
26 336
26 341
26 213
27 263
27 137
27 269
27 282
27 256
27 92
27 83
27 142
27 361
27 360
27 27
27 234
27 362
27 332
27 144
27 207
27 344
27 100
27 382
27 348
28 325
28 365
28 344
28 193
28 334
28 144
28 151
28 156
28 288
28 160
28 326
28 185
28 157
28 330
28 314
28 312
28 113
28 32
28 180
28 197
28 219
29 171
29 123
29 388
29 266
29 138
29 379
29 368
29 365
29 247
29 48
29 384
29 179
29 249
29 122
29 264
29 375
29 101
29 396
29 41
29 107
29 119
30 255
30 139
30 393
30 181
30 337
30 30
30 358
30 230
30 241
30 173
30 40
30 322
30 201
30 349
30 298
30 45
30 335
30 85
30 207
30 168
30 43
30 183
30 78
30 246
31 394
31 398
31 250
31 148
31 127
31 74
31 286
31 94
31 184
31 195
31 239
31 199
31 258
31 211
31 31
31 352
31 50
31 51
31 191
31 200
31 214
31 104
31 380
32 356
32 151
32 157
32 288
32 144
32 314
32 46
32 330
32 39
32 219
32 156
32 160
32 185
32 253
32 180
32 62
32 131
32 187
32 197
32 326
32 70
32 367
33 389
33 135
33 395
33 279
33 96
33 33
33 374
33 289
33 353
33 102
33 400
33 165
33 265
33 112
33 77
33 362
33 298
33 226
33 377
33 315
34 385
34 263
34 137
34 142
34 282
34 344
34 234
34 383
34 362
34 269
34 34
34 216
34 360
34 382
34 109
34 300
34 85
34 92
34 100
34 361
34 227
35 387
35 391
35 396
35 145
35 140
35 248
35 369
35 284
35 259
35 233
35 220
35 257
35 35
35 250
35 372
35 39
36 147
36 277
36 295
36 316
36 172
36 57
36 36
36 166
36 154
36 125
36 334
36 242
36 175
36 311
36 62
36 301
36 177
36 378
36 193
36 79
36 99
37 209
37 306
37 309
37 272
37 155
37 290
37 163
37 303
37 321
37 56
37 111
37 116
37 58
37 169
37 114
37 37
37 316
37 99
37 315
37 188
37 59
37 341
37 213
37 354
37 376
37 66
38 386
38 388
38 266
38 38
38 130
38 119
38 249
38 368
38 179
38 122
38 153
38 379
38 365
38 107
38 48
38 264
38 61
38 75
39 176
39 226
39 151
39 288
39 160
39 197
39 144
39 156
39 185
39 323
39 314
39 157
39 326
39 330
39 126
39 46
39 187
40 293
40 393
40 168
40 358
40 298
40 45
40 335
40 230
40 162
40 181
40 349
40 40
40 245
40 43
40 53
40 337
40 287
40 161
40 52
40 241
40 137
41 386
41 264
41 266
41 138
41 153
41 368
41 179
41 247
41 249
41 41
41 384
41 130
41 107
41 122
41 127
41 187
41 365
42 129
42 260
42 399
42 143
42 281
42 161
42 164
42 167
42 294
42 93
42 42
42 370
42 209
42 317
42 208
42 333
42 171
42 354
42 176
42 86
42 360
43 393
43 162
43 168
43 110
43 246
43 173
43 183
43 335
43 52
43 45
43 337
43 298
43 245
43 53
43 241
43 358
43 54
43 330
43 181
43 322
43 201
43 230
44 261
44 131
44 132
44 139
44 152
44 297
44 171
44 236
44 310
44 190
44 44
44 47
44 237
44 328
44 210
44 84
44 337
44 82
44 63
44 81
44 342
44 120
44 363
45 345
45 60
45 393
45 162
45 298
45 335
45 349
45 53
45 173
45 110
45 322
45 241
45 183
45 168
45 246
45 223
45 301
45 52
45 337
45 245
46 208
46 144
46 156
46 157
46 312
46 197
46 288
46 160
46 253
46 219
46 323
46 151
46 326
46 180
46 67
46 275
46 70
46 330
47 243
47 131
47 139
47 171
47 252
47 236
47 364
47 84
47 297
47 190
47 132
47 231
47 328
47 63
47 90
47 120
47 358
47 81
47 342
47 182
47 361
48 61
48 130
48 386
48 266
48 153
48 384
48 365
48 375
48 247
48 107
48 264
48 249
48 179
48 388
48 237
48 201
48 213
49 392
49 267
49 150
49 159
49 177
49 229
49 240
49 371
49 117
49 292
49 217
49 204
49 207
49 128
49 123
49 251
49 194
49 49
49 162
49 206
49 345
49 221
49 266
49 185
50 340
50 258
50 308
50 51
50 184
50 94
50 200
50 74
50 239
50 191
50 250
50 195
50 127
50 381
50 148
50 297
50 388
50 186
50 199
50 366
51 193
51 197
51 258
51 148
51 286
51 366
51 200
51 195
51 127
51 104
51 308
51 381
51 239
51 94
51 184
51 108
51 199
51 380
52 270
52 393
52 162
52 168
52 298
52 201
52 322
52 52
52 337
52 245
52 173
52 181
52 53
52 110
52 207
52 87
52 183
52 246
52 154
53 143
53 393
53 162
53 168
53 173
53 181
53 183
53 246
53 201
53 322
53 337
53 349
53 53
53 253
53 373
53 78
53 230
53 110
53 241
53 245
54 371
54 249
54 147
54 277
54 278
54 154
54 166
54 301
54 175
54 79
54 99
54 340
54 57
54 334
54 202
54 352
54 238
54 174
54 311
55 392
55 136
55 273
55 146
55 285
55 158
55 287
55 304
55 305
55 255
55 274
55 275
55 313
55 222
55 378
55 299
55 243
55 55
55 103
55 186
55 366
56 155
56 290
56 163
56 212
56 169
56 336
56 376
56 315
56 338
56 116
56 59
56 188
56 111
56 303
56 213
56 341
56 308
56 337
56 58
56 227
57 98
57 147
57 277
57 154
57 295
57 172
57 311
57 316
57 278
57 301
57 57
57 340
57 352
57 193
57 327
57 323
57 62
57 202
57 334
57 283
58 118
58 272
58 290
58 163
58 169
58 303
58 188
58 315
58 59
58 338
58 227
58 116
58 354
58 213
58 376
58 378
58 241
58 321
58 336
58 212
58 341
58 114
59 290
59 163
59 315
59 376
59 303
59 272
59 227
59 59
59 188
59 114
59 169
59 155
59 111
59 321
59 242
59 233
59 336
59 212
59 341
59 354
60 262
60 270
60 170
60 300
60 174
60 309
60 182
60 118
60 339
60 60
60 103
60 302
60 91
60 80
60 327
60 153
60 69
60 351
60 356
61 129
61 261
61 143
61 281
61 161
61 164
61 294
61 176
61 399
61 209
61 61
61 317
61 318
61 192
61 208
61 103
61 64
61 333
61 105
61 131
61 231
61 104
62 147
62 277
62 278
62 295
62 301
62 311
62 316
62 352
62 79
62 154
62 62
62 193
62 340
62 99
62 175
62 113
62 228
62 202
62 334
62 242
63 131
63 132
63 139
63 152
63 171
63 90
63 342
63 357
63 237
63 364
63 190
63 84
63 310
63 120
63 81
63 297
63 228
63 384
63 210
63 231
63 236
63 219
64 281
64 167
64 317
64 318
64 164
64 260
64 261
64 64
64 294
64 370
64 161
64 176
64 129
64 333
64 208
64 203
64 96
64 192
64 209
64 93
64 148
64 211
64 250
65 189
65 262
65 170
65 300
65 302
65 306
65 309
65 182
65 319
65 174
65 356
65 327
65 103
65 80
65 118
65 339
65 77
65 86
65 69
65 351
65 106
65 87
65 97
66 111
66 141
66 149
66 283
66 178
66 329
66 331
66 355
66 75
66 97
66 72
66 95
66 196
66 124
66 87
66 223
66 73
66 215
66 74
66 205
66 343
66 347
66 348
67 117
67 133
67 134
67 394
67 398
67 291
67 296
67 307
67 320
67 224
67 218
67 397
67 108
67 324
67 67
67 121
67 326
67 395
67 71
67 76
67 86
67 88
67 225
67 113
67 91
68 133
68 134
68 397
68 398
68 291
68 296
68 320
68 218
68 121
68 394
68 68
68 254
68 76
68 113
68 86
68 165
68 94
68 71
68 88
68 327
69 136
69 262
69 270
69 170
69 300
69 174
69 306
69 319
69 115
69 69
69 302
69 182
69 103
69 152
69 381
69 327
69 339
69 91
69 118
69 347
70 335
70 145
70 215
70 144
70 151
70 312
70 185
70 314
70 326
70 253
70 156
70 180
70 288
70 157
70 160
70 115
70 139
70 367
71 134
71 394
71 397
71 398
71 133
71 324
71 225
71 113
71 224
71 86
71 76
71 71
71 296
71 94
71 130
71 88
71 218
71 108
71 254
72 179
72 263
72 141
72 149
72 178
72 196
72 198
72 124
72 87
72 283
72 329
72 75
72 347
72 205
72 331
72 126
72 348
72 327
72 349
72 343
72 215
72 95
72 101
73 119
73 77
73 178
73 196
73 329
73 215
73 347
73 355
73 331
73 348
73 97
73 73
73 149
73 223
73 198
73 141
73 120
73 94
73 75
73 205
73 343
73 101
73 124
73 74
74 362
74 289
74 148
74 286
74 184
74 186
74 191
74 199
74 381
74 380
74 195
74 127
74 250
74 211
74 383
74 214
74 104
74 366
75 221
75 113
75 374
75 141
75 149
75 178
75 331
75 215
75 347
75 205
75 343
75 196
75 124
75 92
75 290
75 348
75 97
76 333
76 134
76 394
76 398
76 291
76 307
76 320
76 86
76 121
76 218
76 76
76 133
76 285
76 240
76 224
76 108
76 113
77 254
77 216
77 265
77 400
77 279
77 289
77 165
77 89
77 350
77 374
77 102
77 377
77 232
77 316
77 96
77 363
78 162
78 168
78 298
78 173
78 201
78 337
78 78
78 246
78 335
78 245
78 358
78 393
78 183
78 349
78 181
78 115
78 239
78 230
78 110
78 241
79 274
79 268
79 277
79 278
79 172
79 311
79 193
79 202
79 334
79 125
79 301
79 175
79 154
79 352
79 174
79 286
79 340
79 99
79 242
79 127
80 262
80 270
80 170
80 174
80 309
80 182
80 356
80 91
80 319
80 327
80 80
80 302
80 115
80 279
80 299
80 351
80 106
80 199
81 93
81 131
81 152
81 297
81 171
81 310
81 190
81 328
81 210
81 342
81 236
81 90
81 120
81 357
81 327
81 267
81 252
81 204
81 324
82 267
82 268
82 150
82 159
82 189
82 204
82 206
82 207
82 194
82 221
82 251
82 203
82 345
82 240
82 177
82 371
82 123
82 379
82 231
82 229
82 128
82 290
82 331
83 333
83 385
83 263
83 137
83 269
83 142
83 282
83 360
83 234
83 362
83 344
83 83
83 361
83 216
83 256
83 241
83 335
83 85
83 92
84 132
84 139
84 152
84 171
84 310
84 342
84 120
84 297
84 252
84 236
84 328
84 231
84 90
84 348
84 217
84 237
85 273
85 385
85 137
85 269
85 282
85 85
85 360
85 92
85 100
85 263
85 142
85 362
85 239
85 303
85 216
85 382
85 256
85 377
86 133
86 134
86 394
86 397
86 296
86 324
86 307
86 218
86 398
86 121
86 320
86 113
86 129
86 225
86 254
86 195
87 114
87 141
87 283
87 178
87 198
87 329
87 331
87 205
87 215
87 95
87 87
87 223
87 101
87 343
87 192
87 348
87 355
88 271
88 133
88 134
88 394
88 397
88 398
88 291
88 296
88 307
88 320
88 324
88 113
88 108
88 254
88 388
88 98
89 395
89 400
89 279
89 165
89 135
89 353
89 389
89 377
89 265
89 289
89 232
89 96
89 350
89 112
89 175
89 398
89 102
89 235
89 374
90 304
90 131
90 132
90 139
90 297
90 310
90 328
90 342
90 237
90 152
90 231
90 190
90 364
90 120
90 191
90 140
90 252
90 351
90 354
91 262
91 270
91 170
91 300
91 174
91 309
91 319
91 327
91 182
91 339
91 91
91 106
91 351
91 142
91 115
91 118
92 142
92 332
92 344
92 234
92 382
92 362
92 385
92 282
92 256
92 383
92 216
92 290
92 373
92 360
93 260
93 399
93 143
93 164
93 294
93 317
93 318
93 192
93 167
93 161
93 281
93 370
93 208
93 105
93 261
93 128
94 190
94 128
94 347
94 148
94 286
94 308
94 184
94 195
94 211
94 214
94 200
94 321
94 261
94 104
94 366
94 127
95 132
95 217
95 393
95 298
95 141
95 196
95 329
95 331
95 343
95 348
95 149
95 283
95 178
95 215
95 355
95 232
95 101
95 124
95 126
96 389
96 265
96 395
96 289
96 165
96 102
96 350
96 112
96 235
96 96
96 392
96 365
96 232
96 363
97 155
97 175
97 141
97 149
97 283
97 178
97 198
97 329
97 205
97 343
97 347
97 348
97 331
97 223
97 386
97 355
97 124
97 191
98 359
98 244
98 351
98 257
98 259
98 387
98 390
98 280
98 145
98 248
98 109
98 391
98 98
98 228
98 369
99 117
99 108
99 358
99 147
99 154
99 295
99 175
99 311
99 193
99 334
99 242
99 301
99 337
100 107
100 385
100 263
100 216
100 361
100 137
100 382
100 282
100 362
100 383
100 100
100 224
100 317
101 149
101 283
101 178
101 196
101 329
101 205
101 347
101 348
101 223
101 355
101 215
101 198
101 141
101 310
101 371
102 261
102 389
102 265
102 395
102 400
102 279
102 165
102 353
102 226
102 374
102 350
102 296
102 110
102 235
102 377
103 262
103 302
103 306
103 319
103 339
103 351
103 356
103 103
103 270
103 106
103 256
103 342
103 303
103 326
104 258
104 308
104 186
104 195
104 239
104 366
104 199
104 381
104 104
104 148
104 200
104 127
104 293
105 129
105 260
105 261
105 399
105 161
105 317
105 208
105 192
105 294
105 164
105 176
105 281
105 143
105 333
105 116
105 364
105 320
105 374
105 301
106 276
106 399
106 270
106 170
106 302
106 306
106 309
106 339
106 115
106 118
106 351
106 174
106 300
106 398
106 331
107 130
107 386
107 388
107 266
107 179
107 375
107 264
107 365
107 119
107 138
107 153
107 211
107 368
107 249
107 379
108 133
108 134
108 394
108 398
108 291
108 296
108 307
108 320
108 224
108 225
108 121
108 218
108 256
109 388
109 257
109 387
109 391
109 396
109 145
109 228
109 280
109 372
109 109
109 284
109 238
109 353
110 162
110 298
110 201
110 335
110 230
110 337
110 393
110 181
110 168
110 246
110 110
110 349
110 269
110 192
110 241
110 234
110 395
110 165
111 372
111 155
111 163
111 169
111 315
111 321
111 338
111 376
111 290
111 213
111 188
111 272
111 336
111 212
111 227
111 219
112 207
112 234
112 135
112 400
112 279
112 289
112 353
112 226
112 232
112 112
112 235
112 350
112 143
112 202
112 377
112 316
112 205
113 240
113 397
113 291
113 307
113 324
113 224
113 113
113 254
113 320
113 314
113 233
114 300
114 272
114 290
114 163
114 169
114 303
114 315
114 188
114 336
114 338
114 341
114 227
114 321
114 116
114 248
114 323
115 262
115 270
115 170
115 300
115 302
115 174
115 309
115 319
115 339
115 356
115 182
115 327
115 140
115 122
115 211
116 220
116 272
116 155
116 290
116 163
116 303
116 188
116 321
116 336
116 212
116 341
116 227
116 275
116 355
117 150
117 159
117 292
117 177
117 194
117 203
117 204
117 206
117 207
117 346
117 229
117 123
117 240
117 371
117 251
117 345
117 217
117 168
117 165
117 172
117 141
118 262
118 300
118 302
118 174
118 309
118 182
118 319
118 327
118 351
118 356
118 306
118 336
119 287
119 181
119 386
119 388
119 264
119 138
119 153
119 365
119 368
119 247
119 249
119 384
119 375
119 291
119 157
119 187
120 132
120 152
120 297
120 171
120 310
120 190
120 328
120 357
120 231
120 236
120 131
120 390
120 203
121 394
121 307
121 320
121 324
121 225
121 134
121 398
121 291
121 224
121 133
121 218
121 210
121 130
121 254
122 130
122 386
122 388
122 266
122 153
122 375
122 249
122 379
122 122
122 365
122 205
122 371
122 384
123 150
123 159
123 177
123 189
123 203
123 204
123 206
123 217
123 251
123 267
123 123
123 292
123 128
123 221
123 237
123 371
124 141
124 283
124 178
124 205
124 215
124 348
124 329
124 347
124 331
124 223
124 355
124 198
124 370
124 293
124 126
125 378
125 192
125 237
125 322
125 154
125 295
125 172
125 301
125 175
125 311
125 202
125 352
125 193
125 316
125 242
125 335
125 345
125 283
126 141
126 149
126 283
126 196
126 198
126 329
126 331
126 205
126 215
126 347
126 223
126 348
126 126
126 343
126 159
127 258
127 308
127 186
127 200
127 250
127 127
127 195
127 239
127 372
128 267
128 268
128 150
128 292
128 189
128 194
128 207
128 346
128 221
128 371
128 217
128 251
128 206
128 203
128 398
129 287
129 255
129 260
129 208
129 209
129 176
129 261
129 164
129 370
129 167
129 333
129 161
129 294
129 317
129 318
129 313
129 242
129 399
129 143
129 281
129 192
130 271
130 324
130 264
130 384
130 365
130 138
130 130
130 379
130 386
130 321
130 388
130 266
130 368
130 375
130 247
131 357
131 364
131 231
131 297
131 131
131 310
131 171
131 190
131 328
131 210
131 139
131 236
131 181
131 132
131 152
131 252
132 328
132 297
132 236
132 342
132 132
132 357
132 171
132 231
132 210
132 364
132 384
132 139
132 310
133 254
133 296
133 134
133 218
133 394
133 320
133 291
133 307
133 225
133 133
133 349
133 148
133 397
133 398
133 324
133 224
133 350
134 224
134 254
134 324
134 320
134 307
134 225
134 291
134 394
134 386
134 236
134 296
134 218
134 278
135 190
135 173
135 389
135 395
135 350
135 377
135 135
135 289
135 232
135 363
135 353
135 165
135 235
135 197
135 333
135 265
136 392
136 293
136 373
136 304
136 275
136 313
136 299
136 244
136 325
136 158
136 271
136 274
136 222
136 287
136 255
136 243
136 285
136 195
136 273
136 305
136 359
136 201
136 350
136 242
136 258
137 216
137 332
137 382
137 362
137 256
137 137
137 385
137 269
137 344
137 142
137 198
137 282
137 360
137 361
137 234
137 289
138 260
138 264
138 266
138 384
138 375
138 388
138 138
138 153
138 179
138 247
138 249
138 261
138 392
138 400
139 231
139 252
139 342
139 152
139 297
139 210
139 139
139 236
139 190
139 289
139 171
139 310
139 214
140 281
140 164
140 388
140 257
140 259
140 390
140 391
140 145
140 387
140 238
140 284
140 248
140 303
140 189
140 396
140 280
140 220
140 233
140 372
141 362
141 377
141 355
141 223
141 205
141 198
141 348
141 331
141 178
141 343
141 310
141 149
141 196
141 329
141 215
141 347
142 399
142 164
142 328
142 263
142 269
142 332
142 382
142 256
142 344
142 234
142 360
142 303
142 282
142 216
142 361
142 362
142 383
142 295
142 202
142 215
143 260
143 261
143 399
143 176
143 317
143 161
143 167
143 281
143 370
143 143
143 164
143 218
143 294
143 333
144 223
144 253
144 323
144 197
144 185
144 330
144 187
144 160
144 157
144 312
144 314
144 326
144 299
144 162
144 156
144 288
145 257
145 387
145 390
145 396
145 369
145 220
145 228
145 248
145 284
145 391
145 233
145 238
145 280
146 392
146 271
146 273
146 287
146 275
146 244
146 304
146 276
146 243
146 222
146 305
146 325
146 378
146 285
146 146
146 255
146 379
146 208
146 293
146 299
146 359
147 305
147 400
147 352
147 301
147 193
147 278
147 147
147 340
147 154
147 166
147 334
147 322
147 184
147 277
147 172
147 175
147 202
148 262
148 316
148 258
148 195
148 308
148 250
148 286
148 214
148 381
148 380
148 366
148 239
148 211
148 377
148 191
148 199
148 200
149 223
149 283
149 329
149 215
149 331
149 149
149 196
149 198
149 178
149 347
149 294
149 343
149 348
150 267
150 268
150 203
150 206
150 251
150 240
150 194
150 217
150 159
150 150
150 346
150 345
150 349
150 152
150 292
150 177
150 221
150 229
150 213
150 166
150 199
151 267
151 157
151 367
151 326
151 156
151 330
151 180
151 314
151 160
151 187
151 185
151 312
151 399
151 214
152 210
152 328
152 342
152 190
152 231
152 357
152 152
152 171
152 310
152 355
152 198
152 297
152 364
152 252
152 239
153 388
153 264
153 386
153 384
153 153
153 365
153 368
153 379
153 198
153 371
153 314
154 277
154 278
154 172
154 166
154 202
154 301
154 352
154 193
154 316
154 154
154 311
154 334
154 184
155 346
155 272
155 321
155 338
155 213
155 290
155 155
155 341
155 315
155 212
155 303
155 336
155 163
155 169
156 158
156 185
156 157
156 219
156 197
156 314
156 330
156 288
156 253
156 323
156 187
156 190
156 180
156 312
156 367
157 323
157 367
157 288
157 197
157 157
157 314
157 312
157 253
157 160
157 305
158 275
158 276
158 274
158 255
158 325
158 293
158 273
158 287
158 305
158 313
158 271
158 222
158 304
158 299
158 359
158 244
158 256
158 373
158 378
158 370
158 194
159 267
159 346
159 371
159 251
159 345
159 159
159 221
159 207
159 268
159 240
159 217
159 203
159 327
159 383
159 292
159 177
159 189
159 194
159 204
159 206
159 229
159 291
160 288
160 312
160 330
160 197
160 367
160 323
160 187
160 253
160 314
160 160
160 385
160 180
160 185
160 326
161 260
161 208
161 176
161 167
161 317
161 370
161 192
161 281
161 318
161 261
161 164
161 365
161 285
161 209
161 162
161 248
162 300
162 298
162 241
162 181
162 358
162 245
162 322
162 246
162 393
162 168
162 183
162 305
162 173
162 335
162 349
163 360
163 290
163 227
163 338
163 303
163 321
163 212
163 163
163 174
163 325
163 169
164 222
164 260
164 261
164 281
164 318
164 176
164 209
164 167
164 208
164 333
164 294
164 317
164 192
164 221
165 389
165 265
165 400
165 289
165 353
165 395
165 363
165 374
165 186
166 339
166 278
166 202
166 340
166 301
166 277
166 311
166 166
166 172
166 193
166 295
166 316
166 203
166 175
166 334
166 242
167 260
167 261
167 399
167 281
167 294
167 317
167 192
167 318
167 176
167 208
167 185
167 332
167 333
167 269
168 236
168 358
168 337
168 322
168 173
168 168
168 241
168 181
168 201
168 183
168 297
168 335
168 349
168 230
168 340
169 364
169 177
169 272
169 290
169 303
169 341
169 213
169 354
169 321
169 376
169 212
169 223
169 214
169 315
169 338
169 227
170 270
170 300
170 319
170 339
170 351
170 302
170 182
170 327
170 170
170 204
170 222
170 309
170 323
171 297
171 237
171 328
171 210
171 190
171 357
171 264
171 342
171 364
172 277
172 278
172 202
172 334
172 316
172 175
172 172
172 295
172 193
172 284
172 301
173 302
173 298
173 246
173 245
173 337
173 322
173 230
173 181
173 358
173 173
173 351
173 183
173 335
173 349
173 241
174 262
174 270
174 300
174 356
174 302
174 306
174 327
174 339
174 182
174 309
174 219
174 185
174 351
174 253
175 278
175 311
175 334
175 242
175 301
175 295
175 340
175 316
175 175
175 202
175 352
176 260
176 261
176 281
176 294
176 176
176 318
176 399
176 209
176 237
176 192
176 370
176 282
176 286
177 267
177 292
177 345
177 346
177 203
177 251
177 371
177 189
177 240
177 204
177 194
177 268
177 217
177 309
177 206
177 229
178 321
178 283
178 347
178 178
178 223
178 343
178 355
178 273
178 263
178 196
178 198
178 331
178 348
179 317
179 357
179 386
179 264
179 266
179 368
179 249
179 375
179 384
179 379
179 201
179 365
180 288
180 326
180 323
180 330
180 219
180 312
180 197
180 367
180 314
180 185
180 191
180 215
180 187
181 373
181 393
181 298
181 246
181 183
181 230
181 349
181 358
181 245
181 226
181 322
181 201
181 337
181 219
182 229
182 270
182 302
182 306
182 351
182 262
182 327
182 319
182 309
182 356
182 246
182 339
182 232
183 393
183 298
183 201
183 230
183 246
183 349
183 183
183 335
183 199
183 322
183 337
184 396
184 258
184 286
184 308
184 381
184 214
184 184
184 199
184 200
184 186
184 225
185 288
185 187
185 253
185 326
185 330
185 306
185 314
185 323
185 197
185 367
186 275
186 329
186 367
186 258
186 286
186 250
186 381
186 214
186 380
186 239
186 186
186 191
186 199
186 366
187 226
187 288
187 367
187 187
187 312
187 190
187 323
188 371
188 272
188 290
188 354
188 315
188 212
188 227
188 188
188 341
188 336
188 303
188 204
188 327
188 321
188 213
188 376
189 267
189 268
189 292
189 206
189 251
189 194
189 221
189 217
189 371
189 346
189 240
189 229
189 207
189 281
189 204
189 345
189 246
189 280
189 278
190 297
190 310
190 364
190 357
190 252
190 190
190 210
190 231
190 342
191 269
191 228
191 238
191 258
191 286
191 308
191 381
191 250
191 200
191 195
191 366
191 345
191 199
191 214
191 380
192 281
192 294
192 318
192 209
192 317
192 260
192 399
192 208
192 400
192 370
192 197
192 253
193 302
193 368
193 277
193 278
193 295
193 193
193 340
193 202
193 242
193 308
194 267
194 268
194 292
194 240
194 229
194 194
194 345
194 371
194 346
194 206
194 301
194 221
194 251
195 258
195 286
195 200
195 239
195 199
195 381
195 366
195 195
195 214
195 397
195 211
195 380
196 283
196 215
196 347
196 223
196 329
196 205
196 198
196 331
196 355
196 359
196 397
197 387
197 312
197 323
197 326
197 253
197 219
198 283
198 348
198 205
198 329
198 223
198 331
198 355
198 293
198 396
198 215
199 222
199 258
199 381
199 239
199 211
199 250
199 380
199 200
199 214
200 256
200 258
200 286
200 308
200 380
200 211
200 366
200 200
200 250
201 204
201 393
201 298
201 241
201 358
201 201
201 245
201 322
201 340
201 335
202 277
202 311
202 295
202 340
202 301
202 327
202 334
202 242
203 292
203 346
203 240
203 217
203 206
203 268
203 203
203 251
203 207
203 267
203 322
203 297
203 204
203 345
203 221
203 229
203 262
203 336
204 267
204 268
204 292
204 346
204 221
204 206
204 240
204 207
204 229
204 251
204 217
205 382
205 283
205 215
205 205
205 311
205 348
206 268
206 292
206 345
206 346
206 267
206 240
206 229
206 226
206 236
206 207
206 217
206 221
207 285
207 267
207 268
207 292
207 345
207 207
207 221
207 346
207 386
207 217
207 229
207 240
207 251
207 341
208 260
208 261
208 281
208 294
208 333
208 399
208 257
208 370
208 369
209 260
209 261
209 399
209 294
209 317
209 318
209 333
209 370
209 234
209 310
210 310
210 328
210 252
210 364
210 237
210 357
210 210
210 365
210 323
210 342
210 236
211 294
211 254
211 258
211 286
211 308
211 250
211 214
211 239
211 366
212 358
212 368
212 303
212 321
212 336
212 212
212 376
212 354
212 394
212 337
212 341
212 213
213 228
213 272
213 290
213 336
213 303
213 354
213 315
213 321
213 213
213 376
214 336
214 258
214 286
214 308
214 250
214 239
214 366
214 380
215 331
215 343
215 223
215 215
215 355
215 347
216 307
216 385
216 263
216 332
216 282
216 383
216 344
216 216
216 362
216 248
216 360
216 382
216 272
217 268
217 292
217 346
217 221
217 371
217 217
217 239
217 229
218 251
218 394
218 397
218 398
218 291
218 320
218 296
218 224
218 294
219 288
219 314
219 323
219 326
219 367
219 253
219 330
219 312
219 308
220 259
220 390
220 391
220 396
220 280
220 284
220 369
220 228
220 238
220 233
220 387
220 385
220 372
221 267
221 292
221 345
221 251
221 346
221 240
222 392
222 275
222 276
222 285
222 287
222 293
222 299
222 313
222 325
222 273
222 378
222 373
222 222
222 252
223 306
223 283
223 329
223 331
223 343
223 232
224 394
224 397
224 398
224 291
224 296
224 254
224 225
224 224
224 255
224 305
225 397
225 398
225 291
225 307
225 320
225 324
225 225
225 254
225 227
226 389
226 400
226 279
226 289
226 226
226 235
226 232
226 363
226 377
226 395
226 374
227 272
227 338
227 341
227 354
227 303
227 290
227 336
227 315
227 227
228 247
228 257
228 259
228 280
228 396
228 238
228 233
228 391
228 228
228 387
228 390
229 267
229 268
229 240
229 292
229 371
229 244
230 393
230 298
230 349
230 358
230 245
230 230
230 241
230 345
230 338
230 264
230 314
231 310
231 357
231 297
231 237
231 252
231 328
231 236
231 347
231 375
232 265
232 395
232 400
232 353
232 363
232 389
232 235
232 232
233 259
233 387
233 391
233 280
233 284
233 257
233 390
233 369
233 246
233 238
233 372
234 393
234 385
234 263
234 269
234 282
234 344
234 383
234 234
234 256
234 265
234 376
235 389
235 350
235 363
235 353
235 289
235 265
235 377
235 235
235 374
235 272
235 266
236 297
236 357
236 364
236 237
236 328
236 342
236 320
236 252
236 280
237 297
237 328
237 342
237 357
237 364
237 252
237 310
237 237
238 310
238 386
238 257
238 259
238 390
238 391
238 396
238 284
238 238
238 265
238 354
238 286
239 342
239 396
239 258
239 308
239 366
239 245
239 380
239 381
240 268
240 371
240 292
240 240
240 344
241 393
241 298
241 322
241 335
241 349
241 337
241 265
241 245
241 295
242 278
242 295
242 301
242 352
242 340
242 334
242 277
242 263
243 392
243 273
243 275
243 285
243 299
243 313
243 325
243 359
243 244
243 373
243 271
243 274
243 304
243 276
243 255
243 378
243 292
244 392
244 271
244 273
244 275
244 276
244 274
244 285
244 299
244 304
244 305
244 359
244 244
244 325
244 391
245 393
245 335
245 246
245 298
245 358
245 245
245 317
245 387
246 393
246 298
246 322
246 337
246 358
246 276
247 386
247 264
247 266
247 365
247 368
247 375
247 247
247 379
247 290
248 325
248 373
248 260
248 292
248 386
248 257
248 259
248 387
248 396
248 345
248 380
249 318
249 386
249 264
249 368
249 388
249 384
249 369
250 296
250 366
250 380
250 308
250 381
250 322
251 267
251 268
251 292
251 346
251 371
251 272
252 297
252 364
252 310
252 328
252 342
252 317
253 288
253 323
253 326
253 367
254 397
254 291
254 296
254 307
254 324
254 320
255 392
255 271
255 273
255 276
255 274
255 299
255 304
255 305
255 313
255 325
255 378
255 275
255 293
255 264
255 263
256 385
256 263
256 269
256 282
256 360
256 382
256 288
257 284
257 257
257 387
257 280
257 369
257 372
257 295
257 341
257 259
257 391
258 366
258 258
258 260
258 308
258 380
259 259
259 391
259 284
259 387
259 342
259 361
259 390
259 396
260 399
260 260
260 261
260 318
260 370
260 281
260 294
260 317
260 270
260 277
261 294
261 399
261 317
261 333
261 261
261 318
262 300
262 309
262 351
262 319
262 262
262 306
262 270
262 327
262 383
262 352
263 361
263 360
263 282
263 263
263 362
263 383
263 385
264 386
264 388
264 266
264 264
264 379
264 375
265 291
265 389
265 265
265 400
265 350
265 363
265 289
265 395
265 374
265 279
265 377
266 388
266 375
266 368
266 386
266 365
266 379
266 319
267 371
267 268
267 267
267 355
267 292
267 345
267 346
267 376
267 343
268 345
268 346
268 268
268 371
268 332
268 292
268 296
269 385
269 332
269 382
269 269
269 282
269 383
269 360
269 361
270 309
270 319
270 339
270 351
270 327
270 302
270 300
270 306
270 356
271 392
271 359
271 273
271 305
271 378
271 299
271 274
271 276
271 293
271 373
271 285
271 313
271 287
271 325
271 353
272 290
272 376
272 321
272 341
272 315
272 354
272 336
272 360
273 275
273 274
273 293
273 285
273 325
273 392
273 378
273 313
273 304
273 287
273 373
273 284
273 276
273 359
274 392
274 276
274 274
274 378
274 313
274 304
274 293
274 287
274 285
274 305
274 373
274 359
274 311
275 392
275 275
275 373
275 287
275 276
275 378
275 325
275 304
275 285
275 305
275 296
275 293
275 313
275 359
275 349
276 392
276 313
276 378
276 373
276 304
276 305
276 359
276 325
276 287
276 371
276 285
276 299
276 317
277 301
277 277
277 352
277 340
277 278
277 334
277 293
277 295
277 311
278 304
278 334
278 278
278 316
278 352
278 311
278 301
278 295
278 381
279 313
279 389
279 400
279 289
279 350
279 363
279 374
279 349
279 352
280 313
280 387
280 391
280 372
280 369
280 396
281 317
281 370
281 333
281 399
281 281
281 294
281 318
282 385
282 382
282 383
282 282
282 360
282 357
282 332
282 344
282 361
282 330
283 339
283 343
283 355
283 331
283 348
283 329
284 387
284 390
284 391
284 396
284 369
284 372
284 344
284 312
285 285
285 313
285 287
285 299
285 293
285 392
285 399
285 305
285 325
286 286
286 380
286 381
286 366
286 308
287 392
287 313
287 378
287 304
287 293
287 299
287 325
288 369
288 367
288 330
288 351
288 332
288 326
289 395
289 377
289 353
289 374
289 400
289 350
289 363
290 303
290 354
290 315
290 332
290 336
290 338
291 398
291 307
291 324
291 397
291 394
292 346
292 371
292 345
292 349
293 392
293 373
293 305
293 359
293 325
293 293
293 378
293 312
293 299
293 304
293 313
294 399
294 294
294 370
294 368
295 295
295 316
295 340
295 301
295 311
296 397
296 398
296 324
296 307
296 394
296 320
297 328
297 310
297 364
297 297
297 347
297 342
297 357
297 394
297 391
298 393
298 335
298 358
298 322
298 305
298 337
299 392
299 304
299 313
299 299
299 305
299 330
299 308
299 359
300 319
300 306
300 302
300 300
300 351
301 334
301 316
301 311
302 319
302 356
302 302
302 327
302 306
302 309
302 351
303 315
303 338
303 354
303 336
303 376
303 325
304 304
304 373
304 313
304 305
304 325
304 359
304 378
304 307
305 392
305 373
305 305
305 341
305 325
306 309
306 327
306 356
306 306
306 339
307 394
307 397
307 398
307 324
307 320
308 341
308 366
308 380
308 381
309 327
309 351
309 364
309 319
309 339
310 342
310 328
310 364
310 357
311 311
311 340
311 316
312 379
312 312
312 367
312 326
312 314
312 330
312 392
313 392
313 325
313 359
313 373
314 397
314 330
314 323
315 391
315 338
315 354
315 376
315 321
315 341
315 339
315 336
316 340
316 352
316 334
317 399
317 317
317 318
317 333
318 399
318 333
318 371
319 327
319 319
319 351
319 343
319 375
319 334
320 394
320 397
320 320
320 324
321 376
321 321
321 338
321 354
321 377
322 393
322 322
322 349
322 395
322 335
323 326
323 367
324 394
324 397
324 324
325 325
325 359
325 373
325 390
327 365
327 351
328 357
328 342
328 328
328 356
329 343
329 355
329 347
329 329
329 331
329 366
330 382
330 360
331 355
331 343
331 347
332 384
332 383
332 362
332 385
332 332
332 371
332 344
332 360
332 361
332 382
333 399
333 333
334 352
334 340
335 393
335 349
335 358
335 394
335 337
336 354
336 338
336 376
337 393
337 337
337 349
337 384
337 394
337 383
338 359
338 376
338 341
338 338
338 378
338 354
339 339
339 351
339 356
340 365
340 340
340 352
341 376
342 342
342 364
343 355
343 347
343 343
344 344
344 362
344 383
344 385
344 360
344 361
344 382
345 346
345 345
345 371
345 377
346 371
346 385
347 355
347 348
348 355
348 358
349 393
349 358
350 389
350 395
350 400
350 374
350 350
350 363
350 353
351 356
351 384
352 379
352 372
353 389
353 400
353 353
353 377
353 374
354 376
355 384
356 356
356 371
357 364
357 357
358 364
358 393
358 358
359 378
359 373
359 392
360 385
360 361
360 383
361 385
361 383
361 382
361 370
362 375
362 385
362 362
362 382
362 389
363 389
363 395
363 400
363 363
363 374
365 388
365 375
365 386
366 381
367 367
367 396
368 379
368 375
368 388
368 384
369 387
369 396
369 391
369 372
369 369
370 370
370 399
370 387
372 387
372 390
372 391
372 396
372 372
373 392
373 373
374 389
374 395
374 377
375 388
375 384
375 379
377 389
377 400
378 392
378 378
379 388
380 380
380 381
380 384
382 385
383 385
384 388
386 386
386 388
387 390
387 395
388 388
389 395
389 400
389 389
390 390
390 396
390 391
391 396
392 392
394 394
394 397
394 398
395 400
397 397
398 398
399 399
