400 3545
1 240
1 103
1 229
1 145
1 348
1 136
1 130
1 101
1 378
1 105
1 117
1 245
1 1
1 244
1 12
1 37
1 41
1 217
1 257
1 176
1 64
1 334
2 207
2 62
2 365
2 287
2 354
2 74
2 140
2 264
2 107
2 88
2 100
2 155
2 364
2 13
2 159
2 262
2 390
2 282
2 75
2 334
2 340
3 64
3 329
3 3
3 34
3 72
3 158
3 171
3 154
3 121
3 239
3 371
3 380
3 106
3 105
3 162
3 295
3 185
3 332
4 211
4 71
4 312
4 349
4 330
4 320
4 346
4 61
4 313
4 385
4 40
4 65
4 309
4 114
4 81
4 156
4 291
4 202
4 78
5 380
5 295
5 162
5 239
5 351
5 64
5 323
5 171
5 371
5 121
5 372
5 91
5 311
5 72
5 144
5 154
5 34
5 95
5 106
5 247
6 232
6 257
6 137
6 200
6 68
6 276
6 294
6 144
6 6
6 293
6 176
6 138
6 190
6 310
6 394
6 395
6 29
6 208
6 363
7 120
7 192
7 296
7 150
7 258
7 218
7 316
7 212
7 279
7 201
7 342
7 19
7 48
7 7
7 22
7 36
7 165
7 255
7 128
7 167
8 132
8 183
8 241
8 122
8 215
8 169
8 8
8 168
8 82
8 299
8 177
8 366
8 113
8 103
8 157
8 331
8 76
8 77
9 45
9 129
9 386
9 259
9 391
9 135
9 11
9 15
9 367
9 31
9 209
9 86
9 149
9 9
9 280
9 25
9 93
9 368
9 111
9 249
9 126
9 256
9 38
10 274
10 78
10 172
10 242
10 163
10 247
10 243
10 377
10 170
10 67
10 179
10 39
10 336
10 99
10 293
10 49
10 85
11 259
11 391
11 328
11 31
11 15
11 368
11 367
11 104
11 209
11 149
11 86
11 129
11 118
11 250
11 341
11 111
11 256
12 130
12 136
12 42
12 12
12 246
12 378
12 117
12 245
12 348
12 145
12 103
12 357
12 372
12 37
12 339
12 229
12 226
13 137
13 390
13 140
13 392
13 334
13 155
13 107
13 88
13 230
13 13
13 354
13 365
13 149
13 282
13 321
13 74
13 340
14 174
14 343
14 269
14 94
14 399
14 46
14 285
14 24
14 358
14 173
14 233
14 69
14 360
14 58
14 209
14 17
14 153
14 297
14 51
14 186
14 189
14 80
14 74
15 129
15 386
15 259
15 391
15 135
15 86
15 328
15 126
15 31
15 118
15 367
15 209
15 170
15 149
15 25
15 341
15 93
15 104
16 270
16 137
16 394
16 138
16 144
16 89
16 190
16 102
16 29
16 200
16 363
16 276
16 208
16 314
16 70
16 293
16 294
16 68
16 90
17 174
17 81
17 173
17 46
17 297
17 69
17 189
17 285
17 305
17 343
17 24
17 269
17 360
17 131
17 153
17 58
17 114
18 133
18 139
18 270
18 281
18 301
18 273
18 274
18 44
18 109
18 43
18 18
18 28
18 238
18 201
18 224
18 227
18 231
18 376
19 258
19 19
19 199
19 203
19 165
19 20
19 318
19 310
19 255
19 279
19 296
19 253
19 208
19 22
19 316
19 212
20 258
20 201
20 22
20 120
20 255
20 20
20 48
20 199
20 150
20 165
20 128
20 318
20 391
20 36
20 203
20 253
20 369
20 340
21 146
21 27
21 228
21 193
21 35
21 21
21 370
21 322
21 23
21 57
21 59
21 345
21 30
21 309
21 151
21 152
21 38
21 175
21 87
22 258
22 203
22 201
22 212
22 255
22 192
22 199
22 279
22 218
22 296
22 253
22 304
22 165
22 128
23 269
23 151
23 152
23 370
23 272
23 26
23 57
23 27
23 304
23 35
23 30
23 123
23 237
23 184
23 175
23 59
23 193
23 87
24 399
24 189
24 173
24 69
24 297
24 153
24 358
24 343
24 24
24 285
24 52
24 131
24 46
24 174
24 51
24 81
24 360
25 129
25 386
25 259
25 149
25 25
25 367
25 135
25 391
25 31
25 209
25 280
25 279
25 86
25 104
25 368
25 118
26 273
26 272
26 26
26 370
26 146
26 30
26 193
26 151
26 57
26 237
26 59
26 127
26 143
26 27
26 35
26 175
26 345
26 123
27 272
27 146
27 151
27 152
27 175
27 127
27 322
27 35
27 59
27 244
27 87
27 283
27 38
28 133
28 266
28 274
28 159
28 238
28 109
28 44
28 231
28 281
28 273
28 147
28 301
28 300
28 259
28 184
29 276
29 363
29 251
29 55
29 200
29 89
29 102
29 176
29 394
29 208
29 161
29 68
29 201
29 293
29 60
30 322
30 370
30 244
30 146
30 272
30 237
30 87
30 57
30 35
30 59
30 228
30 379
30 304
30 193
30 123
31 303
31 386
31 149
31 367
31 341
31 328
31 86
31 209
31 118
31 104
31 87
31 111
31 256
31 347
31 58
32 289
32 113
32 169
32 182
32 290
32 77
32 122
32 198
32 333
32 168
32 215
32 132
32 177
32 298
32 204
32 286
32 382
33 378
33 388
33 398
33 271
33 54
33 92
33 324
33 187
33 260
33 223
33 384
33 33
33 306
33 143
33 73
33 216
33 362
33 242
34 217
34 154
34 121
34 332
34 91
34 380
34 295
34 351
34 64
34 372
34 106
34 72
34 357
34 185
34 323
34 329
34 371
35 299
35 364
35 146
35 370
35 272
35 228
35 127
35 38
35 35
35 175
35 304
35 193
36 258
36 150
36 279
36 201
36 128
36 36
36 342
36 48
36 310
36 165
36 255
36 127
36 316
36 318
36 199
36 203
36 218
36 120
36 59
37 130
37 145
37 348
37 357
37 136
37 378
37 240
37 229
37 41
37 234
37 101
37 245
37 96
37 42
37 339
37 103
37 105
38 272
38 146
38 151
38 370
38 322
38 244
38 57
38 228
38 127
38 193
38 87
38 175
38 59
38 345
38 237
38 123
39 308
39 166
39 377
39 252
39 247
39 172
39 179
39 170
39 243
39 163
39 49
39 344
39 39
39 56
39 194
39 242
39 375
40 278
40 313
40 65
40 141
40 211
40 309
40 349
40 312
40 83
40 346
40 291
40 61
40 78
40 400
40 202
41 130
41 145
41 246
41 105
41 101
41 217
41 103
41 117
41 245
41 42
41 235
41 229
41 201
41 339
41 348
42 130
42 136
42 378
42 217
42 240
42 245
42 101
42 379
42 339
42 229
42 246
42 344
42 348
42 222
42 105
42 234
42 235
43 133
43 139
43 270
43 273
43 275
43 147
43 159
43 274
43 232
43 224
43 301
43 300
43 231
43 216
43 44
43 184
43 227
43 109
44 270
44 275
44 147
44 159
44 139
44 301
44 44
44 184
44 274
44 238
44 210
44 300
44 181
44 224
44 227
44 231
44 232
44 109
44 201
44 196
45 387
45 261
45 267
45 142
45 278
45 45
45 164
45 66
45 205
45 355
45 50
45 47
45 303
45 373
46 138
46 399
46 173
46 305
46 69
46 343
46 80
46 186
46 153
46 189
46 269
46 167
46 52
46 81
46 360
46 362
47 387
47 267
47 142
47 164
47 66
47 284
47 206
47 326
47 373
47 277
47 278
47 303
47 143
47 393
47 178
47 50
47 205
48 348
48 258
48 150
48 296
48 199
48 192
48 218
48 310
48 203
48 318
48 128
48 119
48 212
48 342
48 253
49 166
49 252
49 172
49 188
49 99
49 170
49 85
49 247
49 344
49 336
49 56
49 49
49 179
49 67
49 375
50 212
50 387
50 261
50 267
50 268
50 143
50 277
50 278
50 303
50 178
50 50
50 269
50 205
50 355
50 373
51 399
51 153
51 173
51 174
51 52
51 80
51 51
51 360
51 285
51 343
51 233
51 315
51 186
51 189
51 81
52 197
52 269
52 399
52 305
52 173
52 186
52 58
52 360
52 174
52 297
52 94
52 121
52 69
52 358
52 233
52 152
53 389
53 134
53 286
53 302
53 180
53 288
53 96
53 53
53 347
53 315
53 248
53 374
53 337
53 349
53 60
53 319
53 352
54 400
54 359
54 396
54 160
54 115
54 84
54 73
54 216
54 271
54 54
54 226
54 223
54 164
54 191
54 119
55 257
55 131
55 394
55 138
55 102
55 208
55 89
55 395
55 200
55 144
55 176
55 190
55 137
55 145
55 221
56 248
56 170
56 172
56 377
56 108
56 67
56 243
56 119
56 336
56 375
56 188
56 252
56 340
56 85
56 99
57 151
57 244
57 304
57 123
57 57
57 152
57 237
57 345
57 189
58 106
58 269
58 285
58 173
58 399
58 69
58 81
58 58
58 358
58 80
58 189
58 360
58 233
59 146
59 237
59 152
59 123
59 244
59 345
59 193
59 87
59 322
60 154
60 391
60 286
60 302
60 221
60 374
60 214
60 319
60 315
60 96
60 308
60 125
60 207
60 347
60 254
61 335
61 385
61 141
61 156
61 312
61 330
61 320
61 114
61 309
61 65
61 313
61 167
61 99
61 71
61 112
62 314
62 390
62 264
62 88
62 287
62 107
62 392
62 100
62 155
62 282
62 340
62 334
62 354
62 301
62 74
62 204
63 70
63 383
63 97
63 110
63 356
63 213
63 335
63 338
63 381
63 90
63 400
63 397
63 124
63 250
63 114
63 196
63 220
63 236
64 169
64 154
64 158
64 171
64 311
64 95
64 323
64 351
64 372
64 72
64 332
64 325
64 91
65 206
65 291
65 283
65 346
65 112
65 211
65 385
65 71
65 78
65 141
65 83
65 234
65 350
65 216
66 261
66 267
66 142
66 143
66 277
66 178
66 317
66 307
66 205
66 278
66 373
66 361
66 103
66 206
66 355
66 390
66 127
67 163
67 166
67 172
67 188
67 375
67 99
67 382
67 344
67 108
67 252
67 377
67 102
67 336
67 85
67 242
67 247
68 131
68 395
68 138
68 394
68 102
68 363
68 68
68 190
68 161
68 176
68 171
69 269
69 399
69 285
69 297
69 173
69 186
69 174
69 94
69 290
69 360
69 233
70 263
70 195
70 196
70 381
70 219
70 338
70 236
70 197
70 213
70 225
70 70
70 155
70 97
70 250
70 383
71 381
71 385
71 141
71 283
71 156
71 167
71 309
71 312
71 313
71 202
71 349
71 204
71 211
71 346
71 112
71 123
72 326
72 154
72 158
72 311
72 185
72 106
72 121
72 371
72 171
72 325
72 225
72 91
72 380
73 112
73 388
73 396
73 271
73 148
73 306
73 191
73 226
73 362
73 160
73 187
73 223
73 183
73 92
73 353
73 116
73 384
74 349
74 262
74 140
74 282
74 155
74 340
74 392
74 365
74 321
74 334
74 100
74 107
75 368
75 282
75 321
75 88
75 262
75 204
75 287
75 107
75 364
75 155
75 75
75 365
75 309
75 334
75 354
75 230
76 157
76 289
76 298
76 183
76 198
76 331
76 215
76 290
76 122
76 76
76 333
76 366
76 240
76 82
76 113
76 363
77 357
77 132
77 157
77 289
77 168
77 298
77 182
77 183
77 331
77 241
77 77
77 378
77 205
77 306
78 283
78 291
78 320
78 330
78 346
78 167
78 211
78 156
78 114
78 78
78 350
79 302
79 180
79 315
79 319
79 337
79 79
79 308
79 286
79 134
79 214
79 347
79 248
79 96
79 166
79 369
79 374
80 269
80 81
80 358
80 173
80 399
80 174
80 94
80 80
80 233
80 209
81 269
81 399
81 174
81 189
81 297
81 94
81 285
81 186
81 163
81 233
82 132
82 157
82 289
82 298
82 177
82 183
82 333
82 122
82 169
82 198
82 182
82 113
82 310
83 283
83 291
83 167
83 309
83 313
83 320
83 330
83 211
83 83
83 350
83 114
83 262
84 200
84 371
84 260
84 396
84 187
84 191
84 327
84 148
84 388
84 92
84 216
84 115
84 84
85 194
85 119
85 344
85 243
85 108
85 247
85 179
85 170
85 382
85 252
85 160
85 99
85 375
86 333
86 209
86 367
86 93
86 126
86 129
86 135
86 249
86 328
86 272
86 118
87 291
87 272
87 151
87 228
87 237
87 370
87 322
87 166
88 392
88 140
88 334
88 100
88 88
88 364
88 365
88 262
88 321
88 370
88 359
89 181
89 257
89 131
89 394
89 138
89 276
89 294
89 200
89 314
89 144
89 293
89 197
90 263
90 393
90 397
90 400
90 197
90 97
90 90
90 213
90 381
90 124
90 265
90 338
90 250
91 154
91 158
91 323
91 311
91 121
91 329
91 95
91 325
91 106
91 162
91 112
91 380
92 260
92 396
92 271
92 148
92 160
92 191
92 226
92 398
92 116
92 115
92 92
92 362
93 129
93 280
93 341
93 135
93 126
93 391
93 249
93 111
93 367
93 149
93 328
93 327
93 118
94 269
94 153
94 285
94 174
94 189
94 343
94 94
94 297
94 194
94 336
95 295
95 171
95 311
95 380
95 162
95 185
95 372
95 106
95 332
95 323
95 154
95 381
95 371
95 399
96 134
96 286
96 302
96 308
96 207
96 337
96 214
96 352
96 98
96 389
96 400
96 125
96 254
97 229
97 263
97 393
97 265
97 400
97 335
97 225
97 220
97 219
97 197
97 397
97 182
98 389
98 134
98 288
98 319
98 221
98 207
98 302
98 286
98 308
98 315
98 337
98 125
98 180
98 310
98 248
98 254
98 156
99 298
99 142
99 166
99 194
99 242
99 344
99 179
99 172
99 122
99 108
99 243
99 119
100 262
100 392
100 140
100 287
100 354
100 100
100 230
100 365
100 107
100 379
100 364
101 136
101 348
101 103
101 217
101 145
101 222
101 234
101 235
101 357
101 379
101 134
101 105
101 245
101 193
102 395
102 276
102 161
102 176
102 144
102 257
102 363
102 138
102 190
102 137
102 283
102 251
102 370
103 145
103 348
103 222
103 357
103 105
103 339
103 130
103 379
103 117
103 246
103 152
103 234
103 240
104 135
104 149
104 328
104 391
104 129
104 249
104 386
104 209
104 341
104 367
104 133
104 118
104 126
105 145
105 339
105 217
105 348
105 222
105 357
105 117
105 136
105 200
105 245
105 379
106 158
106 171
106 311
106 185
106 323
106 329
106 351
106 239
106 371
106 121
107 355
107 325
107 390
107 392
107 321
107 334
107 354
107 107
108 125
108 163
108 172
108 179
108 188
108 194
108 344
108 170
108 382
108 252
108 137
109 273
109 281
109 159
109 224
109 227
109 231
109 139
109 109
109 274
109 351
109 376
110 393
110 265
110 195
110 196
110 197
110 338
110 213
110 220
110 383
110 225
110 110
110 263
110 305
110 250
111 161
111 280
111 328
111 249
111 341
111 256
111 386
111 111
111 135
111 239
111 118
112 385
112 283
112 156
112 291
112 167
112 309
112 320
112 330
112 349
112 202
113 132
113 290
113 168
113 169
113 198
113 366
113 113
113 157
113 289
113 358
113 189
114 224
114 141
114 156
114 312
114 313
114 330
114 350
114 320
114 167
115 388
115 160
115 306
115 187
115 327
115 223
115 353
115 362
115 396
115 115
115 211
116 144
116 208
116 185
116 260
116 271
116 187
116 216
116 362
116 327
116 226
116 396
116 384
116 332
117 130
117 136
117 339
117 217
117 357
117 240
117 145
117 235
117 222
117 164
118 129
118 386
118 259
118 391
118 341
118 368
118 350
118 249
118 256
119 179
119 336
119 243
119 163
119 172
119 194
119 170
119 382
119 344
119 252
120 150
120 279
120 316
120 318
120 212
120 342
120 203
120 165
120 120
120 218
120 264
120 128
121 131
121 154
121 185
121 325
121 329
121 332
121 162
121 295
121 209
122 157
122 169
122 298
122 177
122 333
122 210
122 289
122 331
122 182
122 132
122 373
123 272
123 322
123 345
123 237
123 244
123 127
123 151
123 146
124 265
124 397
124 400
124 195
124 197
124 219
124 356
124 236
124 338
124 335
124 220
124 381
124 360
124 383
124 309
124 188
125 389
125 134
125 286
125 302
125 180
125 315
125 214
125 248
125 288
125 352
125 319
125 254
126 133
126 129
126 386
126 391
126 149
126 280
126 209
126 367
126 259
126 320
126 256
127 204
127 146
127 151
127 152
127 304
127 345
127 237
127 175
128 258
128 279
128 296
128 199
128 342
128 318
128 218
128 165
128 225
128 236
128 191
128 327
129 190
129 209
129 328
129 341
129 386
129 149
129 249
129 280
129 196
129 391
129 135
129 256
130 240
130 245
130 339
130 235
130 379
130 348
130 357
130 378
130 305
130 136
131 294
131 363
131 394
131 190
131 161
131 208
131 144
131 200
131 176
131 276
131 395
131 137
131 138
131 293
131 314
131 251
132 333
132 290
132 366
132 289
132 198
132 157
132 241
132 168
132 215
132 169
132 328
132 298
132 182
132 331
132 337
133 281
133 181
133 184
133 159
133 224
133 147
133 266
133 376
133 270
133 273
133 227
133 274
133 275
133 300
133 232
134 288
134 308
134 347
134 374
134 369
134 214
134 254
134 207
134 221
134 252
134 286
134 302
134 352
135 259
135 367
135 149
135 209
135 249
135 386
135 368
135 280
135 135
135 306
135 328
135 256
135 230
136 235
136 229
136 234
136 246
136 217
136 378
136 145
136 348
136 220
136 222
136 357
136 379
136 175
137 290
137 257
137 294
137 395
137 176
137 394
137 363
137 137
137 251
137 144
137 276
137 293
137 314
138 257
138 394
138 395
138 314
138 200
138 138
138 363
138 276
138 161
138 293
138 251
138 302
139 238
139 273
139 184
139 147
139 301
139 300
139 159
139 281
139 139
139 232
139 266
139 193
139 224
139 227
139 231
140 262
140 264
140 334
140 140
140 204
140 390
140 364
140 365
140 356
140 282
140 155
140 287
140 354
141 211
141 330
141 202
141 167
141 156
141 350
141 309
141 385
141 346
141 291
141 313
141 244
141 312
141 320
141 349
141 262
142 387
142 373
142 326
142 206
142 164
142 142
142 292
142 178
142 143
142 268
142 303
142 307
142 317
143 387
143 268
143 292
143 284
143 361
143 326
143 143
143 303
143 278
143 277
143 202
143 178
143 307
143 206
143 355
144 257
144 394
144 395
144 208
144 161
144 293
144 144
144 363
144 200
144 276
144 294
144 314
144 350
145 379
145 245
145 234
145 235
145 222
145 348
145 339
145 254
145 229
145 240
145 246
145 378
145 160
146 284
146 272
146 151
146 146
146 345
146 304
146 228
146 296
146 175
146 193
146 322
147 266
147 270
147 273
147 274
147 275
147 232
147 300
147 147
147 301
147 325
147 281
147 159
147 184
147 231
148 388
148 260
148 398
148 384
148 216
148 306
148 327
148 226
148 324
148 396
148 223
148 191
148 176
149 391
149 368
149 367
149 259
149 249
149 215
149 280
150 316
150 165
150 201
150 255
150 279
150 218
150 296
150 199
150 212
150 285
151 253
151 272
151 228
151 152
151 345
151 175
151 370
151 304
151 316
152 345
152 152
152 228
152 322
152 304
152 175
152 244
152 193
153 269
153 358
153 297
153 305
153 233
153 186
153 153
153 343
153 160
153 174
153 360
154 238
154 380
154 371
154 372
154 351
154 158
154 295
154 171
154 311
154 185
154 325
154 329
154 332
154 180
155 262
155 390
155 282
155 230
155 155
155 365
155 359
155 364
155 253
155 287
155 334
155 340
156 341
156 385
156 283
156 320
156 312
156 346
156 167
156 349
156 291
156 211
157 168
157 177
157 183
157 290
157 198
157 299
157 215
157 289
157 357
157 169
157 182
157 210
157 241
158 158
158 239
158 162
158 371
158 323
158 332
158 311
158 292
158 171
158 185
158 325
158 329
159 270
159 273
159 376
159 232
159 301
159 227
159 300
159 181
159 323
159 184
159 238
159 344
160 260
160 396
160 398
160 226
160 353
160 187
160 362
160 160
160 271
160 191
160 324
160 216
160 223
161 257
161 276
161 394
161 395
161 190
161 251
161 161
161 200
161 294
162 371
162 185
162 162
162 239
162 325
162 372
162 323
162 295
162 380
162 329
162 279
162 171
163 213
163 188
163 163
163 252
163 194
163 377
163 242
163 344
163 170
163 214
163 166
164 261
164 268
164 277
164 284
164 278
164 205
164 303
164 164
164 387
164 267
164 344
164 178
164 317
164 206
164 355
164 373
165 165
165 296
165 212
165 318
165 342
165 199
165 192
165 325
165 310
165 201
165 203
165 218
165 255
166 344
166 377
166 166
166 336
166 188
166 179
166 382
166 385
166 172
167 283
167 309
167 211
167 349
167 350
167 385
167 312
167 291
167 320
167 202
168 289
168 366
168 331
168 241
168 210
168 290
168 177
168 182
168 327
168 169
168 298
168 299
168 183
168 198
168 333
169 290
169 182
169 366
169 299
169 198
169 289
169 177
169 333
169 210
170 339
170 372
170 321
170 247
170 188
170 382
170 252
170 242
170 170
170 172
170 194
170 336
170 344
170 377
171 329
171 239
171 332
171 380
171 171
171 323
171 325
171 351
171 372
171 319
172 265
172 247
172 375
172 252
172 344
172 336
172 172
172 194
172 243
173 269
173 297
173 399
173 173
173 174
173 189
173 231
173 282
174 285
174 297
174 305
174 186
174 343
174 358
174 275
174 244
175 272
175 370
175 322
175 237
175 228
175 304
175 193
175 345
175 244
176 234
176 257
176 394
176 363
176 276
176 200
176 314
176 190
176 395
176 251
177 215
177 331
177 289
177 210
177 290
177 333
177 241
177 385
177 182
178 292
178 303
178 277
178 206
178 178
178 267
178 361
178 330
178 317
178 326
178 205
179 242
179 336
179 377
179 247
179 194
179 252
179 344
179 188
179 235
179 375
180 389
180 308
180 286
180 302
180 221
180 337
180 319
180 248
180 207
180 352
180 288
180 214
180 369
180 254
181 274
181 275
181 270
181 184
181 232
181 266
181 273
181 231
181 238
181 181
181 224
181 294
181 260
182 290
182 298
182 210
182 183
182 366
182 333
182 331
182 397
183 289
183 298
183 299
183 290
183 331
183 241
183 183
183 210
184 273
184 275
184 300
184 270
184 266
184 238
184 297
184 376
184 305
185 295
185 311
185 329
185 351
185 372
185 325
185 332
185 220
186 399
186 297
186 305
186 186
186 360
186 343
186 330
186 189
187 386
187 388
187 398
187 226
187 396
187 191
187 327
187 353
187 384
187 298
187 362
188 288
188 194
188 243
188 377
188 382
188 247
188 336
189 269
189 305
189 399
189 358
189 360
189 233
190 394
190 276
190 293
190 314
190 257
190 208
190 190
190 251
191 260
191 398
191 223
191 388
191 362
191 324
191 353
192 310
192 316
192 318
192 199
192 258
192 201
192 342
192 203
192 279
192 218
192 379
193 272
193 322
193 370
193 345
194 198
194 310
194 242
194 382
194 339
194 344
194 243
194 375
195 397
195 335
195 338
195 236
195 213
195 356
195 220
195 219
195 400
195 225
195 381
195 322
195 324
196 263
196 265
196 397
196 400
196 196
196 250
196 356
196 225
196 236
196 213
197 265
197 397
197 220
197 335
197 381
197 236
197 213
197 383
197 225
197 219
197 338
197 356
197 304
198 289
198 290
198 299
198 241
198 210
198 198
198 215
199 258
199 310
199 199
199 318
199 323
199 212
199 218
199 214
200 257
200 395
200 293
200 294
200 251
200 377
201 258
201 296
201 310
201 316
201 255
201 342
201 351
202 283
202 309
202 312
202 349
202 385
202 313
202 350
202 211
202 223
203 279
203 296
203 342
203 203
203 318
203 310
203 388
204 264
204 392
204 230
204 321
204 287
204 354
204 282
204 365
204 334
204 359
205 277
205 284
205 292
205 307
205 317
205 267
205 387
205 268
206 387
206 267
206 284
206 292
206 303
206 355
206 361
206 261
207 280
207 288
207 302
207 308
207 315
207 319
207 207
207 374
207 347
207 337
207 352
207 369
208 395
208 293
208 314
208 363
208 294
208 251
209 281
209 259
209 280
209 256
209 376
209 341
210 290
210 298
210 299
210 333
210 241
210 215
210 361
211 289
211 283
211 313
211 350
211 304
211 346
212 258
212 296
212 316
212 318
212 279
212 218
212 253
212 237
213 373
213 338
213 265
213 400
213 250
213 397
213 225
213 220
214 241
214 389
214 286
214 288
214 319
214 315
214 337
214 302
214 223
215 290
215 298
215 331
215 333
215 366
215 289
215 376
216 260
216 398
216 327
216 384
216 226
216 223
216 353
217 339
217 235
217 246
217 240
217 378
217 357
217 234
217 245
217 229
217 392
218 279
218 296
218 342
218 255
218 310
218 262
218 253
218 259
219 393
219 265
219 397
219 400
219 219
219 220
219 356
219 383
219 263
219 318
219 225
220 263
220 393
220 265
220 335
220 338
220 220
221 286
221 337
221 347
221 254
221 302
221 352
221 319
221 374
221 369
221 308
221 248
221 312
221 346
222 222
222 348
222 339
222 240
222 245
222 379
222 235
222 246
222 386
222 234
223 260
223 396
223 324
223 327
223 398
223 362
224 266
224 274
224 275
224 281
224 301
224 270
224 227
224 232
224 311
224 329
225 263
225 400
225 335
225 383
225 381
225 333
225 356
225 236
225 250
226 360
226 388
226 260
226 398
226 271
226 324
226 306
226 362
226 384
227 266
227 270
227 274
227 227
227 281
227 358
227 231
227 232
228 272
228 345
228 244
228 228
228 250
228 237
229 348
229 234
229 240
229 235
229 339
229 245
229 246
230 262
230 390
230 392
230 282
230 287
230 321
230 334
230 340
230 264
230 375
230 272
231 274
231 301
231 270
231 232
231 231
231 271
232 266
232 281
232 238
232 270
233 255
233 269
233 297
233 305
233 285
233 335
234 339
234 357
234 246
234 379
234 240
235 339
235 245
235 378
235 357
235 246
235 367
235 240
236 263
236 393
236 397
236 265
236 236
236 400
237 345
237 370
237 237
238 266
238 273
238 274
238 275
238 281
238 301
238 376
239 295
239 311
239 323
239 325
239 332
239 380
239 239
239 251
239 372
240 339
240 348
240 346
240 378
241 289
241 333
241 298
241 299
241 331
242 394
242 336
242 375
242 247
242 252
242 382
243 344
243 382
243 375
243 247
243 252
243 346
243 377
244 272
244 345
244 244
245 245
245 379
245 342
245 393
245 383
246 379
246 339
246 246
246 378
246 317
247 336
247 375
247 344
247 377
248 268
248 389
248 288
248 302
248 308
248 315
248 374
248 319
248 254
249 386
249 259
249 328
249 341
249 368
249 385
250 275
250 263
250 265
250 335
250 338
250 381
250 352
251 394
251 314
251 395
251 251
252 296
252 377
253 279
253 296
253 310
253 316
253 318
253 253
253 342
253 285
254 286
254 308
254 337
254 347
254 319
254 266
255 258
255 279
255 310
255 342
255 318
256 259
256 280
256 341
256 368
256 328
256 285
257 395
257 394
257 257
257 294
257 276
258 316
258 258
258 310
258 388
258 279
258 296
258 342
259 386
259 259
259 280
259 341
260 388
260 384
260 327
260 353
260 271
261 387
261 261
261 361
261 292
261 373
261 268
261 267
261 284
261 326
261 275
261 278
261 303
261 307
262 392
262 340
262 321
262 334
262 390
262 365
262 264
262 364
263 265
263 400
263 381
263 263
263 397
263 325
263 335
264 354
264 390
264 282
264 287
264 321
264 359
264 334
264 392
264 273
264 364
265 393
265 381
265 400
265 356
265 338
265 383
266 273
266 376
266 270
266 274
266 301
266 281
266 309
266 275
266 300
267 355
267 326
267 303
267 278
267 292
267 317
267 277
267 373
267 366
267 268
267 284
267 361
267 374
267 313
268 387
268 292
268 277
268 355
268 278
268 361
268 284
268 303
268 326
268 307
268 317
269 285
269 360
269 343
269 305
270 270
270 273
270 300
270 301
270 281
270 274
270 275
270 376
271 320
271 388
271 396
271 398
271 353
271 306
271 271
271 324
271 327
272 353
272 322
272 304
273 300
273 281
273 301
273 376
274 301
274 275
274 300
274 376
275 275
275 301
275 281
275 300
275 376
275 323
276 293
276 363
276 288
277 277
277 307
277 317
277 278
277 284
277 292
277 280
277 303
277 326
277 354
278 284
278 278
278 307
278 292
278 373
278 303
278 355
279 316
279 318
279 310
279 367
280 386
280 368
280 341
280 328
281 281
281 301
281 300
282 392
282 354
282 359
282 340
282 365
282 390
282 398
283 385
283 291
283 313
283 309
283 320
283 307
283 312
283 349
284 387
284 373
284 307
284 292
284 303
284 317
284 326
284 361
285 295
285 338
285 358
285 305
285 297
285 343
286 389
286 288
286 347
286 315
286 319
286 308
286 302
286 337
286 352
286 369
286 374
287 390
287 392
287 354
287 359
287 321
287 287
287 364
287 375
288 332
288 315
288 308
288 374
288 369
288 347
288 319
288 352
289 366
289 290
289 298
289 331
289 299
290 331
290 333
290 290
290 299
291 291
291 330
291 350
291 309
291 346
291 312
291 349
291 345
292 387
292 326
292 317
292 368
292 307
292 355
292 373
293 394
293 293
293 299
293 294
293 380
294 395
294 363
294 294
294 314
295 379
295 295
295 372
295 325
295 323
295 329
296 318
296 361
297 389
297 399
297 305
297 382
297 343
298 366
298 331
298 299
298 333
298 376
299 366
299 333
299 299
299 331
300 327
301 382
302 308
302 352
302 389
302 315
302 337
303 361
303 355
304 345
304 304
305 399
305 360
306 388
306 396
306 398
306 327
306 324
306 306
306 362
307 317
307 355
307 387
307 307
307 340
307 356
308 315
308 374
308 369
308 352
308 389
309 385
309 313
309 346
309 350
310 318
310 316
310 322
311 332
311 325
311 351
311 371
311 311
311 329
311 323
312 315
312 385
312 320
312 313
312 346
312 350
313 385
313 330
313 320
313 346
314 314
314 394
314 363
315 389
315 319
315 315
315 337
316 342
316 318
316 351
317 387
317 317
317 326
317 397
318 318
318 358
318 342
318 330
319 389
319 369
319 337
319 352
319 374
320 320
320 350
321 328
321 390
321 392
321 340
321 354
321 365
321 359
322 322
323 351
323 329
324 396
324 353
324 384
324 324
324 388
325 371
325 372
325 329
325 332
325 351
326 361
326 326
327 396
327 353
327 384
328 391
328 367
328 386
328 368
329 372
329 332
329 371
330 366
330 385
330 346
330 349
331 366
331 335
332 371
332 380
334 392
335 397
335 356
335 335
335 400
335 338
335 383
336 382
336 344
336 375
336 377
337 389
337 347
337 352
337 369
338 393
338 400
338 383
338 356
339 379
339 378
339 357
340 390
340 392
340 359
340 364
341 386
341 368
341 391
342 395
343 352
343 399
343 351
347 389
347 352
347 369
347 374
348 378
348 357
349 385
349 350
350 385
351 351
352 389
353 388
353 396
353 353
353 362
353 384
354 390
354 392
354 359
354 364
355 387
355 361
356 393
356 397
356 383
356 381
357 379
357 357
357 378
358 399
358 358
359 390
359 359
359 392
359 364
361 387
361 373
362 398
362 388
362 384
364 390
364 392
365 392
365 365
366 366
367 386
367 391
367 368
368 391
368 368
369 389
369 369
369 374
370 370
371 372
371 380
373 387
374 389
375 382
375 377
376 376
378 379
380 380
381 397
381 400
383 393
383 383
383 388
384 396
384 384
385 385
386 386
386 391
387 387
387 391
388 398
388 396
390 392
391 391
393 393
393 400
393 397
394 395
395 395
396 396
396 398
397 397
398 398
399 399
400 400
