500 3051
1 385
1 1
1 119
1 43
1 295
1 151
1 146
1 273
1 240
1 30
1 79
2 382
2 470
2 75
2 299
2 159
2 34
2 427
2 368
2 74
2 450
2 19
2 153
2 26
2 66
2 204
2 376
3 264
3 3
3 429
3 294
3 369
3 474
3 296
3 314
3 463
3 77
3 105
3 50
3 79
3 49
4 307
4 417
4 187
4 396
4 95
4 72
4 315
4 233
4 253
4 208
4 6
4 266
4 291
5 402
5 78
5 191
5 128
5 311
5 394
5 469
5 5
5 163
5 329
5 480
6 307
6 107
6 31
6 353
6 89
6 412
6 6
6 223
6 291
6 315
6 255
7 356
7 351
7 442
7 377
7 257
7 116
7 431
7 206
7 205
7 251
7 172
7 229
8 406
8 316
8 98
8 138
8 496
8 100
8 279
8 401
8 8
8 28
8 446
8 211
8 237
9 148
9 123
9 432
9 161
9 196
9 142
9 213
9 9
9 244
9 189
9 63
9 348
9 363
10 73
10 19
10 429
10 77
10 252
10 365
10 369
10 296
10 83
10 48
10 71
10 474
10 105
10 112
11 132
11 339
11 462
11 234
11 21
11 20
11 425
11 58
11 484
11 36
11 453
11 87
11 237
12 386
12 491
12 103
12 469
12 329
12 463
12 436
12 191
12 78
12 303
12 397
12 402
12 180
12 57
13 405
13 136
13 61
13 494
13 306
13 188
13 440
13 157
13 33
13 299
13 152
13 104
13 199
13 189
14 204
14 259
14 389
14 86
14 248
14 276
14 499
14 325
14 109
14 417
14 15
14 173
14 177
14 120
14 240
14 116
15 130
15 483
15 201
15 65
15 173
15 499
15 120
15 449
15 306
15 276
15 326
16 396
16 132
16 339
16 359
16 102
16 185
16 484
16 462
16 218
16 452
16 21
16 419
16 487
17 113
17 103
17 203
17 183
17 447
17 36
17 39
17 442
17 206
17 277
17 454
17 482
18 395
18 376
18 318
18 88
18 76
18 75
18 249
18 382
18 26
18 406
18 284
18 34
18 427
18 470
19 376
19 204
19 159
19 153
19 74
19 19
19 356
19 284
19 34
19 427
19 299
19 75
19 88
19 394
19 142
20 453
20 339
20 487
20 132
20 237
20 21
20 58
20 408
20 389
20 285
21 419
21 102
21 486
21 339
21 425
21 185
21 137
21 453
21 484
21 234
22 262
22 136
22 140
22 141
22 375
22 430
22 473
22 306
22 188
22 100
22 440
22 99
22 325
23 267
23 37
23 207
23 379
23 288
23 290
23 352
23 319
23 300
23 406
23 27
23 46
23 305
23 69
23 472
23 56
23 206
24 276
24 130
24 259
24 389
24 65
24 461
24 201
24 499
24 326
24 117
24 435
24 325
24 483
24 447
25 372
25 121
25 479
25 387
25 381
25 460
25 133
25 239
25 338
25 283
25 108
25 366
25 111
26 66
26 204
26 427
26 159
26 34
26 356
26 249
26 272
26 190
26 318
26 75
26 470
27 267
27 410
27 379
27 288
27 52
27 245
27 37
27 69
27 228
27 418
27 305
27 319
27 197
27 464
27 339
28 395
28 401
28 283
28 279
28 28
28 236
28 316
28 389
28 115
29 133
29 269
29 403
29 111
29 113
29 367
29 286
29 219
29 154
29 115
29 460
30 385
30 43
30 44
30 354
30 295
30 30
30 84
30 173
30 297
30 96
31 437
31 91
31 396
31 307
31 72
31 255
31 60
31 417
31 289
31 291
31 165
32 256
32 309
32 94
32 223
32 32
32 292
32 304
32 274
32 316
32 303
32 250
33 262
33 136
33 157
33 56
33 399
33 494
33 375
33 174
33 352
33 337
33 473
34 221
34 395
34 284
34 368
34 382
34 380
34 427
34 190
34 74
34 376
35 409
35 457
35 261
35 490
35 51
35 465
35 378
35 168
35 118
35 474
35 164
35 41
35 433
35 50
35 202
35 340
35 148
36 318
36 422
36 181
36 229
36 257
36 114
36 482
36 74
36 62
36 203
36 206
36 116
37 134
37 410
37 288
37 210
37 69
37 298
37 197
37 201
37 352
37 238
37 282
37 313
38 110
38 127
38 424
38 416
38 231
38 331
38 260
38 324
38 492
38 322
38 440
39 388
39 203
39 205
39 431
39 442
39 447
39 62
39 183
39 250
39 181
39 242
40 343
40 250
40 345
40 384
40 304
40 57
40 292
40 147
40 223
40 268
40 364
41 165
41 400
41 164
41 362
41 421
41 230
41 168
41 340
41 56
41 50
41 51
41 467
41 490
42 137
42 293
42 358
42 390
42 55
42 500
42 125
42 90
42 175
42 369
42 320
43 151
43 414
43 420
43 297
43 150
43 146
43 272
43 253
43 93
44 385
44 272
44 414
44 295
44 420
44 84
44 79
44 156
44 286
44 70
44 212
44 419
45 271
45 163
45 423
45 282
45 195
45 160
45 455
45 166
45 333
45 251
45 49
45 458
45 493
46 134
46 267
46 410
46 418
46 305
46 46
46 197
46 340
46 321
47 355
47 491
47 342
47 311
47 463
47 191
47 47
47 439
47 97
47 180
48 305
48 321
48 302
48 444
48 413
48 135
48 371
48 498
48 289
48 218
48 178
48 309
48 59
48 399
49 270
49 282
49 160
49 166
49 423
49 186
49 333
49 334
49 313
49 458
50 409
50 164
50 421
50 340
50 400
50 214
50 378
50 51
50 202
50 118
51 261
51 400
51 164
51 118
51 378
51 214
51 397
51 202
52 267
52 52
52 321
52 472
52 418
52 245
52 410
52 251
52 207
52 379
53 131
53 149
53 126
53 432
53 383
53 246
53 456
53 251
53 161
53 414
54 231
54 293
54 169
54 358
54 320
54 327
54 224
54 55
54 500
54 62
54 64
54 380
55 118
55 137
55 293
55 320
55 175
55 317
55 390
55 307
55 335
56 381
56 110
56 399
56 188
56 136
56 99
56 152
56 262
56 337
56 104
56 375
57 407
57 179
57 223
57 215
57 117
57 384
57 345
57 292
57 192
57 475
57 101
57 241
57 222
58 408
58 419
58 185
58 359
58 58
58 285
58 221
58 87
58 486
58 487
59 135
59 171
59 178
59 129
59 194
59 371
59 343
59 413
59 400
59 464
59 495
59 498
60 396
60 412
60 187
60 60
60 165
60 253
60 417
60 164
60 255
61 174
61 152
61 306
61 61
61 208
61 136
61 399
61 186
61 370
61 390
62 422
62 431
62 181
62 454
62 203
62 183
62 186
62 205
62 482
62 116
63 131
63 432
63 301
63 360
63 348
63 251
63 213
63 363
63 471
64 376
64 408
64 390
64 184
64 500
64 224
64 125
64 448
64 475
64 217
64 90
65 88
65 156
65 130
65 259
65 176
65 177
65 389
65 347
65 461
66 268
66 299
66 190
66 204
66 382
66 88
66 76
66 199
66 470
66 356
67 135
67 287
67 182
67 322
67 392
67 309
67 171
67 289
67 343
67 148
67 330
67 495
68 265
68 232
68 122
68 323
68 459
68 393
68 388
68 226
68 391
68 117
68 81
68 350
68 487
69 410
69 298
69 321
69 197
69 352
69 290
69 198
70 81
70 150
70 170
70 420
70 354
70 93
70 361
70 273
70 318
71 144
71 294
71 429
71 434
71 254
71 71
71 474
71 187
71 77
72 266
72 396
72 165
72 315
72 89
72 255
72 437
72 188
72 95
72 353
72 233
72 107
72 162
73 291
73 165
73 437
73 450
73 107
73 266
73 412
73 89
73 253
73 263
74 76
74 153
74 382
74 368
74 190
74 249
74 131
74 470
74 356
74 376
75 395
75 190
75 153
75 470
75 299
75 322
75 126
75 297
76 416
76 395
76 284
76 159
76 204
76 299
76 308
77 429
77 434
77 296
77 474
77 144
77 263
77 487
77 344
77 176
77 455
78 394
78 397
78 439
78 191
78 402
78 329
78 373
78 419
78 209
79 156
79 414
79 297
79 170
79 273
79 354
79 212
79 411
80 415
80 316
80 441
80 283
80 198
80 346
80 92
80 279
80 496
80 338
80 244
80 119
81 315
81 193
81 323
81 357
81 158
81 265
81 228
81 443
81 122
82 145
82 324
82 331
82 256
82 492
82 82
82 415
82 106
82 188
82 221
82 97
82 110
82 127
82 302
82 193
83 263
83 264
83 344
83 83
83 314
83 365
83 124
83 130
83 374
84 463
84 385
84 84
84 272
84 361
84 295
84 96
84 93
85 137
85 438
85 380
85 184
85 452
85 293
85 317
85 327
85 175
85 429
86 348
86 130
86 259
86 389
86 176
86 435
86 449
86 326
86 239
86 109
86 248
86 380
87 408
87 185
87 359
87 87
87 486
87 96
87 384
87 487
87 237
88 395
88 159
88 190
88 204
88 153
88 368
89 266
89 107
89 95
89 396
89 417
89 89
89 353
89 427
89 180
90 107
90 374
90 390
90 293
90 438
90 317
90 217
90 349
90 358
90 380
91 412
91 165
91 307
91 315
91 450
91 253
91 91
91 393
91 467
92 286
92 441
92 211
92 279
92 243
92 98
92 496
92 346
92 128
92 236
93 273
93 156
93 420
93 170
93 119
93 297
93 144
94 192
94 336
94 274
94 101
94 250
94 488
94 426
94 117
94 342
94 241
95 396
95 437
95 450
95 253
95 187
95 291
95 321
95 233
96 220
96 285
96 445
96 462
96 132
96 408
96 102
96 486
96 183
97 270
97 415
97 416
97 347
97 221
97 478
97 485
97 260
97 213
97 492
97 202
98 138
98 283
98 211
98 349
98 243
98 115
98 441
98 200
98 454
99 140
99 157
99 188
99 306
99 99
99 337
99 300
99 409
99 131
99 350
100 283
100 477
100 441
100 236
100 216
100 349
100 243
100 312
100 244
100 147
100 160
101 407
101 179
101 215
101 147
101 304
101 117
101 475
101 116
101 102
102 347
102 419
102 425
102 487
102 234
102 453
103 386
103 143
103 180
103 436
103 439
103 373
103 329
103 355
104 262
104 141
104 174
104 430
104 306
104 399
104 375
104 471
105 239
105 144
105 294
105 199
105 314
105 254
105 112
105 289
105 149
106 139
106 270
106 415
106 331
106 485
106 260
106 324
106 256
106 132
106 198
106 230
106 327
107 396
107 165
107 187
107 450
107 255
108 133
108 269
108 154
108 113
108 403
108 108
108 219
108 390
108 342
109 173
109 326
109 461
109 177
109 240
109 176
109 248
109 277
110 260
110 145
110 415
110 416
110 347
110 476
110 258
110 484
111 269
111 275
111 154
111 286
111 155
111 372
111 133
111 360
111 441
112 311
112 264
112 314
112 471
112 365
112 474
112 434
112 313
113 387
113 133
113 268
113 275
113 460
113 366
113 338
114 219
114 246
114 205
114 454
114 172
114 162
114 257
114 447
114 170
114 377
115 279
115 283
115 346
115 441
115 446
115 211
115 469
115 421
115 378
116 304
116 454
116 482
116 377
116 422
117 274
117 147
117 407
117 292
117 241
117 458
118 261
118 280
118 164
118 362
118 467
118 378
119 386
119 264
119 385
119 281
119 156
119 420
119 272
120 389
120 177
120 461
120 499
120 201
120 276
120 130
120 203
120 240
121 275
121 155
121 460
121 219
121 481
121 121
121 403
121 361
122 265
122 443
122 489
122 228
122 328
122 350
122 351
122 195
123 142
123 278
123 189
123 456
123 213
123 348
123 251
123 126
123 232
123 130
124 263
124 264
124 434
124 314
124 252
124 199
124 365
124 124
125 370
125 137
125 317
125 320
125 335
125 500
125 380
125 391
126 131
126 142
126 149
126 161
126 189
126 246
126 148
127 258
127 424
127 231
127 331
127 476
127 415
127 260
127 194
127 226
128 386
128 143
128 402
128 436
128 463
128 342
128 355
128 491
128 373
129 302
129 405
129 404
129 135
129 182
129 343
129 413
129 287
129 330
129 418
129 392
129 309
129 247
130 449
130 461
130 222
130 326
130 435
130 176
131 251
131 301
131 131
131 348
131 149
131 148
131 451
131 196
131 363
132 132
132 185
132 487
132 234
132 285
132 219
132 445
133 239
133 403
133 367
133 481
133 155
133 372
133 492
133 275
133 145
133 244
134 238
134 267
134 288
134 197
134 134
134 319
134 214
134 321
134 472
134 196
135 178
135 322
135 413
135 444
135 194
135 405
135 372
135 171
135 330
135 495
135 498
136 182
136 157
136 399
136 337
136 370
136 208
136 438
136 152
136 430
136 306
136 440
136 213
137 175
137 317
137 438
137 320
137 389
137 448
137 217
138 283
138 441
138 477
138 244
138 279
138 211
138 349
138 483
138 401
138 316
138 496
139 331
139 260
139 476
139 270
139 416
139 324
139 485
139 139
139 145
139 424
139 347
139 452
140 379
140 262
140 188
140 157
140 306
140 440
140 152
140 461
140 473
140 375
140 280
141 402
141 174
141 375
141 152
141 494
141 370
141 440
141 337
141 359
141 430
142 143
142 477
142 278
142 451
142 383
142 189
142 148
142 363
142 246
143 197
143 386
143 491
143 355
143 402
143 209
143 439
143 180
143 449
144 264
144 314
144 294
144 144
144 199
144 254
144 320
144 434
144 344
144 365
145 145
145 331
145 324
145 478
145 476
145 415
145 416
145 221
145 225
145 231
145 492
145 256
146 466
146 385
146 420
146 150
146 156
146 272
146 212
146 295
146 201
146 281
146 297
146 500
147 407
147 384
147 215
147 303
147 192
147 426
147 179
147 304
147 364
148 451
148 312
148 348
148 149
148 360
148 161
148 432
148 456
149 383
149 301
149 348
149 196
149 312
149 432
149 456
149 246
150 496
150 385
150 156
150 272
150 170
150 361
150 297
150 329
150 151
150 281
151 273
151 212
151 151
151 156
151 295
151 355
151 414
151 420
151 297
151 170
152 262
152 473
152 440
152 174
152 430
152 182
152 157
152 337
152 370
153 382
153 159
153 368
153 376
153 284
153 318
153 190
153 232
154 387
154 268
154 219
154 239
154 460
154 479
154 381
154 221
154 316
154 273
155 387
155 403
155 286
155 366
155 155
155 338
155 163
155 367
155 381
156 273
156 281
156 295
157 208
157 262
157 494
157 270
158 388
158 391
158 466
158 228
158 232
158 226
158 443
158 310
158 393
158 211
158 193
159 284
159 318
159 190
159 231
159 427
159 356
159 249
159 277
160 398
160 277
160 411
160 333
160 195
160 493
160 341
160 313
160 455
160 458
161 164
161 213
161 196
161 278
161 383
161 360
161 373
161 432
161 189
161 451
162 257
162 206
162 482
162 454
162 203
162 181
162 431
162 183
162 227
163 277
163 411
163 398
163 220
163 313
163 195
163 164
163 186
164 202
164 378
164 280
164 428
164 467
164 362
164 170
164 423
165 266
165 412
165 291
165 353
165 253
165 255
166 312
166 173
166 271
166 398
166 277
166 282
166 333
166 186
166 305
166 423
166 455
166 332
166 493
167 271
167 398
167 282
167 411
167 333
167 186
167 341
167 423
167 332
167 391
167 195
167 458
167 468
168 400
168 421
168 202
168 465
168 168
168 457
168 261
168 229
168 467
168 230
168 235
169 390
169 438
169 448
169 335
169 452
169 500
169 293
169 169
169 175
170 297
170 295
170 420
170 354
170 361
170 212
170 172
171 404
171 405
171 289
171 287
171 464
171 330
171 495
171 319
171 302
171 178
171 343
171 498
171 414
172 443
172 257
172 227
172 482
172 183
172 172
172 442
172 431
172 205
172 242
173 389
173 276
173 173
173 449
173 176
173 483
173 240
174 262
174 370
174 174
174 214
174 306
174 440
175 293
175 390
175 448
175 317
175 380
175 358
175 188
176 222
176 483
176 276
176 435
176 461
176 449
176 325
176 201
177 460
177 435
177 449
177 325
177 276
177 222
177 498
177 240
177 499
178 413
178 404
178 322
178 371
178 464
178 329
178 194
178 330
178 328
179 362
179 274
179 407
179 303
179 241
179 336
179 270
179 215
179 345
179 250
180 397
180 491
180 463
180 355
180 402
180 480
181 474
181 257
181 422
181 431
181 242
181 276
181 206
181 229
182 392
182 404
182 302
182 309
182 444
182 413
182 289
182 194
182 322
183 429
183 274
183 205
183 242
183 482
184 217
184 320
184 317
184 335
184 448
184 452
184 184
184 441
184 327
184 500
185 408
185 445
185 234
185 453
185 270
185 486
186 423
186 186
186 334
186 424
186 455
186 332
187 396
187 291
187 187
187 417
187 353
187 312
187 450
187 233
188 306
188 494
188 396
188 208
188 473
189 307
189 278
189 196
189 213
189 456
190 284
190 368
190 277
190 468
191 386
191 311
191 402
191 355
191 436
191 310
191 342
191 480
192 274
192 426
192 488
192 223
192 475
192 384
192 323
192 336
192 345
192 250
193 391
193 328
193 226
193 228
193 443
193 310
193 351
193 323
193 459
193 350
194 404
194 302
194 495
194 322
194 260
194 343
195 245
195 403
195 334
195 493
195 198
195 332
195 468
195 341
196 312
196 196
196 301
196 348
196 360
196 246
197 319
197 207
197 418
197 267
197 245
197 435
197 201
198 401
198 406
198 279
198 446
198 496
198 198
198 349
198 211
198 346
198 244
199 296
199 264
199 344
199 254
199 252
199 263
199 369
199 374
199 326
200 388
200 391
200 443
200 323
200 489
200 350
200 228
200 459
200 329
200 226
201 265
201 276
201 326
201 449
201 483
201 248
201 431
202 421
202 428
202 280
202 465
203 454
203 203
203 210
203 227
204 395
204 318
204 284
204 314
205 454
205 431
205 227
205 251
206 442
206 242
206 206
206 482
206 229
207 267
207 288
207 290
207 321
207 238
207 207
207 352
208 430
208 440
208 208
208 425
208 370
209 386
209 480
209 355
209 469
209 436
209 463
209 342
209 230
210 267
210 410
210 418
210 290
210 305
210 298
210 379
210 319
210 241
211 401
211 316
211 216
211 211
211 236
211 271
212 273
212 420
212 297
212 361
212 398
212 250
213 278
213 301
213 363
214 261
214 400
214 421
214 214
214 435
214 490
215 292
215 426
215 407
215 384
215 304
215 386
216 279
216 283
216 216
216 406
216 243
216 477
216 349
216 465
216 346
216 236
217 279
217 390
217 452
217 320
217 335
217 224
217 260
218 408
218 419
218 462
218 486
218 453
218 425
218 218
218 484
219 275
219 286
219 403
219 338
219 460
219 372
219 479
220 277
220 282
220 455
220 458
220 220
220 423
220 341
221 258
221 270
221 347
221 331
221 492
221 256
222 259
222 389
222 326
222 461
222 222
222 483
223 292
223 345
223 384
223 241
223 367
224 373
224 278
224 293
224 317
224 320
224 448
224 452
225 260
225 270
225 416
225 324
225 347
225 492
225 424
225 485
225 235
225 323
226 289
226 328
226 466
226 350
226 489
226 247
227 451
227 257
227 431
227 442
227 227
227 377
228 352
228 269
228 391
228 393
228 323
228 398
229 422
229 431
229 447
229 482
229 378
230 261
230 409
230 433
230 457
230 400
230 465
231 258
231 260
231 270
231 416
231 347
231 424
231 392
232 388
232 265
232 323
232 310
232 443
232 285
232 497
233 417
233 253
233 353
233 233
233 305
234 383
234 445
234 408
234 462
234 418
235 355
235 261
235 409
235 362
235 467
235 235
235 243
236 406
236 346
236 477
236 279
236 286
236 244
236 261
237 419
237 445
237 359
237 285
237 408
237 486
238 267
238 410
238 290
238 319
238 321
238 418
238 441
238 385
239 275
239 403
239 338
239 479
239 481
239 366
240 259
240 461
240 449
240 488
240 248
241 292
241 488
241 345
241 356
242 257
242 422
242 242
242 406
242 377
243 401
243 406
243 283
243 441
243 316
243 477
244 437
244 346
244 349
244 283
244 333
245 267
245 321
245 472
245 352
245 305
245 319
245 308
246 301
246 312
246 246
246 383
247 393
247 265
247 497
247 357
247 459
247 466
247 323
247 328
248 489
248 259
248 389
248 461
248 291
249 255
249 260
249 427
249 318
249 395
249 252
249 287
249 344
250 298
250 292
250 475
250 345
251 291
251 278
251 432
251 451
251 499
251 285
252 429
252 471
252 344
252 365
252 294
252 286
253 396
253 412
253 303
253 428
254 296
254 474
254 254
254 294
254 395
255 307
255 315
255 353
256 424
256 324
256 476
256 331
256 485
257 447
257 482
257 454
257 377
257 458
258 478
258 260
258 416
258 258
258 415
258 500
258 322
258 425
259 435
259 276
259 449
259 390
260 415
260 424
260 492
260 331
260 270
260 324
260 476
260 485
261 457
261 428
261 409
261 340
261 400
262 399
262 306
262 473
262 262
263 296
263 429
263 263
263 434
263 369
263 294
263 314
263 344
263 365
264 429
264 374
264 369
264 296
265 391
265 393
265 497
265 310
265 466
265 443
265 323
265 328
265 357
265 489
266 417
266 307
266 353
266 437
266 450
266 438
266 430
266 434
267 398
267 298
267 305
267 472
267 341
268 387
268 275
268 479
268 381
268 269
268 268
268 286
269 387
269 479
269 372
269 367
269 338
269 403
270 485
270 476
270 331
270 347
271 277
271 332
271 271
271 411
271 333
271 282
271 493
272 385
272 273
272 281
272 420
272 361
272 272
272 414
272 354
273 281
273 414
273 361
274 336
274 488
274 475
274 426
274 274
274 407
275 286
275 381
275 433
275 460
275 338
275 481
275 367
276 457
276 325
276 483
276 426
276 461
277 308
277 334
278 450
278 400
278 451
278 301
278 432
278 312
279 469
279 401
279 441
279 349
280 280
280 490
280 362
280 378
280 433
280 400
280 457
280 409
280 421
281 420
281 354
281 295
281 376
281 414
282 398
282 468
282 308
282 458
282 333
283 406
283 401
283 376
284 470
284 368
284 321
284 299
285 445
285 359
285 419
285 425
285 484
286 460
286 381
286 387
286 338
286 366
286 372
287 479
287 392
287 404
287 405
287 371
287 464
287 289
287 302
288 410
288 288
288 379
288 498
288 418
288 298
288 300
288 321
289 413
289 330
289 444
289 322
289 371
289 343
289 302
290 418
290 298
290 300
290 290
290 451
290 319
291 396
291 412
291 417
291 437
291 315
291 307
291 450
292 407
292 488
292 292
292 426
292 303
292 364
293 476
293 358
293 452
293 406
293 438
293 317
294 474
294 314
294 471
294 296
294 475
294 434
294 374
294 483
295 414
295 354
295 453
296 365
296 471
296 443
296 434
297 385
297 361
298 410
298 418
298 472
298 319
299 395
299 427
299 376
299 318
299 382
299 350
300 410
300 418
300 472
300 379
300 300
300 485
301 360
301 383
301 456
301 301
301 359
301 432
301 363
302 404
302 405
302 495
302 320
303 304
303 336
303 475
303 461
303 364
304 407
304 304
304 426
304 336
304 475
305 352
305 305
305 379
306 399
306 494
306 384
306 370
306 375
307 412
307 353
307 450
308 433
308 398
308 423
308 411
308 341
308 313
308 455
308 468
308 493
309 404
309 392
309 498
309 413
309 330
309 322
309 464
309 495
310 388
310 393
310 489
310 466
310 443
310 351
310 367
310 459
311 394
311 436
311 480
311 329
311 373
311 439
311 342
311 473
311 445
312 451
312 360
312 456
313 398
313 423
313 341
313 411
313 455
314 417
314 369
314 471
314 474
314 344
314 365
314 374
314 332
315 417
315 412
315 396
316 446
316 316
317 327
317 435
317 448
317 452
317 500
318 427
318 368
318 356
319 418
319 319
319 408
320 327
320 448
321 418
321 472
321 337
323 388
323 323
323 497
323 351
323 466
323 489
323 426
324 476
324 416
324 419
324 478
324 462
325 449
325 326
325 325
326 389
327 340
327 448
327 358
327 327
328 397
328 391
328 466
328 459
328 357
328 351
329 397
329 439
329 329
329 394
329 491
329 388
329 373
330 392
330 405
330 412
331 478
331 415
331 438
331 334
332 411
332 334
332 341
332 423
333 423
333 411
334 423
334 455
334 411
334 468
335 390
335 358
335 448
335 380
335 452
335 470
336 426
336 384
336 488
336 414
336 364
337 399
337 494
337 473
337 430
337 432
338 387
338 403
338 479
338 411
338 481
338 372
338 490
339 425
339 445
339 453
339 462
339 359
340 428
340 467
340 490
340 465
341 411
341 468
341 423
342 439
342 469
342 342
342 373
342 407
343 464
343 498
343 413
343 495
343 371
344 429
344 374
345 426
345 345
345 475
345 350
346 366
346 441
346 446
346 349
346 489
347 424
347 485
348 498
348 456
348 432
349 401
349 441
349 447
350 388
350 351
350 443
350 393
350 497
351 391
351 459
351 466
351 443
352 418
352 472
352 410
353 437
353 445
354 393
354 385
354 439
355 439
355 355
356 395
356 470
356 368
357 466
357 497
357 388
357 391
357 357
357 416
358 438
358 448
358 496
359 453
359 425
359 383
360 470
360 432
360 496
360 383
361 420
362 457
362 421
362 378
362 409
362 391
363 451
363 383
363 456
363 473
364 459
364 488
364 364
364 446
365 471
365 469
365 422
366 403
366 481
366 367
366 460
367 387
367 479
367 372
367 390
368 390
368 376
369 439
369 369
369 380
370 399
370 473
371 392
371 413
371 464
371 476
372 479
372 446
373 402
373 463
373 386
374 434
374 374
375 440
375 430
375 425
376 427
376 382
377 422
377 447
377 454
377 397
378 467
378 400
379 418
379 472
380 390
381 481
381 479
381 387
382 481
382 399
383 456
384 446
384 407
386 469
386 402
386 436
386 397
386 394
386 463
387 387
387 481
387 392
388 443
388 459
388 391
389 483
389 499
389 439
389 435
390 500
391 466
391 443
391 482
392 464
392 413
392 444
392 404
393 410
393 459
393 393
393 443
394 402
394 439
394 463
394 469
394 480
394 397
395 470
395 420
396 450
396 412
397 469
397 480
397 463
397 402
398 398
399 399
400 409
400 465
400 433
400 428
401 446
401 421
401 406
402 463
402 469
403 403
404 464
404 404
404 444
404 498
405 413
405 405
405 498
405 495
405 465
406 477
406 433
406 441
406 446
406 496
407 488
408 458
408 425
408 487
408 462
409 490
409 465
409 421
409 467
410 495
411 458
411 493
411 468
411 423
411 455
412 437
412 417
412 426
413 485
413 444
413 457
415 415
415 416
415 480
415 497
416 478
416 424
417 418
417 450
419 462
419 484
419 438
421 428
421 490
421 457
421 442
422 422
422 454
423 493
424 424
424 476
424 435
425 453
425 484
426 492
426 475
427 470
428 467
428 490
428 465
429 471
429 474
430 473
430 430
431 447
433 457
433 465
433 490
434 474
434 471
435 499
436 480
436 491
436 436
436 492
436 463
437 437
437 456
439 469
441 477
442 454
442 442
443 489
443 448
444 444
444 447
444 464
445 462
445 453
445 484
445 486
446 446
447 447
449 494
449 499
451 461
452 452
453 468
453 486
456 472
457 465
458 468
459 497
460 481
460 479
462 487
463 469
465 475
467 467
468 493
471 479
473 494
474 488
475 488
476 478
476 485
476 499
477 477
477 496
477 486
478 478
478 494
479 481
480 491
484 486
485 492
489 497
491 491
493 495
496 496
497 497
