500 4444
1 222
1 492
1 218
1 1
1 247
1 237
1 381
1 318
1 86
1 395
1 468
1 357
1 66
1 150
1 264
1 35
1 317
2 179
2 483
2 46
2 432
2 330
2 476
2 75
2 137
2 209
2 177
2 478
2 2
2 375
2 407
2 426
2 191
2 345
2 481
2 7
3 230
3 20
3 370
3 58
3 196
3 255
3 85
3 392
3 464
3 103
3 52
3 397
3 43
3 358
3 451
3 132
3 388
3 274
3 440
3 313
3 84
3 226
3 115
4 305
4 60
4 21
4 306
4 500
4 162
4 31
4 452
4 409
4 245
4 243
4 393
4 320
4 368
4 79
4 147
4 295
4 433
4 446
4 9
5 215
5 416
5 321
5 498
5 198
5 5
5 123
5 63
5 449
5 294
5 202
5 297
5 89
5 32
5 278
5 407
5 171
5 429
5 72
5 355
5 377
6 294
6 367
6 257
6 71
6 92
6 246
6 212
6 456
6 126
6 135
6 6
6 144
6 359
6 70
6 8
6 68
6 204
6 335
6 475
6 382
7 418
7 402
7 272
7 290
7 36
7 7
7 57
7 249
7 450
7 163
7 343
7 427
7 310
7 142
7 17
7 166
7 73
7 203
8 257
8 382
8 135
8 359
8 118
8 126
8 68
8 112
8 246
8 144
8 469
8 367
8 92
8 461
8 408
8 456
8 212
9 387
9 31
9 237
9 129
9 278
9 416
9 198
9 123
9 425
9 429
9 9
9 69
9 294
9 445
9 63
9 447
9 321
9 355
9 377
10 494
10 486
10 32
10 261
10 93
10 240
10 484
10 268
10 105
10 25
10 224
10 482
10 254
10 10
10 275
10 333
10 341
10 214
11 67
11 80
11 487
11 337
11 362
11 351
11 19
11 490
11 441
11 236
11 497
11 16
11 328
11 326
11 445
11 23
11 39
11 434
11 184
11 327
12 259
12 265
12 230
12 139
12 120
12 160
12 352
12 270
12 499
12 223
12 378
12 136
12 114
12 164
12 138
12 420
12 201
12 107
12 495
12 374
12 261
13 389
13 79
13 217
13 109
13 437
13 91
13 225
13 143
13 128
13 308
13 199
13 53
13 298
13 428
13 141
13 280
13 453
13 350
13 238
14 390
14 141
14 22
14 253
14 14
14 379
14 383
14 419
14 365
14 422
14 374
14 20
14 260
14 347
14 403
14 293
14 40
14 301
14 54
14 479
14 493
15 298
15 399
15 37
15 149
15 457
15 384
15 48
15 77
15 339
15 159
15 412
15 353
15 169
15 183
15 404
15 291
15 44
15 74
15 215
15 477
15 110
16 349
16 258
16 39
16 19
16 362
16 311
16 16
16 194
16 351
16 439
16 184
16 236
16 387
16 23
16 441
16 219
16 487
16 490
17 415
17 142
17 272
17 334
17 57
17 290
17 450
17 166
17 444
17 17
17 402
17 249
17 263
17 73
17 203
17 462
17 111
18 285
18 40
18 388
18 392
18 274
18 255
18 226
18 313
18 52
18 397
18 370
18 373
18 58
18 464
18 224
18 43
18 61
18 104
19 311
19 497
19 194
19 326
19 67
19 236
19 184
19 328
19 23
19 19
19 337
19 417
19 434
19 327
20 107
20 390
20 403
20 98
20 374
20 293
20 20
20 241
20 380
20 260
20 301
20 383
20 22
20 157
20 40
20 493
20 379
21 393
21 410
21 31
21 162
21 446
21 243
21 94
21 227
21 433
21 472
21 409
21 452
21 368
21 482
21 306
22 390
22 141
22 379
22 293
22 493
22 54
22 98
22 374
22 138
22 380
22 403
22 301
22 28
22 157
22 419
22 40
22 241
22 383
23 313
23 258
23 434
23 487
23 23
23 39
23 328
23 439
23 219
23 67
23 148
23 194
23 80
23 337
23 351
23 362
24 134
24 394
24 398
24 173
24 206
24 329
24 430
24 324
24 481
24 302
24 116
24 283
24 307
24 24
24 411
24 309
24 461
25 226
25 261
25 268
25 275
25 277
25 240
25 474
25 105
25 25
25 484
25 341
25 248
25 463
25 32
25 214
25 486
25 231
26 420
26 133
26 148
26 279
26 175
26 174
26 26
26 195
26 360
26 465
26 405
26 168
26 438
26 86
26 413
26 292
26 421
26 178
26 188
26 363
26 121
26 500
27 149
27 457
27 331
27 215
27 485
27 27
27 477
27 197
27 44
27 74
27 37
27 183
27 344
27 267
27 412
27 159
27 291
27 169
27 353
27 214
28 281
28 122
28 76
28 460
28 155
28 64
28 494
28 38
28 288
28 50
28 356
28 65
28 338
28 371
28 476
28 59
28 205
28 106
28 61
29 267
29 396
29 269
29 400
29 404
29 406
29 284
29 146
29 415
29 391
29 300
29 192
29 276
29 78
29 118
29 158
29 287
29 170
29 299
30 133
30 405
30 279
30 413
30 175
30 363
30 195
30 30
30 360
30 438
30 174
30 182
30 148
30 484
30 168
30 256
30 402
31 454
31 393
31 147
31 410
31 282
31 162
31 289
31 245
31 243
31 368
31 471
31 180
31 295
31 306
31 452
31 472
32 495
32 261
32 268
32 275
32 333
32 127
32 224
32 482
32 221
32 214
32 474
32 338
32 459
32 231
32 240
33 387
33 426
33 323
33 376
33 476
33 154
33 209
33 478
33 137
33 483
33 345
33 33
33 46
33 302
33 177
33 369
34 264
34 401
34 319
34 357
34 395
34 317
34 381
34 99
34 468
34 218
34 237
34 386
34 34
34 190
34 200
34 86
34 239
35 288
35 401
35 468
35 35
35 264
35 319
35 357
35 181
35 318
35 200
35 66
35 492
35 292
35 247
36 51
36 272
36 418
36 290
36 163
36 444
36 73
36 364
36 36
36 334
36 111
36 57
36 327
36 427
36 45
36 450
36 203
37 352
37 301
37 380
37 399
37 149
37 291
37 412
37 331
37 384
37 353
37 110
37 159
37 281
37 44
37 263
38 155
38 417
38 59
38 281
38 64
38 122
38 234
38 489
38 65
38 106
38 288
38 244
38 338
38 364
38 342
38 356
38 494
39 258
39 219
39 434
39 80
39 497
39 328
39 439
39 311
39 39
39 326
39 270
39 184
39 337
39 490
39 236
40 260
40 138
40 141
40 157
40 419
40 293
40 422
40 98
40 374
40 390
40 54
40 365
40 379
40 383
41 266
41 285
41 286
41 161
41 229
41 316
41 41
41 95
41 62
41 190
41 88
41 423
41 250
41 327
41 348
41 96
41 396
42 259
42 136
42 265
42 139
42 270
42 164
42 124
42 223
42 420
42 56
42 107
42 120
42 378
42 114
42 198
42 201
42 352
42 230
43 392
43 397
43 274
43 58
43 388
43 440
43 104
43 370
43 115
43 84
43 196
43 43
43 61
43 255
44 399
44 412
44 169
44 74
44 183
44 215
44 353
44 48
44 485
44 477
44 457
44 187
44 197
44 331
44 344
44 110
45 272
45 163
45 427
45 111
45 187
45 334
45 364
45 462
45 203
45 57
45 166
45 73
45 343
45 437
45 310
46 387
46 154
46 426
46 375
46 323
46 376
46 332
46 432
46 369
46 345
46 209
46 46
46 191
46 330
46 220
46 343
47 385
47 262
47 273
47 443
47 47
47 480
47 454
47 153
47 347
47 435
47 82
47 140
47 304
47 292
47 60
47 315
47 208
48 399
48 149
48 412
48 159
48 291
48 169
48 339
48 457
48 331
48 110
48 485
48 183
48 227
48 197
48 77
48 353
48 359
49 389
49 143
49 280
49 91
49 238
49 298
49 308
49 217
49 340
49 437
49 233
49 109
49 79
49 350
49 477
49 453
49 225
49 119
50 155
50 288
50 417
50 356
50 122
50 59
50 342
50 494
50 234
50 64
50 338
50 303
50 244
50 374
50 76
50 205
50 460
50 489
50 371
50 323
50 182
50 366
51 285
51 81
51 228
51 190
51 108
51 161
51 316
51 62
51 96
51 424
51 229
51 423
51 442
51 250
51 211
51 88
51 348
51 361
51 151
52 132
52 392
52 397
52 440
52 255
52 226
52 52
52 196
52 84
52 358
52 85
52 492
53 152
53 298
53 428
53 308
53 225
53 437
53 340
53 389
53 143
53 109
53 233
53 128
53 252
53 250
53 199
53 79
53 217
53 350
53 238
53 119
54 390
54 138
54 419
54 422
54 301
54 141
54 260
54 479
54 379
54 157
54 241
54 471
54 493
54 365
55 228
55 391
55 146
55 404
55 406
55 158
55 415
55 287
55 300
55 284
55 299
55 170
55 451
55 78
55 469
56 259
56 136
56 139
56 271
56 378
56 145
56 160
56 265
56 201
56 164
56 420
56 114
56 270
56 121
56 223
56 107
56 95
57 402
57 418
57 290
57 166
57 310
57 364
57 163
57 249
57 272
57 427
57 210
57 73
57 203
57 111
58 81
58 412
58 132
58 392
58 313
58 85
58 103
58 255
58 370
58 274
58 388
58 246
58 61
58 196
58 464
58 84
58 226
58 104
59 155
59 288
59 303
59 59
59 356
59 494
59 234
59 65
59 210
59 76
59 201
60 271
60 153
60 435
60 185
60 262
60 491
60 349
60 385
60 480
60 82
60 466
60 102
60 322
60 315
60 473
61 373
61 132
61 358
61 196
61 85
61 84
61 104
61 115
61 392
61 103
61 464
61 255
62 417
62 266
62 161
62 442
62 424
62 95
62 229
62 108
62 316
62 96
62 286
62 62
62 463
62 81
62 211
62 88
62 361
62 258
63 129
63 294
63 171
63 416
63 429
63 498
63 447
63 63
63 297
63 425
63 449
63 77
63 202
64 303
64 234
64 65
64 342
64 489
64 64
64 210
64 417
64 494
64 76
64 123
64 460
64 338
64 356
64 106
64 371
64 244
64 484
65 281
65 155
65 288
65 417
65 494
65 205
65 342
65 65
65 338
65 321
65 186
66 322
66 386
66 395
66 318
66 319
66 448
66 200
66 218
66 66
66 237
66 317
66 310
66 468
66 99
66 357
66 492
66 247
67 116
67 258
67 441
67 311
67 194
67 327
67 351
67 328
67 497
67 219
67 67
67 326
67 490
68 369
68 256
68 257
68 263
68 144
68 408
68 212
68 101
68 71
68 112
68 359
68 118
68 201
68 456
68 204
68 469
68 475
68 246
69 210
69 276
69 129
69 278
69 294
69 425
69 297
69 447
69 321
69 89
69 72
69 198
69 498
69 92
69 202
70 316
70 134
70 398
70 172
70 430
70 307
70 312
70 325
70 173
70 329
70 458
70 283
70 309
70 394
70 387
70 461
70 206
70 116
71 263
71 101
71 135
71 359
71 144
71 335
71 71
71 367
71 232
71 126
71 408
71 152
71 475
71 382
72 294
72 425
72 297
72 171
72 449
72 198
72 407
72 429
72 123
72 447
72 72
72 430
72 202
72 498
73 142
73 272
73 402
73 166
73 203
73 310
73 334
73 163
73 462
73 105
73 111
73 249
73 236
74 399
74 149
74 412
74 159
74 291
74 197
74 74
74 77
74 110
74 183
74 148
75 137
75 154
75 305
75 323
75 483
75 375
75 209
75 220
75 478
75 75
75 191
75 369
75 359
75 345
75 476
76 155
76 417
76 303
76 338
76 342
76 122
76 356
76 371
76 210
76 106
76 373
76 489
76 494
76 88
77 289
77 149
77 291
77 77
77 477
77 339
77 331
77 384
77 183
77 485
77 229
77 215
78 391
78 146
78 415
78 287
78 165
78 167
78 170
78 299
78 431
78 400
78 396
78 284
78 81
79 342
79 143
79 280
79 152
79 308
79 340
79 389
79 119
79 128
79 428
79 91
79 130
79 252
80 426
80 483
80 192
80 439
80 311
80 194
80 219
80 327
80 258
80 326
80 337
80 174
81 266
81 285
81 424
81 442
81 316
81 190
81 463
81 348
81 286
81 229
81 211
81 88
81 95
81 108
81 224
82 262
82 140
82 273
82 435
82 315
82 322
82 466
82 208
82 304
82 185
82 349
82 102
82 496
82 473
82 480
82 105
83 161
83 130
83 131
83 156
83 414
83 436
83 336
83 467
83 216
83 366
83 235
83 150
83 372
83 90
83 415
83 470
83 87
84 397
84 274
84 196
84 373
84 115
84 255
84 103
84 440
84 226
84 338
84 85
84 358
84 326
85 175
85 132
85 388
85 397
85 274
85 440
85 370
85 103
85 226
85 426
85 255
86 181
86 317
86 318
86 319
86 448
86 200
86 99
86 239
86 86
86 386
86 341
86 218
86 222
86 492
87 136
87 130
87 131
87 150
87 414
87 296
87 336
87 113
87 189
87 216
87 366
87 496
87 436
87 99
87 90
87 235
87 117
87 251
87 101
88 266
88 161
88 316
88 463
88 424
88 211
88 95
88 228
88 442
88 361
88 348
88 159
89 129
89 407
89 297
89 429
89 445
89 447
89 198
89 321
89 425
89 294
89 89
89 152
90 150
90 156
90 189
90 470
90 216
90 113
90 251
90 117
90 125
90 90
90 296
90 159
90 100
90 235
90 187
91 143
91 280
91 152
91 308
91 453
91 91
91 199
91 128
91 119
91 389
91 317
91 350
91 233
91 238
91 272
91 163
92 177
92 257
92 263
92 144
92 212
92 359
92 135
92 204
92 335
92 101
92 456
92 283
92 367
92 112
92 382
93 275
93 277
93 459
93 333
93 346
93 484
93 254
93 221
93 261
93 93
93 224
93 268
93 238
93 486
93 127
94 393
94 410
94 289
94 162
94 433
94 306
94 180
94 320
94 245
94 227
94 472
94 500
94 446
94 424
94 243
94 328
95 266
95 161
95 423
95 424
95 95
95 286
95 463
95 361
95 228
95 108
96 164
96 266
96 285
96 286
96 161
96 423
96 424
96 190
96 463
96 211
96 354
96 277
96 250
96 329
97 391
97 267
97 400
97 276
97 404
97 406
97 287
97 165
97 167
97 299
97 451
97 158
97 415
97 431
97 463
98 260
98 138
98 141
98 403
98 157
98 419
98 293
98 422
98 301
98 253
98 493
98 439
98 365
98 383
98 377
99 386
99 264
99 395
99 319
99 222
99 318
99 200
99 181
99 401
99 448
99 461
100 422
100 130
100 150
100 151
100 189
100 131
100 436
100 113
100 470
100 496
100 235
100 216
100 366
100 405
100 117
100 251
101 492
101 257
101 408
101 456
101 204
101 112
101 367
101 359
101 469
101 263
101 475
101 232
102 385
102 262
102 140
102 153
102 185
102 455
102 208
102 466
102 473
102 349
102 454
102 273
102 490
103 132
103 388
103 392
103 274
103 440
103 196
103 464
103 358
103 226
103 190
104 132
104 388
104 392
104 313
104 196
104 464
104 226
104 370
104 104
104 444
104 373
105 261
105 333
105 474
105 346
105 231
105 221
105 275
105 268
105 459
105 341
105 254
105 486
105 240
106 281
106 155
106 288
106 417
106 460
106 338
106 342
106 244
106 303
106 371
106 188
106 158
106 496
106 450
107 259
107 136
107 265
107 270
107 145
107 201
107 230
107 160
107 107
107 139
107 290
107 364
108 114
108 423
108 424
108 442
108 316
108 463
108 211
108 354
108 266
108 348
108 474
108 250
108 459
109 389
109 143
109 152
109 298
109 308
109 437
109 199
109 225
109 109
109 340
109 438
109 119
110 149
110 412
110 291
110 169
110 183
110 339
110 215
110 477
110 399
110 276
110 384
111 187
111 203
111 462
111 444
111 343
111 334
111 450
111 418
111 163
111 365
112 257
112 263
112 456
112 204
112 335
112 126
112 135
112 118
112 144
112 469
112 262
112 382
113 220
113 131
113 150
113 296
113 436
113 189
113 467
113 113
113 216
113 366
113 304
113 117
114 136
114 271
114 164
114 420
114 223
114 488
114 120
114 124
114 139
114 259
114 230
114 291
114 447
115 303
115 132
115 388
115 274
115 440
115 464
115 226
115 358
115 397
115 370
115 300
115 373
116 134
116 398
116 411
116 172
116 173
116 307
116 312
116 206
116 430
116 116
116 325
117 410
117 130
117 131
117 150
117 156
117 296
117 436
117 189
117 470
117 151
117 403
117 251
118 451
118 257
118 135
118 144
118 408
118 456
118 335
118 212
118 475
118 359
118 232
118 382
119 298
119 428
119 308
119 437
119 233
119 143
119 199
119 225
119 152
119 379
120 139
120 270
120 223
120 352
120 488
120 499
120 495
120 230
120 271
120 160
120 145
120 233
120 169
120 219
121 292
121 168
121 174
121 438
121 314
121 188
121 195
121 207
121 465
121 256
121 405
121 360
121 396
121 152
121 467
122 281
122 155
122 288
122 303
122 460
122 338
122 489
122 234
122 494
122 417
122 428
123 129
123 278
123 407
123 416
123 297
123 171
123 447
123 321
123 198
123 202
123 355
123 498
123 377
124 136
124 270
124 160
124 352
124 230
124 488
124 201
124 164
124 259
124 420
124 124
124 172
125 453
125 131
125 414
125 436
125 189
125 235
125 496
125 467
125 156
125 150
125 251
125 372
125 470
125 387
126 265
126 314
126 448
126 135
126 456
126 335
126 475
126 232
126 257
126 263
126 205
127 440
127 261
127 214
127 221
127 482
127 486
127 346
127 127
127 268
127 277
127 254
127 166
128 389
128 280
128 152
128 437
128 340
128 233
128 453
128 350
128 128
128 178
128 200
128 477
128 268
129 129
129 278
129 202
129 445
129 449
129 297
129 377
129 407
129 180
129 425
129 171
129 429
129 447
129 198
130 296
130 189
130 336
130 151
130 372
130 216
130 150
130 366
130 156
130 134
130 131
130 436
130 470
130 235
130 496
130 251
130 144
131 251
131 436
131 131
131 470
131 366
131 151
131 336
131 478
131 150
131 372
132 132
132 440
132 313
132 388
132 392
132 373
132 322
132 397
132 196
132 464
132 255
133 137
133 182
133 188
133 256
133 193
133 292
133 363
133 360
133 178
133 405
133 195
133 413
133 246
133 148
133 279
133 168
133 438
133 202
134 324
134 430
134 398
134 173
134 307
134 394
134 411
134 481
134 242
134 458
134 300
134 283
134 309
134 329
134 461
135 489
135 257
135 263
135 367
135 144
135 135
135 246
135 204
135 232
135 382
135 165
135 408
135 212
135 469
135 475
136 259
136 164
136 420
136 201
136 352
136 499
136 271
136 270
136 139
136 160
136 223
136 230
137 387
137 376
137 375
137 137
137 323
137 345
137 432
137 369
137 483
137 154
137 332
137 426
137 179
137 191
137 330
137 478
138 260
138 253
138 365
138 293
138 141
138 383
138 380
138 379
138 138
138 267
138 157
138 422
138 262
138 327
139 265
139 270
139 201
139 271
139 378
139 420
139 259
139 145
139 352
139 230
139 341
140 385
140 491
140 435
140 140
140 454
140 315
140 176
140 480
140 153
140 443
140 208
140 376
140 273
140 304
140 185
140 430
141 260
141 419
141 241
141 141
141 380
141 390
141 293
141 374
141 265
141 403
141 493
142 163
142 418
142 343
142 310
142 290
142 187
142 450
142 272
142 427
142 462
142 334
142 197
142 444
143 389
143 233
143 225
143 340
143 298
143 199
143 238
143 428
143 350
143 306
143 280
144 452
144 382
144 335
144 359
144 144
144 232
144 456
144 408
144 204
145 259
145 271
145 499
145 495
145 352
145 164
145 265
145 270
145 488
145 145
145 223
145 250
145 230
145 378
145 397
146 267
146 396
146 170
146 167
146 431
146 451
146 276
146 300
146 269
146 192
146 404
146 284
146 166
146 158
146 165
147 393
147 162
147 500
147 320
147 368
147 243
147 282
147 409
147 472
147 180
147 147
147 384
147 410
147 227
148 314
148 256
148 148
148 292
148 182
148 363
148 193
148 207
148 421
148 168
148 413
148 354
148 405
148 419
149 320
149 457
149 344
149 399
149 169
149 353
149 159
149 270
149 412
149 291
149 183
150 296
150 436
150 251
150 151
150 336
150 366
150 414
150 278
150 156
150 216
151 366
151 414
151 496
151 436
151 151
151 156
151 470
151 296
151 216
151 235
151 372
152 280
152 152
152 252
152 199
152 340
152 389
152 217
152 308
152 428
152 437
152 453
152 225
152 156
153 385
153 455
153 176
153 185
153 435
153 347
153 273
153 153
153 322
153 349
153 402
153 304
153 443
153 315
153 466
153 491
154 387
154 154
154 375
154 209
154 220
154 432
154 323
154 305
154 179
154 426
154 409
154 191
154 330
154 478
155 281
155 417
155 288
155 210
155 342
155 244
155 494
155 377
155 303
155 460
155 489
155 325
156 470
156 467
156 235
156 496
156 372
156 414
156 436
156 251
156 336
156 216
157 281
157 260
157 403
157 241
157 301
157 493
157 379
157 390
157 253
157 284
157 419
157 479
157 365
157 380
158 396
158 276
158 404
158 192
158 158
158 406
158 284
158 267
158 287
158 170
158 165
158 299
158 451
159 222
159 399
159 412
159 215
159 344
159 485
159 183
159 477
159 291
159 457
160 259
160 270
160 271
160 223
160 265
160 201
160 499
160 495
160 352
160 420
160 164
160 218
160 230
160 488
160 378
160 390
161 266
161 285
161 286
161 190
161 424
161 161
161 228
161 463
161 442
162 393
162 409
162 282
162 433
162 500
162 243
162 180
162 320
162 471
162 371
162 295
162 446
163 163
163 364
163 310
163 290
163 334
163 402
163 249
163 166
163 450
163 187
163 444
164 265
164 270
164 378
164 499
164 495
164 488
164 164
164 352
165 396
165 269
165 400
165 284
165 287
165 299
165 170
165 404
165 300
165 415
165 467
165 167
165 192
165 324
166 348
166 402
166 343
166 462
166 427
166 187
166 418
166 175
166 310
166 249
167 234
167 391
167 269
167 400
167 404
167 406
167 415
167 431
167 167
167 326
167 299
167 300
167 451
168 279
168 413
168 421
168 178
168 256
168 314
168 438
168 465
168 363
168 430
168 182
168 195
168 207
169 211
169 291
169 384
169 339
169 485
169 477
169 412
169 344
169 183
169 215
170 391
170 396
170 269
170 400
170 276
170 404
170 406
170 170
170 430
170 431
170 451
170 416
170 198
170 312
171 278
171 294
171 171
171 407
171 202
171 445
171 425
171 447
171 399
172 344
172 394
172 283
172 302
172 307
172 324
172 312
172 398
172 309
172 173
172 458
172 432
172 186
172 461
172 213
172 242
173 398
173 329
173 213
173 186
173 411
173 173
173 394
173 242
173 302
173 267
173 307
174 488
174 405
174 413
174 292
174 421
174 178
174 182
174 314
174 438
174 207
174 188
174 485
174 193
174 363
175 279
175 413
175 292
175 421
175 182
175 314
175 178
175 363
175 256
175 175
175 405
175 438
176 273
176 304
176 473
176 176
176 347
176 480
176 322
176 455
176 349
176 385
176 435
176 440
176 454
176 466
177 387
177 432
177 476
177 369
177 375
177 332
177 220
177 177
177 376
177 478
177 345
177 330
177 483
178 405
178 413
178 292
178 421
178 465
178 195
178 360
178 363
178 182
178 345
178 438
178 314
178 193
178 470
178 401
179 387
179 476
179 426
179 376
179 369
179 375
179 432
179 209
179 330
179 305
179 478
179 189
179 323
179 332
179 345
179 483
179 240
180 393
180 409
180 410
180 433
180 306
180 368
180 243
180 471
180 282
180 452
180 327
180 320
180 472
181 264
181 395
181 401
181 218
181 247
181 468
181 357
181 319
181 381
181 222
181 386
181 317
181 489
181 448
181 200
182 405
182 279
182 421
182 438
182 182
182 314
182 283
183 365
183 412
183 339
183 183
183 197
183 482
183 457
183 344
183 384
183 351
184 499
184 442
184 258
184 434
184 439
184 337
184 362
184 327
184 311
184 328
184 405
184 441
184 351
184 487
184 490
184 236
185 385
185 435
185 473
185 304
185 273
185 347
185 185
185 454
185 349
185 500
185 455
185 466
185 491
185 257
186 386
186 394
186 398
186 307
186 213
186 430
186 206
186 458
186 461
186 312
186 309
186 302
186 324
186 325
186 481
187 402
187 427
187 343
187 334
187 450
187 187
187 364
187 462
187 249
188 405
188 279
188 413
188 421
188 465
188 360
188 195
188 438
188 314
188 410
189 296
189 436
189 235
189 372
189 336
189 189
189 418
189 470
189 496
189 251
190 332
190 266
190 285
190 463
190 250
190 354
190 348
190 229
190 361
190 438
190 211
190 228
190 233
191 426
191 305
191 478
191 345
191 483
191 387
191 369
191 332
191 376
191 476
191 443
191 323
191 375
192 253
192 391
192 267
192 269
192 406
192 284
192 415
192 192
192 396
192 254
193 405
193 413
193 421
193 193
193 314
193 363
193 256
193 438
193 465
193 342
193 195
193 207
193 360
194 258
194 434
194 439
194 441
194 490
194 236
194 328
194 362
194 326
194 473
194 337
194 351
194 487
195 405
195 279
195 292
195 413
195 421
195 465
195 290
195 227
196 440
196 464
196 388
196 370
196 392
196 227
196 358
197 291
197 353
197 339
197 197
197 344
197 485
197 412
197 477
197 204
197 331
198 416
198 425
198 429
198 202
198 498
198 407
199 273
199 389
199 298
199 428
199 437
199 308
199 233
199 350
199 340
199 399
199 217
200 244
200 386
200 401
200 318
200 381
200 448
200 317
200 319
200 237
200 492
200 247
201 259
201 265
201 420
201 230
201 223
201 495
201 269
201 499
201 378
202 297
202 429
202 445
202 447
202 449
202 355
203 272
203 402
203 427
203 364
203 334
203 418
203 310
203 392
203 343
204 257
204 408
204 212
204 204
204 382
204 359
204 437
204 232
204 246
205 489
205 460
205 234
205 356
205 281
205 494
205 303
205 288
205 342
205 417
205 205
206 392
206 394
206 398
206 283
206 309
206 324
206 325
206 206
206 481
206 302
206 380
207 405
207 279
207 421
207 314
207 207
207 438
207 256
207 363
207 229
207 360
208 385
208 262
208 304
208 443
208 315
208 454
208 455
208 435
208 349
208 480
208 273
208 367
208 347
208 382
209 387
209 426
209 432
209 305
209 323
209 369
209 332
209 376
209 336
209 220
209 478
209 498
210 281
210 288
210 417
210 303
210 460
210 338
210 371
210 210
210 244
211 266
211 285
211 286
211 424
211 442
211 463
211 423
211 250
211 348
212 457
212 263
212 257
212 382
212 469
212 408
212 456
212 336
212 232
213 394
213 398
213 411
213 302
213 307
213 309
213 329
213 458
213 461
213 283
213 430
213 230
213 481
214 268
214 459
214 341
214 486
214 275
214 484
214 254
214 224
214 261
214 221
215 457
215 331
215 291
215 344
215 339
215 399
215 353
215 485
215 384
216 414
216 296
216 436
216 336
216 366
216 470
216 496
216 233
216 468
217 428
217 308
217 217
217 389
217 340
217 252
217 225
217 350
217 407
218 401
218 448
218 247
218 386
218 318
218 468
218 319
218 317
218 297
218 357
218 492
219 434
219 311
219 326
219 487
219 236
219 219
219 328
219 497
219 351
220 387
220 426
220 432
220 332
220 345
220 305
220 220
220 369
220 483
220 357
221 275
221 277
221 341
221 346
221 474
221 261
221 240
221 248
221 231
221 486
221 224
221 391
222 395
222 318
222 448
222 468
222 247
222 239
222 357
222 237
222 319
222 264
222 232
222 427
223 270
223 499
223 230
223 495
223 223
223 488
223 378
224 282
224 261
224 275
224 346
224 474
224 482
224 484
224 231
224 486
224 240
225 298
225 437
225 453
225 238
225 280
225 428
225 233
225 500
226 392
226 440
226 313
226 464
226 370
226 388
226 358
226 255
227 393
227 409
227 282
227 289
227 295
227 433
227 471
227 472
227 320
227 245
227 306
228 266
228 285
228 423
228 424
228 316
228 463
228 354
228 361
228 250
229 286
229 423
229 442
229 316
229 348
229 266
229 361
229 463
229 384
229 250
230 265
230 271
230 499
230 495
230 378
230 242
231 347
231 261
231 268
231 277
231 459
231 482
231 484
231 486
231 341
231 248
231 442
231 254
232 257
232 408
232 335
232 475
232 469
232 246
232 382
233 298
233 428
233 437
233 453
233 389
233 252
234 288
234 303
234 342
234 489
234 460
234 371
234 234
235 360
235 436
235 467
235 336
235 372
235 487
236 435
236 238
236 327
236 328
236 362
236 441
236 337
236 497
237 480
237 433
237 386
237 264
237 401
237 318
237 448
237 468
237 492
237 381
238 389
238 298
238 308
238 453
238 350
238 238
238 280
239 386
239 395
239 317
239 357
239 492
239 264
239 448
239 239
239 401
239 381
239 482
240 423
240 261
240 268
240 346
240 474
240 484
240 482
240 277
241 390
241 403
241 422
241 301
241 479
241 365
241 374
241 293
241 260
241 350
241 379
242 398
242 411
242 283
242 302
242 309
242 324
242 325
242 458
242 312
242 461
242 394
242 362
243 282
243 306
243 471
243 393
243 245
243 433
243 446
243 341
244 417
244 303
244 342
244 494
244 371
244 356
244 460
244 281
245 393
245 410
245 295
245 306
245 446
245 320
245 471
245 368
245 245
245 248
246 376
246 399
246 469
246 456
246 335
246 475
246 365
247 386
247 395
247 317
247 319
247 468
247 448
247 264
247 435
248 465
248 361
248 261
248 275
248 333
248 341
248 474
248 268
248 248
248 459
248 254
249 310
249 444
249 462
249 343
249 334
249 402
249 427
249 497
250 432
250 286
250 316
250 361
250 348
250 496
251 296
251 436
251 366
251 414
251 467
251 280
252 389
252 280
252 428
252 437
252 453
252 350
252 308
252 298
252 340
252 406
253 260
253 390
253 403
253 419
253 293
253 379
253 380
253 253
253 422
254 261
254 277
254 459
254 333
254 341
254 474
254 254
255 388
255 397
255 274
255 313
255 387
256 405
256 279
256 413
256 292
256 314
256 360
256 295
257 263
257 257
257 469
257 408
257 335
257 475
257 367
258 400
258 311
258 351
258 326
258 434
258 441
258 328
258 362
258 497
259 265
259 488
259 420
259 378
259 271
259 259
259 495
259 437
260 390
260 422
260 403
260 374
260 293
260 260
260 301
260 264
260 419
260 479
260 493
261 268
261 341
261 261
261 346
261 275
261 277
261 459
261 474
261 482
262 466
262 435
262 454
262 349
262 262
262 347
262 304
262 443
262 385
262 315
262 473
262 480
262 300
263 482
263 475
263 408
263 469
263 335
263 456
263 367
263 359
264 386
264 264
264 468
264 395
264 492
264 317
264 448
264 467
264 318
264 475
265 488
265 420
265 265
265 495
265 270
265 271
265 352
266 348
266 463
266 266
266 371
266 286
266 423
266 442
266 316
266 354
266 361
266 280
266 318
267 391
267 400
267 269
267 396
267 415
267 276
267 406
267 267
267 500
267 431
267 317
268 485
268 277
268 484
268 268
268 482
268 275
268 486
269 391
269 284
269 396
269 300
269 287
269 269
269 328
269 400
269 406
269 415
269 299
269 431
269 451
270 420
270 499
270 352
270 304
270 271
270 373
271 420
271 499
271 488
271 378
271 495
271 379
272 330
272 272
272 334
272 462
272 290
272 444
272 427
272 310
272 343
273 385
273 473
273 435
273 347
273 304
273 315
273 443
273 454
273 349
273 491
273 466
274 370
274 274
274 440
274 464
274 373
274 313
274 361
275 341
275 277
275 346
275 459
275 275
275 333
275 474
276 396
276 406
276 276
276 404
276 300
276 284
276 451
276 415
276 299
276 431
277 333
277 486
277 474
277 346
277 459
277 453
277 309
278 498
278 425
278 429
278 449
278 294
278 407
278 321
278 346
278 416
278 297
278 445
278 355
278 377
279 405
279 292
279 360
279 363
279 317
279 421
279 438
280 389
280 280
280 453
280 298
280 428
280 340
280 394
281 281
281 417
281 356
281 371
281 342
281 494
281 303
281 460
281 338
281 489
282 393
282 409
282 410
282 500
282 452
282 472
282 306
282 320
282 368
282 295
282 289
282 471
283 283
283 398
283 307
283 309
283 458
283 302
283 481
283 411
283 324
283 329
283 461
284 391
284 396
284 404
284 406
284 284
284 300
284 388
284 415
284 287
284 372
285 316
285 348
285 285
285 354
285 424
285 442
285 286
285 423
285 463
286 361
286 423
286 354
286 424
286 348
286 316
286 375
286 442
286 469
287 415
287 400
287 299
287 431
287 406
287 404
287 405
287 451
287 409
288 303
288 288
288 371
288 342
288 460
288 338
288 356
288 489
288 445
289 393
289 409
289 410
289 295
289 306
289 471
289 500
289 368
289 452
289 446
289 320
290 355
290 402
290 418
290 290
290 450
290 427
290 462
290 364
291 424
291 399
291 344
291 457
291 477
291 353
291 358
292 421
292 405
292 314
292 465
292 498
293 419
293 374
293 422
293 479
293 403
293 336
293 301
293 493
293 365
293 380
293 383
294 407
294 416
294 429
294 425
294 321
294 498
294 449
295 393
295 500
295 446
295 306
295 472
295 409
295 452
295 433
296 414
296 496
296 366
296 336
296 372
296 457
296 467
297 308
297 407
297 425
297 429
297 449
297 488
297 445
297 321
298 389
298 428
298 308
298 437
298 340
299 400
299 404
299 300
299 406
299 431
299 388
300 396
300 415
300 300
300 391
301 419
301 365
301 479
301 383
301 390
301 422
302 394
302 398
302 411
302 309
302 325
302 430
302 302
302 312
302 324
303 417
303 494
303 489
303 356
304 385
304 491
304 349
304 473
304 347
304 315
304 388
305 426
305 305
305 478
305 476
305 376
305 369
305 330
305 432
305 323
305 483
306 410
306 409
306 368
306 326
306 452
306 471
306 500
307 394
307 312
307 481
307 398
307 329
307 452
307 309
308 389
308 428
308 340
308 453
309 411
309 312
309 309
309 329
309 458
309 461
309 481
309 444
310 402
310 418
310 310
310 364
310 488
310 450
311 434
311 439
311 441
311 326
311 497
311 351
311 418
311 337
311 487
311 490
311 362
312 394
312 398
312 411
312 430
312 312
312 458
312 461
312 324
312 481
313 388
313 392
313 464
313 370
313 358
313 440
313 373
313 411
314 360
314 405
314 421
314 413
314 465
315 443
315 466
315 455
315 385
315 435
315 331
315 322
315 473
316 423
316 354
316 463
316 361
317 386
317 395
317 448
317 317
317 318
317 456
318 386
318 395
318 401
318 318
318 319
318 448
318 381
319 414
319 386
319 401
319 357
319 319
319 445
319 492
320 409
320 368
320 393
320 320
320 433
320 452
320 471
321 447
321 377
321 321
321 449
321 416
321 467
321 355
322 385
322 435
322 347
322 491
322 480
322 466
322 455
322 349
322 454
322 473
323 432
323 323
323 375
323 426
323 345
323 476
324 394
324 398
324 430
324 329
324 325
324 458
324 461
325 394
325 430
325 398
325 481
325 325
325 461
325 329
326 446
326 439
326 497
326 441
326 327
326 337
326 351
326 362
327 441
327 328
327 337
327 497
327 362
327 487
328 441
328 490
328 497
328 362
329 394
329 411
329 430
329 481
330 432
330 332
330 369
330 478
330 345
330 376
330 483
330 493
331 368
331 399
331 412
331 339
331 457
331 485
331 353
331 335
332 345
332 476
332 375
332 376
332 478
332 432
332 426
332 346
333 472
333 336
333 395
333 459
333 341
333 484
333 436
333 346
333 482
334 450
334 343
334 462
334 402
334 418
334 434
335 475
335 382
335 408
335 335
336 466
336 414
336 366
336 470
336 467
337 439
337 441
337 487
337 434
337 384
338 460
338 489
338 417
338 379
339 455
339 350
339 457
339 485
339 339
339 433
339 477
339 474
340 389
340 428
340 437
340 453
340 459
341 482
341 484
341 467
342 460
342 489
342 356
343 381
343 418
343 444
343 402
343 364
344 389
344 399
344 457
344 353
344 477
344 485
345 387
345 426
345 432
345 453
345 369
346 391
346 459
346 486
346 474
346 482
347 385
347 454
347 466
347 455
347 349
347 491
348 423
348 424
348 442
348 361
348 441
349 385
349 466
349 454
349 491
350 431
350 389
350 428
350 453
351 441
351 439
351 490
351 434
352 499
352 495
352 488
352 378
353 399
353 457
353 485
353 450
354 423
354 424
354 442
354 354
354 421
354 462
355 371
355 479
355 425
355 445
355 447
355 498
355 416
355 449
355 377
356 417
356 460
356 494
356 374
356 371
356 436
357 395
357 468
357 448
357 386
357 381
358 375
358 392
358 370
358 397
358 373
359 408
359 456
359 469
359 367
360 405
360 465
360 360
361 378
361 463
362 429
362 434
362 439
362 497
363 413
363 465
363 363
364 402
364 418
364 427
364 444
365 390
365 479
365 380
365 379
365 422
365 393
366 414
366 436
366 467
366 470
366 372
367 475
367 408
367 367
367 404
368 393
368 409
368 410
368 471
368 472
369 387
369 432
369 375
369 418
370 407
370 388
370 397
370 440
371 417
371 460
371 489
372 414
372 467
372 470
372 372
373 392
373 397
373 440
373 464
374 390
374 403
374 422
374 479
375 432
375 476
375 483
376 387
376 426
376 483
376 478
377 407
377 416
377 429
377 449
377 425
377 447
378 420
379 493
379 379
379 383
380 390
380 422
380 493
380 383
380 419
380 403
381 386
381 448
381 468
381 381
381 492
382 408
382 456
383 422
383 493
383 403
383 419
383 462
384 399
384 412
384 485
384 457
384 384
385 491
385 455
385 443
385 452
385 435
385 480
386 471
386 401
386 448
386 395
386 468
386 492
387 476
387 432
387 478
387 426
388 464
388 460
388 392
388 397
388 440
389 437
389 453
390 422
390 403
390 390
390 419
390 479
390 493
391 400
391 431
391 415
391 404
391 396
392 397
393 446
393 409
393 410
393 433
394 461
394 411
394 430
394 458
395 395
395 401
395 448
396 404
396 400
396 451
396 406
397 440
397 397
397 439
398 458
398 481
398 449
399 399
399 457
400 415
400 400
400 431
400 406
400 451
401 404
401 401
401 492
401 468
402 444
402 462
402 427
402 418
403 419
403 403
403 479
403 480
403 422
403 493
404 431
404 404
404 406
405 413
405 465
405 411
405 449
406 431
406 448
407 429
407 416
407 425
407 407
407 445
407 498
408 469
408 408
409 472
409 500
409 433
409 446
409 452
410 472
410 452
410 433
410 446
410 490
411 481
411 430
411 461
412 428
412 412
412 457
412 477
413 421
413 439
413 438
413 465
414 470
414 436
414 467
415 415
416 498
416 429
416 416
416 425
416 447
416 445
416 449
417 417
417 460
417 438
417 425
418 450
418 418
418 427
418 444
418 462
419 422
419 479
420 499
420 420
420 488
420 473
421 465
421 438
421 443
423 442
423 423
423 424
423 463
424 424
425 498
425 445
425 425
425 429
425 447
426 432
426 483
427 463
427 462
427 444
429 449
429 445
429 447
430 458
431 451
432 478
432 476
432 483
433 433
433 452
433 500
433 472
433 434
434 434
434 439
434 487
435 454
435 491
435 466
435 480
436 491
436 467
436 470
436 496
437 453
438 438
438 465
439 487
441 441
441 490
442 463
443 455
443 491
443 473
443 443
443 466
444 450
444 444
445 449
445 447
446 452
446 446
446 472
446 471
448 492
449 449
449 498
450 450
451 451
452 472
454 460
454 473
454 454
454 455
454 466
454 480
454 491
455 455
455 473
455 480
455 491
456 456
456 469
457 477
458 481
458 469
459 484
459 459
459 486
460 489
461 490
464 476
467 470
467 496
467 467
468 492
469 469
469 475
470 496
471 500
471 472
473 480
474 482
475 475
476 476
478 479
479 493
482 484
484 486
485 497
486 486
487 490
487 487
488 488
490 497
495 495
495 499
