500 5843
1 41
1 488
1 317
1 223
1 1
1 235
1 205
1 423
1 73
1 21
1 92
1 395
1 451
1 340
1 429
1 24
1 179
1 274
1 373
1 56
1 450
1 202
1 89
2 45
2 120
2 428
2 441
2 151
2 341
2 396
2 399
2 220
2 72
2 375
2 2
2 408
2 107
2 387
2 260
2 125
2 66
2 80
2 301
2 184
3 410
3 282
3 30
3 331
3 283
3 458
3 244
3 433
3 424
3 206
3 486
3 3
3 455
3 321
3 473
3 63
3 422
3 325
3 229
3 289
3 420
3 468
3 364
3 109
3 174
3 23
4 264
4 409
4 14
4 4
4 71
4 407
4 460
4 152
4 27
4 212
4 144
4 294
4 39
4 495
4 16
4 102
4 135
4 288
4 141
4 276
4 48
4 97
4 114
5 176
5 373
5 263
5 5
5 253
5 400
5 456
5 469
5 116
5 177
5 150
5 268
5 393
5 267
5 215
5 397
5 232
5 358
5 279
5 404
5 405
5 482
5 243
6 294
6 43
6 194
6 470
6 122
6 417
6 309
6 224
6 6
6 421
6 342
6 196
6 192
6 162
6 295
6 298
6 172
6 364
6 312
6 8
6 161
6 292
6 438
7 391
7 81
7 96
7 200
7 348
7 105
7 296
7 497
7 258
7 384
7 377
7 475
7 275
7 149
7 115
7 7
7 33
7 77
7 178
7 326
7 218
7 349
7 479
7 106
7 202
7 67
8 55
8 417
8 309
8 292
8 196
8 421
8 43
8 91
8 122
8 459
8 465
8 224
8 194
8 295
8 192
8 438
8 162
8 481
8 314
8 145
8 470
8 342
9 232
9 204
9 89
9 77
9 442
9 114
9 157
9 434
9 9
9 327
9 69
9 252
9 333
9 350
9 44
9 67
9 322
9 280
9 90
9 10
9 185
9 209
9 226
9 254
10 456
10 488
10 327
10 110
10 322
10 77
10 254
10 114
10 89
10 467
10 333
10 185
10 67
10 226
10 463
10 209
10 378
10 277
10 52
10 157
10 434
10 442
10 69
10 204
10 350
10 252
11 257
11 147
11 199
11 344
11 290
11 369
11 233
11 411
11 203
11 483
11 11
11 15
11 272
11 219
11 201
11 310
11 139
11 175
11 273
11 146
11 343
11 95
11 292
12 30
12 180
12 290
12 387
12 260
12 125
12 47
12 12
12 58
12 220
12 104
12 474
12 188
12 107
12 375
12 301
12 184
12 350
12 281
12 399
12 401
12 151
12 408
12 441
12 72
12 248
12 256
13 258
13 106
13 115
13 300
13 149
13 497
13 348
13 33
13 384
13 479
13 13
13 96
13 81
13 218
13 245
13 349
13 391
13 369
13 228
13 296
13 200
13 475
13 105
13 377
13 36
14 486
14 294
14 152
14 495
14 97
14 16
14 71
14 27
14 14
14 264
14 70
14 407
14 74
14 212
14 102
14 48
14 81
14 417
14 144
14 234
14 108
15 29
15 236
15 271
15 257
15 139
15 123
15 203
15 247
15 411
15 147
15 230
15 344
15 86
15 15
15 310
15 219
15 433
15 305
15 290
15 199
15 201
15 95
15 233
15 309
16 236
16 135
16 144
16 407
16 276
16 339
16 409
16 294
16 74
16 27
16 39
16 97
16 152
16 460
16 234
16 70
16 26
16 91
16 48
16 71
16 108
16 261
17 447
17 373
17 129
17 131
17 385
17 259
17 142
17 243
17 119
17 181
17 356
17 163
17 372
17 136
17 130
17 17
17 453
17 446
17 474
17 25
17 54
17 449
17 255
18 365
18 352
18 389
18 183
18 113
18 286
18 444
18 214
18 46
18 464
18 335
18 325
18 211
18 368
18 329
18 250
18 466
18 324
18 303
18 489
18 430
18 440
18 84
18 161
19 140
19 134
19 491
19 383
19 270
19 360
19 154
19 346
19 246
19 314
19 354
19 117
19 305
19 153
19 496
19 82
19 148
19 19
19 328
19 277
19 40
19 374
20 283
20 403
20 171
20 432
20 353
20 461
20 457
20 419
20 476
20 94
20 452
20 361
20 413
20 76
20 156
20 241
20 28
20 492
20 299
20 97
20 100
21 132
21 395
21 190
21 205
21 92
21 317
21 24
21 235
21 223
21 179
21 429
21 423
21 462
21 340
21 21
21 450
21 490
21 458
21 56
21 319
21 210
21 488
22 48
22 398
22 271
22 416
22 75
22 208
22 334
22 478
22 291
22 308
22 26
22 414
22 36
22 127
22 37
22 481
22 499
22 64
22 68
22 417
22 23
22 412
22 78
22 56
22 136
23 116
23 398
23 78
23 308
23 208
23 271
23 75
23 481
23 499
23 291
23 36
23 446
23 416
23 478
23 26
23 127
23 439
23 231
23 412
23 414
23 37
23 52
23 64
24 473
24 132
24 235
24 395
24 319
24 73
24 485
24 223
24 202
24 190
24 462
24 56
24 423
24 450
24 210
24 451
24 147
24 124
24 179
24 317
25 131
25 259
25 136
25 141
25 142
25 181
25 163
25 255
25 130
25 111
25 54
25 129
25 119
25 385
25 273
25 261
25 425
25 361
25 199
25 449
25 356
25 134
26 398
26 271
26 478
26 85
26 208
26 499
26 446
26 439
26 416
26 412
26 75
26 26
26 308
26 414
26 495
26 166
26 52
26 64
26 334
26 78
26 481
26 127
26 385
26 387
27 407
27 409
27 70
27 39
27 294
27 339
27 495
27 152
27 108
27 74
27 276
27 71
27 264
27 27
27 494
27 91
27 48
27 234
27 35
27 408
27 187
28 484
28 403
28 28
28 168
28 457
28 241
28 165
28 76
28 490
28 452
28 492
28 156
28 229
28 353
28 330
28 419
28 85
28 319
28 171
28 432
28 189
28 461
28 100
29 242
29 143
29 493
29 158
29 29
29 101
29 367
29 121
29 431
29 315
29 447
29 328
29 50
29 197
29 238
29 59
29 285
29 223
29 293
29 175
29 182
29 381
29 259
30 410
30 283
30 244
30 486
30 422
30 364
30 206
30 282
30 468
30 420
30 458
30 433
30 198
30 321
30 30
30 289
30 493
30 159
30 63
30 473
30 109
30 376
30 114
30 104
30 229
31 388
31 278
31 155
31 297
31 242
31 370
31 34
31 299
31 394
31 120
31 167
31 61
31 49
31 311
31 133
31 406
31 371
31 68
31 449
31 425
31 338
31 363
31 294
31 426
32 262
32 265
32 128
32 494
32 173
32 164
32 454
32 98
32 231
32 32
32 316
32 313
32 41
32 240
32 180
32 103
32 359
32 33
32 152
32 51
32 90
32 484
32 366
33 391
33 275
33 33
33 300
33 149
33 105
33 245
33 377
33 106
33 326
33 258
33 218
33 348
33 81
33 497
33 82
33 93
33 296
33 200
33 72
34 258
34 282
34 133
34 394
34 406
34 278
34 371
34 167
34 68
34 388
34 297
34 120
34 155
34 299
34 304
34 49
34 227
34 402
34 361
34 311
34 338
34 363
34 370
34 242
34 407
34 223
34 185
35 297
35 390
35 402
35 281
35 60
35 302
35 87
35 66
35 216
35 345
35 487
35 170
35 38
35 428
35 118
35 362
35 280
35 427
35 486
35 426
35 436
35 186
35 80
35 352
35 201
35 43
36 398
36 271
36 414
36 416
36 75
36 291
36 36
36 127
36 64
36 481
36 308
36 478
36 412
36 85
36 439
36 144
36 52
36 334
37 137
37 253
37 412
37 416
37 291
37 271
37 75
37 446
37 208
37 499
37 414
37 439
37 398
37 78
37 334
37 308
37 310
37 215
37 64
37 478
37 127
38 418
38 274
38 402
38 280
38 118
38 60
38 302
38 435
38 38
38 80
38 87
38 428
38 487
38 186
38 281
38 352
38 267
38 85
38 436
38 216
39 101
39 264
39 276
39 407
39 152
39 294
39 48
39 39
39 135
39 108
39 71
39 495
39 409
39 339
39 344
39 91
39 460
39 212
39 102
39 450
39 350
39 307
40 134
40 270
40 148
40 277
40 126
40 40
40 246
40 383
40 314
40 346
40 82
40 117
40 354
40 140
40 491
40 392
40 87
40 284
40 225
40 360
41 262
41 164
41 313
41 265
41 51
41 359
41 41
41 231
41 90
41 128
41 318
41 93
41 53
41 45
41 98
41 173
41 97
41 316
41 484
42 315
42 386
42 279
42 169
42 166
42 62
42 187
42 207
42 347
42 437
42 443
42 382
42 312
42 191
42 358
42 380
42 249
42 228
42 488
42 487
42 323
42 472
43 388
43 158
43 162
43 292
43 421
43 295
43 172
43 307
43 417
43 459
43 224
43 309
43 145
43 91
43 196
43 161
43 430
43 438
43 342
43 122
44 289
44 486
44 255
44 157
44 204
44 252
44 114
44 77
44 110
44 209
44 44
44 378
44 185
44 463
44 254
44 467
44 460
44 54
44 434
44 442
44 67
44 69
44 327
44 333
44 89
44 350
45 262
45 265
45 164
45 316
45 45
45 359
45 98
45 180
45 103
45 366
45 128
45 454
45 53
45 93
45 51
45 231
45 311
45 173
45 318
45 90
45 484
45 494
45 76
46 349
46 240
46 174
46 60
46 389
46 286
46 379
46 46
46 214
46 448
46 329
46 84
46 112
46 324
46 113
46 211
46 298
46 257
46 183
46 440
46 445
46 325
46 335
46 466
46 368
46 500
46 250
46 94
47 216
47 116
47 387
47 260
47 151
47 408
47 301
47 104
47 125
47 107
47 72
47 441
47 341
47 474
47 401
47 396
47 248
47 120
47 204
47 58
47 188
47 256
48 83
48 264
48 276
48 407
48 294
48 102
48 71
48 144
48 48
48 135
48 70
48 409
48 256
48 460
48 97
48 108
48 395
49 388
49 133
49 394
49 406
49 155
49 299
49 311
49 49
49 297
49 120
49 242
49 304
49 489
49 61
49 167
49 236
49 228
49 68
49 338
49 363
49 370
49 371
49 70
50 158
50 415
50 418
50 293
50 175
50 197
50 447
50 431
50 328
50 121
50 493
50 285
50 143
50 101
50 182
50 381
50 59
50 274
50 350
50 315
50 435
50 215
50 472
51 262
51 265
51 494
51 359
51 53
51 51
51 90
51 313
51 316
51 318
51 164
51 98
51 180
51 231
51 85
51 303
51 484
51 103
51 366
51 225
52 398
52 271
52 412
52 414
52 291
52 308
52 478
52 127
52 208
52 75
52 481
52 334
52 439
52 416
52 85
52 351
52 391
52 446
52 64
52 78
52 247
52 392
53 265
53 164
53 180
53 494
53 454
53 98
53 93
53 173
53 240
53 484
53 103
53 313
53 359
53 90
53 366
53 104
53 168
53 318
53 108
53 202
54 127
54 129
54 130
54 131
54 261
54 259
54 141
54 163
54 425
54 142
54 273
54 243
54 181
54 356
54 372
54 119
54 443
54 479
54 453
54 357
54 255
54 162
55 393
55 138
55 268
55 397
55 400
55 404
55 150
55 178
55 232
55 456
55 482
55 253
55 267
55 263
55 116
55 405
55 469
55 177
55 299
55 215
56 75
56 395
56 429
56 205
56 423
56 450
56 132
56 451
56 485
56 73
56 190
56 92
56 488
56 462
56 319
56 118
56 202
56 210
56 340
56 223
56 172
57 371
57 137
57 266
57 174
57 306
57 57
57 236
57 336
57 351
57 160
57 365
57 498
57 471
57 217
57 221
57 237
57 88
57 450
57 435
57 320
57 332
57 222
57 239
57 395
57 129
57 442
58 369
58 387
58 396
58 399
58 401
58 301
58 184
58 375
58 256
58 441
58 248
58 58
58 125
58 220
58 474
58 232
58 210
58 188
58 72
58 341
59 173
59 285
59 288
59 293
59 175
59 431
59 182
59 315
59 195
59 59
59 197
59 447
59 367
59 381
59 238
59 136
59 287
59 328
59 251
60 274
60 426
60 428
60 302
60 435
60 436
60 352
60 427
60 362
60 60
60 280
60 345
60 402
60 66
60 87
60 347
60 80
60 487
61 388
61 133
61 167
61 304
61 311
61 242
61 406
61 278
61 155
61 120
61 297
61 355
61 61
61 338
61 370
61 105
61 428
61 227
61 489
62 205
62 386
62 284
62 166
62 169
62 312
62 187
62 287
62 380
62 443
62 358
62 347
62 207
62 228
62 62
62 99
62 131
62 220
62 191
62 65
62 472
62 490
63 300
63 410
63 283
63 159
63 422
63 424
63 473
63 468
63 282
63 321
63 420
63 455
63 63
63 376
63 364
63 465
63 413
63 198
63 331
63 206
63 231
64 271
64 412
64 439
64 78
64 398
64 478
64 208
64 414
64 499
64 85
64 446
64 334
64 152
64 338
64 450
64 139
65 188
65 309
65 386
65 279
65 287
65 166
65 169
65 312
65 472
65 323
65 99
65 187
65 347
65 437
65 380
65 284
65 249
65 405
65 317
65 207
65 213
65 358
66 390
66 402
66 280
66 426
66 170
66 435
66 186
66 66
66 345
66 427
66 352
66 436
66 80
66 216
66 362
66 124
66 182
66 87
66 487
66 118
66 360
67 489
67 264
67 499
67 430
67 157
67 434
67 185
67 322
67 89
67 333
67 442
67 378
67 463
67 209
67 327
67 79
67 69
68 231
68 388
68 133
68 394
68 406
68 167
68 311
68 338
68 363
68 355
68 370
68 120
68 299
68 227
68 278
68 474
68 209
68 489
68 212
68 325
68 451
69 157
69 185
69 252
69 434
69 226
69 322
69 442
69 110
69 467
69 77
69 114
69 69
69 350
69 264
69 478
69 327
69 333
69 463
69 378
69 254
70 303
70 135
70 264
70 144
70 152
70 409
70 234
70 102
70 97
70 71
70 108
70 460
70 407
70 276
70 237
70 339
70 495
70 281
71 135
71 264
71 144
71 276
71 407
71 409
71 495
71 460
71 102
71 294
71 108
71 210
71 439
71 212
71 97
71 234
71 146
72 112
72 110
72 387
72 399
72 151
72 408
72 441
72 401
72 125
72 188
72 104
72 72
72 248
72 319
72 474
72 220
72 107
73 395
73 429
73 179
73 317
73 190
73 319
73 450
73 223
73 488
73 462
73 423
73 73
73 132
73 205
73 270
73 354
73 202
73 235
73 257
73 453
73 472
74 221
74 264
74 144
74 276
74 152
74 409
74 294
74 407
74 234
74 74
74 212
74 460
74 108
74 495
74 399
74 129
75 128
75 271
75 414
75 416
75 291
75 308
75 499
75 446
75 478
75 78
75 334
75 412
75 212
76 437
76 403
76 413
76 168
76 189
76 452
76 94
76 330
76 156
76 361
76 229
76 432
76 457
76 171
76 461
76 490
76 320
76 476
76 353
76 492
76 241
77 173
77 157
77 434
77 185
77 442
77 327
77 322
77 110
77 333
77 252
77 378
77 254
77 226
77 392
77 103
77 463
77 209
77 467
77 89
77 350
77 114
77 386
78 313
78 398
78 412
78 416
78 446
78 334
78 127
78 439
78 291
78 85
78 208
78 437
78 460
79 263
79 267
79 268
79 397
79 404
79 405
79 176
79 177
79 178
79 477
79 456
79 150
79 482
79 116
79 232
79 215
79 138
79 469
79 344
79 221
79 84
79 252
80 390
80 280
80 427
80 170
80 302
80 435
80 436
80 118
80 345
80 428
80 402
80 80
80 186
80 142
80 444
80 87
80 352
80 268
81 258
81 149
81 300
81 326
81 200
81 105
81 475
81 349
81 377
81 497
81 115
81 245
81 106
81 218
81 384
81 219
81 180
81 348
81 479
82 134
82 392
82 140
82 270
82 148
82 277
82 153
82 154
82 305
82 246
82 360
82 225
82 374
82 491
82 354
82 480
82 200
82 346
82 496
82 383
83 420
83 422
83 93
83 269
83 174
83 303
83 320
83 193
83 221
83 83
83 266
83 88
83 239
83 480
83 498
83 160
83 336
83 452
83 471
83 217
83 222
83 351
83 365
83 436
84 389
84 324
84 329
84 464
84 440
84 379
84 466
84 112
84 211
84 445
84 183
84 214
84 448
84 444
84 335
84 500
84 360
84 113
84 250
85 398
85 412
85 414
85 416
85 291
85 439
85 446
85 481
85 499
85 208
85 127
85 479
85 411
86 429
86 139
86 272
86 147
86 411
86 290
86 310
86 201
86 257
86 344
86 337
86 199
86 123
86 230
86 247
86 343
86 86
86 304
86 219
86 95
87 390
87 402
87 280
87 281
87 427
87 170
87 302
87 436
87 274
87 487
87 428
87 87
87 433
87 412
87 345
87 352
87 362
87 118
87 235
87 343
88 262
88 167
88 269
88 160
88 303
88 306
88 193
88 336
88 471
88 222
88 217
88 320
88 266
88 351
88 88
88 284
88 235
88 236
88 239
88 333
88 441
89 265
89 454
89 121
89 235
89 157
89 434
89 442
89 333
89 350
89 226
89 185
89 209
89 114
89 361
89 110
90 265
90 173
90 180
90 313
90 318
90 454
90 128
90 164
90 93
90 90
90 494
90 484
90 127
90 309
90 98
90 359
90 231
90 103
90 366
91 250
91 145
91 421
91 295
91 298
91 307
91 438
91 194
91 91
91 470
91 417
91 224
91 273
91 106
91 122
92 455
92 431
92 238
92 446
92 132
92 395
92 179
92 317
92 319
92 451
92 202
92 205
92 462
92 210
92 340
92 472
92 260
92 223
92 485
92 434
92 229
93 265
93 173
93 313
93 318
93 180
93 366
93 128
93 164
93 484
93 262
93 231
93 103
93 454
93 373
93 98
93 359
93 240
94 328
94 298
94 403
94 156
94 413
94 419
94 165
94 168
94 171
94 189
94 452
94 476
94 100
94 94
94 241
94 137
94 353
95 212
95 257
95 146
95 290
95 310
95 199
95 337
95 219
95 201
95 139
95 411
95 233
95 203
95 123
95 483
95 347
95 474
95 130
96 275
96 149
96 296
96 300
96 479
96 105
96 497
96 377
96 200
96 258
96 106
96 348
96 391
96 96
96 349
96 354
96 433
96 115
96 245
96 98
96 320
97 363
97 135
97 264
97 276
97 407
97 460
97 339
97 212
97 102
97 409
97 152
97 490
97 179
97 234
98 262
98 265
98 164
98 173
98 313
98 316
98 318
98 128
98 484
98 98
98 334
98 231
98 103
98 494
99 386
99 284
99 166
99 169
99 437
99 443
99 187
99 347
99 287
99 380
99 228
99 191
99 472
99 207
99 249
99 323
99 214
99 477
99 382
100 341
100 375
100 403
100 156
100 413
100 419
100 168
100 171
100 432
100 189
100 330
100 461
100 476
100 353
100 241
100 173
100 206
100 361
101 318
101 285
101 288
101 158
101 415
101 293
101 175
101 182
101 315
101 328
101 238
101 493
101 121
101 101
101 367
101 326
101 441
102 144
102 276
102 407
102 460
102 339
102 212
102 135
102 234
102 108
102 294
102 102
102 481
102 374
103 265
103 164
103 173
103 180
103 313
103 316
103 318
103 454
103 359
103 231
103 484
103 197
103 274
103 304
103 121
103 303
103 224
104 494
104 451
104 387
104 260
104 396
104 401
104 408
104 301
104 184
104 441
104 188
104 220
104 125
104 248
104 105
104 107
104 375
104 256
105 258
105 391
105 296
105 326
105 200
105 218
105 475
105 348
105 479
105 349
105 377
105 106
105 497
105 474
105 299
105 404
106 258
106 391
106 275
106 149
106 296
106 300
106 326
106 200
106 348
106 349
106 384
106 245
106 329
106 314
106 115
106 377
106 288
107 473
107 262
107 405
107 387
107 396
107 401
107 151
107 408
107 184
107 341
107 260
107 220
107 188
107 119
107 420
107 375
107 125
108 135
108 264
108 144
108 407
108 409
108 294
108 212
108 495
108 234
108 442
108 259
108 181
109 282
109 159
109 289
109 424
109 433
109 321
109 198
109 458
109 331
109 468
109 473
109 422
109 420
109 376
109 109
109 419
109 137
109 338
110 434
110 185
110 322
110 204
110 333
110 463
110 350
110 226
110 252
110 327
110 254
110 442
110 209
110 314
110 378
110 122
111 129
111 385
111 259
111 136
111 142
111 425
111 181
111 449
111 453
111 372
111 243
111 261
111 273
111 255
111 131
111 130
111 357
111 234
111 180
111 225
112 410
112 390
112 232
112 286
112 430
112 440
112 444
112 445
112 448
112 329
112 335
112 368
112 112
112 325
112 183
112 139
112 500
112 250
113 439
113 389
113 286
113 430
113 183
113 444
113 445
113 324
113 464
113 466
113 211
113 214
113 335
113 113
113 149
113 420
113 500
113 250
113 379
113 194
114 299
114 488
114 185
114 442
114 322
114 204
114 463
114 209
114 226
114 350
114 114
114 403
115 258
115 275
115 296
115 300
115 326
115 200
115 475
115 348
115 479
115 245
115 218
115 391
115 149
115 217
115 228
115 193
115 312
116 263
116 138
116 268
116 397
116 404
116 176
116 456
116 477
116 405
116 253
116 150
116 373
116 400
116 177
116 178
116 430
116 156
117 397
117 292
117 134
117 140
117 153
117 305
117 314
117 346
117 225
117 491
117 270
117 354
117 154
117 392
117 383
117 148
117 254
117 481
117 124
118 402
118 280
118 281
118 427
118 428
118 435
118 216
118 426
118 352
118 186
118 118
118 345
118 484
118 275
119 280
119 129
119 130
119 131
119 385
119 261
119 259
119 141
119 142
119 273
119 425
119 181
119 449
119 453
119 372
119 488
119 371
120 133
120 278
120 155
120 297
120 299
120 311
120 338
120 355
120 227
120 489
120 363
120 371
120 167
120 488
120 221
121 143
121 285
121 288
121 158
121 415
121 175
121 182
121 197
121 328
121 367
121 121
121 431
121 293
121 447
121 251
121 435
121 314
122 145
122 162
122 421
122 295
122 307
122 309
122 438
122 192
122 196
122 459
122 470
122 224
122 465
122 342
122 357
123 326
123 313
123 257
123 139
123 272
123 147
123 290
123 310
123 199
123 203
123 337
123 343
123 483
123 233
123 247
123 202
123 494
124 394
124 483
124 357
124 185
124 392
124 154
124 346
124 225
124 354
124 491
124 374
124 246
124 360
124 148
124 314
124 240
124 481
124 383
125 210
125 254
125 396
125 399
125 151
125 408
125 184
125 441
125 375
125 401
125 220
125 221
125 296
126 483
126 287
126 134
126 392
126 270
126 277
126 154
126 305
126 346
126 374
126 246
126 496
126 314
126 153
126 491
126 354
126 383
126 236
126 356
127 398
127 271
127 412
127 416
127 291
127 446
127 478
127 481
127 208
127 204
127 255
128 265
128 173
128 180
128 316
128 318
128 454
128 359
128 240
128 231
128 366
128 262
128 494
128 188
128 325
129 175
129 130
129 136
129 356
129 372
129 453
129 243
129 142
129 181
129 261
129 385
129 129
129 376
129 131
129 259
129 141
129 273
129 163
129 357
129 255
130 302
130 477
130 130
130 261
130 273
130 453
130 141
130 181
130 372
130 425
130 142
130 136
130 255
130 163
130 326
130 131
130 385
130 356
130 357
130 243
130 354
131 265
131 367
131 302
131 481
131 372
131 136
131 259
131 141
131 181
131 243
131 357
131 425
131 313
131 249
131 273
131 453
131 255
131 421
131 432
132 500
132 451
132 202
132 340
132 462
132 319
132 132
132 429
132 488
132 235
132 190
132 179
132 450
132 485
132 474
132 349
132 205
132 223
133 388
133 370
133 489
133 304
133 371
133 155
133 311
133 299
133 167
133 242
133 406
133 227
133 394
133 146
133 476
133 278
133 456
133 438
133 360
134 182
134 160
134 148
134 383
134 270
134 153
134 354
134 305
134 491
134 134
134 360
134 346
134 140
134 309
134 225
134 374
134 413
135 454
135 311
135 144
135 294
135 409
135 152
135 276
135 212
135 234
135 135
135 264
135 280
135 191
135 460
135 495
136 385
136 142
136 261
136 243
136 425
136 136
136 357
136 141
136 449
136 273
136 163
136 269
136 181
136 372
136 459
137 217
137 237
137 222
137 498
137 269
137 266
137 239
137 306
137 365
137 137
137 480
137 221
137 236
137 320
137 332
137 327
137 174
137 303
137 193
137 351
138 393
138 404
138 456
138 253
138 177
138 405
138 268
138 138
138 469
138 400
138 178
138 477
138 176
138 215
138 232
138 187
138 306
138 397
138 147
138 220
138 168
139 257
139 201
139 272
139 247
139 230
139 203
139 344
139 139
139 483
139 411
139 219
139 369
139 199
139 332
139 146
139 310
139 337
140 482
140 209
140 401
140 154
140 491
140 354
140 148
140 270
140 496
140 246
140 314
140 225
140 305
140 360
140 317
140 203
140 153
140 383
141 381
141 329
141 385
141 163
141 449
141 357
141 141
141 372
141 261
141 406
141 481
141 273
141 453
141 356
142 385
142 261
142 449
142 357
142 356
142 425
142 273
142 142
142 243
142 368
142 162
142 181
142 255
143 251
143 381
143 195
143 197
143 367
143 431
143 293
143 418
143 143
143 182
143 175
143 315
143 238
143 288
143 493
143 342
143 185
143 285
143 158
143 415
143 397
144 355
144 339
144 407
144 495
144 276
144 144
144 460
144 152
144 414
144 403
144 474
145 295
145 342
145 145
145 307
145 417
145 196
145 298
145 465
145 309
145 459
145 194
145 172
145 224
145 438
145 345
145 413
145 161
145 162
145 292
145 192
145 470
146 257
146 272
146 337
146 344
146 290
146 219
146 483
146 199
146 343
146 201
146 411
146 230
146 146
146 156
146 147
146 310
146 301
147 239
147 444
147 257
147 343
147 310
147 219
147 233
147 344
147 230
147 411
147 272
147 369
147 174
147 290
147 199
147 337
147 483
148 445
148 448
148 438
148 392
148 270
148 154
148 305
148 148
148 374
148 225
148 346
148 246
148 405
148 363
148 277
148 153
148 360
149 258
149 391
149 275
149 218
149 296
149 497
149 479
149 349
149 149
149 245
149 348
149 200
149 316
149 251
149 475
149 384
150 393
150 268
150 405
150 400
150 215
150 232
150 482
150 253
150 177
150 397
150 404
150 456
150 469
150 150
150 477
150 379
150 211
150 176
151 387
151 396
151 399
151 401
151 188
151 474
151 301
151 375
151 256
151 341
151 248
151 260
151 335
151 402
151 184
152 264
152 276
152 152
152 409
152 294
152 495
152 234
152 460
152 448
152 478
152 339
152 212
152 256
152 380
153 170
153 344
153 228
153 277
153 225
153 392
153 354
153 374
153 314
153 496
153 246
153 491
153 212
153 330
153 154
153 305
153 360
154 458
154 392
154 270
154 277
154 374
154 154
154 496
154 314
154 246
154 383
154 266
154 419
154 305
155 394
155 406
155 278
155 299
155 338
155 355
155 167
155 304
155 371
155 311
155 242
155 489
155 388
155 227
155 249
155 350
155 297
155 363
155 324
155 210
155 287
156 280
156 403
156 413
156 457
156 492
156 476
156 490
156 432
156 419
156 229
156 171
156 156
156 461
156 423
156 189
156 452
156 361
157 431
157 252
157 463
157 185
157 378
157 157
157 209
157 254
157 333
157 322
157 186
157 462
157 434
157 204
157 226
157 457
158 288
158 293
158 238
158 447
158 158
158 175
158 195
158 418
158 415
158 251
158 285
158 431
158 380
158 315
158 367
158 460
158 449
158 191
159 410
159 282
159 283
159 364
159 424
159 433
159 458
159 422
159 420
159 198
159 486
159 289
159 331
159 244
159 206
159 204
159 315
159 455
160 269
160 160
160 303
160 471
160 498
160 365
160 239
160 193
160 222
160 332
160 480
160 174
160 237
160 236
160 320
160 306
160 437
160 336
160 217
160 461
161 369
161 408
161 341
161 421
161 224
161 161
161 196
161 172
161 192
161 417
161 295
161 309
161 470
161 465
161 194
161 324
161 292
161 298
161 307
161 438
161 459
161 358
162 274
162 308
162 298
162 459
162 194
162 307
162 162
162 465
162 292
162 421
162 470
162 171
162 438
162 192
163 267
163 466
163 261
163 259
163 273
163 449
163 453
163 372
163 425
163 243
163 181
163 486
163 457
163 356
163 255
164 262
164 359
164 164
164 366
164 494
164 484
164 231
164 173
164 240
164 313
164 265
164 413
164 278
164 454
165 311
165 403
165 413
165 419
165 492
165 241
165 452
165 229
165 457
165 461
165 171
165 189
165 476
165 165
165 490
165 211
165 236
165 168
165 432
165 353
166 386
166 287
166 187
166 382
166 323
166 213
166 437
166 249
166 279
166 443
166 228
166 169
166 191
166 207
166 196
166 310
166 312
166 472
167 218
167 406
167 278
167 370
167 304
167 242
167 363
167 311
167 489
167 371
167 299
167 338
167 288
167 297
167 355
167 499
167 190
168 177
168 330
168 419
168 171
168 476
168 492
168 457
168 353
168 361
168 452
168 229
168 189
168 375
168 461
169 386
169 279
169 284
169 287
169 323
169 228
169 380
169 358
169 213
169 443
169 207
169 249
169 437
169 470
169 324
169 312
169 191
169 347
169 382
170 274
170 402
170 281
170 426
170 427
170 428
170 170
170 487
170 280
170 345
170 352
170 302
170 216
170 200
170 435
170 436
170 186
171 211
171 413
171 419
171 189
171 432
171 330
171 452
171 457
171 361
171 353
171 418
171 423
171 461
171 476
171 490
172 271
172 417
172 292
172 295
172 298
172 470
172 309
172 438
172 342
172 196
172 465
172 307
172 194
172 459
172 180
172 192
172 403
173 475
173 262
173 366
173 316
173 318
173 240
173 180
173 173
173 313
173 454
173 231
173 373
174 266
174 332
174 217
174 365
174 222
174 221
174 351
174 239
174 498
174 174
174 193
174 306
174 237
174 320
174 336
174 471
175 415
175 418
175 293
175 175
175 285
175 195
175 182
175 328
175 447
175 381
175 353
175 431
175 315
175 413
176 267
176 268
176 397
176 400
176 456
176 469
176 373
176 176
176 405
176 178
176 215
176 482
176 249
176 496
176 177
176 477
176 253
177 468
177 263
177 393
177 267
177 404
177 373
177 397
177 177
177 477
177 469
177 215
177 268
177 243
177 456
177 189
178 263
178 393
178 405
178 469
178 373
178 400
178 267
178 253
178 477
178 397
178 215
178 232
178 404
178 467
178 235
178 230
178 192
179 395
179 423
179 317
179 205
179 210
179 429
179 179
179 451
179 190
179 223
179 415
179 194
179 319
179 202
179 340
179 485
180 262
180 265
180 454
180 240
180 180
180 484
180 313
180 316
180 269
180 359
180 231
180 494
181 494
181 385
181 261
181 259
181 181
181 243
181 449
181 340
181 453
181 357
181 372
181 255
182 285
182 418
182 431
182 381
182 288
182 493
182 415
182 238
182 315
182 328
182 182
182 447
182 197
182 273
183 296
183 348
183 286
183 389
183 464
183 440
183 183
183 214
183 379
183 324
183 211
183 325
183 445
183 500
183 199
183 320
183 444
183 368
183 250
184 387
184 399
184 401
184 301
184 441
184 188
184 474
184 184
184 260
184 256
184 400
184 454
184 220
184 375
184 248
184 249
185 434
185 467
185 350
185 378
185 327
185 209
185 254
185 333
186 390
186 280
186 281
186 427
186 428
186 302
186 186
186 216
186 436
186 362
186 426
186 402
186 352
186 187
186 460
186 423
186 491
186 330
187 422
187 386
187 279
187 284
187 287
187 437
187 312
187 443
187 213
187 347
187 358
187 187
187 191
187 207
187 472
187 380
188 396
188 399
188 401
188 301
188 441
188 220
188 408
188 188
188 387
188 248
188 417
188 474
188 256
189 403
189 413
189 361
189 461
189 476
189 452
189 490
189 189
189 330
189 267
189 229
189 492
190 281
190 317
190 488
190 210
190 205
190 423
190 190
190 485
190 462
190 450
190 319
190 341
190 202
190 437
190 461
191 386
191 279
191 284
191 437
191 312
191 287
191 382
191 472
191 323
191 443
191 191
191 310
191 358
192 394
192 417
192 292
192 298
192 307
192 196
192 465
192 224
192 470
192 438
192 459
192 303
193 318
193 197
193 269
193 320
193 351
193 306
193 237
193 236
193 365
193 480
193 222
193 221
193 266
193 423
193 471
193 217
193 498
194 474
194 292
194 421
194 295
194 298
194 307
194 438
194 465
194 309
194 224
194 361
194 459
195 285
195 288
195 418
195 293
195 315
195 431
195 493
195 238
195 195
195 197
195 328
195 367
195 447
195 256
195 261
195 251
195 381
195 443
196 377
196 251
196 269
196 298
196 309
196 438
196 417
196 196
196 292
196 330
196 203
196 459
196 342
196 224
197 285
197 288
197 293
197 431
197 493
197 315
197 381
197 418
197 251
197 415
197 271
197 328
197 238
197 367
197 290
198 391
198 282
198 289
198 420
198 422
198 424
198 244
198 486
198 473
198 331
198 458
198 206
198 283
198 468
198 287
198 497
198 376
198 482
199 257
199 272
199 310
199 483
199 343
199 247
199 233
199 369
199 230
199 337
199 325
199 320
199 201
199 203
199 372
200 391
200 275
200 296
200 300
200 326
200 258
200 349
200 497
200 377
200 475
200 478
200 299
200 218
200 479
200 245
200 264
200 253
201 272
201 411
201 290
201 203
201 233
201 219
201 230
201 337
201 201
201 247
201 310
201 437
201 343
201 344
202 429
202 395
202 451
202 485
202 423
202 462
202 317
202 205
202 235
202 450
202 210
202 340
203 272
203 310
203 247
203 203
203 483
203 343
203 233
203 230
203 257
203 344
203 369
203 449
203 467
203 337
204 420
204 339
204 219
204 442
204 322
204 327
204 463
204 204
204 226
204 443
204 484
204 333
204 209
205 479
205 423
205 451
205 485
205 223
205 395
205 319
205 210
205 235
205 472
205 340
205 488
205 307
205 457
206 410
206 282
206 289
206 420
206 422
206 433
206 321
206 458
206 376
206 331
206 468
206 455
206 364
206 242
206 309
206 486
207 284
207 312
207 443
207 380
207 207
207 287
207 386
207 347
207 472
207 249
207 213
207 458
207 412
207 382
207 419
208 398
208 271
208 414
208 416
208 291
208 308
208 334
208 412
208 499
208 481
208 208
208 323
208 478
208 387
209 327
209 333
209 463
209 252
209 378
209 442
209 254
209 467
209 346
209 350
210 379
210 395
210 423
210 429
210 451
210 223
210 317
210 210
210 340
210 327
211 389
211 286
211 440
211 445
211 324
211 325
211 329
211 466
211 444
211 430
211 379
211 464
211 335
211 218
211 500
211 250
212 377
212 276
212 409
212 294
212 339
212 234
212 495
212 460
213 250
213 399
213 386
213 279
213 284
213 287
213 312
213 323
213 347
213 437
213 443
213 382
213 213
213 220
213 472
213 228
214 286
214 430
214 440
214 444
214 445
214 448
214 329
214 335
214 466
214 325
214 500
214 214
214 371
214 247
214 250
214 463
215 321
215 263
215 393
215 267
215 268
215 397
215 400
215 404
215 469
215 482
215 262
215 477
215 232
215 253
215 425
216 364
216 402
216 280
216 426
216 302
216 435
216 436
216 281
216 390
216 352
216 362
216 274
216 304
216 345
216 487
216 324
217 306
217 320
217 332
217 471
217 336
217 365
217 217
217 266
217 221
217 319
217 355
217 480
217 239
217 498
218 258
218 391
218 275
218 300
218 326
218 479
218 377
218 245
218 497
218 384
218 296
218 417
218 475
218 348
218 349
218 498
218 411
219 257
219 272
219 411
219 290
219 310
219 337
219 343
219 483
219 219
219 230
219 233
219 369
219 378
219 260
220 387
220 260
220 396
220 341
220 399
220 301
220 220
220 256
220 375
220 474
220 316
220 248
220 417
220 470
221 266
221 303
221 320
221 336
221 306
221 480
221 498
221 237
221 269
221 222
221 471
221 332
221 239
222 424
222 266
222 269
222 303
222 306
222 332
222 336
222 471
222 320
222 237
222 376
222 465
222 236
222 498
223 317
223 319
223 462
223 340
223 451
223 488
223 485
223 245
224 468
224 417
224 307
224 459
224 342
224 309
224 421
224 295
224 455
225 344
225 392
225 270
225 314
225 491
225 496
225 374
225 305
225 383
225 360
225 354
225 246
225 492
226 434
226 327
226 378
226 463
226 254
226 350
226 322
226 252
226 226
226 294
227 388
227 394
227 406
227 278
227 297
227 299
227 304
227 311
227 355
227 363
227 370
227 242
227 369
227 385
227 371
228 366
228 279
228 284
228 437
228 228
228 443
228 312
228 386
228 407
228 358
228 249
228 380
229 497
229 452
229 457
229 476
229 461
229 403
229 490
229 419
229 330
229 229
229 241
230 257
230 337
230 343
230 290
230 483
230 230
230 272
230 369
230 455
230 247
231 262
231 265
231 313
231 318
231 484
231 494
231 454
231 366
232 402
232 263
232 267
232 268
232 400
232 405
232 456
232 373
232 404
232 253
232 482
233 411
233 290
233 337
233 343
233 483
233 344
233 233
233 369
233 274
233 358
233 247
234 264
234 276
234 407
234 409
234 294
234 339
234 460
234 371
234 415
234 495
234 273
235 365
235 395
235 423
235 429
235 317
235 451
235 319
235 340
235 450
235 277
236 266
236 303
236 306
236 320
236 336
236 471
236 351
236 480
236 269
236 365
236 237
236 322
236 248
237 297
237 266
237 269
237 303
237 306
237 320
237 332
237 336
237 471
237 351
237 365
237 493
238 288
238 415
238 315
238 493
238 367
238 447
238 328
238 238
238 431
238 470
238 251
239 266
239 269
239 306
239 320
239 336
239 480
239 239
239 351
239 332
239 489
239 498
239 334
240 262
240 313
240 316
240 318
240 454
240 359
240 366
240 494
240 240
240 484
240 451
240 371
240 279
241 336
241 444
241 432
241 452
241 330
241 361
241 241
241 490
241 403
241 413
241 291
241 280
242 388
242 394
242 297
242 304
242 489
242 363
242 338
242 242
242 273
242 269
242 286
242 323
242 383
243 418
243 261
243 273
243 425
243 356
243 357
243 385
243 373
243 372
244 410
244 282
244 289
244 422
244 424
244 433
244 455
244 458
244 486
244 473
244 321
244 364
244 244
244 257
244 398
244 376
244 306
244 357
245 391
245 275
245 296
245 300
245 326
245 475
245 348
245 479
245 349
245 351
245 464
245 377
245 384
246 392
246 277
246 346
246 374
246 491
246 360
246 383
246 314
246 340
246 497
247 272
247 411
247 310
247 337
247 344
247 483
247 247
247 410
248 348
248 317
248 387
248 260
248 396
248 401
248 301
248 441
248 375
248 494
248 256
249 386
249 284
249 287
249 312
249 443
249 323
249 347
249 358
249 401
249 382
249 491
250 430
250 448
250 324
250 325
250 329
250 464
250 368
250 440
250 445
250 389
250 379
251 285
251 418
251 293
251 431
251 328
251 493
251 367
251 415
251 381
251 447
251 307
252 322
252 327
252 350
252 254
252 463
252 442
252 467
252 378
252 333
252 396
253 363
253 263
253 393
253 268
253 397
253 482
253 373
253 456
253 469
254 478
254 434
254 442
254 327
254 463
254 350
254 378
254 484
255 462
255 385
255 261
255 259
255 273
255 357
255 372
255 356
256 387
256 396
256 408
256 341
256 399
256 401
256 301
256 409
257 483
257 272
257 411
257 337
257 343
257 369
257 303
257 290
257 310
257 465
258 497
258 258
258 391
258 275
258 348
258 349
258 326
258 475
258 300
258 384
258 460
258 296
259 469
259 385
259 259
259 425
259 273
259 453
259 357
259 372
260 299
260 304
260 481
260 387
260 301
260 375
260 260
260 408
260 401
260 441
260 336
260 396
260 399
261 471
261 480
261 409
261 308
261 385
261 372
261 273
261 453
261 356
261 494
261 425
261 449
261 357
261 417
262 262
262 313
262 494
262 265
262 366
262 359
262 484
262 316
262 318
262 454
262 338
263 285
263 267
263 482
263 263
263 400
263 477
263 456
263 373
263 404
263 460
263 417
263 268
263 397
263 286
264 332
264 407
264 409
264 339
264 294
264 276
264 460
265 265
265 484
265 366
265 318
265 454
265 313
266 336
266 365
266 320
266 269
266 480
266 266
266 332
266 498
266 306
266 364
266 418
266 471
267 275
267 393
267 267
267 405
267 268
267 404
267 482
267 477
267 373
267 309
267 397
267 400
267 456
268 393
268 397
268 456
268 482
268 469
268 400
268 297
268 404
268 405
268 477
268 368
268 476
269 498
269 471
269 336
269 269
269 332
269 303
269 480
269 320
269 365
270 392
270 491
270 305
270 314
270 354
270 270
270 360
270 346
270 450
270 432
270 277
270 496
270 490
271 384
271 362
271 398
271 499
271 478
271 334
271 481
271 271
271 412
271 416
271 446
271 314
272 369
272 411
272 337
272 290
272 344
272 483
272 272
272 300
272 442
273 385
273 357
273 453
273 372
273 449
273 356
273 470
274 390
274 436
274 428
274 362
274 274
274 352
274 435
274 280
274 427
274 487
274 402
274 426
274 396
274 302
274 345
275 391
275 479
275 326
275 475
275 275
275 384
275 497
275 346
275 349
275 377
275 372
276 409
276 339
276 276
276 291
276 367
276 407
276 294
276 495
276 382
277 374
277 277
277 354
277 496
277 314
277 491
277 383
277 373
277 305
277 360
278 394
278 406
278 489
278 363
278 304
278 278
278 370
278 371
278 299
278 279
278 341
278 297
278 338
279 351
279 386
279 380
279 287
279 443
279 358
279 323
279 284
279 437
279 453
279 312
280 282
280 390
280 402
280 427
280 435
280 345
280 487
280 436
280 426
280 281
280 352
280 329
281 367
281 390
281 402
281 427
281 352
281 345
281 428
281 435
281 436
281 426
281 281
281 362
281 374
282 424
282 376
282 468
282 410
282 282
282 486
282 458
282 364
282 433
282 420
282 283
282 289
282 321
282 455
282 473
282 322
283 410
283 321
283 364
283 289
283 424
283 420
283 455
283 486
283 422
283 458
283 331
283 433
283 468
283 335
283 376
283 310
284 443
284 347
284 380
284 287
284 382
284 437
284 323
284 471
284 306
284 472
284 358
285 493
285 447
285 328
285 288
285 285
285 315
285 415
285 381
285 309
285 418
285 293
286 389
286 440
286 444
286 445
286 448
286 466
286 324
286 379
286 500
286 368
286 335
286 430
286 325
286 329
287 287
287 323
287 472
287 347
287 380
287 443
287 312
287 382
287 330
287 361
288 367
288 288
288 418
288 493
288 431
288 415
288 293
288 381
288 457
288 447
288 328
289 410
289 455
289 422
289 364
289 486
289 321
289 468
289 331
289 420
289 405
289 424
289 473
289 376
290 411
290 483
290 344
290 343
290 290
290 337
290 312
291 359
291 398
291 416
291 412
291 334
291 446
291 291
291 481
291 343
291 407
291 308
291 439
291 478
291 319
291 434
291 342
292 295
292 292
292 417
292 459
292 465
292 307
292 438
292 421
292 298
292 470
293 355
293 415
293 418
293 381
293 431
293 293
293 494
293 447
293 493
294 407
294 294
294 460
294 339
295 352
295 417
295 295
295 459
295 309
295 470
295 465
295 434
295 410
295 298
295 307
296 391
296 326
296 475
296 377
296 300
296 384
296 497
296 412
296 348
296 349
297 388
297 394
297 406
297 371
297 299
297 297
297 355
297 311
297 304
297 338
297 489
297 370
297 423
298 307
298 309
298 465
298 459
298 342
298 438
298 394
299 388
299 299
299 311
299 370
299 363
299 338
299 355
299 371
300 391
300 384
300 475
300 497
300 479
300 349
300 377
300 411
300 326
300 348
301 399
301 401
301 408
301 474
301 396
301 341
301 441
301 375
301 391
302 390
302 428
302 487
302 352
302 427
302 362
302 302
302 436
302 435
303 306
303 351
303 480
303 471
303 336
303 365
303 320
303 332
303 414
303 354
304 388
304 406
304 338
304 304
304 355
304 371
304 489
304 311
304 363
305 498
305 466
305 392
305 491
305 496
305 346
305 448
305 401
306 388
306 365
306 351
306 306
306 498
306 335
306 332
306 464
307 485
307 421
307 465
307 342
307 459
308 415
308 398
308 412
308 414
308 308
308 416
308 478
308 439
308 446
308 481
309 421
309 417
309 342
309 459
309 438
309 470
310 326
310 411
310 343
310 344
310 351
310 337
311 376
311 394
311 406
311 355
311 388
311 489
311 371
311 432
312 386
312 437
312 347
312 443
312 323
312 358
312 382
313 494
313 484
313 454
313 316
314 328
314 383
314 346
314 374
314 392
314 360
314 354
314 496
315 415
315 431
315 381
315 418
315 328
315 493
315 330
315 447
316 359
316 484
316 366
316 494
316 318
316 423
316 488
316 454
316 439
317 395
317 423
317 450
317 462
317 319
317 317
317 488
317 429
317 473
317 340
317 496
318 494
318 366
318 359
318 454
318 484
319 395
319 423
319 429
319 450
319 485
319 319
319 481
319 462
319 340
320 336
320 498
320 480
320 365
320 324
320 332
320 351
321 410
321 420
321 424
321 433
321 321
321 458
321 455
321 364
321 473
321 423
321 331
321 468
321 486
321 376
322 379
322 434
322 442
322 327
322 378
322 322
322 467
322 333
322 350
323 385
323 465
323 437
323 323
323 443
323 475
323 472
323 380
323 382
324 393
324 389
324 430
324 440
324 444
324 445
324 335
324 466
324 379
324 368
324 500
325 430
325 440
325 444
325 448
325 445
325 389
325 329
325 379
325 466
325 325
325 368
325 500
326 391
326 479
326 384
326 497
326 348
326 349
326 402
326 404
326 449
327 378
327 442
327 467
327 434
327 342
327 333
327 463
327 452
328 415
328 418
328 431
328 328
328 367
328 381
329 495
329 389
329 430
329 445
329 448
329 368
329 335
329 464
329 466
329 500
330 447
330 413
330 419
330 432
330 457
330 461
330 403
330 452
330 490
330 476
331 420
331 422
331 433
331 410
331 468
331 331
331 486
331 376
331 473
331 462
331 488
331 364
331 389
332 332
332 336
332 471
332 351
332 480
332 425
333 434
333 467
333 350
333 378
333 442
333 387
334 398
334 412
334 414
334 446
334 439
334 499
334 346
334 485
335 430
335 440
335 444
335 445
335 448
335 464
335 466
335 368
335 335
335 498
336 480
336 336
336 351
336 465
336 471
337 411
337 343
337 337
337 431
337 483
337 369
338 388
338 394
338 370
338 489
338 371
338 363
338 355
339 407
339 460
339 495
339 339
339 342
340 395
340 451
340 340
340 429
340 488
340 485
340 394
340 375
341 387
341 396
341 399
341 401
341 408
341 341
341 441
342 467
342 417
342 421
342 470
342 342
342 497
343 345
343 411
343 344
343 425
344 369
344 344
344 483
345 497
345 390
345 402
345 427
345 426
345 345
345 362
345 457
345 352
345 487
346 392
346 354
346 360
346 498
346 438
346 374
347 356
347 443
347 380
347 382
347 491
347 492
347 358
348 391
348 479
348 349
348 497
348 377
349 391
349 475
349 479
349 349
349 377
349 355
349 460
350 434
350 442
350 467
350 450
351 365
351 471
351 351
351 499
351 480
351 498
352 390
352 426
352 427
352 402
352 362
353 433
353 419
353 461
353 492
353 457
353 432
353 476
353 361
353 403
353 456
353 486
354 392
354 374
354 383
354 360
355 388
355 394
355 370
355 406
355 363
355 489
356 376
356 487
356 464
356 385
356 449
356 453
356 372
356 442
357 458
357 385
357 425
357 357
358 381
358 437
358 472
358 443
358 402
358 380
359 454
359 359
359 466
359 366
359 494
359 398
359 500
360 445
360 392
360 374
360 491
361 413
361 432
361 476
361 490
361 457
361 397
361 492
362 428
362 435
362 426
362 362
362 427
362 436
362 496
362 469
363 388
363 394
363 406
363 489
363 371
363 370
363 428
364 410
364 420
364 422
364 433
364 455
364 458
364 468
364 473
364 446
364 376
364 480
365 471
365 498
365 480
366 494
366 484
366 454
366 497
366 453
367 447
367 367
367 431
367 493
367 381
367 462
368 389
368 430
368 444
368 445
368 448
368 466
368 500
368 464
368 368
369 369
369 411
369 483
370 388
370 394
370 406
370 489
370 421
370 382
370 415
371 388
371 394
371 406
371 459
372 425
372 453
373 393
373 397
373 400
373 404
373 405
373 456
373 469
373 477
373 482
373 440
374 424
374 392
374 496
375 396
375 399
375 408
375 441
375 474
375 415
376 420
376 424
376 455
376 473
376 458
376 410
377 391
377 479
377 475
377 384
378 434
378 442
378 467
378 463
378 416
379 389
379 430
379 440
379 445
379 464
379 379
379 444
380 472
380 382
380 437
380 456
381 415
381 418
381 447
381 495
382 386
382 437
382 382
383 409
383 436
383 392
383 491
383 398
384 391
384 475
384 479
384 384
384 390
384 396
385 425
385 449
385 453
386 406
386 472
386 443
386 386
386 451
387 474
387 441
387 401
387 399
387 408
388 406
388 489
388 394
388 400
389 430
389 445
389 464
389 444
389 440
389 389
389 448
389 468
389 500
390 435
390 426
390 402
390 427
390 390
390 463
390 436
390 405
390 429
391 497
391 475
391 496
391 479
392 427
392 491
392 496
392 404
393 469
393 482
393 397
393 405
393 477
393 404
393 456
393 403
393 400
394 406
394 489
394 407
394 398
395 395
395 485
395 423
395 451
395 429
395 462
395 450
396 401
396 408
396 474
396 486
396 399
397 397
397 477
397 469
397 404
397 456
397 482
398 412
398 439
398 446
398 499
398 414
399 448
399 441
399 408
399 427
399 401
400 405
400 469
400 477
400 404
400 456
400 400
400 436
400 482
401 401
401 408
401 441
401 463
402 428
402 402
402 435
402 436
402 426
402 427
402 412
403 452
403 413
403 432
403 419
403 403
403 476
403 461
403 492
404 404
404 405
404 482
404 469
405 477
405 469
405 456
405 405
405 482
405 476
406 489
406 406
406 445
406 440
406 492
407 409
407 495
408 408
409 409
409 460
409 495
410 420
410 433
410 468
410 422
410 455
410 473
410 410
410 417
410 424
410 458
411 483
411 447
412 446
412 481
412 414
412 442
412 416
412 439
412 478
413 463
413 490
413 492
413 419
413 432
413 452
414 414
414 416
414 499
414 439
414 446
414 482
414 478
414 481
415 418
415 415
415 431
415 493
415 447
416 416
416 499
416 446
416 439
416 463
416 491
416 481
417 470
417 438
417 465
417 421
418 493
418 431
418 418
418 447
419 457
419 476
419 419
419 432
419 454
419 461
419 492
420 486
420 455
420 473
420 458
420 433
420 422
420 424
421 421
421 470
421 465
421 483
421 438
421 459
422 458
422 468
422 424
422 433
422 455
422 473
422 493
423 429
423 485
423 450
423 488
423 462
423 451
424 486
424 424
424 473
424 458
424 443
425 425
425 453
426 428
426 426
426 436
426 427
426 487
426 435
426 479
427 435
427 427
427 428
427 480
427 487
428 487
428 428
428 435
428 436
429 451
429 488
429 485
429 429
429 462
429 450
430 464
430 430
430 448
430 466
430 444
430 500
430 452
431 447
431 493
431 431
431 487
432 479
432 452
432 492
432 461
432 490
432 457
433 486
433 458
433 455
433 467
433 473
434 442
434 467
434 463
435 436
435 487
436 436
436 487
437 472
437 443
437 437
438 465
438 470
439 499
439 439
439 481
439 446
440 448
440 464
440 500
440 466
440 440
441 474
441 441
442 467
442 442
442 457
443 443
443 472
444 444
444 448
444 466
444 464
444 445
445 466
445 448
445 464
446 499
446 456
446 481
447 447
447 493
448 448
448 466
448 464
448 500
449 471
449 449
449 453
450 488
450 451
450 450
450 462
450 485
451 478
451 451
451 488
451 462
452 492
452 476
452 461
452 490
454 494
454 484
455 458
455 473
455 468
455 455
455 486
456 469
456 482
456 477
457 490
457 457
457 461
458 468
458 486
459 470
460 495
461 461
461 490
461 476
461 492
462 488
462 485
463 467
463 463
464 464
464 466
465 484
465 470
467 477
467 467
468 468
468 486
469 482
469 477
471 471
471 480
473 475
473 486
474 474
475 479
475 497
476 476
478 499
478 496
479 497
480 493
480 480
481 499
483 489
484 494
485 485
487 487
490 490
491 496
492 492
496 496
498 498
500 500
