500 5843
1 466
1 180
1 420
1 472
1 248
1 324
1 62
1 46
1 60
1 137
1 217
1 2
1 356
1 1
1 348
1 12
1 432
1 463
1 247
1 260
1 183
1 55
1 69
1 337
1 118
2 447
2 337
2 356
2 432
2 472
2 69
2 420
2 2
2 418
2 55
2 12
2 458
2 62
2 217
2 60
2 348
2 176
2 166
2 260
2 137
2 46
2 180
2 183
2 466
2 435
2 68
3 212
3 69
3 48
3 211
3 222
3 252
3 90
3 209
3 478
3 79
3 218
3 399
3 116
3 398
3 377
3 10
3 281
3 126
3 455
3 191
3 273
3 54
3 102
3 242
4 430
4 174
4 211
4 22
4 251
4 407
4 362
4 265
4 124
4 481
4 339
4 469
4 483
4 456
4 80
4 274
4 275
4 75
4 357
4 135
4 160
4 292
4 38
4 336
5 99
5 257
5 5
5 167
5 118
5 353
5 97
5 92
5 189
5 301
5 127
5 319
5 108
5 363
5 442
5 176
5 263
5 386
5 203
5 187
5 59
5 195
5 196
5 200
5 359
6 382
6 134
6 7
6 30
6 233
6 193
6 14
6 221
6 207
6 459
6 476
6 487
6 152
6 229
6 340
6 237
6 369
6 381
6 146
6 336
6 185
6 349
6 384
6 222
7 371
7 134
7 152
7 86
7 290
7 233
7 207
7 476
7 369
7 237
7 14
7 487
7 221
7 384
7 229
7 30
7 354
7 104
7 141
7 185
7 193
7 340
8 259
8 388
8 396
8 95
8 99
8 51
8 454
8 355
8 477
8 33
8 175
8 113
8 133
8 178
8 98
8 170
8 166
8 287
8 412
8 30
8 25
8 297
8 190
8 93
8 300
8 241
8 102
9 214
9 9
9 19
9 82
9 197
9 246
9 269
9 141
9 244
9 423
9 436
9 280
9 11
9 212
9 390
9 78
9 89
9 267
9 198
9 157
9 417
9 291
9 312
9 448
10 232
10 106
10 242
10 79
10 209
10 478
10 405
10 402
10 252
10 126
10 54
10 281
10 222
10 464
10 102
10 377
10 218
10 145
10 328
10 398
10 90
11 291
11 212
11 499
11 417
11 312
11 423
11 468
11 19
11 244
11 390
11 78
11 240
11 141
11 157
11 269
11 436
11 82
11 265
11 164
11 197
11 214
11 89
11 246
11 440
11 66
12 260
12 60
12 472
12 324
12 46
12 447
12 420
12 458
12 432
12 348
12 418
12 137
12 55
12 466
12 69
12 180
12 63
12 469
12 183
12 337
12 217
12 311
12 13
12 195
13 404
13 72
13 258
13 135
13 136
13 364
13 155
13 103
13 119
13 67
13 111
13 112
13 492
13 109
13 120
13 444
13 488
13 121
13 97
13 315
13 87
13 473
13 250
13 498
13 171
14 336
14 134
14 233
14 354
14 229
14 369
14 221
14 476
14 185
14 340
14 207
14 152
14 487
14 14
14 290
14 360
14 317
14 30
14 459
14 86
14 345
14 349
14 381
14 384
15 393
15 138
15 181
15 208
15 279
15 400
15 15
15 101
15 146
15 289
15 145
15 410
15 302
15 276
15 461
15 326
15 320
15 94
15 61
15 304
15 347
15 449
15 372
15 249
15 307
16 141
16 299
16 154
16 129
16 392
16 452
16 318
16 385
16 358
16 203
16 249
16 408
16 342
16 26
16 254
16 191
16 294
16 36
16 157
16 490
16 406
16 321
16 325
16 70
16 351
16 125
16 118
17 337
17 290
17 264
17 386
17 463
17 422
17 147
17 50
17 328
17 115
17 333
17 288
17 17
17 68
17 305
17 206
17 424
17 91
17 123
17 162
17 39
17 40
17 334
17 479
17 405
18 132
18 261
18 262
18 247
18 389
18 154
18 156
18 494
18 241
18 372
18 341
18 413
18 471
18 383
18 495
18 293
18 380
18 482
18 223
18 429
18 198
18 73
18 497
19 390
19 141
19 312
19 280
19 19
19 327
19 246
19 197
19 214
19 78
19 269
19 423
19 417
19 291
19 157
19 389
19 329
19 436
19 212
19 89
19 499
19 202
19 51
19 239
20 101
20 268
20 427
20 230
20 42
20 437
20 172
20 88
20 360
20 169
20 493
20 440
20 47
20 303
20 350
20 430
20 470
20 179
20 439
20 95
20 435
21 427
21 428
21 323
21 29
21 21
21 104
21 307
21 151
21 199
21 235
21 421
21 382
21 439
21 375
21 53
21 234
21 210
21 71
21 167
21 48
21 306
21 445
21 500
21 123
22 55
22 302
22 434
22 265
22 274
22 275
22 456
22 469
22 283
22 163
22 362
22 251
22 75
22 407
22 339
22 160
22 481
22 495
22 439
22 292
22 336
22 80
22 124
22 229
23 278
23 446
23 498
23 332
23 370
23 228
23 299
23 23
23 49
23 158
23 106
23 41
23 474
23 313
23 216
23 346
23 449
23 267
23 157
23 409
23 295
23 426
24 217
24 395
24 397
24 142
24 272
24 401
24 465
24 24
24 194
24 188
24 329
24 429
24 310
24 45
24 31
24 231
24 277
24 180
24 25
24 32
24 165
24 311
24 412
24 172
24 77
24 207
24 187
25 418
25 259
25 388
25 133
25 396
25 170
25 355
25 95
25 297
25 33
25 74
25 51
25 93
25 25
25 190
25 50
25 191
25 166
25 175
25 454
25 98
25 490
25 113
26 280
26 114
26 129
26 392
26 406
26 452
26 66
26 125
26 26
26 254
26 318
26 358
26 70
26 385
26 294
26 325
26 276
26 130
26 191
26 321
26 342
26 351
26 122
27 490
27 403
27 150
27 300
27 371
27 317
27 412
27 316
27 253
27 298
27 27
27 85
27 255
27 453
27 128
27 117
27 236
27 243
27 68
27 161
27 57
27 448
27 491
27 97
28 403
28 150
28 412
28 300
28 161
28 371
28 63
28 57
28 139
28 489
28 316
28 128
28 448
28 28
28 253
28 317
28 255
28 90
28 313
28 453
28 85
28 236
28 285
29 367
29 153
29 151
29 307
29 306
29 421
29 375
29 29
29 500
29 104
29 65
29 123
29 425
29 457
29 234
29 48
29 333
29 96
29 53
29 445
29 199
29 210
29 107
29 366
29 80
30 199
30 152
30 476
30 384
30 134
30 349
30 193
30 487
30 221
30 354
30 290
30 459
30 86
30 345
30 190
30 124
30 229
30 237
30 257
31 395
31 397
31 142
31 401
31 404
31 277
31 465
31 311
31 329
31 71
31 310
31 431
31 231
31 45
31 272
31 173
31 32
31 60
31 380
31 165
31 232
31 74
31 70
32 397
32 142
32 272
32 401
32 404
32 277
32 431
32 465
32 32
32 329
32 311
32 256
32 232
32 173
32 165
32 229
32 266
32 429
32 45
32 188
32 71
32 500
32 221
33 69
33 259
33 287
33 33
33 190
33 178
33 74
33 98
33 51
33 355
33 99
33 388
33 113
33 133
33 490
33 359
33 111
33 170
33 175
33 93
33 95
33 186
34 400
34 145
34 276
34 279
34 410
34 289
34 181
34 376
34 304
34 461
34 208
34 347
34 202
34 34
34 393
34 72
34 320
34 405
34 116
34 326
34 182
35 411
35 414
35 37
35 322
35 239
35 335
35 368
35 61
35 168
35 450
35 177
35 416
35 451
35 223
35 309
35 52
35 35
35 245
35 146
35 81
35 54
36 103
36 385
36 129
36 392
36 406
36 408
36 70
36 254
36 357
36 318
36 203
36 249
36 191
36 452
36 358
36 66
36 342
36 157
36 362
36 325
36 122
37 494
37 149
37 411
37 285
37 414
37 416
37 239
37 61
37 322
37 450
37 451
37 52
37 335
37 143
37 223
37 81
37 243
37 412
37 89
37 168
37 177
37 308
37 309
37 76
37 224
37 467
37 263
38 468
38 42
38 267
38 265
38 140
38 274
38 275
38 283
38 163
38 292
38 339
38 469
38 211
38 38
38 483
38 124
38 131
38 342
38 75
38 336
38 80
38 481
38 50
39 386
39 264
39 147
39 288
39 162
39 422
39 424
39 463
39 164
39 40
39 479
39 333
39 115
39 206
39 305
39 50
39 44
39 116
39 494
39 182
39 225
40 184
40 361
40 386
40 264
40 147
40 162
40 164
40 463
40 50
40 305
40 288
40 68
40 225
40 334
40 479
40 40
40 205
40 182
40 328
40 206
40 478
41 137
41 394
41 278
41 409
41 158
41 295
41 313
41 332
41 498
41 84
41 446
41 299
41 474
41 216
41 370
41 344
41 106
41 248
41 325
41 426
41 49
41 94
41 228
42 180
42 268
42 169
42 427
42 455
42 435
42 47
42 314
42 360
42 437
42 179
42 42
42 470
42 493
42 440
42 174
42 112
42 350
42 230
43 130
43 391
43 266
43 286
43 159
43 415
43 419
43 224
43 343
43 441
43 114
43 485
43 330
43 186
43 428
43 433
43 43
43 488
43 422
43 204
43 496
43 147
44 434
44 247
44 148
44 386
44 147
44 288
44 333
44 264
44 44
44 424
44 334
44 463
44 162
44 68
44 225
44 182
44 121
44 355
44 305
44 50
44 328
44 206
45 395
45 397
45 272
45 401
45 404
45 277
45 165
45 173
45 431
45 231
45 465
45 329
45 45
45 429
45 212
45 342
45 310
45 232
45 256
45 371
45 216
46 418
46 420
46 55
46 69
46 137
46 62
46 432
46 472
46 348
46 248
46 46
46 217
46 180
46 260
46 65
46 213
46 447
46 324
46 337
46 466
47 287
47 427
47 172
47 174
47 455
47 314
47 230
47 437
47 435
47 47
47 303
47 88
47 360
47 440
47 493
47 346
47 340
47 179
47 443
47 77
47 470
47 350
48 472
48 484
48 151
48 104
48 375
48 500
48 53
48 235
48 48
48 107
48 445
48 382
48 234
48 210
48 366
48 237
48 306
48 199
48 457
48 476
49 278
49 409
49 313
49 446
49 94
49 216
49 449
49 295
49 426
49 228
49 346
49 498
49 158
49 394
49 84
49 344
49 274
49 317
49 370
49 234
49 301
50 347
50 128
50 267
50 134
50 386
50 264
50 147
50 288
50 164
50 422
50 305
50 115
50 182
50 244
50 68
50 328
50 331
50 463
50 225
51 447
51 259
51 388
51 396
51 297
51 175
51 178
51 190
51 99
51 170
51 454
51 287
51 95
51 490
51 93
51 214
51 477
51 355
51 346
51 366
51 469
52 256
52 143
52 282
52 416
52 177
52 308
52 76
52 223
52 450
52 309
52 451
52 239
52 168
52 285
52 243
52 368
52 295
52 324
52 81
53 153
53 421
53 425
53 199
53 382
53 366
53 306
53 235
53 307
53 53
53 375
53 457
53 151
53 439
53 354
53 401
53 65
53 210
53 104
53 234
53 107
53 500
54 271
54 399
54 273
54 402
54 405
54 281
54 398
54 464
54 90
54 126
54 252
54 377
54 238
54 242
54 222
54 478
54 270
54 475
54 102
55 260
55 418
55 180
55 183
55 60
55 356
55 217
55 137
55 69
55 348
55 458
55 248
55 62
55 55
55 324
55 337
55 472
55 251
56 98
56 258
56 135
56 136
56 155
56 184
56 103
56 112
56 109
56 364
56 444
56 111
56 121
56 56
56 315
56 120
56 473
56 117
56 321
56 67
56 87
56 492
56 177
56 274
57 139
57 150
57 161
57 316
57 434
57 57
57 317
57 448
57 85
57 253
57 128
57 453
57 371
57 298
57 489
57 424
57 341
57 491
57 236
57 117
57 255
57 368
57 92
58 465
58 258
58 135
58 136
58 184
58 192
58 364
58 492
58 250
58 120
58 109
58 87
58 315
58 58
58 155
58 444
58 119
58 311
58 138
58 67
58 112
58 227
58 209
59 263
59 301
59 187
59 105
59 363
59 257
59 189
59 195
59 92
59 108
59 200
59 59
59 359
59 127
59 176
59 205
59 429
59 444
59 319
60 260
60 137
60 432
60 337
60 324
60 69
60 420
60 183
60 447
60 62
60 348
60 472
60 217
60 418
60 296
60 170
60 458
60 356
60 248
60 399
61 143
61 282
61 411
61 285
61 414
61 416
61 309
61 223
61 450
61 76
61 239
61 243
61 308
61 149
61 177
61 307
61 380
61 322
61 335
61 368
62 137
62 418
62 183
62 324
62 337
62 69
62 62
62 248
62 180
62 458
62 217
62 432
62 314
62 438
62 447
63 400
63 215
63 403
63 412
63 161
63 298
63 300
63 434
63 316
63 85
63 63
63 253
63 453
63 491
63 150
63 261
63 152
63 489
63 371
64 239
64 387
64 284
64 296
64 148
64 338
64 100
64 219
64 171
64 438
64 367
64 91
64 361
64 220
64 64
64 144
64 462
64 175
64 196
64 460
64 352
64 379
65 112
65 151
65 153
65 421
65 306
65 445
65 199
65 65
65 234
65 107
65 366
65 375
65 457
65 235
65 233
65 251
65 104
65 123
66 413
66 385
66 294
66 191
66 408
66 357
66 358
66 406
66 122
66 203
66 70
66 452
66 342
66 318
66 321
66 392
66 382
66 402
67 258
67 136
67 315
67 444
67 192
67 111
67 120
67 250
67 109
67 67
67 492
67 184
67 121
67 364
67 390
67 419
67 87
67 473
67 296
68 190
68 264
68 162
68 422
68 305
68 182
68 147
68 68
68 164
68 206
68 424
68 331
68 370
68 334
68 105
69 260
69 420
69 432
69 180
69 447
69 356
69 337
69 418
69 69
69 248
69 466
69 472
69 348
70 387
70 385
70 129
70 392
70 406
70 408
70 294
70 191
70 325
70 125
70 249
70 70
70 321
70 365
70 342
70 351
70 122
71 397
71 142
71 272
71 404
71 429
71 310
71 188
71 194
71 277
71 401
71 71
71 465
71 329
71 311
71 173
71 119
71 113
71 232
71 130
72 393
72 138
72 400
72 146
72 276
72 279
72 326
72 289
72 376
72 410
72 461
72 202
72 347
72 72
72 181
72 373
72 364
72 215
73 261
73 389
73 267
73 156
73 293
73 495
73 262
73 132
73 131
73 383
73 482
73 154
73 497
73 201
73 341
73 241
73 73
73 274
73 471
73 372
73 247
73 380
74 188
74 259
74 388
74 133
74 396
74 287
74 170
74 454
74 178
74 74
74 490
74 98
74 355
74 166
74 175
74 236
74 93
74 477
74 99
74 113
74 421
75 140
75 274
75 407
75 283
75 456
75 362
75 83
75 80
75 75
75 339
75 275
75 211
75 124
75 481
75 135
75 298
75 251
75 288
76 466
76 149
76 282
76 411
76 168
76 177
76 322
76 143
76 243
76 335
76 81
76 223
76 309
76 416
76 450
76 122
76 125
76 239
76 224
77 268
77 169
77 427
77 435
77 437
77 440
77 455
77 350
77 110
77 230
77 314
77 470
77 443
77 303
77 430
77 360
77 77
77 493
78 390
78 157
78 417
78 291
78 423
78 436
78 312
78 327
78 244
78 82
78 197
78 240
78 212
78 141
78 78
78 378
78 499
78 426
78 143
78 408
78 459
79 409
79 398
79 271
79 273
79 405
79 252
79 222
79 377
79 90
79 242
79 475
79 116
79 218
79 126
79 402
79 238
79 140
79 473
80 244
80 230
80 265
80 140
80 275
80 160
80 163
80 336
80 251
80 483
80 339
80 274
80 469
80 283
80 306
80 211
80 481
80 362
81 215
81 143
81 149
81 282
81 416
81 168
81 308
81 309
81 450
81 335
81 81
81 285
81 243
81 161
81 97
81 239
81 405
82 269
82 141
82 157
82 417
82 291
82 312
82 327
82 214
82 246
82 240
82 197
82 89
82 212
82 468
82 390
82 274
82 322
82 499
82 244
82 485
83 277
83 150
83 274
83 275
83 407
83 283
83 160
83 163
83 292
83 456
83 339
83 83
83 251
83 469
83 362
83 265
83 144
83 303
83 483
84 278
84 158
84 299
84 313
84 446
84 332
84 498
84 226
84 295
84 106
84 84
84 346
84 474
84 370
84 94
84 320
84 324
84 216
85 412
85 161
85 300
85 434
85 453
85 85
85 317
85 128
85 448
85 150
85 371
85 403
85 316
85 225
85 116
85 236
85 255
86 338
86 134
86 185
86 193
86 340
86 290
86 152
86 345
86 349
86 381
86 233
86 229
86 86
86 476
86 95
86 209
86 369
87 258
87 184
87 315
87 444
87 121
87 111
87 103
87 492
87 87
87 364
87 135
87 120
87 119
87 436
87 146
87 488
87 112
87 250
87 463
88 347
88 268
88 169
88 172
88 430
88 174
88 303
88 437
88 443
88 110
88 88
88 179
88 493
88 230
88 455
88 318
88 296
88 350
88 360
88 364
88 225
89 390
89 269
89 141
89 280
89 417
89 423
89 436
89 312
89 197
89 468
89 212
89 214
89 244
89 246
89 409
89 164
89 240
89 499
89 437
89 185
90 303
90 273
90 402
90 281
90 464
90 475
90 252
90 102
90 271
90 405
90 218
90 238
90 242
90 109
90 470
90 377
90 126
91 247
91 441
91 387
91 270
91 144
91 148
91 284
91 296
91 462
91 367
91 379
91 171
91 245
91 352
91 467
91 480
91 338
91 213
91 224
91 96
91 486
91 422
92 279
92 335
92 391
92 220
92 263
92 167
92 301
92 176
92 442
92 187
92 319
92 196
92 200
92 205
92 92
92 481
92 353
92 108
93 208
93 259
93 133
93 396
93 166
93 297
93 170
93 178
93 454
93 99
93 95
93 190
93 175
93 343
93 499
93 477
93 98
93 110
93 123
94 259
94 394
94 278
94 158
94 295
94 313
94 446
94 449
94 474
94 228
94 216
94 226
94 299
94 370
94 444
94 140
94 106
95 388
95 133
95 396
95 166
95 175
95 190
95 454
95 355
95 477
95 259
95 297
95 178
95 98
95 329
95 294
95 490
95 113
95 198
96 458
96 387
96 270
96 144
96 148
96 438
96 460
96 338
96 467
96 219
96 220
96 352
96 480
96 367
96 462
96 296
96 284
96 246
96 295
96 100
96 361
97 138
97 448
97 476
97 263
97 167
97 301
97 319
97 200
97 205
97 195
97 442
97 196
97 187
97 353
97 118
97 250
97 359
97 363
97 374
98 388
98 133
98 396
98 287
98 166
98 175
98 477
98 454
98 490
98 355
98 99
98 170
98 435
98 489
98 270
99 376
99 259
99 388
99 287
99 166
99 297
99 170
99 175
99 178
99 190
99 477
99 355
99 326
99 226
99 484
100 380
100 144
100 284
100 171
100 467
100 219
100 352
100 480
100 486
100 296
100 460
100 220
100 438
100 361
100 148
100 245
100 201
100 151
100 367
100 379
100 163
101 138
101 400
101 145
101 146
101 276
101 410
101 289
101 181
101 320
101 326
101 461
101 215
101 101
101 304
101 208
101 279
101 205
101 373
101 376
102 481
102 196
102 398
102 399
102 273
102 281
102 209
102 405
102 218
102 252
102 238
102 222
102 126
102 475
102 106
102 242
102 116
103 145
103 258
103 135
103 136
103 184
103 315
103 444
103 192
103 473
103 488
103 250
103 121
103 109
103 112
103 492
103 480
103 111
103 261
103 270
103 271
104 309
104 452
104 151
104 153
104 425
104 307
104 439
104 457
104 210
104 199
104 366
104 107
104 500
104 386
104 461
104 234
104 235
104 382
105 439
105 167
105 301
105 176
105 442
105 187
105 319
105 195
105 189
105 127
105 257
105 263
105 108
105 359
105 374
105 200
105 363
105 277
106 278
106 158
106 426
106 299
106 332
106 474
106 226
106 228
106 446
106 344
106 295
106 216
106 106
106 165
106 487
107 314
107 261
107 151
107 153
107 445
107 457
107 235
107 500
107 366
107 199
107 375
107 382
107 107
107 406
107 123
108 471
108 213
108 191
108 339
108 257
108 263
108 167
108 319
108 200
108 205
108 359
108 374
108 118
108 176
108 181
108 256
108 127
109 258
109 135
109 136
109 184
109 444
109 192
109 473
109 364
109 488
109 111
109 155
109 121
109 315
109 341
109 123
109 120
110 268
110 169
110 427
110 172
110 430
110 174
110 303
110 435
110 440
110 314
110 443
110 230
110 110
110 437
110 455
110 479
111 165
111 135
111 184
111 488
111 492
111 121
111 258
111 136
111 112
111 364
111 315
111 395
111 380
111 119
111 295
111 338
111 265
112 465
112 135
112 155
112 184
112 315
112 192
112 250
112 120
112 444
112 488
112 492
112 222
112 119
112 385
112 129
112 209
113 133
113 166
113 297
113 178
113 454
113 355
113 113
113 190
113 490
113 259
113 170
113 114
113 318
113 411
113 152
114 446
114 266
114 286
114 159
114 419
114 428
114 433
114 441
114 186
114 323
114 227
114 484
114 485
114 496
114 391
114 213
114 212
115 499
115 344
115 386
115 264
115 147
115 288
115 162
115 422
115 424
115 182
115 328
115 334
115 305
115 333
115 331
115 197
115 320
116 378
116 339
116 398
116 271
116 402
116 281
116 464
116 209
116 242
116 222
116 116
116 150
116 299
116 377
116 252
116 126
117 139
117 403
117 150
117 300
117 434
117 316
117 448
117 489
117 491
117 161
117 453
117 298
117 371
117 128
117 412
117 236
117 175
117 163
117 192
118 428
118 257
118 263
118 167
118 176
118 442
118 187
118 189
118 195
118 196
118 205
118 363
118 319
118 353
118 374
119 350
119 155
119 184
119 192
119 473
119 488
119 492
119 364
119 120
119 135
119 250
119 258
119 402
119 188
120 258
120 136
120 155
120 184
120 315
120 192
120 473
120 488
120 492
120 121
120 427
120 386
120 250
121 258
121 135
121 136
121 155
121 184
121 488
121 492
121 364
121 250
121 315
121 291
121 325
121 365
122 385
122 129
122 392
122 408
122 321
122 342
122 351
122 249
122 203
122 325
122 358
122 191
122 125
122 274
122 136
122 384
123 153
123 421
123 425
123 234
123 235
123 375
123 366
123 151
123 382
123 199
123 457
123 306
123 123
123 162
124 455
124 265
124 140
124 275
124 407
124 283
124 292
124 456
124 481
124 362
124 211
124 251
124 483
124 339
124 269
124 174
125 385
125 129
125 392
125 408
125 318
125 321
125 452
125 351
125 358
125 125
125 249
125 254
125 439
125 393
125 457
125 237
125 126
126 312
126 444
126 176
126 271
126 402
126 281
126 464
126 218
126 222
126 478
126 242
126 365
127 257
127 263
127 301
127 176
127 187
127 189
127 196
127 359
127 363
127 374
127 205
127 442
127 167
127 353
127 275
127 341
128 403
128 150
128 412
128 298
128 317
128 448
128 453
128 236
128 253
128 255
128 161
128 300
128 491
128 498
128 370
128 182
129 385
129 358
129 357
129 129
129 318
129 254
129 191
129 351
129 392
129 452
129 294
129 188
129 406
129 408
129 325
129 203
130 297
130 419
130 428
130 433
130 391
130 415
130 330
130 286
130 204
130 365
130 323
130 378
130 186
130 130
130 213
130 485
130 332
130 159
130 441
130 224
130 227
130 379
131 156
131 247
131 201
131 495
131 383
131 413
131 267
131 497
131 132
131 198
131 494
131 380
131 471
131 389
131 341
131 261
131 482
131 372
131 222
131 466
131 154
131 293
131 450
131 319
132 142
132 241
132 497
132 201
132 132
132 413
132 267
132 156
132 495
132 247
132 262
132 494
132 198
132 154
132 471
132 425
132 486
132 261
132 389
132 293
132 383
132 343
133 388
133 287
133 170
133 259
133 175
133 166
133 396
133 490
133 190
133 454
133 355
133 297
133 213
133 310
133 178
133 477
133 196
134 226
134 354
134 381
134 185
134 207
134 221
134 384
134 134
134 233
134 369
134 345
134 229
134 349
134 457
134 152
134 193
134 237
134 301
135 258
135 488
135 473
135 192
135 315
135 184
135 155
135 135
135 136
135 156
135 290
135 492
135 250
135 313
135 153
135 233
136 155
136 250
136 492
136 258
136 136
136 315
136 184
136 473
136 306
136 145
136 444
136 488
136 411
137 260
137 337
137 418
137 466
137 137
137 183
137 356
137 472
137 447
137 217
137 248
137 324
137 458
137 471
137 297
138 393
138 410
138 146
138 347
138 326
138 215
138 304
138 202
138 208
138 400
138 279
138 181
138 320
138 376
138 145
138 470
138 289
138 302
139 300
139 403
139 316
139 412
139 236
139 448
139 255
139 139
139 434
139 298
139 253
139 317
139 489
139 161
139 491
139 244
139 325
139 150
139 473
139 365
140 255
140 321
140 421
140 407
140 163
140 274
140 456
140 160
140 265
140 469
140 211
140 140
140 397
140 186
140 275
140 283
140 336
140 251
141 390
141 417
141 157
141 212
141 240
141 291
141 468
141 141
141 197
141 423
141 244
141 499
141 453
141 436
141 327
141 246
141 176
142 395
142 311
142 272
142 173
142 188
142 401
142 465
142 397
142 277
142 329
142 194
142 404
142 310
142 231
142 418
142 165
142 429
142 431
142 410
142 242
143 403
143 169
143 416
143 368
143 335
143 177
143 411
143 308
143 239
143 149
143 451
143 243
143 285
143 223
143 450
143 380
143 168
143 309
143 322
143 323
143 328
144 474
144 270
144 352
144 480
144 144
144 171
144 361
144 148
144 460
144 387
144 220
144 462
144 219
144 245
144 456
144 464
144 284
144 296
144 438
144 338
145 393
145 347
145 276
145 400
145 461
145 410
145 181
145 376
145 208
145 146
145 320
145 304
145 202
145 289
145 246
145 279
145 215
145 373
145 325
146 393
146 208
146 326
146 461
146 276
146 320
146 400
146 215
146 373
146 202
146 410
146 279
146 302
146 377
146 288
146 289
146 181
146 347
146 308
146 386
147 331
147 479
147 328
147 463
147 182
147 147
147 305
147 386
147 225
147 334
147 164
147 279
147 162
147 422
147 424
148 304
148 387
148 270
148 245
148 352
148 284
148 379
148 296
148 467
148 148
148 361
148 486
148 171
148 460
148 355
148 462
148 367
149 411
149 243
149 149
149 309
149 451
149 239
149 282
149 285
149 223
149 368
149 335
149 322
149 308
149 263
149 192
149 414
149 416
149 168
149 354
149 384
150 403
150 317
150 371
150 298
150 253
150 300
150 489
150 316
150 161
150 150
150 448
150 459
150 412
150 434
150 236
151 151
151 235
151 500
151 375
151 306
151 457
151 445
151 421
151 199
151 382
151 425
151 178
151 416
151 307
151 439
152 354
152 237
152 152
152 290
152 476
152 207
152 369
152 193
152 229
152 459
152 185
152 418
152 345
152 221
152 487
152 233
152 384
153 439
153 306
153 500
153 210
153 234
153 382
153 199
153 366
153 425
153 153
153 421
153 247
153 457
153 235
153 334
154 262
154 389
154 267
154 201
154 495
154 261
154 241
154 247
154 372
154 494
154 156
154 482
154 198
154 380
154 413
154 277
154 293
154 341
155 440
155 258
155 192
155 250
155 364
155 444
155 473
155 155
155 184
155 376
155 174
155 315
155 492
155 445
156 493
156 156
156 380
156 262
156 201
156 247
156 341
156 413
156 383
156 495
156 494
156 423
156 324
156 293
156 198
156 482
157 269
157 280
157 291
157 436
157 327
157 423
157 499
157 244
157 246
157 197
157 214
157 417
157 255
157 485
157 312
157 468
157 212
158 269
158 394
158 409
158 226
158 449
158 370
158 344
158 346
158 313
158 299
158 216
158 228
158 474
158 334
158 160
158 295
158 426
158 446
158 332
158 498
159 315
159 391
159 266
159 286
159 484
159 213
159 496
159 419
159 433
159 428
159 330
159 204
159 323
159 186
159 485
159 287
159 490
159 415
159 227
159 378
160 327
160 491
160 265
160 407
160 283
160 292
160 160
160 274
160 362
160 163
160 251
160 315
160 386
160 456
160 339
160 211
160 469
160 483
160 271
161 277
161 253
161 161
161 403
161 491
161 255
161 448
161 298
161 434
161 453
161 303
161 259
161 300
161 489
161 371
161 350
162 264
162 422
162 182
162 333
162 331
162 206
162 225
162 463
162 424
162 164
162 386
162 334
162 471
162 305
162 328
163 423
163 283
163 456
163 274
163 469
163 481
163 163
163 336
163 275
163 292
163 364
163 339
163 211
163 483
164 486
164 203
164 288
164 225
164 479
164 463
164 206
164 333
164 164
164 424
164 334
164 278
164 481
164 422
164 331
165 458
165 466
165 395
165 397
165 404
165 277
165 431
165 188
165 165
165 272
165 256
165 194
165 214
165 173
165 310
165 311
165 465
165 232
166 276
166 259
166 287
166 490
166 477
166 190
166 166
166 178
166 286
166 271
166 297
166 170
166 454
166 424
166 281
167 217
167 275
167 257
167 263
167 195
167 205
167 200
167 353
167 319
167 301
167 363
167 356
167 488
167 176
167 196
167 359
167 374
168 282
168 414
168 416
168 243
168 285
168 411
168 368
168 308
168 322
168 168
168 223
168 191
168 358
168 309
168 239
169 272
169 443
169 172
169 437
169 169
169 360
169 268
169 430
169 314
169 455
169 174
169 427
169 212
169 179
169 470
169 350
169 245
170 259
170 396
170 287
170 297
170 388
170 170
170 477
170 490
170 207
170 189
170 175
170 178
170 190
170 454
170 179
170 475
171 270
171 284
171 296
171 387
171 460
171 220
171 219
171 438
171 171
171 486
171 367
171 480
171 361
171 462
171 473
171 467
171 352
172 244
172 268
172 314
172 350
172 455
172 470
172 174
172 179
172 427
172 435
172 360
172 172
172 206
172 303
172 443
172 230
173 395
173 397
173 272
173 404
173 429
173 173
173 310
173 311
173 401
173 277
173 232
173 465
173 494
173 289
173 194
173 460
174 490
174 268
174 427
174 314
174 443
174 350
174 179
174 440
174 435
174 230
174 174
174 272
174 470
174 360
174 493
174 378
175 431
175 259
175 388
175 396
175 287
175 477
175 454
175 355
175 190
175 253
175 186
175 178
176 329
176 493
176 278
176 293
176 307
176 374
176 176
176 353
176 196
176 189
176 442
176 200
177 181
177 453
177 282
177 411
177 285
177 414
177 416
177 368
177 308
177 243
177 309
177 450
177 223
177 227
177 451
178 259
178 287
178 297
178 355
178 388
178 396
178 190
178 490
178 237
178 262
178 454
178 477
179 289
179 268
179 427
179 303
179 435
179 314
179 230
179 455
179 443
179 440
179 360
179 430
179 426
179 437
179 493
179 216
179 399
180 260
180 418
180 420
180 432
180 180
180 348
180 248
180 324
180 356
180 458
180 447
180 373
180 466
180 472
180 217
180 369
181 393
181 400
181 279
181 410
181 302
181 215
181 461
181 289
181 320
181 202
181 208
181 276
181 371
182 386
182 264
182 424
182 334
182 288
182 182
182 422
182 225
182 333
182 331
182 463
182 206
183 418
183 420
183 356
183 217
183 348
183 183
183 432
183 466
183 324
183 447
183 337
183 198
183 439
184 258
184 315
184 364
184 488
184 473
184 455
184 192
185 369
185 384
185 476
185 354
185 207
185 221
185 381
185 349
185 290
185 340
185 233
185 487
185 317
185 459
185 345
185 229
186 391
186 266
186 415
186 419
186 428
186 186
186 286
186 343
186 496
186 484
186 378
186 323
186 347
186 204
186 213
186 224
186 377
187 257
187 263
187 301
187 189
187 196
187 359
187 205
187 319
187 200
187 195
187 442
187 374
187 464
187 353
188 395
188 272
188 311
188 310
188 277
188 329
188 429
188 256
188 232
188 231
188 188
188 401
188 362
188 357
188 363
189 317
189 250
189 204
189 257
189 263
189 301
189 442
189 205
189 196
189 374
189 359
189 210
189 370
189 319
189 200
189 363
190 327
190 388
190 396
190 287
190 297
190 190
190 254
190 355
190 199
191 385
191 392
191 406
191 318
191 294
191 249
191 321
191 351
191 203
191 357
191 452
191 252
191 254
192 316
192 258
192 315
192 192
192 364
192 444
192 473
192 494
192 492
192 250
193 439
193 193
193 345
193 207
193 381
193 237
193 476
193 459
193 349
193 354
193 340
193 417
193 468
193 221
193 229
194 395
194 272
194 401
194 277
194 429
194 431
194 194
194 231
194 232
194 310
194 397
194 256
194 442
194 224
194 352
195 318
195 207
195 257
195 263
195 195
195 205
195 353
195 442
195 363
195 374
195 359
195 351
195 196
195 200
196 257
196 301
196 442
196 319
196 200
196 263
196 353
196 359
196 205
197 390
197 269
197 280
197 417
197 291
197 423
197 468
197 246
197 499
197 327
197 312
197 240
197 331
197 406
197 212
197 361
198 262
198 413
198 241
198 494
198 293
198 261
198 389
198 201
198 341
198 482
198 497
198 402
198 471
198 383
199 499
199 421
199 425
199 307
199 445
199 375
199 234
199 306
199 500
199 439
199 235
199 487
200 300
200 257
200 301
200 319
200 353
200 374
200 363
200 499
200 231
201 228
201 261
201 262
201 389
201 413
201 293
201 341
201 497
201 471
201 494
201 201
201 267
201 303
201 214
201 482
201 372
201 247
201 398
202 393
202 400
202 276
202 279
202 302
202 304
202 373
202 289
202 202
202 410
202 376
202 256
202 208
203 392
203 408
203 294
203 452
203 385
203 357
203 203
203 254
203 321
203 249
203 358
203 406
203 478
204 256
204 286
204 323
204 330
204 428
204 433
204 419
204 496
204 485
204 343
204 484
204 227
204 378
204 266
204 212
204 213
205 257
205 301
205 442
205 319
205 263
205 359
205 417
205 370
206 417
206 386
206 422
206 305
206 328
206 333
206 334
206 424
206 264
206 357
206 390
206 479
207 309
207 290
207 459
207 340
207 381
207 476
207 349
207 487
207 207
207 221
207 354
207 237
207 384
208 393
208 400
208 279
208 289
208 304
208 326
208 320
208 276
208 347
208 410
208 376
208 442
208 215
209 332
209 398
209 271
209 399
209 273
209 238
209 218
209 402
209 464
209 377
209 222
209 209
209 475
209 242
209 252
210 421
210 425
210 306
210 445
210 307
210 234
210 375
210 439
210 500
210 210
210 382
210 402
210 484
211 358
211 265
211 407
211 283
211 292
211 481
211 275
211 336
211 362
211 211
211 300
211 483
211 251
212 390
212 269
212 417
212 291
212 423
212 312
212 327
212 436
212 240
212 342
212 214
213 435
213 391
213 415
213 419
213 441
213 323
213 378
213 496
213 266
213 227
213 433
213 330
213 340
213 343
213 484
213 365
213 357
214 390
214 280
214 417
214 291
214 423
214 327
214 468
214 436
214 499
214 312
214 244
214 246
214 396
214 278
215 276
215 304
215 461
215 376
215 289
215 400
215 410
215 320
215 326
215 373
215 302
215 347
215 355
215 295
216 420
216 394
216 278
216 426
216 299
216 313
216 446
216 449
216 344
216 332
216 346
216 216
216 228
217 260
217 432
217 458
217 337
217 356
217 418
217 420
217 472
217 482
217 479
218 356
218 268
218 274
218 349
218 271
218 399
218 273
218 281
218 242
218 475
218 218
218 464
218 466
218 432
218 222
218 238
218 377
219 270
219 284
219 438
219 460
219 462
219 338
219 379
219 467
219 220
219 245
219 480
219 296
219 486
219 266
219 297
220 270
220 438
220 462
220 338
220 467
220 379
220 387
220 296
220 220
220 367
220 480
220 486
220 402
220 352
220 245
220 288
220 353
221 488
221 290
221 476
221 381
221 221
221 369
221 233
221 237
221 236
221 354
221 384
222 360
222 398
222 271
222 399
222 273
222 281
222 475
222 238
222 402
222 460
222 478
223 411
223 414
223 450
223 335
223 285
223 223
223 322
223 475
223 290
224 326
224 391
224 286
224 419
224 441
224 343
224 365
224 484
224 496
224 428
224 227
224 485
224 330
224 378
225 386
225 288
225 422
225 424
225 479
225 328
225 225
225 333
225 388
226 355
226 394
226 278
226 409
226 295
226 299
226 313
226 332
226 474
226 346
226 449
226 226
226 344
226 370
226 471
227 391
227 266
227 286
227 415
227 419
227 441
227 323
227 485
227 365
227 343
227 433
227 340
227 484
227 351
228 394
228 278
228 409
228 295
228 426
228 332
228 344
228 313
228 228
228 449
228 433
229 290
229 237
229 476
229 459
229 233
229 381
229 384
229 340
229 393
229 487
230 427
230 430
230 350
230 314
230 440
230 455
230 493
230 230
230 419
231 468
231 395
231 397
231 272
231 404
231 277
231 310
231 311
231 465
231 401
231 256
231 231
231 398
231 392
232 395
232 272
232 401
232 277
232 429
232 465
232 397
232 431
232 404
232 329
232 451
232 452
232 422
233 290
233 349
233 354
233 487
233 381
233 459
233 233
233 316
233 237
233 369
234 421
234 425
234 307
234 439
234 445
234 457
234 234
234 338
234 235
235 401
235 330
235 421
235 306
235 439
235 235
235 293
235 464
235 366
235 500
236 412
236 434
236 316
236 317
236 448
236 489
236 491
236 236
236 300
236 429
236 487
236 253
236 255
236 409
237 290
237 459
237 345
237 476
237 354
237 487
237 434
237 369
238 480
238 425
238 398
238 271
238 399
238 273
238 402
238 405
238 475
238 478
238 238
238 492
238 252
239 443
239 282
239 411
239 285
239 414
239 308
239 322
239 450
239 335
240 390
240 269
240 291
240 436
240 327
240 468
240 312
240 240
240 244
240 246
240 426
240 439
240 398
241 261
241 267
241 413
241 494
241 495
241 482
241 341
241 293
241 247
241 380
241 241
241 497
241 403
241 372
241 383
242 398
242 271
242 399
242 405
242 281
242 475
242 478
242 377
242 448
243 282
243 285
243 414
243 309
243 450
243 368
243 243
243 264
243 445
243 294
244 390
244 269
244 280
244 291
244 423
244 312
244 499
244 436
244 468
245 387
245 270
245 284
245 460
245 361
245 338
245 352
245 296
245 462
245 467
245 367
245 340
245 379
245 263
246 390
246 269
246 417
246 423
246 312
246 327
246 499
246 468
246 258
246 475
246 286
247 261
247 262
247 389
247 267
247 413
247 293
247 341
247 482
247 372
247 354
248 260
248 418
248 420
248 432
248 458
248 348
248 356
248 466
248 472
248 447
248 363
248 444
248 395
249 324
249 488
249 346
249 414
249 385
249 392
249 406
249 408
249 318
249 321
249 351
249 249
250 258
250 444
250 473
250 488
250 492
250 381
250 442
251 429
251 265
251 274
251 275
251 336
251 362
251 456
251 283
251 251
252 398
252 402
252 405
252 281
252 478
252 464
252 377
252 399
252 395
252 371
253 412
253 300
253 316
253 453
253 489
253 298
253 371
253 448
253 257
253 303
253 456
254 385
254 406
254 408
254 294
254 318
254 452
254 358
254 254
254 351
254 284
254 348
255 434
255 316
255 489
255 491
255 371
255 255
255 448
255 317
255 455
255 268
255 321
256 395
256 397
256 272
256 401
256 404
256 277
256 429
256 310
256 311
256 465
256 256
257 431
257 334
257 319
257 374
257 353
257 442
257 337
257 263
257 301
257 363
258 488
258 315
258 473
258 267
258 336
258 444
258 364
258 292
259 490
259 287
259 259
259 355
259 477
259 388
259 465
259 454
259 325
260 458
260 356
260 466
260 260
260 420
260 418
260 348
260 428
260 398
260 432
260 337
260 343
261 372
261 494
261 413
261 482
261 293
261 471
261 389
261 267
261 383
261 341
261 262
261 495
262 482
262 372
262 494
262 495
262 413
262 497
262 389
262 267
262 341
262 471
262 403
262 304
262 293
262 383
262 381
263 407
263 301
263 363
263 359
263 374
263 319
263 353
264 392
264 294
264 386
264 305
264 479
264 331
264 463
264 424
264 264
264 324
264 288
264 328
264 333
264 334
265 275
265 265
265 339
265 456
265 362
265 481
265 292
265 407
265 495
265 336
265 483
266 419
266 391
266 485
266 433
266 378
266 484
266 415
266 286
266 365
266 266
266 496
266 356
266 492
266 428
266 323
266 330
266 343
266 464
267 418
267 389
267 413
267 341
267 471
267 497
267 383
267 482
267 494
267 495
267 282
268 350
268 437
268 360
268 303
268 440
268 455
268 443
268 430
268 435
268 314
268 427
268 470
268 368
269 280
269 390
269 468
269 436
269 499
269 417
269 269
269 355
269 291
269 423
269 312
269 420
269 335
270 367
270 338
270 438
270 462
270 480
270 387
270 296
270 379
270 460
270 284
270 467
270 352
271 477
271 370
271 464
271 475
271 405
271 271
271 273
271 399
271 478
272 395
272 329
272 277
272 431
272 397
272 311
272 429
272 422
272 401
272 404
272 465
273 485
273 398
273 399
273 402
273 377
273 475
273 273
273 459
273 306
273 405
273 281
274 292
274 274
274 481
274 469
274 283
274 362
274 275
274 456
274 336
274 483
275 432
275 336
275 275
275 456
275 407
275 283
275 362
275 433
275 292
275 339
275 481
275 483
276 400
276 302
276 461
276 276
276 410
276 373
276 279
276 393
276 289
276 496
276 304
276 376
277 395
277 397
277 401
277 404
277 329
277 310
277 465
277 311
277 429
277 431
278 477
278 299
278 394
278 370
278 409
278 332
278 449
278 313
278 366
278 295
278 344
278 478
279 393
279 289
279 461
279 279
279 302
279 376
279 326
279 380
279 373
279 290
279 340
280 390
280 280
280 436
280 423
280 417
280 327
280 312
280 468
280 499
280 399
281 398
281 399
281 405
281 377
281 478
281 281
282 341
282 451
282 309
282 285
282 416
282 368
282 322
282 335
282 450
282 360
282 411
282 414
283 393
283 407
283 339
283 362
283 483
283 336
283 292
283 306
283 384
283 469
284 433
284 387
284 480
284 460
284 438
284 361
284 379
284 462
284 296
284 286
284 493
285 373
285 411
285 368
285 335
285 308
285 322
285 451
285 285
285 414
285 303
285 309
285 450
285 415
285 382
286 397
286 391
286 484
286 343
286 330
286 496
286 433
286 428
286 485
286 389
286 415
286 419
286 441
287 388
287 490
287 287
287 355
287 477
287 449
287 297
287 454
288 386
288 328
288 288
288 331
288 479
288 334
288 305
288 422
288 424
288 333
289 393
289 400
289 410
289 347
289 302
289 289
289 320
289 457
289 304
289 326
289 373
289 376
289 492
289 322
289 464
290 473
290 340
290 459
290 290
290 369
290 345
290 476
290 349
291 417
291 423
291 436
291 468
291 390
291 297
291 336
292 438
292 469
292 339
292 407
292 481
292 456
292 396
292 336
293 492
293 497
293 389
293 341
293 482
293 293
293 495
293 464
293 494
293 372
293 296
293 480
294 486
294 406
294 408
294 318
294 294
294 358
294 392
294 357
294 452
294 325
294 351
295 394
295 446
295 295
295 346
295 409
295 332
295 426
295 313
295 498
295 370
295 449
295 344
296 387
296 467
296 379
296 486
296 338
296 361
296 438
296 480
296 352
296 460
297 388
297 396
297 355
297 297
297 454
297 477
297 490
297 389
298 403
298 412
298 317
298 316
298 453
298 489
298 491
298 434
298 298
298 371
298 448
298 437
298 357
299 348
299 409
299 394
299 344
299 299
299 498
299 474
299 426
299 370
299 324
299 446
299 449
299 332
299 460
300 403
300 412
300 434
300 491
300 448
300 489
300 300
300 317
300 316
300 371
301 442
301 301
301 359
301 319
301 353
301 363
302 393
302 400
302 410
302 373
302 304
302 461
302 302
302 326
302 376
302 428
302 320
302 347
303 427
303 303
303 455
303 493
303 314
303 360
303 435
303 430
303 366
303 440
303 443
303 330
304 393
304 410
304 347
304 376
304 461
304 320
304 304
304 326
304 418
304 373
304 481
305 422
305 479
305 328
305 331
305 386
305 333
305 424
305 346
305 350
305 463
306 425
306 306
306 445
306 366
306 382
306 500
306 421
306 439
306 337
306 378
307 423
307 364
307 391
307 425
307 445
307 375
307 382
307 439
307 421
307 500
307 366
308 411
308 414
308 416
308 335
308 451
308 322
308 308
308 309
308 421
308 450
309 411
309 414
309 416
309 451
309 335
309 322
309 450
309 368
310 397
310 401
310 404
310 429
310 431
310 310
310 311
310 497
310 417
310 329
310 416
310 333
311 397
311 401
311 404
311 429
311 431
311 395
311 390
312 390
312 423
312 468
312 499
312 436
312 312
312 327
312 495
312 362
313 394
313 426
313 474
313 498
313 313
313 344
313 397
313 332
314 376
314 430
314 435
314 440
314 350
314 314
314 443
314 367
314 455
314 366
315 491
315 364
315 492
315 473
315 334
315 444
316 403
316 434
316 489
316 448
316 317
316 316
316 453
316 491
316 437
316 438
317 403
317 412
317 434
317 489
317 317
317 448
317 491
317 477
317 371
318 406
318 408
318 342
318 351
318 357
318 318
318 398
318 325
318 358
319 442
319 374
319 353
319 337
320 393
320 400
320 410
320 326
320 347
320 320
320 373
320 387
320 357
320 500
321 385
321 408
321 342
321 452
321 358
321 357
321 392
321 351
321 321
321 325
322 411
322 414
322 416
322 450
322 368
322 339
322 335
323 391
323 433
323 485
323 419
323 343
323 428
323 378
323 330
323 484
323 441
323 365
324 420
324 447
324 466
324 337
324 432
324 458
324 324
324 472
324 400
324 356
325 385
325 392
325 406
325 452
325 325
325 357
325 351
326 393
326 400
326 410
326 347
326 326
326 486
326 461
326 373
327 423
327 436
327 468
327 417
327 390
327 499
328 422
328 386
328 331
328 328
328 333
328 479
328 404
328 374
329 395
329 397
329 401
329 429
329 431
329 329
329 498
330 415
330 433
330 378
330 485
330 428
330 441
330 365
330 343
330 484
330 330
330 496
331 396
331 406
331 425
331 424
331 386
331 333
331 422
331 405
331 344
331 463
332 426
332 449
332 446
332 344
332 498
332 409
332 474
332 394
332 368
332 346
332 370
333 336
333 386
333 463
333 333
333 373
334 367
334 386
334 422
334 424
334 463
334 479
335 497
335 414
335 451
335 411
335 368
336 450
336 362
336 339
336 481
336 483
337 418
337 420
337 447
337 348
337 472
337 494
337 356
337 410
337 419
338 387
338 438
338 462
338 361
338 338
338 367
338 486
338 352
338 379
338 460
338 467
338 480
339 433
339 342
339 407
339 456
339 483
340 459
340 354
340 381
340 476
340 487
340 345
340 379
340 349
340 369
341 413
341 389
341 482
341 497
341 394
341 372
341 380
341 383
342 406
342 452
342 351
342 408
342 357
342 358
342 342
342 420
342 475
343 428
343 441
343 415
343 365
343 391
343 419
343 485
343 378
343 496
344 394
344 409
344 426
344 446
344 346
344 498
344 474
344 344
345 461
345 345
345 381
345 384
345 354
345 369
345 487
345 442
345 483
345 476
346 394
346 409
346 426
346 449
346 446
346 346
346 370
346 474
347 410
347 400
347 393
347 347
347 373
347 467
348 420
348 466
348 348
348 447
348 472
348 419
348 356
349 459
349 381
349 384
349 476
349 487
349 349
349 470
350 427
350 430
350 435
350 440
350 443
350 455
350 470
350 360
351 385
351 357
351 351
351 406
351 424
352 438
352 467
352 486
352 367
352 379
352 460
352 352
353 387
353 442
353 374
353 353
353 359
353 394
353 363
354 483
354 459
354 384
354 381
354 487
354 369
355 396
355 490
356 418
356 432
356 447
356 420
356 466
356 478
356 441
357 432
357 462
357 385
357 392
357 408
357 358
358 447
358 385
358 392
358 406
358 452
358 364
358 386
359 363
359 442
359 359
359 379
360 427
360 430
360 437
360 443
360 455
360 470
360 436
360 493
361 387
361 438
361 460
361 462
361 467
361 480
361 486
361 379
362 481
362 483
362 410
363 363
363 381
363 374
364 444
364 488
364 473
364 492
365 391
365 415
365 419
365 428
365 433
365 441
365 365
365 484
365 496
366 495
366 425
366 445
366 457
366 382
366 375
366 500
367 390
367 444
367 389
367 460
367 486
367 462
367 467
367 379
367 445
368 411
368 416
368 450
368 368
369 459
369 384
369 381
369 476
369 442
370 396
370 394
370 474
370 409
370 449
370 446
371 412
371 489
371 371
371 448
371 453
371 434
371 383
372 389
372 494
372 495
372 380
372 383
372 413
372 497
372 452
373 393
373 400
373 461
373 473
373 379
373 469
374 442
374 374
374 457
375 445
375 500
375 382
375 439
375 457
375 421
375 386
375 485
376 393
376 400
376 461
376 376
377 399
377 405
377 475
377 478
377 402
377 464
377 443
378 391
378 415
378 428
378 433
378 484
378 441
378 485
379 460
379 480
379 379
380 389
380 471
380 494
380 497
380 380
380 495
380 435
380 383
381 476
381 459
381 445
382 451
382 445
382 421
382 500
383 413
383 482
383 471
383 389
383 495
383 449
384 487
384 459
384 476
385 489
385 406
385 408
385 392
385 488
386 412
386 463
386 424
386 422
386 479
387 438
387 467
387 462
387 387
387 460
387 486
387 480
388 490
388 388
388 454
388 396
388 450
388 390
389 494
389 389
389 495
389 413
389 482
389 471
389 497
389 415
390 390
390 417
390 468
390 499
390 423
390 465
390 436
390 496
391 413
391 496
391 419
391 441
391 484
391 433
391 428
391 415
391 485
392 452
392 392
392 406
393 461
393 400
393 446
394 426
394 394
394 498
394 449
394 474
394 446
394 481
394 464
394 409
395 404
395 431
395 397
395 429
395 401
395 478
396 396
396 490
396 454
396 477
397 465
397 401
397 404
397 431
397 438
398 464
398 475
398 478
398 399
398 405
399 478
399 405
399 464
399 475
399 402
400 410
400 412
401 431
401 404
401 465
401 416
402 462
402 475
402 464
402 402
402 432
402 405
402 478
403 403
403 489
403 448
403 412
403 453
403 491
403 497
403 434
403 456
404 429
404 404
404 431
405 405
405 464
406 408
406 452
406 479
407 483
407 481
407 456
407 407
407 469
407 420
407 463
408 408
408 452
408 496
409 409
409 474
409 449
409 426
409 446
410 461
410 410
411 414
411 416
411 451
411 450
412 491
412 453
412 434
412 448
412 483
413 495
413 482
413 413
413 471
414 416
414 451
414 446
415 485
415 419
415 428
415 441
415 433
415 484
416 451
416 416
417 468
417 436
417 435
418 418
418 420
418 466
418 432
418 447
418 458
419 441
419 433
419 476
419 428
419 484
419 485
420 447
420 466
420 472
420 420
420 458
421 421
421 439
421 445
421 500
421 457
421 425
422 479
422 424
422 463
423 436
423 468
424 463
424 479
424 491
425 439
425 445
425 425
425 457
426 498
426 449
426 446
426 474
426 442
427 455
427 437
427 435
427 443
427 470
427 427
427 430
427 440
427 493
428 433
428 441
428 484
428 496
429 465
429 429
429 440
429 431
429 494
430 437
430 493
430 430
430 435
430 470
430 455
430 440
430 432
430 443
431 431
431 465
431 482
431 457
432 436
432 466
432 432
432 447
432 458
432 472
433 441
433 484
433 496
434 434
434 489
434 453
434 448
435 461
435 455
435 437
435 470
435 493
436 436
436 499
436 448
437 440
437 443
437 437
437 493
437 470
438 453
438 467
438 462
438 486
438 480
439 500
439 439
439 457
440 455
440 470
440 493
441 496
441 485
441 441
442 442
442 475
443 455
443 493
443 470
443 465
444 492
444 473
444 444
444 488
445 445
445 457
446 474
446 449
446 446
446 489
446 498
447 466
447 472
447 447
447 458
448 491
448 453
448 489
448 497
449 498
449 449
449 468
450 450
450 451
451 451
451 469
453 453
453 491
454 490
454 498
454 488
454 455
455 455
455 493
456 481
456 456
456 469
457 457
457 500
458 466
458 458
458 472
459 459
459 476
459 487
459 465
460 460
460 467
460 462
460 480
460 486
461 461
461 498
462 462
462 467
462 486
464 464
464 475
466 466
466 472
466 470
467 467
467 486
467 480
468 468
468 499
469 481
469 483
469 469
470 493
470 470
471 471
471 495
471 482
471 497
472 472
472 488
473 488
474 498
474 474
475 478
476 487
477 490
477 477
479 496
479 495
481 483
482 495
482 497
483 483
484 496
485 496
488 492
489 491
491 491
494 497
495 495
497 497
