500 5842
1 129
1 406
1 105
1 114
1 42
1 135
1 360
1 373
1 271
1 12
1 354
1 476
1 163
1 415
1 67
1 474
1 65
1 494
1 322
1 282
1 394
1 436
1 115
1 427
1 156
2 356
2 216
2 94
2 229
2 56
2 396
2 2
2 227
2 93
2 359
2 165
2 490
2 60
2 350
2 479
2 234
2 397
2 143
2 173
2 11
2 16
2 183
2 316
2 319
2 333
3 19
3 68
3 43
3 152
3 156
3 349
3 32
3 147
3 36
3 465
3 202
3 168
3 285
3 29
3 205
3 441
3 337
3 472
3 356
3 417
3 324
3 99
3 493
4 268
4 4
4 48
4 126
4 427
4 425
4 452
4 470
4 121
4 181
4 125
4 390
4 150
4 58
4 486
4 437
4 296
4 448
4 303
4 13
4 433
4 313
4 71
4 207
4 231
4 281
5 386
5 130
5 492
5 83
5 399
5 463
5 112
5 495
5 158
5 286
5 261
5 153
5 100
5 264
5 117
5 111
5 237
5 243
5 340
5 374
5 322
5 365
5 338
6 97
6 351
6 257
6 215
6 46
6 79
6 356
6 45
6 400
6 327
6 379
6 187
6 252
6 374
6 200
6 294
6 72
6 41
6 364
6 221
6 178
6 61
6 446
6 456
6 344
6 89
6 236
7 121
7 385
7 416
7 245
7 7
7 458
7 414
7 223
7 244
7 102
7 255
7 284
7 410
7 389
7 280
7 367
7 498
7 242
7 369
7 140
7 290
7 455
7 467
7 361
8 414
8 374
8 379
8 260
8 263
8 184
8 86
8 212
8 421
8 487
8 222
8 17
8 451
8 191
8 230
8 81
8 310
8 500
8 318
8 273
8 275
8 405
8 336
8 96
9 233
9 69
9 491
9 9
9 139
9 387
9 459
9 80
9 159
9 33
9 293
9 448
9 419
9 281
9 204
9 412
9 444
9 320
9 131
9 395
9 73
9 330
10 297
10 417
10 259
10 343
10 251
10 378
10 14
10 220
10 157
10 108
10 228
10 10
10 224
10 338
10 287
10 475
10 221
10 202
10 443
10 402
10 31
10 91
10 382
11 122
11 93
11 460
11 333
11 490
11 11
11 319
11 479
11 56
11 454
11 165
11 229
11 350
11 316
11 60
11 234
11 107
11 248
11 396
11 397
11 142
11 183
11 342
11 94
12 120
12 129
12 135
12 394
12 12
12 271
12 354
12 105
12 474
12 115
12 415
12 436
12 163
12 494
12 476
12 107
12 173
12 408
12 406
12 65
12 67
12 104
12 418
12 209
13 313
13 437
13 196
13 48
13 58
13 486
13 427
13 470
13 296
13 390
13 13
13 181
13 207
13 125
13 433
13 121
13 345
13 422
13 270
13 150
13 425
13 452
13 82
14 266
14 481
14 157
14 154
14 338
14 108
14 343
14 305
14 220
14 259
14 378
14 287
14 14
14 475
14 91
14 173
14 215
14 83
14 224
14 228
14 364
15 133
15 136
15 267
15 143
15 404
15 432
15 384
15 103
15 30
15 63
15 489
15 98
15 15
15 331
15 371
15 256
15 369
15 283
15 111
15 149
15 235
15 140
16 145
16 396
16 142
16 316
16 460
16 479
16 319
16 229
16 93
16 60
16 490
16 397
16 227
16 350
16 165
16 94
16 234
16 110
16 77
16 183
16 56
16 333
16 342
17 260
17 500
17 230
17 484
17 212
17 451
17 487
17 191
17 184
17 464
17 222
17 263
17 336
17 310
17 275
17 408
17 86
17 267
17 347
17 405
17 421
17 81
17 106
18 146
18 403
18 366
18 155
18 92
18 381
18 209
18 20
18 401
18 40
18 362
18 355
18 151
18 332
18 418
18 174
18 334
18 62
18 168
18 200
18 283
18 162
18 426
18 453
19 104
19 465
19 324
19 168
19 156
19 337
19 99
19 32
19 147
19 441
19 19
19 291
19 152
19 277
19 43
19 36
19 344
19 119
19 29
19 285
19 49
19 68
19 202
19 205
19 493
20 401
20 162
20 332
20 209
20 62
20 426
20 283
20 453
20 174
20 203
20 155
20 334
20 92
20 20
20 355
20 40
20 341
20 294
20 191
20 151
20 362
20 410
20 318
20 91
21 150
21 258
21 131
21 231
21 352
21 328
21 471
21 329
21 339
21 137
21 22
21 380
21 21
21 473
21 194
21 469
21 357
21 139
21 184
21 413
21 450
21 197
21 335
21 123
22 130
22 258
22 131
22 137
22 413
22 380
22 321
22 480
22 231
22 197
22 449
22 450
22 471
22 339
22 194
22 352
22 329
22 334
22 156
22 328
22 201
22 469
22 379
23 67
23 393
23 309
23 217
23 226
23 74
23 306
23 497
23 312
23 240
23 78
23 179
23 420
23 77
23 248
23 199
23 37
23 299
23 406
23 434
23 424
23 428
24 386
24 264
24 399
24 279
24 112
24 466
24 111
24 83
24 495
24 237
24 322
24 117
24 153
24 100
24 348
24 463
24 492
24 130
24 335
24 145
24 286
24 158
24 365
24 440
25 392
25 268
25 269
25 297
25 120
25 375
25 118
25 276
25 25
25 84
25 241
25 176
25 320
25 238
25 298
25 50
25 52
25 159
25 371
25 164
25 113
25 377
25 167
26 133
26 384
26 136
26 404
26 149
26 63
26 256
26 267
26 282
26 371
26 143
26 409
26 331
26 432
26 369
26 30
26 127
26 489
26 317
26 407
26 103
26 235
26 428
27 266
27 148
27 166
27 314
27 116
27 34
27 28
27 443
27 438
27 47
27 431
27 51
27 35
27 435
27 254
27 302
27 353
27 27
27 228
27 411
27 340
27 333
28 266
28 145
28 148
28 435
28 88
28 430
28 28
28 166
28 438
28 116
28 443
28 85
28 353
28 411
28 431
28 51
28 107
28 219
28 35
28 47
28 315
28 340
29 48
29 426
29 147
29 277
29 152
29 156
29 68
29 493
29 337
29 32
29 285
29 99
29 472
29 324
29 465
29 29
29 116
29 291
29 168
29 43
29 441
29 202
30 112
30 384
30 136
30 267
30 143
30 404
30 149
30 235
30 301
30 30
30 256
30 432
30 489
30 391
30 409
30 308
30 288
30 63
30 331
30 98
30 103
30 369
30 371
30 127
30 362
30 89
30 77
30 95
30 165
31 474
31 402
31 305
31 224
31 475
31 31
31 228
31 364
31 220
31 287
31 338
31 91
31 343
31 378
31 221
31 382
31 443
31 417
31 173
31 108
32 478
32 147
32 277
32 152
32 156
32 168
32 43
32 337
32 205
32 472
32 202
32 36
32 465
32 32
32 433
32 388
32 291
32 324
32 218
33 425
33 387
33 388
33 139
33 395
33 281
33 159
33 73
33 330
33 80
33 293
33 190
33 444
33 123
33 69
33 448
33 491
33 492
33 154
33 419
33 459
33 199
34 372
34 266
34 145
34 148
34 34
34 435
34 116
34 340
34 85
34 51
34 430
34 47
34 166
34 302
34 315
34 443
34 405
34 180
34 35
34 431
34 438
34 332
34 60
35 266
35 145
35 148
35 411
35 88
35 51
35 430
35 435
35 302
35 315
35 340
35 47
35 443
35 438
35 35
35 246
35 166
35 198
35 491
36 301
36 152
36 285
36 349
36 99
36 465
36 43
36 472
36 337
36 441
36 205
36 493
36 36
36 49
36 61
36 351
36 324
36 68
37 76
37 393
37 420
37 78
37 239
37 312
37 299
37 217
37 424
37 122
37 74
37 497
37 37
37 189
37 77
37 240
37 87
37 103
37 428
37 309
37 199
37 216
38 332
38 265
38 141
38 193
38 496
38 308
38 180
38 462
38 318
38 232
38 54
38 95
38 253
38 38
38 304
38 440
38 326
38 335
38 133
38 171
38 175
38 128
38 378
38 94
39 407
39 292
39 422
39 167
39 138
39 206
39 233
39 499
39 249
39 346
39 247
39 439
39 303
39 57
39 468
39 44
39 442
39 219
39 104
39 432
39 53
39 483
39 306
40 172
40 282
40 401
40 146
40 403
40 155
40 283
40 418
40 332
40 366
40 341
40 40
40 334
40 203
40 92
40 234
40 189
40 426
40 174
40 355
40 362
41 195
41 351
41 400
41 89
41 446
41 45
41 187
41 356
41 344
41 61
41 327
41 200
41 250
41 294
41 456
41 72
41 257
41 67
41 279
41 46
41 79
41 215
41 236
42 98
42 135
42 394
42 271
42 406
42 415
42 114
42 494
42 436
42 59
42 163
42 129
42 65
42 104
42 67
42 42
42 168
42 391
42 474
42 354
42 360
42 105
42 107
42 115
43 147
43 277
43 152
43 156
43 285
43 291
43 168
43 49
43 202
43 205
43 472
43 337
43 43
43 401
43 441
43 44
43 499
44 99
44 138
44 407
44 292
44 53
44 57
44 303
44 87
44 44
44 468
44 346
44 219
44 499
44 167
44 206
44 317
44 274
44 439
44 483
44 233
44 247
44 471
44 180
45 206
45 450
45 257
45 400
45 294
45 200
45 178
45 187
45 46
45 356
45 250
45 215
45 327
45 236
45 72
45 252
45 54
45 312
45 446
45 79
45 344
45 89
45 374
46 409
46 102
46 400
46 294
46 456
46 89
46 344
46 252
46 61
46 374
46 72
46 379
46 446
46 215
46 178
46 270
46 405
46 327
46 200
46 79
46 356
46 496
47 266
47 148
47 166
47 51
47 116
47 85
47 438
47 411
47 431
47 353
47 88
47 47
47 430
47 413
47 394
47 340
47 254
48 390
48 270
48 150
48 425
48 169
48 207
48 126
48 196
48 58
48 296
48 433
48 452
48 427
48 48
48 121
48 69
48 437
48 181
48 313
48 82
48 486
48 179
48 74
49 82
49 147
49 277
49 156
49 472
49 285
49 49
49 99
49 465
49 68
49 291
49 441
49 493
49 152
49 380
49 268
49 202
49 205
49 337
49 349
49 395
50 134
50 392
50 268
50 272
50 276
50 297
50 172
50 176
50 298
50 160
50 398
50 377
50 164
50 241
50 118
50 84
50 238
50 64
50 266
50 113
50 254
50 146
50 464
51 148
51 411
51 166
51 430
51 302
51 431
51 88
51 443
51 435
51 353
51 314
51 254
51 438
51 337
51 364
51 315
51 340
51 85
51 116
51 273
51 250
51 444
52 392
52 268
52 269
52 398
52 272
52 160
52 164
52 176
52 238
52 298
52 377
52 134
52 113
52 172
52 320
52 118
52 84
52 256
52 204
52 241
52 209
52 383
52 142
53 138
53 407
53 167
53 206
53 233
53 219
53 249
53 499
53 317
53 303
53 442
53 76
53 439
53 87
53 57
53 292
53 376
53 392
53 346
53 483
54 278
54 457
54 417
54 171
54 193
54 54
54 95
54 141
54 232
54 175
54 265
54 180
54 318
54 383
54 363
54 400
54 453
54 462
54 358
54 253
54 128
55 274
55 161
55 295
55 429
55 434
55 307
55 445
55 55
55 185
55 461
55 478
55 288
55 192
55 75
55 262
55 119
55 101
55 155
55 203
55 186
55 213
55 97
55 313
55 311
55 293
55 475
56 427
56 142
56 60
56 93
56 490
56 56
56 396
56 316
56 319
56 165
56 397
56 460
56 479
56 359
56 375
56 100
56 333
56 342
56 229
57 407
57 292
57 422
57 439
57 247
57 442
57 233
57 167
57 499
57 468
57 138
57 477
57 206
57 219
57 87
57 294
57 299
57 317
57 357
58 83
58 390
58 270
58 150
58 169
58 427
58 437
58 313
58 71
58 126
58 196
58 181
58 121
58 486
58 82
58 360
58 382
58 452
58 470
58 125
58 220
59 135
59 271
59 406
59 415
59 59
59 67
59 114
59 474
59 115
59 104
59 354
59 129
59 394
59 360
59 476
59 105
59 316
59 131
59 65
59 107
59 494
59 335
59 480
60 315
60 66
60 482
60 396
60 142
60 165
60 183
60 316
60 333
60 319
60 342
60 94
60 227
60 454
60 114
60 350
60 234
61 294
61 187
61 200
61 379
61 446
61 252
61 236
61 327
61 344
61 79
61 356
61 72
61 178
61 250
61 164
61 391
61 456
61 89
61 374
62 401
62 403
62 151
62 162
62 418
62 341
62 332
62 92
62 174
62 362
62 453
62 381
62 146
62 283
62 62
62 442
62 248
62 334
62 209
62 366
63 391
63 136
63 143
63 149
63 409
63 301
63 432
63 235
63 371
63 63
63 133
63 267
63 369
63 98
63 485
63 255
63 331
63 127
63 256
63 139
64 325
64 75
64 132
64 144
64 273
64 182
64 311
64 376
64 482
64 289
64 323
64 66
64 345
64 368
64 109
64 485
64 370
64 294
64 473
65 129
65 135
65 406
65 415
65 163
65 436
65 107
65 373
65 114
65 65
65 115
65 105
65 360
65 277
65 227
65 67
65 476
65 283
65 285
65 291
65 168
65 72
66 449
66 132
66 144
66 273
66 289
66 170
66 177
66 447
66 457
66 242
66 345
66 370
66 182
66 218
66 368
66 376
66 482
66 70
66 485
67 129
67 135
67 415
67 163
67 474
67 360
67 114
67 373
67 271
67 67
67 406
67 104
67 460
67 476
67 105
67 455
68 322
68 156
68 285
68 291
68 168
68 152
68 99
68 465
68 202
68 337
68 441
68 493
68 147
68 308
68 411
68 188
69 387
69 139
69 281
69 419
69 293
69 423
69 188
69 444
69 448
69 388
69 159
69 190
69 214
69 412
69 330
69 341
69 358
69 459
69 421
70 420
70 299
70 428
70 306
70 179
70 189
70 309
70 239
70 77
70 248
70 199
70 312
70 216
70 424
70 497
70 122
70 226
70 413
70 105
70 217
70 305
71 270
71 150
71 296
71 425
71 169
71 427
71 433
71 437
71 313
71 452
71 82
71 181
71 125
71 470
71 486
71 390
71 80
71 155
71 126
71 254
72 455
72 257
72 400
72 178
72 187
72 446
72 456
72 200
72 294
72 89
72 327
72 374
72 379
72 483
72 79
72 252
72 475
73 387
73 139
73 281
73 159
73 419
73 293
73 423
73 444
73 214
73 73
73 330
73 395
73 459
73 491
73 123
73 110
73 490
73 80
74 366
74 393
74 428
74 306
74 309
74 189
74 226
74 424
74 240
74 299
74 420
74 312
74 199
74 239
74 77
74 179
74 335
74 78
75 262
75 288
75 161
75 434
75 307
75 186
75 192
75 325
75 195
75 461
75 101
75 119
75 372
75 274
75 429
75 90
75 213
75 376
75 478
75 124
76 203
76 292
76 422
76 303
76 442
76 317
76 499
76 477
76 483
76 346
76 233
76 249
76 76
76 138
76 468
76 439
76 420
76 87
76 247
77 424
77 299
77 428
77 179
77 309
77 312
77 78
77 239
77 122
77 306
77 226
77 199
77 240
77 497
77 429
77 216
77 217
78 81
78 393
78 420
78 299
78 306
78 309
78 189
78 199
78 428
78 122
78 240
78 312
78 424
78 216
78 415
78 194
78 239
78 497
78 248
79 434
79 257
79 400
79 178
79 187
79 446
79 327
79 379
79 252
79 344
79 215
79 200
79 278
79 145
79 250
80 243
80 101
80 435
80 205
80 387
80 139
80 395
80 293
80 188
80 204
80 448
80 330
80 159
80 388
80 174
80 497
80 491
81 219
81 260
81 275
81 310
81 451
81 464
81 81
81 336
81 106
81 222
81 96
81 230
81 300
81 191
81 500
81 311
81 212
81 86
81 484
82 360
82 150
82 425
82 196
82 452
82 270
82 169
82 181
82 486
82 427
82 207
82 470
82 82
82 173
82 126
83 399
83 153
83 158
83 322
83 365
83 83
83 100
83 386
83 286
83 348
83 261
83 243
83 492
83 495
83 111
83 341
84 134
84 268
84 398
84 272
84 276
84 160
84 164
84 298
84 172
84 320
84 118
84 84
84 377
84 113
84 141
84 329
84 120
84 463
85 266
85 430
85 431
85 435
85 438
85 314
85 315
85 340
85 443
85 353
85 85
85 411
85 166
85 178
85 287
85 88
85 254
86 263
86 275
86 408
86 421
86 300
86 310
86 184
86 260
86 106
86 212
86 336
86 230
86 484
86 191
86 222
86 237
86 103
86 487
86 500
87 270
87 407
87 292
87 422
87 167
87 303
87 439
87 317
87 468
87 483
87 249
87 346
87 206
87 477
87 168
87 411
87 499
87 319
88 145
88 411
88 302
88 431
88 435
88 443
88 353
88 340
88 314
88 254
88 166
88 266
88 430
88 449
88 308
88 154
89 116
89 294
89 187
89 446
89 327
89 356
89 250
89 178
89 344
89 257
89 400
89 456
89 168
89 236
89 374
89 263
90 262
90 274
90 429
90 434
90 307
90 186
90 445
90 192
90 195
90 325
90 461
90 372
90 90
90 185
90 101
90 213
90 472
90 414
90 97
90 119
91 411
91 255
91 287
91 305
91 338
91 343
91 154
91 157
91 364
91 475
91 220
91 228
91 378
91 259
91 251
91 149
91 221
91 224
91 481
91 108
92 146
92 403
92 283
92 341
92 174
92 426
92 155
92 334
92 381
92 362
92 203
92 332
92 92
92 233
92 438
92 355
92 366
92 330
93 196
93 396
93 142
93 165
93 183
93 319
93 460
93 333
93 342
93 397
93 93
93 454
93 234
93 467
93 351
93 350
93 479
93 94
93 359
94 349
94 321
94 396
94 142
94 454
94 333
94 397
94 319
94 342
94 94
94 350
94 479
94 176
94 229
94 359
95 164
95 265
95 141
95 175
95 304
95 180
95 440
95 462
95 347
95 326
95 363
95 318
95 225
95 193
95 232
95 308
95 454
95 496
95 383
95 128
96 320
96 341
96 367
96 412
96 263
96 275
96 408
96 421
96 300
96 451
96 464
96 212
96 310
96 500
96 484
96 230
96 121
96 453
96 487
97 262
97 274
97 288
97 161
97 295
97 429
97 434
97 185
97 186
97 445
97 192
97 325
97 461
97 119
97 372
97 478
97 340
97 124
97 385
97 446
97 190
98 391
98 384
98 267
98 143
98 149
98 409
98 301
98 371
98 432
98 103
98 369
98 235
98 331
98 98
98 206
98 127
99 399
99 152
99 156
99 291
99 168
99 441
99 324
99 202
99 205
99 472
99 277
99 465
99 438
99 493
100 261
100 264
100 279
100 153
100 158
100 463
100 466
100 386
100 243
100 365
100 495
100 322
100 399
100 237
100 286
100 436
100 284
100 112
100 111
100 384
100 296
101 274
101 288
101 307
101 185
101 186
101 445
101 195
101 325
101 213
101 478
101 434
101 161
101 295
101 119
101 429
101 249
102 384
102 295
102 385
102 389
102 140
102 284
102 414
102 458
102 223
102 455
102 498
102 351
102 410
102 255
102 244
102 245
102 416
102 135
102 110
102 248
103 133
103 391
103 384
103 136
103 143
103 404
103 149
103 409
103 432
103 331
103 489
103 282
103 256
103 267
103 389
103 379
103 127
103 228
104 129
104 394
104 163
104 436
104 474
104 105
104 360
104 373
104 107
104 406
104 135
104 415
104 271
104 114
104 355
104 494
104 445
105 129
105 135
105 394
105 406
105 415
105 436
105 354
105 373
105 271
105 494
105 107
105 157
105 302
105 115
105 169
105 191
106 288
106 355
106 414
106 260
106 275
106 405
106 421
106 310
106 451
106 464
106 222
106 487
106 263
106 106
106 471
106 298
106 193
107 129
107 394
107 271
107 406
107 163
107 354
107 360
107 114
107 436
107 415
107 474
107 494
107 484
107 408
107 115
107 184
108 235
108 148
108 259
108 402
108 154
108 287
108 173
108 208
108 343
108 481
108 228
108 338
108 364
108 108
108 278
108 382
109 144
109 182
109 447
109 457
109 210
109 345
109 218
109 482
109 370
109 170
109 273
109 246
109 376
109 109
109 132
109 242
109 113
109 436
109 368
110 391
110 385
110 140
110 278
110 414
110 290
110 223
110 488
110 361
110 367
110 245
110 467
110 110
110 498
110 244
110 280
110 446
110 381
110 428
111 386
111 130
111 264
111 399
111 279
111 286
111 158
111 492
111 365
111 117
111 237
111 466
111 261
111 322
111 396
111 295
111 144
112 386
112 130
112 264
112 279
112 322
112 466
112 492
112 365
112 495
112 286
112 243
112 153
112 399
112 112
112 162
112 121
112 201
113 134
113 392
113 269
113 398
113 272
113 276
113 164
113 298
113 172
113 320
113 241
113 377
113 268
113 238
113 337
113 121
113 118
113 375
113 120
113 133
113 420
114 135
114 394
114 406
114 415
114 163
114 436
114 474
114 354
114 494
114 373
114 115
114 199
114 412
114 128
115 129
115 135
115 163
115 474
115 115
115 415
115 360
115 476
115 373
115 189
115 371
115 289
115 370
116 266
116 145
116 148
116 411
116 166
116 430
116 302
116 431
116 315
116 340
116 435
116 314
116 353
116 321
116 254
116 330
117 130
117 261
117 264
117 279
117 153
117 286
117 466
117 348
117 365
117 237
117 243
117 386
117 117
117 492
117 448
117 224
117 493
117 483
118 134
118 392
118 268
118 269
118 398
118 160
118 297
118 298
118 172
118 176
118 320
118 241
118 272
118 391
118 167
118 375
118 120
118 377
118 467
118 419
119 288
119 161
119 295
119 307
119 185
119 195
119 213
119 372
119 445
119 478
119 192
119 434
119 262
119 389
119 318
119 314
119 460
120 134
120 268
120 269
120 398
120 272
120 276
120 160
120 297
120 172
120 241
120 375
120 164
120 176
120 392
120 383
121 272
121 390
121 150
121 296
121 425
121 169
121 427
121 181
121 196
121 452
121 207
121 486
121 270
121 125
121 126
121 156
122 393
122 420
122 424
122 306
122 179
122 309
122 199
122 226
122 240
122 248
122 217
122 299
122 189
122 239
122 364
123 279
123 186
123 387
123 388
123 395
123 281
123 419
123 423
123 188
123 459
123 214
123 330
123 159
123 204
123 448
123 412
123 227
124 262
124 288
124 434
124 307
124 185
124 445
124 192
124 372
124 213
124 325
124 295
124 274
124 195
124 186
124 124
124 252
124 261
124 283
125 390
125 150
125 296
125 425
125 437
125 181
125 452
125 207
125 470
125 486
125 270
125 427
125 169
125 453
125 364
125 212
126 390
126 169
126 427
126 433
126 437
126 313
126 452
126 207
126 470
126 486
126 270
126 425
126 355
126 416
126 139
127 391
127 136
127 267
127 143
127 369
127 404
127 235
127 409
127 133
127 489
127 149
127 432
127 127
127 326
127 304
127 363
128 176
128 141
128 417
128 304
128 308
128 193
128 462
128 496
128 253
128 440
128 383
128 363
128 128
128 358
128 298
129 163
129 135
129 394
129 494
129 129
129 436
129 476
129 474
129 271
129 220
129 463
129 406
130 492
130 365
130 261
130 237
130 279
130 158
130 264
130 399
130 466
130 495
130 130
130 286
130 386
130 481
130 153
130 463
130 270
130 433
130 355
131 269
131 258
131 211
131 201
131 380
131 480
131 413
131 137
131 357
131 339
131 231
131 328
131 352
131 194
131 450
131 263
131 491
131 449
131 321
131 197
131 335
131 469
131 471
132 182
132 447
132 482
132 485
132 198
132 170
132 242
132 132
132 210
132 368
132 311
132 289
132 177
132 376
132 457
132 421
132 164
132 144
132 273
132 370
132 246
132 226
133 134
133 371
133 301
133 391
133 282
133 143
133 133
133 267
133 369
133 409
133 235
133 384
133 432
133 489
133 296
133 136
133 149
133 140
134 164
134 238
134 298
134 269
134 241
134 377
134 268
134 297
134 276
134 160
134 398
134 272
134 375
134 343
134 392
134 176
134 468
134 396
135 476
135 436
135 354
135 360
135 494
135 135
135 394
135 267
135 166
135 271
135 415
135 373
136 384
136 282
136 143
136 235
136 432
136 256
136 369
136 409
136 404
136 149
136 371
136 311
136 498
136 267
136 301
136 331
136 436
137 386
137 352
137 480
137 201
137 357
137 380
137 258
137 211
137 329
137 339
137 469
137 137
137 449
137 328
137 231
137 428
137 314
137 413
137 194
137 450
137 335
138 256
138 431
138 206
138 317
138 247
138 292
138 249
138 439
138 233
138 468
138 303
138 477
138 483
138 219
138 138
138 450
138 240
138 407
138 422
138 442
138 346
138 380
138 225
139 392
139 198
139 459
139 281
139 444
139 395
139 423
139 190
139 387
139 204
139 419
139 412
139 293
139 188
139 448
139 214
140 389
140 140
140 244
140 223
140 385
140 458
140 351
140 488
140 410
140 255
140 414
140 278
140 361
140 284
140 280
140 290
140 467
140 299
141 265
141 193
141 440
141 326
141 308
141 496
141 363
141 171
141 232
141 417
141 462
141 304
141 175
141 383
141 322
141 459
141 180
141 318
141 225
142 155
142 191
142 397
142 396
142 229
142 359
142 227
142 350
142 234
142 319
142 479
142 183
142 180
142 316
142 460
142 342
143 391
143 384
143 267
143 235
143 331
143 143
143 432
143 149
143 371
143 148
143 390
143 404
143 409
143 282
143 489
143 256
143 472
144 218
144 182
144 447
144 177
144 485
144 368
144 242
144 289
144 323
144 457
144 370
144 482
144 170
144 210
144 386
144 311
144 198
144 345
144 227
145 266
145 340
145 431
145 166
145 254
145 353
145 411
145 443
145 435
145 302
145 314
145 315
145 248
145 148
145 430
145 438
146 295
146 401
146 418
146 151
146 146
146 341
146 381
146 362
146 355
146 332
146 203
146 283
146 334
146 426
146 158
146 403
146 155
146 174
147 176
147 325
147 202
147 291
147 156
147 441
147 147
147 337
147 349
147 152
147 465
147 445
147 500
147 277
147 285
147 168
147 324
147 493
147 424
148 160
148 266
148 431
148 353
148 443
148 435
148 411
148 314
148 302
148 430
148 298
148 254
149 391
149 384
149 267
149 409
149 282
149 149
149 235
149 301
149 222
149 459
149 331
149 256
149 473
149 400
150 390
150 433
150 296
150 207
150 437
150 150
150 425
150 270
150 169
150 441
150 427
150 181
150 196
150 452
150 166
150 500
150 308
151 209
151 403
151 155
151 283
151 355
151 453
151 162
151 332
151 418
151 401
151 426
151 151
151 381
151 275
151 201
151 174
151 203
151 362
152 277
152 465
152 205
152 152
152 291
152 156
152 441
152 168
152 285
152 392
152 300
152 342
153 386
153 261
153 264
153 399
153 279
153 158
153 286
153 492
153 463
153 237
153 495
153 466
153 487
153 344
153 322
153 365
153 207
153 247
154 415
154 259
154 402
154 157
154 305
154 173
154 221
154 208
154 338
154 382
154 287
154 343
154 224
154 481
154 475
154 392
154 378
155 403
155 401
155 334
155 332
155 283
155 155
155 203
155 426
155 418
155 209
155 411
155 162
155 174
155 355
155 366
155 352
155 273
156 277
156 156
156 202
156 349
156 168
156 493
156 324
156 465
156 472
156 345
156 482
156 359
157 357
157 177
157 259
157 402
157 251
157 305
157 378
157 382
157 364
157 208
157 338
157 173
157 228
157 343
157 213
157 277
157 287
158 386
158 261
158 279
158 322
158 286
158 492
158 399
158 495
158 264
158 243
158 463
158 335
158 426
158 466
158 368
158 423
159 407
159 387
159 388
159 395
159 412
159 423
159 214
159 448
159 293
159 459
159 159
159 204
159 281
159 495
159 488
159 419
159 188
159 190
159 330
159 491
160 268
160 272
160 276
160 375
160 269
160 298
160 164
160 176
160 172
160 320
160 241
160 160
160 250
160 297
160 361
161 262
161 274
161 288
161 445
161 434
161 372
161 307
161 295
161 429
161 461
161 161
161 195
161 478
161 364
161 177
161 185
161 192
161 213
161 324
162 181
162 401
162 403
162 283
162 453
162 381
162 426
162 418
162 355
162 174
162 209
162 366
162 397
162 445
162 341
162 362
163 394
163 271
163 406
163 415
163 476
163 360
163 494
163 474
163 354
163 393
163 376
163 436
163 373
163 184
164 269
164 272
164 276
164 268
164 176
164 392
164 164
164 241
164 377
164 298
164 297
164 200
164 172
164 375
164 444
165 177
165 242
165 396
165 316
165 479
165 229
165 359
165 397
165 333
165 350
165 319
165 234
165 454
165 438
165 460
165 227
166 390
166 411
166 266
166 430
166 254
166 353
166 443
166 302
166 166
166 435
166 314
166 315
167 377
167 185
167 407
167 422
167 206
167 346
167 247
167 167
167 233
167 219
167 249
167 468
167 292
167 462
167 303
167 439
167 499
168 285
168 291
168 465
168 337
168 349
168 277
168 456
168 441
168 202
168 205
169 369
169 474
169 270
169 296
169 425
169 169
169 313
169 437
169 427
169 196
169 181
169 271
169 207
169 470
169 441
169 214
170 477
170 194
170 273
170 289
170 242
170 170
170 311
170 182
170 482
170 370
170 218
170 368
170 376
170 485
170 296
170 256
170 323
170 198
170 457
170 210
171 417
171 232
171 253
171 265
171 180
171 326
171 347
171 175
171 358
171 440
171 308
171 363
171 304
171 225
171 462
171 235
171 319
171 318
171 251
172 392
172 268
172 269
172 297
172 238
172 272
172 375
172 176
172 241
172 377
172 276
172 192
172 320
173 415
173 275
173 259
173 402
173 287
173 173
173 305
173 208
173 221
173 364
173 492
173 416
173 343
173 220
173 475
173 224
174 401
174 403
174 283
174 418
174 426
174 341
174 174
174 355
174 334
174 362
174 241
174 231
174 203
174 209
175 317
175 395
175 464
175 265
175 417
175 358
175 326
175 180
175 308
175 193
175 462
175 383
175 175
175 492
175 447
175 304
175 496
175 253
176 392
176 268
176 398
176 272
176 276
176 375
176 241
176 269
176 320
176 297
176 429
176 425
176 388
177 323
177 482
177 311
177 246
177 273
177 457
177 182
177 210
177 345
177 198
177 376
177 485
177 370
177 368
178 257
178 187
178 327
178 294
178 446
178 456
178 379
178 178
178 374
178 400
178 356
178 406
178 305
178 215
178 344
178 236
179 339
179 393
179 420
179 424
179 299
179 306
179 216
179 312
179 217
179 309
179 179
179 226
179 497
179 485
179 199
179 239
180 223
180 265
180 232
180 193
180 363
180 496
180 180
180 440
180 253
180 308
180 347
180 238
180 318
180 326
180 462
180 225
181 270
181 427
181 433
181 437
181 390
181 470
181 452
181 181
181 486
181 313
181 183
181 247
181 376
181 232
182 277
182 289
182 370
182 246
182 242
182 482
182 345
182 376
182 457
182 447
182 182
182 424
182 208
182 323
182 198
182 218
183 224
183 333
183 359
183 316
183 396
183 454
183 490
183 183
183 460
183 319
183 327
183 348
183 342
183 350
183 227
183 229
184 275
184 421
184 484
184 464
184 230
184 487
184 336
184 405
184 260
184 212
184 300
184 184
184 451
184 191
185 262
185 274
185 295
185 429
185 372
185 195
185 288
185 186
185 307
185 185
185 478
185 394
185 445
185 325
185 461
185 390
186 262
186 288
186 295
186 429
186 434
186 461
186 192
186 372
186 445
186 478
186 195
186 213
186 258
186 325
186 207
187 257
187 400
187 294
187 250
187 252
187 344
187 327
187 374
187 200
187 379
187 334
187 475
187 446
187 456
187 215
187 236
188 395
188 281
188 412
188 293
188 423
188 204
188 188
188 214
188 387
188 190
188 448
188 388
188 239
188 444
188 330
188 459
188 491
189 495
189 491
189 393
189 420
189 424
189 299
189 428
189 306
189 309
189 312
189 217
189 240
189 364
189 458
189 199
190 302
190 323
190 327
190 387
190 388
190 395
190 281
190 419
190 293
190 423
190 491
190 412
190 330
190 459
190 359
191 401
191 446
191 204
191 260
191 263
191 408
191 300
191 222
191 484
191 451
191 421
191 487
191 212
191 275
191 464
191 336
192 262
192 288
192 429
192 434
192 307
192 192
192 195
192 213
192 478
192 321
192 412
192 461
193 265
193 417
193 308
193 318
193 496
193 232
193 440
193 193
193 358
193 225
193 347
193 303
193 326
194 321
194 194
194 328
194 469
194 211
194 380
194 480
194 339
194 329
194 357
194 413
194 473
194 449
194 303
194 197
194 201
194 335
194 352
195 262
195 274
195 288
195 429
195 445
195 213
195 307
195 461
195 478
195 372
195 295
195 426
195 325
195 435
195 290
195 339
195 260
195 405
196 390
196 270
196 296
196 427
196 433
196 313
196 207
196 425
196 452
196 196
196 484
196 470
196 344
196 214
196 343
197 449
197 321
197 471
197 211
197 380
197 335
197 413
197 469
197 201
197 231
197 473
197 197
197 329
197 234
197 332
197 328
197 339
197 308
198 277
198 442
198 273
198 289
198 447
198 370
198 482
198 218
198 323
198 376
198 246
198 485
198 345
198 210
198 364
199 420
199 424
199 306
199 497
199 312
199 217
199 393
199 226
199 428
199 240
199 468
199 216
199 239
200 264
200 294
200 446
200 379
200 456
200 400
200 250
200 215
200 200
200 290
200 344
200 236
201 276
201 258
201 413
201 321
201 328
201 339
201 352
201 380
201 335
201 357
201 231
201 449
201 388
201 211
201 469
201 473
202 331
202 277
202 285
202 291
202 324
202 349
202 493
202 224
202 283
202 472
203 401
203 403
203 418
203 381
203 332
203 283
203 453
203 334
203 426
203 355
203 362
203 238
203 209
203 366
203 303
204 371
204 429
204 387
204 395
204 281
204 412
204 423
204 330
204 448
204 444
204 388
204 459
204 210
204 214
205 297
205 438
205 277
205 291
205 441
205 324
205 205
205 349
205 390
205 472
205 493
205 499
206 398
206 406
206 407
206 292
206 422
206 303
206 317
206 206
206 442
206 483
206 279
206 346
206 440
207 270
207 427
207 433
207 296
207 452
207 207
207 437
207 313
208 259
208 402
208 305
208 251
208 475
208 364
208 378
208 224
208 343
208 221
208 382
208 208
208 265
208 347
208 220
208 228
209 334
209 401
209 426
209 332
209 362
209 381
209 355
209 341
209 283
209 418
209 410
209 485
209 242
210 471
210 289
210 447
210 323
210 457
210 376
210 482
210 368
210 246
210 218
210 273
210 485
210 435
210 468
210 242
211 258
211 413
211 449
211 321
211 450
211 328
211 329
211 335
211 380
211 352
211 357
211 211
211 304
211 274
211 480
211 300
212 246
212 260
212 405
212 421
212 451
212 336
212 408
212 300
212 222
212 487
212 310
212 230
212 373
213 322
213 274
213 429
213 434
213 307
213 213
213 372
213 288
213 295
213 341
213 353
214 388
214 412
214 330
214 419
214 459
214 491
214 444
214 387
214 281
214 448
214 293
215 461
215 433
215 257
215 400
215 327
215 456
215 294
215 252
215 344
215 250
215 409
215 336
215 356
215 374
215 424
215 402
216 492
216 430
216 422
216 424
216 299
216 428
216 306
216 312
216 420
216 239
216 248
216 226
216 327
217 393
217 424
217 299
217 428
217 309
217 312
217 226
217 497
217 239
217 240
217 306
217 227
217 500
218 273
218 289
218 323
218 457
218 345
218 218
218 370
218 242
218 485
218 311
218 472
218 497
219 407
219 422
219 303
219 439
219 442
219 317
219 468
219 249
219 483
219 233
219 477
219 434
219 499
219 246
220 337
220 259
220 402
220 287
220 338
220 251
220 305
220 475
220 481
220 221
220 343
220 434
221 495
221 259
221 402
221 287
221 338
221 343
221 221
221 382
221 481
221 269
221 500
221 224
221 228
221 378
221 251
222 260
222 263
222 405
222 421
222 300
222 310
222 464
222 336
222 222
222 227
222 344
223 341
223 278
223 280
223 416
223 290
223 455
223 467
223 351
223 458
223 389
223 385
223 223
223 245
223 279
223 361
223 333
224 476
224 259
224 402
224 343
224 475
224 251
224 364
224 305
224 310
224 378
225 241
225 346
225 265
225 326
225 304
225 318
225 225
225 383
225 347
225 363
225 496
225 358
225 407
226 468
226 393
226 428
226 306
226 309
226 420
226 299
226 240
226 248
226 247
226 378
227 386
227 397
227 319
227 333
227 342
227 350
227 479
227 229
227 336
227 359
228 280
228 248
228 259
228 402
228 287
228 475
228 305
228 338
228 251
228 484
229 397
229 316
229 454
229 333
229 342
229 350
229 479
229 359
229 396
229 264
229 389
229 490
229 234
230 494
230 260
230 263
230 405
230 408
230 421
230 310
230 336
230 500
230 451
230 464
230 363
230 465
231 258
231 449
231 450
231 469
231 471
231 473
231 357
231 335
231 480
231 352
231 321
231 346
231 380
232 262
232 265
232 417
232 304
232 326
232 462
232 253
232 308
232 358
232 383
232 363
232 420
232 496
233 373
233 407
233 292
233 422
233 303
233 439
233 499
233 468
233 249
233 367
233 385
233 412
234 309
234 396
234 397
234 333
234 350
234 359
234 490
234 454
234 450
234 251
235 391
235 384
235 404
235 282
235 369
235 371
235 489
235 409
235 301
235 400
235 256
236 257
236 294
236 327
236 356
236 250
236 344
236 374
236 236
236 252
236 416
236 467
236 379
236 364
237 386
237 399
237 286
237 322
237 463
237 466
237 348
237 264
237 237
237 243
237 279
237 317
237 363
237 495
237 324
238 392
238 269
238 398
238 272
238 276
238 298
238 320
238 241
238 375
238 238
238 268
238 377
238 489
238 346
238 459
238 275
239 420
239 424
239 428
239 309
239 306
239 299
239 239
239 477
239 441
239 240
239 497
239 248
240 375
240 420
240 309
240 497
240 306
240 428
240 347
240 294
241 268
241 269
241 398
241 272
241 276
241 375
241 392
241 466
241 391
241 284
241 370
242 273
242 289
242 311
242 323
242 457
242 345
242 368
242 246
242 370
243 386
243 261
243 399
243 279
243 286
243 322
243 463
243 466
243 348
243 492
243 243
243 393
244 452
244 385
244 389
244 278
244 280
244 284
244 414
244 416
244 290
244 455
244 458
244 351
244 361
244 245
244 288
244 411
245 385
245 389
245 278
245 280
245 410
245 284
245 414
245 290
245 455
245 458
245 467
245 351
245 255
245 495
245 482
245 311
245 490
246 279
246 289
246 311
246 447
246 246
246 482
246 368
246 376
246 457
247 353
247 292
247 422
247 442
247 468
247 249
247 317
247 483
247 477
247 407
247 346
247 303
247 289
248 257
248 393
248 420
248 306
248 497
248 299
248 312
248 428
248 309
249 362
249 407
249 422
249 439
249 442
249 346
249 477
249 483
249 358
249 305
250 257
250 400
250 446
250 327
250 250
250 456
250 344
250 465
250 408
251 388
251 312
251 259
251 402
251 287
251 338
251 343
251 378
251 475
251 382
251 320
252 276
252 400
252 294
252 456
252 344
252 356
252 379
252 446
252 435
252 283
253 327
253 417
253 304
253 440
253 326
253 347
253 363
253 265
253 253
253 462
253 381
253 311
253 383
253 460
254 266
254 411
254 431
254 443
254 430
254 435
254 314
254 438
254 302
255 385
255 389
255 278
255 280
255 410
255 284
255 414
255 416
255 455
255 458
255 488
255 361
255 367
255 325
255 447
255 257
256 409
256 301
256 432
256 331
256 371
256 384
256 267
256 282
256 298
257 257
257 294
257 446
257 356
257 327
257 344
257 456
257 374
257 400
257 379
258 431
258 380
258 352
258 321
258 413
258 449
258 471
258 473
258 329
258 480
258 450
258 409
258 353
258 335
258 469
259 450
259 287
259 382
259 259
259 402
259 481
259 437
259 424
259 305
259 338
260 267
260 464
260 408
260 275
260 421
260 405
260 484
260 300
260 310
260 487
260 409
260 263
260 336
260 500
261 386
261 399
261 492
261 495
261 279
261 264
261 348
261 322
261 466
261 261
261 437
261 352
261 286
261 463
261 331
262 295
262 461
262 262
262 325
262 288
262 429
262 445
262 274
262 453
262 434
262 334
262 439
263 487
263 263
263 500
263 275
263 451
263 336
263 310
263 484
263 300
263 422
263 405
263 408
263 464
264 386
264 466
264 286
264 279
264 365
264 264
264 322
264 348
264 343
264 463
264 495
264 274
264 363
265 443
265 356
265 462
265 358
265 304
265 363
265 383
265 308
265 440
265 326
265 365
265 306
265 318
266 353
266 302
266 443
266 430
266 314
266 266
266 467
266 411
266 435
266 438
266 340
266 287
267 391
267 384
267 489
267 371
267 432
267 267
267 331
267 369
267 282
267 456
267 409
267 480
267 484
268 392
268 320
268 377
268 398
268 268
268 269
268 443
268 272
268 276
268 297
268 298
268 396
269 392
269 272
269 298
269 398
269 375
269 276
269 320
269 282
269 297
270 433
270 390
270 425
270 470
270 296
270 437
270 427
270 270
270 313
270 452
271 394
271 415
271 494
271 271
271 474
271 360
271 476
271 354
271 406
271 334
271 477
271 436
271 387
272 276
272 297
272 375
272 272
272 327
272 377
273 352
273 289
273 376
273 368
273 485
273 323
273 311
273 447
273 457
273 482
273 345
273 370
274 274
274 288
274 325
274 372
274 295
274 445
274 461
274 429
274 480
274 478
275 310
275 487
275 300
275 451
275 275
275 408
275 421
275 464
275 484
275 500
275 490
276 398
276 298
276 377
276 392
276 320
276 297
276 408
277 277
277 291
277 349
277 324
277 285
277 465
277 441
277 337
277 472
278 369
278 367
278 361
278 498
278 455
278 458
278 467
278 488
278 410
278 389
278 385
278 284
278 461
278 351
278 393
279 492
279 348
279 386
279 322
279 399
279 286
279 463
279 495
279 343
280 437
280 340
280 389
280 455
280 488
280 458
280 410
280 280
280 498
280 367
280 385
280 334
280 414
280 416
280 405
281 387
281 388
281 395
281 419
281 412
281 491
281 293
281 423
281 448
281 306
281 444
282 384
282 409
282 489
282 432
282 301
282 404
282 391
282 369
282 282
282 423
283 401
283 366
283 418
283 426
283 283
283 362
283 381
283 332
284 389
284 410
284 467
284 351
284 284
284 455
284 367
284 290
284 414
284 293
284 416
284 310
285 337
285 285
285 465
285 324
285 291
285 441
285 493
285 455
286 399
286 466
286 286
286 386
286 492
286 365
286 497
286 358
286 463
286 348
287 364
287 481
287 338
287 287
287 305
287 475
287 378
287 382
288 434
288 372
288 429
288 288
288 307
288 312
288 445
288 325
289 289
289 482
289 323
289 457
289 345
289 376
289 311
289 485
289 370
290 465
290 389
290 410
290 414
290 416
290 385
290 361
290 290
290 467
290 351
290 315
290 488
290 498
290 469
290 299
291 349
291 291
291 472
291 441
291 324
291 365
291 465
291 337
291 493
292 373
292 296
292 346
292 468
292 292
292 439
292 317
292 303
292 412
292 305
292 477
292 483
293 388
293 419
293 330
293 444
293 491
293 448
293 387
293 355
293 423
294 456
294 400
294 327
294 344
294 379
294 321
294 482
294 446
294 356
295 371
295 478
295 295
295 429
295 325
295 461
295 307
295 445
295 434
295 372
296 390
296 313
296 296
296 470
296 427
296 486
296 425
297 392
297 398
297 297
297 377
297 320
297 298
297 400
297 479
298 392
298 398
298 320
298 298
298 377
298 453
298 384
299 389
299 420
299 309
299 393
299 299
299 428
299 306
299 312
299 497
300 405
300 464
300 310
300 421
300 487
300 336
300 408
300 451
300 300
300 398
300 500
301 348
301 391
301 404
301 301
301 384
301 489
301 331
301 409
301 369
301 427
301 347
302 409
302 411
302 430
302 315
302 431
302 443
302 314
302 499
302 340
303 349
303 407
303 422
303 303
303 442
303 477
303 471
303 483
304 417
304 496
304 304
304 318
304 358
304 326
304 383
304 444
304 440
305 402
305 382
305 343
305 475
305 481
305 305
306 393
306 420
306 312
306 428
306 424
306 472
307 434
307 372
307 445
307 478
307 461
307 307
307 358
307 460
308 321
308 417
308 383
308 347
308 363
308 358
308 308
308 326
309 420
309 393
309 309
309 428
309 431
309 497
310 389
310 421
310 500
310 451
310 405
310 336
310 464
310 338
310 484
311 447
311 311
311 368
311 370
311 345
311 457
311 323
311 482
312 375
312 387
312 393
312 420
312 424
312 428
312 312
313 427
313 433
313 437
313 470
313 390
313 486
313 425
313 460
313 467
314 411
314 430
314 435
314 438
314 431
314 443
314 314
314 353
314 315
314 468
315 411
315 430
315 435
315 438
315 443
315 315
315 353
315 460
315 340
315 416
316 396
316 490
316 397
316 454
316 460
316 359
316 479
316 333
316 407
316 346
316 319
316 342
317 437
317 453
317 381
317 407
317 439
317 346
317 422
317 468
317 401
318 448
318 440
318 347
318 462
318 363
318 358
318 417
318 496
318 394
318 326
319 397
319 460
319 479
319 490
319 454
319 319
319 333
319 342
319 350
320 392
320 398
320 375
320 377
320 496
321 413
321 339
321 335
321 352
321 329
321 471
321 480
321 328
321 473
321 450
321 357
321 358
322 399
322 365
322 348
322 322
322 386
322 495
322 426
322 413
323 323
323 370
323 485
323 345
323 368
323 447
323 479
323 457
323 482
324 441
324 324
324 349
324 337
325 429
325 445
325 434
325 461
325 478
325 325
325 372
326 417
326 440
326 462
326 383
326 358
326 432
326 435
326 347
326 363
326 496
327 400
327 446
327 374
327 456
327 379
328 413
328 449
328 380
328 357
328 480
328 473
328 339
328 450
328 329
328 377
328 358
328 471
328 352
329 480
329 339
329 469
329 449
329 329
329 471
329 450
329 405
329 370
329 335
329 473
329 357
330 387
330 388
330 395
330 412
330 444
330 448
330 491
330 419
330 459
330 382
331 391
331 384
331 404
331 409
331 369
331 331
331 371
332 486
332 401
332 403
332 453
332 341
332 332
332 334
332 426
332 362
332 361
333 396
333 342
333 460
333 479
333 350
334 401
334 403
334 426
334 453
334 355
334 334
334 386
335 413
335 449
335 473
335 471
335 480
335 380
335 401
335 469
336 421
336 451
336 464
336 487
336 405
336 408
336 410
336 369
336 500
337 493
337 337
338 402
338 343
338 364
338 475
338 382
338 481
338 479
338 378
339 413
339 449
339 339
339 380
339 473
339 471
339 480
339 469
339 382
340 430
340 431
340 438
340 353
340 358
341 403
341 418
341 426
341 401
341 366
341 341
341 381
341 458
342 397
342 454
342 350
342 490
342 396
342 460
342 346
343 498
343 481
343 475
343 382
344 344
344 456
344 389
344 356
344 379
345 494
345 439
345 447
345 485
345 449
346 348
346 407
346 422
346 439
346 442
346 477
346 481
346 499
347 381
347 456
347 417
347 440
347 496
347 347
347 363
347 479
348 386
348 399
348 463
348 365
348 495
348 466
348 348
349 398
349 399
349 492
349 465
349 349
349 441
349 493
350 454
350 350
350 490
350 477
350 361
350 359
351 411
351 385
351 389
351 410
351 458
351 455
351 351
351 361
351 467
351 488
351 367
351 498
352 432
352 413
352 380
352 469
352 449
352 480
352 357
353 430
353 431
353 438
353 443
353 487
354 406
354 476
354 360
354 415
354 436
354 474
354 354
354 477
354 410
354 454
355 418
355 426
355 453
355 403
355 366
355 381
356 377
356 365
356 400
356 446
356 374
356 500
357 449
357 450
357 413
357 480
357 357
357 473
357 471
358 417
358 440
358 360
358 363
358 383
359 472
359 442
359 396
359 454
359 490
359 425
360 394
360 406
360 415
360 476
360 373
360 360
360 436
360 460
360 494
361 385
361 410
361 414
361 416
361 488
361 498
361 458
361 467
361 455
362 453
362 381
362 366
362 426
362 401
363 417
363 440
363 462
363 496
364 402
364 475
364 378
364 382
365 386
365 399
365 463
365 466
365 492
365 474
365 404
365 470
366 401
366 403
366 426
366 418
366 381
366 453
366 366
367 385
367 410
367 414
367 416
367 455
367 458
367 467
367 488
367 367
367 413
367 498
368 447
368 482
368 485
368 376
368 368
368 437
369 391
369 384
369 404
369 409
369 432
369 489
370 447
370 482
370 376
371 391
371 404
371 409
371 432
371 489
372 434
372 478
372 429
372 500
373 394
373 406
373 415
373 474
373 476
373 494
373 373
373 434
373 465
374 470
374 400
374 446
374 456
374 476
374 379
375 392
375 398
375 375
375 377
376 447
376 495
376 417
377 392
377 445
377 454
378 402
378 481
378 382
378 378
379 477
379 456
380 449
380 450
380 413
380 401
381 401
381 403
381 453
381 426
381 418
382 475
382 402
383 488
383 462
383 496
383 440
383 383
384 391
384 409
384 404
384 489
385 467
385 410
385 414
385 488
385 455
385 416
385 458
385 385
385 389
385 498
386 466
386 463
386 495
386 386
386 399
386 492
386 462
387 387
387 448
387 459
387 395
387 388
387 491
387 419
387 423
387 444
388 388
388 491
388 423
388 444
388 412
388 459
388 395
389 478
389 458
389 410
389 467
389 416
389 488
389 479
390 390
390 425
390 452
390 486
390 427
390 433
390 437
391 391
391 489
391 404
391 409
391 432
392 392
392 495
392 430
393 497
393 424
393 420
393 393
393 428
394 494
394 415
394 436
394 476
394 394
394 489
395 491
395 444
395 419
395 395
395 412
395 423
396 451
396 396
396 397
396 454
396 490
397 416
397 498
397 397
397 490
397 460
397 479
397 454
397 487
397 403
398 398
399 463
399 492
399 399
399 495
399 452
400 446
400 400
400 456
401 466
401 418
401 403
401 453
401 401
401 431
401 426
402 481
402 437
403 426
403 453
403 403
403 455
403 418
403 485
404 404
404 489
404 432
404 409
404 451
404 486
405 405
405 464
405 421
405 500
405 484
405 408
406 415
406 476
406 474
406 494
406 486
406 448
407 483
407 468
407 442
407 456
407 439
407 477
407 499
408 451
408 408
408 484
408 487
408 500
408 421
408 464
409 432
409 489
409 456
410 414
410 410
410 416
410 498
411 435
411 430
411 431
411 438
411 487
412 461
412 438
412 412
412 448
412 419
412 423
412 444
412 459
412 491
412 420
413 463
413 480
413 469
413 471
413 473
413 460
413 450
413 487
414 489
414 416
414 458
414 455
414 467
414 488
415 474
415 476
415 436
416 416
416 498
416 467
416 458
416 455
416 488
416 473
417 462
417 417
417 440
418 426
418 453
418 418
418 450
419 444
419 419
419 423
419 459
419 441
420 428
420 424
420 497
421 451
421 484
421 474
421 464
422 453
422 477
422 439
422 468
422 480
422 483
422 499
423 459
423 448
423 488
423 444
424 424
424 497
424 428
425 486
425 427
425 470
425 433
425 425
425 437
427 433
427 437
427 452
427 486
427 457
428 428
429 434
429 461
429 478
429 445
430 443
430 435
431 431
431 435
431 438
431 443
432 489
432 432
432 485
433 489
433 470
433 433
433 437
433 452
433 486
434 478
434 434
434 447
435 435
435 443
435 438
436 494
436 476
436 474
436 436
436 459
437 476
437 470
437 452
438 438
439 468
439 477
439 439
439 442
439 499
440 488
440 440
440 496
440 462
441 472
441 441
442 468
442 477
442 483
442 442
443 457
444 469
444 448
444 459
444 491
445 478
445 461
447 447
447 485
447 457
448 459
448 448
448 491
449 469
449 450
449 480
449 449
449 463
450 469
450 480
450 471
450 473
451 484
451 451
451 464
452 452
452 486
453 453
454 458
454 490
454 454
454 479
454 460
455 488
455 498
455 455
455 467
456 456
457 457
458 458
458 498
458 467
459 462
460 490
460 479
461 461
461 478
462 462
462 496
463 463
463 466
463 492
464 487
464 484
464 500
465 465
465 493
465 472
466 492
466 466
467 467
467 488
468 499
468 483
468 477
469 469
469 473
469 471
470 470
471 471
471 473
472 493
472 472
473 473
473 480
474 494
474 474
475 475
475 481
476 476
476 494
477 477
477 483
478 478
478 481
479 490
481 481
481 482
482 485
483 499
483 483
484 484
484 487
484 497
487 500
488 488
488 498
489 489
492 495
492 496
493 493
498 498
499 499
