500 5830
1 120
1 133
1 494
1 404
1 171
1 72
1 264
1 383
1 101
1 402
1 332
1 485
1 417
1 139
1 215
1 48
1 393
1 446
1 29
1 395
1 27
1 64
1 415
1 480
2 126
2 82
2 194
2 23
2 41
2 254
2 31
2 2
2 182
2 172
2 486
2 205
2 478
2 336
2 163
2 242
2 496
2 158
2 171
2 395
2 304
2 109
3 369
3 344
3 441
3 30
3 256
3 245
3 148
3 394
3 20
3 169
3 3
3 376
3 217
3 249
3 370
3 466
3 86
3 323
3 222
3 146
3 183
3 200
3 460
3 335
3 469
3 356
4 234
4 468
4 298
4 220
4 352
4 12
4 89
4 165
4 359
4 243
4 334
4 76
4 32
4 206
4 271
4 4
4 463
4 491
4 41
4 434
4 452
4 209
4 256
5 371
5 206
5 144
5 388
5 230
5 100
5 367
5 282
5 280
5 134
5 98
5 36
5 108
5 63
5 420
5 5
5 295
5 132
5 439
5 267
5 11
5 428
5 431
5 432
5 70
5 357
6 236
6 275
6 56
6 198
6 389
6 211
6 118
6 180
6 291
6 59
6 45
6 237
6 476
6 251
6 49
6 128
6 390
6 96
6 103
6 139
6 421
6 184
6 365
7 319
7 382
7 34
7 368
7 497
7 414
7 154
7 269
7 75
7 107
7 189
7 407
7 345
7 167
7 453
7 174
7 415
7 156
7 21
7 433
7 406
7 438
7 67
7 95
7 187
8 15
8 326
8 277
8 74
8 216
8 358
8 8
8 142
8 28
8 222
8 354
8 360
8 110
8 362
8 143
8 349
8 29
8 330
8 484
8 138
8 16
8 37
8 69
8 492
8 124
9 9
9 396
9 387
9 488
9 239
9 423
9 429
9 425
9 60
9 443
9 465
9 62
9 331
9 83
9 40
9 329
9 442
9 405
9 253
9 43
9 300
9 444
9 484
9 233
9 416
9 77
9 390
10 455
10 51
10 439
10 305
10 208
10 477
10 207
10 253
10 77
10 473
10 116
10 65
10 185
10 102
10 445
10 419
10 106
10 33
10 416
10 351
10 181
10 449
10 325
10 366
11 388
11 100
11 267
11 280
11 98
11 428
11 432
11 303
11 36
11 290
11 230
11 282
11 431
11 380
11 295
11 108
11 420
11 202
11 402
11 270
11 63
11 70
11 367
11 433
12 132
12 165
12 271
12 434
12 298
12 463
12 381
12 452
12 359
12 89
12 243
12 234
12 76
12 199
12 12
12 334
12 207
12 328
12 32
12 209
12 338
12 220
12 363
12 457
13 331
13 259
13 140
13 17
13 204
13 18
13 276
13 448
13 475
13 273
13 422
13 405
13 397
13 81
13 71
13 223
13 141
13 195
13 250
13 62
13 21
13 152
13 350
13 88
13 200
14 129
14 386
14 130
14 392
14 137
14 123
14 147
14 15
14 472
14 412
14 151
14 375
14 451
14 416
14 166
14 318
14 68
14 450
14 243
14 345
14 24
14 32
14 20
15 129
15 386
15 130
15 392
15 114
15 240
15 166
15 151
15 311
15 451
15 412
15 450
15 15
15 24
15 472
15 137
15 266
15 147
15 285
15 416
15 318
15 119
15 55
16 262
16 138
16 142
16 358
16 28
16 124
16 326
16 37
16 360
16 492
16 499
16 16
16 362
16 222
16 277
16 349
16 162
16 114
16 69
17 140
17 141
17 397
17 18
17 21
17 448
17 273
17 152
17 17
17 259
17 204
17 493
17 71
17 350
17 195
17 276
17 185
17 494
17 422
17 81
17 223
17 238
17 61
17 170
18 259
18 140
18 141
18 273
18 350
18 238
18 152
18 195
18 493
18 278
18 405
18 18
18 223
18 21
18 475
18 372
18 391
18 276
18 448
18 81
18 393
18 335
18 249
19 394
19 460
19 344
19 369
19 19
19 86
19 30
19 256
19 217
19 20
19 245
19 441
19 146
19 469
19 356
19 466
19 200
19 329
19 132
19 148
19 169
19 183
19 335
19 376
20 241
20 431
20 200
20 169
20 148
20 256
20 376
20 466
20 344
20 460
20 20
20 249
20 441
20 335
20 146
20 404
20 30
20 183
20 217
20 370
20 251
21 259
21 140
21 141
21 397
21 276
21 405
21 278
21 153
21 238
21 204
21 152
21 422
21 475
21 71
21 195
21 424
21 73
21 448
21 223
21 466
21 486
22 135
22 137
22 141
22 258
22 58
22 284
22 351
22 447
22 471
22 410
22 435
22 384
22 22
22 310
22 241
22 482
22 252
22 277
22 334
22 413
22 176
22 313
22 61
22 487
22 490
22 290
23 154
23 395
23 304
23 54
23 229
23 289
23 194
23 182
23 314
23 254
23 459
23 478
23 242
23 82
23 31
23 41
23 496
23 122
23 410
23 163
23 205
23 486
24 386
24 392
24 147
24 151
24 137
24 68
24 412
24 119
24 285
24 375
24 114
24 166
24 416
24 472
24 129
24 123
24 105
24 362
24 311
24 451
24 170
24 261
25 190
25 378
25 175
25 80
25 25
25 297
25 464
25 454
25 35
25 427
25 188
25 179
25 436
25 363
25 113
25 343
25 317
25 186
25 425
25 168
25 302
25 53
25 342
25 228
25 247
25 292
25 49
26 111
26 112
26 177
26 312
26 91
26 333
26 26
26 47
26 327
26 191
26 347
26 231
26 160
26 361
26 255
26 379
26 283
26 156
26 471
26 287
26 296
26 308
26 346
26 371
26 53
26 85
27 70
27 133
27 263
27 139
27 402
27 404
27 408
27 446
27 485
27 101
27 215
27 393
27 264
27 316
27 332
27 417
27 171
27 115
27 472
27 120
28 386
28 108
28 138
28 143
28 277
28 29
28 37
28 349
28 262
28 360
28 499
28 216
28 74
28 250
28 362
28 222
28 328
28 168
28 69
28 110
28 124
29 164
29 373
29 262
29 138
29 142
29 74
29 354
29 216
29 250
29 69
29 29
29 37
29 222
29 143
29 474
29 441
29 349
29 492
29 110
29 163
30 416
30 367
30 461
30 146
30 148
30 335
30 169
30 441
30 183
30 394
30 469
30 466
30 249
30 217
30 200
30 397
30 450
30 86
30 344
30 356
30 369
30 245
30 184
31 195
31 173
31 459
31 194
31 314
31 41
31 82
31 336
31 496
31 289
31 31
31 242
31 163
31 126
31 486
31 215
31 482
31 172
31 182
31 205
31 229
31 254
32 434
32 468
32 352
32 298
32 220
32 89
32 452
32 334
32 32
32 338
32 206
32 243
32 165
32 234
32 209
32 321
32 199
32 76
32 359
32 364
32 398
33 106
33 33
33 445
33 498
33 305
33 439
33 185
33 325
33 253
33 419
33 473
33 65
33 449
33 207
33 208
33 51
33 299
33 195
33 181
33 455
33 84
33 116
34 269
34 406
34 154
34 414
34 167
34 497
34 127
34 345
34 319
34 189
34 95
34 438
34 453
34 34
34 174
34 67
34 449
34 417
34 382
34 294
35 302
35 80
35 342
35 113
35 168
35 317
35 378
35 175
35 266
35 35
35 228
35 427
35 247
35 343
35 464
35 372
35 315
35 169
35 297
35 179
35 436
36 339
36 342
36 134
36 267
36 280
36 36
36 380
36 428
36 367
36 432
36 108
36 420
36 357
36 100
36 282
36 405
36 472
36 303
36 230
36 45
37 239
37 76
37 461
37 262
37 138
37 142
37 143
37 349
37 492
37 37
37 124
37 326
37 222
37 421
37 238
37 354
37 358
37 360
38 462
38 391
38 403
38 409
38 292
38 294
38 293
38 52
38 320
38 440
38 178
38 115
38 42
38 232
38 495
38 50
38 479
38 306
38 329
38 103
38 201
38 202
38 87
38 226
39 327
39 240
39 286
39 104
39 164
39 93
39 491
39 39
39 192
39 103
39 324
39 159
39 424
39 162
39 339
39 78
39 170
39 403
39 334
39 57
39 328
39 462
39 213
39 105
40 387
40 135
40 423
40 425
40 429
40 443
40 484
40 458
40 396
40 465
40 239
40 60
40 300
40 40
40 83
40 329
40 48
40 399
40 43
40 44
40 442
40 444
40 331
40 63
41 58
41 395
41 163
41 242
41 229
41 82
41 478
41 205
41 109
41 172
41 54
41 182
41 486
41 496
41 167
41 210
41 304
41 314
41 336
42 493
42 359
42 391
42 403
42 409
42 293
42 294
42 292
42 479
42 341
42 42
42 87
42 94
42 320
42 440
42 201
42 105
42 275
42 178
42 52
42 50
42 202
42 232
42 495
42 117
42 279
43 387
43 135
43 423
43 62
43 83
43 444
43 331
43 429
43 329
43 300
43 44
43 425
43 443
43 442
43 239
43 43
43 496
43 458
43 488
43 274
43 370
44 387
44 135
44 396
44 423
44 425
44 429
44 484
44 442
44 44
44 239
44 60
44 458
44 233
44 444
44 329
44 419
44 171
44 62
44 465
44 83
44 488
44 451
44 92
45 308
45 351
45 399
45 474
45 261
45 390
45 389
45 421
45 211
45 180
45 476
45 198
45 365
45 128
45 45
45 49
45 263
45 184
45 96
45 237
45 246
45 248
46 83
46 63
46 264
46 385
46 131
46 268
46 401
46 353
46 430
46 214
46 46
46 66
46 480
46 307
46 203
46 55
46 377
46 112
46 491
46 461
46 88
46 235
46 172
47 283
47 296
47 379
47 299
47 111
47 361
47 99
47 312
47 47
47 347
47 346
47 231
47 112
47 287
47 177
47 160
47 82
47 353
47 191
47 327
47 333
47 371
47 255
47 143
48 397
48 263
48 264
48 139
48 404
48 408
48 72
48 48
48 383
48 494
48 485
48 316
48 133
48 171
48 332
48 114
48 289
48 85
48 101
48 67
49 334
49 261
49 291
49 365
49 476
49 390
49 248
49 225
49 118
49 180
49 219
49 246
49 184
49 237
49 96
49 198
49 288
49 56
49 59
49 251
49 205
50 384
50 234
50 125
50 391
50 403
50 409
50 293
50 294
50 306
50 178
50 440
50 94
50 479
50 50
50 226
50 473
50 355
50 201
50 202
50 341
50 232
51 361
51 271
51 419
51 305
51 439
51 84
51 253
51 185
51 65
51 473
51 498
51 116
51 77
51 366
51 208
51 102
51 95
51 195
51 325
51 324
51 188
52 382
52 403
52 292
52 293
52 306
52 178
52 495
52 201
52 479
52 226
52 87
52 232
52 115
52 341
52 294
52 409
52 123
52 264
52 440
52 320
52 202
53 168
53 297
53 427
53 302
53 175
53 179
53 436
53 317
53 378
53 464
53 372
53 342
53 188
53 454
53 363
53 53
53 403
53 190
53 80
53 343
53 228
54 447
54 136
54 395
54 289
54 163
54 304
54 194
54 336
54 54
54 459
54 496
54 314
54 109
54 486
54 126
54 409
54 375
54 478
54 229
54 242
54 254
55 87
55 385
55 131
55 136
55 268
55 401
55 483
55 480
55 330
55 433
55 235
55 377
55 236
55 373
55 66
55 203
55 430
55 191
55 461
55 88
55 97
56 432
56 453
56 184
56 180
56 365
56 56
56 219
56 389
56 421
56 237
56 59
56 96
56 225
56 118
56 211
56 230
56 195
56 251
57 286
57 159
57 162
57 164
57 324
57 489
57 196
57 170
57 192
57 339
57 462
57 424
57 103
57 104
57 323
57 288
57 328
57 88
57 291
57 78
57 213
58 258
58 410
58 413
58 176
58 310
58 384
58 313
58 482
58 61
58 487
58 447
58 252
58 244
58 284
58 210
58 351
58 241
58 320
58 322
58 197
58 470
58 471
58 490
58 221
58 265
59 175
59 436
59 368
59 261
59 390
59 389
59 291
59 421
59 211
59 246
59 180
59 251
59 59
59 184
59 395
59 212
59 198
59 476
59 365
59 128
60 396
60 423
60 425
60 300
60 443
60 135
60 484
60 465
60 83
60 429
60 329
60 442
60 387
60 62
60 239
60 393
60 262
60 458
60 379
60 455
60 70
61 410
61 284
61 413
61 176
61 435
61 310
61 313
61 258
61 241
61 490
61 487
61 252
61 482
61 244
61 471
61 210
61 300
61 470
61 109
62 387
62 425
62 300
62 429
62 442
62 443
62 331
62 233
62 62
62 484
62 83
62 458
62 239
62 117
62 86
62 329
62 465
63 388
63 270
63 280
63 420
63 295
63 428
63 431
63 303
63 100
63 134
63 290
63 367
63 98
63 282
63 63
63 357
63 380
64 133
64 263
64 264
64 393
64 404
64 408
64 171
64 316
64 120
64 446
64 402
64 215
64 332
64 72
64 383
64 101
64 139
64 173
64 288
64 494
65 419
65 439
65 185
65 449
65 116
65 455
65 325
65 207
65 106
65 208
65 65
65 77
65 366
65 102
65 393
65 414
65 84
65 477
65 73
65 456
66 324
66 485
66 385
66 268
66 430
66 433
66 307
66 131
66 88
66 66
66 236
66 203
66 373
66 401
66 377
66 92
66 219
66 214
66 480
66 353
66 97
66 355
67 267
67 269
67 407
67 156
67 414
67 173
67 438
67 189
67 319
67 174
67 95
67 406
67 154
67 107
67 127
67 167
67 220
67 75
67 368
67 497
68 129
68 386
68 392
68 147
68 151
68 166
68 450
68 130
68 68
68 114
68 318
68 451
68 123
68 119
68 285
68 274
68 157
68 472
68 428
69 372
69 262
69 138
69 277
69 143
69 360
69 499
69 69
69 142
69 362
69 216
69 358
69 110
69 437
69 456
69 74
69 222
69 354
70 177
70 388
70 134
70 267
70 270
70 420
70 295
70 428
70 431
70 432
70 380
70 367
70 70
70 100
70 303
70 357
70 108
70 226
71 259
71 397
71 273
71 405
71 278
71 152
71 153
71 195
71 223
71 475
71 141
71 276
71 204
71 71
71 190
71 386
71 81
72 323
72 133
72 263
72 264
72 393
72 139
72 404
72 408
72 417
72 171
72 316
72 85
72 332
72 215
72 485
72 80
72 75
72 101
72 120
72 497
73 405
73 286
73 288
73 164
73 424
73 170
73 323
73 324
73 196
73 328
73 103
73 192
73 93
73 213
73 489
73 73
73 454
73 462
73 339
73 104
73 105
73 158
73 389
74 262
74 142
74 143
74 277
74 222
74 492
74 250
74 110
74 499
74 138
74 360
74 358
74 216
74 74
74 352
74 354
74 362
75 392
75 209
75 445
75 406
75 154
75 156
75 414
75 415
75 173
75 174
75 438
75 107
75 453
75 382
75 368
75 393
75 494
75 497
75 127
75 307
76 493
76 132
76 165
76 298
76 434
76 452
76 199
76 359
76 206
76 271
76 243
76 338
76 209
76 334
76 220
76 218
76 463
76 468
76 89
76 352
76 364
76 131
76 186
77 181
77 445
77 449
77 325
77 455
77 207
77 498
77 77
77 253
77 185
77 473
77 208
77 106
77 84
77 467
77 116
77 297
77 113
78 286
78 159
78 288
78 170
78 324
78 164
78 424
78 105
78 213
78 93
78 196
78 462
78 491
78 103
78 78
78 383
78 262
78 454
78 294
79 458
79 283
79 287
79 296
79 299
79 308
79 191
79 333
79 99
79 361
79 379
79 347
79 111
79 231
79 160
79 112
79 346
79 177
79 464
79 369
79 306
80 168
80 297
80 302
80 188
80 317
80 190
80 454
80 175
80 228
80 80
80 427
80 343
80 179
80 342
80 261
80 253
80 363
80 378
81 141
81 397
81 276
81 153
81 448
81 152
81 238
81 273
81 81
81 278
81 422
81 259
81 195
81 320
81 226
81 475
81 138
82 120
82 289
82 163
82 172
82 182
82 314
82 459
82 205
82 496
82 336
82 304
82 242
82 478
82 84
82 294
83 387
83 135
83 423
83 300
83 443
83 444
83 458
83 83
83 465
83 331
83 442
83 305
83 484
83 239
83 238
83 230
83 495
83 291
84 177
84 419
84 305
84 181
84 439
84 445
84 325
84 455
84 208
84 84
84 449
84 102
84 207
84 363
84 339
84 473
84 106
84 366
84 498
84 349
85 280
85 133
85 263
85 139
85 402
85 417
85 446
85 171
85 120
85 408
85 264
85 393
85 85
85 101
85 215
85 493
85 485
85 200
86 129
86 452
86 394
86 148
86 183
86 200
86 460
86 335
86 469
86 245
86 249
86 466
86 217
86 169
86 166
86 243
86 370
87 434
87 391
87 409
87 294
87 178
87 440
87 403
87 479
87 202
87 94
87 341
87 495
87 306
87 87
87 453
87 117
88 385
88 136
88 268
88 433
88 307
88 480
88 97
88 353
88 401
88 330
88 131
88 203
88 236
88 355
88 117
88 193
88 478
89 165
89 298
89 452
89 199
89 463
89 206
89 209
89 338
89 89
89 381
89 132
89 220
89 271
89 314
89 472
89 359
89 234
89 364
89 388
90 399
90 272
90 144
90 145
90 400
90 150
90 411
90 321
90 340
90 474
90 155
90 125
90 500
90 467
90 374
90 157
90 315
90 221
90 488
90 350
90 217
91 396
91 283
91 287
91 160
91 296
91 312
91 191
91 327
91 333
91 347
91 91
91 379
91 112
91 231
91 177
91 255
91 436
91 373
91 371
91 381
92 387
92 309
92 377
92 257
92 260
92 265
92 275
92 279
92 281
92 418
92 301
92 187
92 193
92 337
92 121
92 149
92 92
92 395
93 286
93 159
93 288
93 162
93 164
93 424
93 192
93 323
93 196
93 328
93 462
93 104
93 103
93 170
93 489
93 151
93 245
93 105
93 446
93 337
93 126
94 346
94 482
94 208
94 253
94 403
94 409
94 306
94 320
94 201
94 202
94 115
94 293
94 391
94 178
94 117
94 349
94 256
94 262
95 269
95 406
95 415
95 167
95 173
95 453
95 154
95 438
95 497
95 174
95 345
95 319
95 156
95 127
95 428
95 134
95 107
95 368
95 326
96 390
96 291
96 421
96 211
96 219
96 198
96 237
96 184
96 118
96 261
96 128
96 389
96 246
96 365
96 309
96 297
97 385
97 430
97 307
97 203
97 214
97 401
97 433
97 461
97 97
97 131
97 377
97 136
97 483
97 330
97 130
97 405
98 405
98 244
98 388
98 270
98 280
98 290
98 420
98 295
98 428
98 432
98 303
98 431
98 230
98 380
98 134
98 218
98 370
98 357
98 492
99 283
99 287
99 299
99 191
99 333
99 379
99 371
99 347
99 177
99 327
99 296
99 361
99 308
99 312
99 346
99 112
99 182
99 264
99 111
99 255
99 158
99 376
100 463
100 134
100 267
100 282
100 420
100 295
100 428
100 431
100 432
100 100
100 280
100 108
100 258
100 296
100 230
100 354
100 249
101 263
101 139
101 417
101 316
101 446
101 215
101 120
101 101
101 393
101 485
101 408
101 221
101 321
101 494
101 281
101 146
101 365
102 252
102 419
102 181
102 439
102 449
102 325
102 207
102 473
102 102
102 498
102 305
102 455
102 445
102 301
102 317
102 106
102 366
102 343
102 269
103 176
103 288
103 162
103 164
103 424
103 170
103 192
103 323
103 324
103 196
103 213
103 489
103 491
103 173
103 349
103 105
103 143
104 435
104 286
104 159
104 288
104 162
104 164
104 424
104 323
104 328
104 462
104 213
104 170
104 324
104 491
104 363
104 395
104 250
105 152
105 286
105 170
105 192
105 323
105 324
105 462
105 213
105 162
105 489
105 424
105 105
105 478
105 297
105 228
105 345
105 403
105 336
106 419
106 305
106 181
106 439
106 185
106 445
106 325
106 207
106 208
106 455
106 498
106 449
106 319
106 244
106 366
106 116
106 121
106 242
107 406
107 407
107 156
107 414
107 174
107 438
107 189
107 319
107 453
107 497
107 107
107 154
107 345
107 354
107 464
107 214
108 310
108 134
108 267
108 270
108 280
108 420
108 295
108 431
108 432
108 303
108 230
108 108
108 444
108 367
108 219
108 476
109 296
109 395
109 289
109 172
109 304
109 314
109 194
109 459
109 205
109 336
109 478
109 229
109 109
109 163
109 311
109 254
110 277
110 216
110 360
110 362
110 492
110 124
110 499
110 250
110 222
110 349
110 358
110 262
110 354
110 171
110 469
111 283
111 160
111 296
111 299
111 177
111 308
111 312
111 327
111 347
111 361
111 379
111 231
111 371
111 346
111 398
111 151
111 255
111 336
112 283
112 160
112 296
112 177
112 308
112 312
112 191
112 333
112 255
112 379
112 327
112 299
112 112
112 268
112 419
112 270
113 207
113 266
113 168
113 297
113 427
113 302
113 175
113 179
113 436
113 190
113 454
113 342
113 343
113 228
113 363
113 317
113 482
113 257
113 279
113 441
114 130
114 392
114 137
114 412
114 285
114 166
114 311
114 318
114 240
114 114
114 450
114 451
114 147
114 386
114 426
114 345
114 375
114 420
114 496
115 402
115 391
115 403
115 409
115 292
115 294
115 306
115 440
115 320
115 226
115 293
115 341
115 495
115 115
115 477
115 117
115 394
116 305
116 439
116 445
116 449
116 325
116 455
116 207
116 473
116 498
116 185
116 419
116 208
116 156
116 229
116 253
116 459
117 153
117 409
117 292
117 293
117 294
117 306
117 178
117 320
117 201
117 226
117 495
117 479
117 403
117 162
117 376
118 378
118 214
118 362
118 389
118 180
118 476
118 225
118 237
118 291
118 390
118 184
118 365
118 248
118 251
118 280
118 429
118 128
119 129
119 386
119 392
119 147
119 412
119 285
119 416
119 311
119 318
119 450
119 472
119 375
119 123
119 137
119 240
119 437
119 350
119 189
119 169
120 343
120 264
120 402
120 404
120 446
120 485
120 139
120 120
120 494
120 215
120 171
120 380
120 383
121 447
121 150
121 257
121 260
121 265
121 279
121 281
121 158
121 426
121 186
121 187
121 337
121 457
121 212
121 301
121 274
121 218
121 470
122 398
122 272
122 144
122 145
122 150
122 411
122 161
122 315
122 321
122 467
122 348
122 500
122 374
122 474
122 437
122 157
122 125
122 122
122 202
122 432
122 354
122 478
123 129
123 386
123 130
123 392
123 137
123 147
123 412
123 285
123 311
123 318
123 240
123 375
123 166
123 451
123 224
123 473
123 366
124 371
124 150
124 203
124 262
124 138
124 143
124 277
124 326
124 222
124 362
124 358
124 354
124 492
124 187
124 152
125 286
125 192
125 399
125 400
125 411
125 157
125 309
125 315
125 340
125 474
125 348
125 221
125 144
125 155
125 500
125 150
125 230
126 372
126 391
126 341
126 395
126 459
126 336
126 229
126 486
126 242
126 304
126 205
126 182
126 172
126 289
126 478
126 227
127 407
127 414
127 415
127 173
127 319
127 453
127 156
127 127
127 345
127 154
127 406
127 167
127 269
127 344
127 146
128 261
128 389
128 291
128 421
128 180
128 198
128 365
128 248
128 390
128 246
128 128
128 225
128 416
128 172
129 130
129 151
129 285
129 416
129 450
129 129
129 166
129 240
129 472
129 451
129 311
129 318
129 387
129 386
129 392
129 137
129 147
129 375
129 321
129 149
130 130
130 240
130 311
130 412
130 386
130 392
130 147
130 450
130 375
130 416
130 166
130 318
130 355
130 164
130 137
130 285
130 451
130 472
131 385
131 136
131 330
131 307
131 268
131 483
131 236
131 433
131 214
131 373
131 353
131 355
131 203
131 131
131 235
131 398
131 401
131 430
131 461
132 434
132 338
132 334
132 452
132 271
132 199
132 243
132 234
132 381
132 165
132 359
132 132
132 463
132 298
132 220
132 395
132 370
132 209
132 468
132 352
132 364
133 199
133 325
133 215
133 332
133 171
133 139
133 393
133 494
133 316
133 383
133 402
133 404
133 485
133 315
133 472
133 263
133 264
133 408
133 446
133 237
134 239
134 166
134 388
134 367
134 431
134 290
134 267
134 357
134 280
134 428
134 380
134 270
134 134
134 318
134 420
134 303
134 148
135 387
135 488
135 329
135 239
135 465
135 443
135 423
135 425
135 444
135 429
135 233
135 300
135 484
135 135
135 458
135 331
135 471
136 151
136 319
136 136
136 480
136 235
136 433
136 203
136 307
136 330
136 377
136 353
136 268
136 385
136 214
136 402
136 430
136 461
136 355
137 231
137 386
137 392
137 137
137 240
137 147
137 166
137 472
137 450
137 311
137 416
137 375
137 464
137 151
137 285
137 318
137 451
138 262
138 358
138 360
138 222
138 216
138 492
138 349
138 277
138 250
138 326
138 499
138 490
138 143
138 362
139 264
139 485
139 408
139 417
139 263
139 171
139 332
139 215
139 402
139 393
139 139
139 429
139 404
139 383
140 259
140 397
140 153
140 238
140 493
140 448
140 223
140 475
140 405
140 140
140 204
140 422
140 276
140 436
140 467
140 141
140 278
140 195
140 350
140 394
141 255
141 259
141 238
141 475
141 195
141 152
141 448
141 350
141 276
141 278
141 493
141 204
141 405
141 361
141 397
141 273
141 260
142 262
142 250
142 360
142 358
142 142
142 326
142 362
142 216
142 354
142 349
142 143
142 499
142 493
142 441
142 277
142 492
143 299
143 156
143 354
143 277
143 262
143 326
143 222
143 250
143 143
143 360
143 349
143 358
143 492
143 499
144 398
144 272
144 340
144 221
144 144
144 467
144 155
144 500
144 321
144 399
144 157
144 309
144 400
144 474
144 374
144 435
144 145
144 150
144 411
144 161
144 437
144 315
144 348
145 204
145 399
145 411
145 340
145 398
145 500
145 467
145 221
145 348
145 474
145 161
145 437
145 400
145 155
145 157
145 234
145 331
145 150
145 309
146 394
146 441
146 169
146 369
146 249
146 335
146 183
146 460
146 148
146 256
146 200
146 376
146 245
146 344
146 466
146 206
146 469
147 386
147 392
147 472
147 151
147 375
147 285
147 311
147 416
147 451
147 226
147 422
147 412
147 166
147 318
147 240
147 401
148 483
148 394
148 148
148 369
148 370
148 356
148 245
148 376
148 344
148 466
148 249
148 174
148 169
148 183
148 441
148 200
148 460
148 217
148 256
149 257
149 265
149 274
149 337
149 212
149 418
149 260
149 481
149 227
149 149
149 279
149 224
149 281
149 218
149 187
149 301
149 457
149 300
149 158
149 186
149 456
150 477
150 398
150 399
150 400
150 272
150 474
150 340
150 500
150 411
150 321
150 315
150 221
150 161
150 348
150 155
150 374
150 268
151 386
151 392
151 151
151 285
151 166
151 240
151 375
151 450
151 318
151 437
151 491
152 259
152 397
152 273
152 276
152 278
152 405
152 350
152 204
152 195
152 493
152 152
152 215
152 448
153 450
153 259
153 397
153 273
153 405
153 278
153 422
153 195
153 493
153 223
153 350
153 204
153 475
153 238
153 186
153 427
153 358
154 406
154 407
154 167
154 173
154 345
154 269
154 438
154 154
154 319
154 368
154 174
154 382
154 453
154 497
154 243
154 156
154 189
155 398
155 399
155 400
155 411
155 221
155 437
155 315
155 340
155 272
155 157
155 374
155 500
155 321
155 309
155 467
155 432
155 401
156 392
156 448
156 269
156 406
156 407
156 345
156 174
156 453
156 382
156 173
156 497
156 479
156 415
156 167
156 319
156 368
157 444
157 231
157 397
157 399
157 272
157 321
157 315
157 411
157 309
157 348
157 221
157 398
157 157
157 202
157 161
157 467
157 500
157 235
158 490
158 190
158 380
158 260
158 274
158 275
158 281
158 418
158 426
158 186
158 481
158 265
158 224
158 212
158 337
158 457
158 193
158 456
159 424
159 489
159 462
159 159
159 328
159 196
159 339
159 324
159 192
159 162
159 491
159 323
159 170
159 345
159 369
159 213
160 283
160 287
160 255
160 371
160 361
160 379
160 312
160 327
160 296
160 347
160 177
160 346
160 333
160 231
160 221
160 447
160 299
160 308
160 498
161 188
161 398
161 399
161 272
161 400
161 315
161 221
161 437
161 500
161 309
161 411
161 474
161 340
161 355
161 264
161 467
161 348
162 206
162 286
162 288
162 339
162 170
162 324
162 192
162 462
162 164
162 328
162 489
162 323
162 491
162 308
162 417
162 424
162 277
163 385
163 289
163 182
163 205
163 478
163 172
163 314
163 304
163 194
163 254
163 336
163 229
163 263
163 486
164 375
164 288
164 164
164 489
164 339
164 196
164 328
164 324
164 462
164 213
164 439
164 192
164 491
164 178
165 271
165 234
165 338
165 434
165 452
165 206
165 463
165 334
165 359
165 381
165 364
165 468
165 241
165 415
165 199
165 209
165 352
165 261
166 412
166 416
166 166
166 451
166 311
166 318
166 392
166 384
166 450
166 472
166 240
167 258
167 399
167 269
167 406
167 407
167 414
167 415
167 174
167 368
167 345
167 189
167 438
167 453
167 202
167 390
167 173
167 319
167 497
167 382
167 194
168 443
168 454
168 247
168 302
168 168
168 188
168 427
168 372
168 343
168 266
168 190
168 464
168 487
168 197
168 297
168 317
168 342
168 228
168 363
168 378
168 268
169 411
169 394
169 200
169 169
169 183
169 376
169 249
169 344
169 369
169 441
169 274
169 217
169 356
169 370
170 288
170 286
170 192
170 213
170 323
170 324
170 170
170 328
170 424
170 489
170 196
170 339
170 491
170 378
171 252
171 179
171 363
171 393
171 408
171 404
171 215
171 316
171 446
171 402
171 485
171 334
171 369
171 383
172 390
172 395
172 289
172 205
172 172
172 478
172 304
172 182
172 336
172 229
172 463
172 194
172 459
172 254
173 220
173 406
173 415
173 407
173 497
173 368
173 438
173 269
173 414
173 245
173 174
173 189
174 407
174 414
174 438
174 269
174 453
174 319
174 415
174 497
174 345
174 406
174 378
174 281
174 368
174 382
175 223
175 266
175 297
175 427
175 342
175 378
175 302
175 317
175 175
175 188
175 228
175 464
175 190
175 309
175 179
175 436
175 454
175 363
175 247
176 258
176 410
176 284
176 413
176 197
176 384
176 490
176 244
176 470
176 482
176 487
176 435
176 313
176 447
176 176
176 322
176 241
176 496
177 283
177 287
177 299
177 312
177 191
177 177
177 371
177 296
177 308
177 327
177 361
177 379
177 333
177 346
177 352
177 337
178 391
178 293
178 294
178 306
178 440
178 409
178 495
178 341
178 201
178 178
178 403
178 350
178 202
178 226
178 232
179 266
179 427
179 454
179 297
179 247
179 343
179 179
179 372
179 228
179 188
179 302
179 317
179 209
179 436
179 190
179 464
179 307
179 481
180 430
180 389
180 291
180 421
180 198
180 180
180 261
180 225
180 251
180 390
180 237
180 248
180 447
180 391
180 184
180 211
181 258
181 253
181 439
181 455
181 366
181 449
181 445
181 208
181 477
181 185
181 181
181 376
181 384
181 498
181 368
182 465
182 369
182 395
182 289
182 486
182 194
182 254
182 314
182 336
182 304
182 412
182 278
182 459
182 205
182 229
182 496
183 323
183 394
183 466
183 344
183 370
183 183
183 200
183 356
183 441
183 305
183 238
183 460
183 469
183 256
184 261
184 390
184 291
184 421
184 237
184 246
184 219
184 251
184 476
184 389
184 211
184 365
184 248
184 228
184 225
185 305
185 439
185 449
185 207
185 253
185 185
185 473
185 455
185 366
185 208
185 486
185 393
185 325
185 498
185 187
185 304
186 257
186 265
186 274
186 275
186 279
186 418
186 426
186 301
186 212
186 481
186 224
186 227
186 187
186 465
186 337
186 218
187 340
187 257
187 260
187 279
187 418
187 426
187 301
187 224
187 456
187 218
187 281
187 265
187 274
187 193
187 457
187 337
187 481
188 297
188 427
188 372
188 317
188 247
188 188
188 436
188 342
188 266
188 343
188 454
188 190
188 464
188 378
189 423
189 327
189 338
189 364
189 269
189 415
189 382
189 453
189 189
189 414
189 236
189 319
189 345
190 266
190 297
190 436
190 317
190 378
190 427
190 363
190 343
190 247
190 324
190 330
191 287
191 299
191 312
191 231
191 361
191 371
191 347
191 308
191 191
191 283
191 276
191 441
191 327
191 346
191 255
191 240
191 212
191 365
192 286
192 288
192 424
192 213
192 196
192 489
192 192
192 339
192 279
192 462
192 491
193 311
193 257
193 265
193 275
193 279
193 281
193 301
193 224
193 418
193 227
193 426
193 260
193 457
193 218
193 193
193 212
194 339
194 395
194 289
194 304
194 205
194 486
194 478
194 242
194 496
194 314
194 421
194 459
194 254
195 259
195 397
195 273
195 276
195 278
195 405
195 422
195 448
195 493
195 417
195 475
195 229
196 286
196 288
196 323
196 324
196 424
196 339
196 462
196 489
196 491
196 196
196 363
196 328
196 370
197 258
197 410
197 284
197 413
197 435
197 310
197 313
197 322
197 482
197 210
197 471
197 384
197 252
197 470
197 447
197 490
197 478
197 458
197 351
197 241
198 482
198 261
198 389
198 421
198 291
198 390
198 225
198 365
198 211
198 246
198 198
198 257
198 323
198 219
198 248
199 298
199 434
199 452
199 220
199 234
199 334
199 463
199 468
199 243
199 381
199 338
199 209
199 500
199 352
199 309
199 360
200 302
200 394
200 256
200 344
200 441
200 249
200 376
200 369
200 335
200 469
201 391
201 292
201 293
201 294
201 306
201 495
201 226
201 320
201 232
201 409
201 341
201 434
201 221
202 391
202 403
202 409
202 293
202 294
202 306
202 440
202 479
202 341
202 373
202 334
202 232
202 495
203 268
203 401
203 430
203 433
203 307
203 461
203 236
203 385
203 483
203 235
203 373
203 377
203 205
203 353
203 492
204 273
204 278
204 422
204 448
204 493
204 259
204 475
204 238
204 397
204 350
204 338
204 223
205 437
205 269
205 289
205 242
205 205
205 478
205 326
206 271
206 434
206 452
206 334
206 338
206 206
206 352
206 220
206 359
206 243
206 298
206 468
206 364
206 400
206 315
206 295
207 350
207 439
207 445
207 325
207 449
207 473
207 253
207 366
207 419
207 382
207 477
207 280
208 329
208 305
208 439
208 445
208 449
208 325
208 455
208 253
208 419
208 297
208 473
208 477
208 366
208 348
209 271
209 434
209 298
209 452
209 463
209 381
209 334
209 468
209 243
209 364
209 478
209 352
209 326
210 258
210 284
210 413
210 313
210 252
210 322
210 471
210 482
210 351
210 410
210 210
210 244
210 435
210 487
210 314
210 496
210 470
210 490
210 241
211 261
211 390
211 389
211 291
211 237
211 248
211 225
211 476
211 251
211 211
211 280
211 219
211 246
211 229
212 260
212 265
212 275
212 279
212 281
212 426
212 457
212 257
212 274
212 224
212 218
212 456
212 227
212 212
212 481
213 468
213 286
213 288
213 424
213 323
213 328
213 462
213 263
213 353
213 489
213 406
214 479
214 385
214 268
214 401
214 433
214 307
214 236
214 377
214 330
214 235
214 483
214 373
214 461
214 480
215 475
215 263
215 264
215 393
215 402
215 316
215 446
215 332
215 485
215 391
215 375
215 494
215 222
216 425
216 298
216 420
216 262
216 277
216 326
216 362
216 360
216 216
216 399
216 316
216 222
216 499
216 250
216 225
217 441
217 335
217 466
217 344
217 369
217 249
217 469
217 460
217 217
217 394
217 287
217 356
217 476
218 260
218 274
218 275
218 456
218 337
218 426
218 301
218 265
218 227
218 418
218 481
218 402
218 361
218 224
219 437
219 481
219 261
219 390
219 389
219 365
219 476
219 219
219 237
219 225
219 244
219 246
219 251
220 271
220 334
220 463
220 338
220 468
220 381
220 434
220 452
220 243
220 298
220 477
220 352
220 364
220 266
221 398
221 400
221 411
221 437
221 309
221 467
221 474
221 348
221 315
221 435
221 374
222 338
222 316
222 236
222 262
222 326
222 349
222 358
222 282
222 354
222 360
222 362
222 499
222 469
223 259
223 397
223 273
223 276
223 422
223 448
223 405
223 350
223 278
223 475
223 476
223 238
223 467
224 454
224 257
224 260
224 265
224 275
224 418
224 457
224 337
224 227
224 301
224 496
224 277
225 488
225 410
225 433
225 355
225 376
225 261
225 389
225 421
225 390
225 476
225 449
225 365
225 237
225 246
225 251
226 391
226 409
226 292
226 293
226 294
226 306
226 440
226 320
226 341
226 315
226 232
226 495
227 470
227 305
227 257
227 260
227 265
227 274
227 275
227 279
227 418
227 426
227 337
227 456
227 309
227 315
228 266
228 427
228 302
228 342
228 343
228 464
228 454
228 317
228 372
228 378
228 282
228 363
228 247
228 270
229 233
229 395
229 289
229 304
229 459
229 478
229 336
229 314
229 242
230 350
230 267
230 270
230 290
230 420
230 295
230 431
230 303
230 428
230 367
230 280
230 407
231 287
231 296
231 299
231 312
231 327
231 333
231 255
231 346
231 379
231 231
231 308
231 371
232 422
232 403
232 409
232 292
232 293
232 294
232 320
232 341
232 479
232 391
232 277
232 363
232 250
233 387
233 396
233 423
233 425
233 300
233 443
233 444
233 329
233 458
233 484
233 465
233 233
233 442
233 451
234 271
234 298
234 434
234 452
234 334
234 338
234 468
234 352
234 381
234 243
234 359
234 349
235 409
235 385
235 330
235 353
235 307
235 401
235 373
235 430
235 377
235 236
235 480
235 355
235 492
235 362
236 423
236 473
236 293
236 385
236 430
236 461
236 480
236 483
236 330
236 401
237 390
237 389
237 421
237 248
237 251
237 261
237 237
238 397
238 273
238 278
238 448
238 475
238 350
238 422
238 238
238 340
239 387
239 396
239 423
239 429
239 442
239 444
239 329
239 465
239 488
239 458
239 283
239 255
239 298
240 386
240 285
240 311
240 450
240 472
240 375
240 392
240 240
241 258
241 410
241 310
241 322
241 471
241 351
241 490
241 470
241 244
241 252
241 413
241 284
241 488
242 334
242 360
242 304
242 336
242 496
242 395
242 478
242 242
242 254
243 298
243 434
243 452
243 334
243 359
243 338
243 243
243 486
243 306
244 258
244 410
244 284
244 310
244 447
244 322
244 351
244 244
244 470
244 490
244 252
244 471
244 478
244 384
244 464
244 277
245 349
245 441
245 460
245 335
245 466
245 469
245 344
245 356
245 245
245 290
245 401
246 261
246 390
246 389
246 291
246 421
246 365
246 251
246 476
246 246
246 372
246 248
247 266
247 297
247 302
247 436
247 317
247 454
247 342
247 427
247 372
247 247
247 477
247 378
248 261
248 390
248 389
248 291
248 421
248 476
248 365
248 248
248 268
248 252
248 251
249 283
249 409
249 394
249 460
249 466
249 469
249 356
249 369
249 376
250 262
250 277
250 492
250 499
250 250
250 358
250 354
250 349
251 261
251 389
251 291
251 421
251 476
251 397
252 258
252 410
252 435
252 310
252 313
252 447
252 322
252 351
252 482
252 487
252 384
252 267
253 419
253 305
253 439
253 445
253 449
253 477
253 498
253 366
253 255
254 310
254 304
254 459
254 336
254 254
254 395
254 314
254 354
254 419
255 287
255 296
255 299
255 308
255 333
255 379
255 283
255 371
255 361
256 278
256 441
256 460
256 335
256 469
256 356
256 466
256 344
256 394
256 370
256 482
257 265
257 418
257 426
257 281
257 260
257 481
257 456
257 301
257 457
257 257
257 274
257 275
258 487
258 470
258 310
258 258
258 351
258 410
258 447
258 322
258 384
258 284
258 413
258 435
258 482
259 475
259 405
259 273
259 276
259 350
259 493
259 448
259 259
259 310
259 278
259 404
260 279
260 481
260 337
260 301
260 281
260 265
260 275
260 418
260 260
260 426
260 456
261 476
261 421
261 261
261 365
261 390
261 389
262 362
262 360
262 349
262 358
262 499
262 413
262 326
262 354
263 393
263 494
263 332
263 402
263 446
263 263
263 485
263 383
263 331
263 355
263 408
263 356
264 264
264 408
264 404
264 446
264 485
264 316
264 494
264 431
264 393
264 402
264 417
264 383
264 389
265 436
265 301
265 281
265 426
265 274
265 457
265 265
265 420
265 275
265 279
265 456
265 481
266 490
266 342
266 378
266 297
266 454
266 436
266 317
266 464
266 343
266 266
266 390
266 302
266 372
267 388
267 267
267 431
267 280
267 432
267 270
267 380
267 282
267 357
267 367
267 290
267 420
267 428
267 303
268 293
268 385
268 430
268 480
268 377
268 268
268 461
268 307
268 433
268 330
268 353
269 290
269 438
269 453
269 368
269 319
269 407
269 415
269 345
269 269
269 406
269 414
269 497
270 282
270 270
270 380
270 420
270 280
270 295
270 367
270 388
270 428
270 432
271 271
271 298
271 463
271 359
271 381
271 434
271 468
271 334
271 352
271 490
271 338
271 364
272 398
272 399
272 400
272 467
272 272
272 500
272 411
272 321
272 437
272 340
272 348
272 474
272 483
272 445
272 309
272 315
272 358
272 291
273 397
273 278
273 422
273 405
273 276
273 273
273 448
273 301
273 290
273 493
273 421
274 279
274 456
274 281
274 481
274 457
274 301
274 337
274 275
274 274
274 416
274 426
275 481
275 275
275 337
275 418
275 415
275 281
275 301
276 396
276 397
276 422
276 493
276 278
276 465
276 428
276 405
276 350
277 362
277 360
277 326
277 354
277 349
277 358
277 499
278 405
278 493
278 422
278 397
278 448
278 315
278 475
278 350
278 424
279 322
279 457
279 418
279 426
279 301
279 481
279 456
280 303
280 432
280 290
280 367
280 282
280 380
280 428
280 280
280 420
280 295
280 431
280 357
281 425
281 406
281 418
281 457
281 456
281 337
281 443
282 429
282 328
282 388
282 431
282 303
282 420
282 432
282 357
282 295
282 428
282 282
282 487
282 290
282 380
283 443
283 283
283 347
283 346
283 308
283 312
283 333
283 287
283 299
283 327
283 371
283 483
284 310
284 322
284 470
284 435
284 410
284 447
284 284
284 413
284 384
284 482
284 495
284 397
284 487
284 301
285 386
285 412
285 285
285 472
285 311
285 450
285 401
285 349
285 416
285 451
285 375
286 491
286 328
286 288
286 323
286 339
286 424
286 324
286 443
286 462
286 441
287 327
287 299
287 296
287 346
287 371
287 379
287 347
287 287
287 464
287 308
287 312
287 391
288 484
288 323
288 424
288 324
288 489
288 288
288 416
288 328
288 356
289 345
289 430
289 289
289 336
289 304
289 440
289 482
289 459
289 496
290 296
290 290
290 388
290 367
290 303
290 380
290 428
290 432
290 357
290 295
290 431
291 449
291 335
291 390
291 389
291 421
291 476
292 391
292 403
292 409
292 306
292 341
292 495
292 440
292 292
292 479
292 293
292 482
292 320
293 391
293 306
293 293
293 495
293 409
293 341
293 479
294 403
294 320
294 495
294 409
294 440
294 479
294 341
295 388
295 420
295 380
295 357
295 367
295 431
295 296
295 303
296 327
296 312
296 296
296 379
296 308
296 346
296 371
296 299
296 347
296 361
297 343
297 363
297 427
297 378
297 372
297 342
297 436
297 317
298 375
298 452
298 338
298 468
298 298
298 359
298 352
298 334
298 463
298 364
298 381
298 357
298 319
299 299
299 346
299 379
299 308
299 371
299 312
299 335
299 333
299 347
299 361
300 387
300 396
300 423
300 465
300 300
300 444
300 488
300 329
300 484
300 476
300 403
300 429
300 442
300 443
300 331
300 440
300 353
301 429
301 418
301 426
301 337
301 457
301 380
301 456
301 460
302 427
302 378
302 372
302 343
302 317
302 464
302 302
302 454
302 388
302 436
303 388
303 428
303 357
303 431
303 367
303 303
303 434
304 395
304 314
304 486
304 459
304 336
304 496
304 362
305 472
305 419
305 305
305 455
305 477
305 473
305 498
305 466
305 439
305 366
306 471
306 391
306 409
306 479
306 440
306 306
307 385
307 401
307 430
307 433
307 307
307 353
307 461
307 373
307 344
308 346
308 371
308 379
308 312
308 333
308 347
308 361
308 358
308 439
309 400
309 437
309 374
309 474
309 321
309 399
309 309
309 411
309 340
309 348
309 500
310 410
310 435
310 322
310 490
310 351
310 471
310 313
310 447
310 470
311 386
311 392
311 412
311 450
311 416
311 472
311 438
311 451
311 418
312 371
312 333
312 327
312 347
312 346
312 369
312 402
312 469
313 413
313 435
313 470
313 384
313 313
313 322
313 487
313 482
313 410
313 351
313 437
313 444
313 447
313 471
313 490
313 414
314 485
314 314
314 486
314 459
314 478
314 336
314 368
314 361
315 399
315 411
315 437
315 474
315 340
315 467
315 348
315 321
315 373
315 374
315 316
316 384
316 402
316 404
316 408
316 417
316 393
316 485
316 383
316 332
316 446
316 494
317 427
317 436
317 464
317 378
317 470
317 457
317 454
317 372
317 428
318 392
318 412
318 416
318 472
318 451
318 386
318 375
318 373
318 482
318 450
319 406
319 414
319 438
319 368
319 382
319 407
319 497
320 391
320 409
320 479
320 320
320 495
320 418
320 477
320 341
321 399
321 437
321 500
321 398
321 467
321 348
321 400
321 374
321 480
322 451
322 410
322 413
322 435
322 471
322 384
322 487
322 447
322 346
322 470
323 424
323 323
323 462
323 324
323 339
324 491
324 424
324 339
324 489
324 328
324 462
325 419
325 439
325 445
325 325
325 473
325 387
325 455
325 477
325 366
325 408
325 401
326 358
326 362
326 360
326 354
326 326
326 492
327 346
327 333
327 347
327 361
327 327
327 371
327 414
328 489
328 491
328 339
328 368
329 387
329 396
329 423
329 425
329 429
329 442
329 444
329 458
329 453
329 331
329 465
329 484
329 344
330 422
330 489
330 380
330 446
330 385
330 401
330 430
330 433
330 353
330 461
330 355
330 330
330 439
330 483
331 387
331 396
331 429
331 442
331 443
331 444
331 458
331 465
331 488
331 425
331 423
331 432
331 382
332 452
332 393
332 404
332 408
332 417
332 446
332 494
332 383
332 460
332 354
333 333
333 371
333 346
333 454
333 465
333 347
333 361
334 434
334 452
334 468
334 338
335 394
335 460
335 369
335 335
335 376
335 466
335 344
335 356
335 370
336 418
336 395
336 459
336 496
337 418
337 426
337 456
337 457
337 481
338 347
338 434
338 463
338 381
338 352
338 359
339 424
339 462
339 339
339 440
340 400
340 411
340 467
340 437
340 348
340 474
340 340
340 374
340 408
341 403
341 409
341 341
341 479
341 391
341 423
342 442
342 427
342 464
342 343
342 436
342 363
342 378
342 365
343 427
343 436
343 454
343 363
343 372
343 378
344 444
344 441
344 469
344 370
344 356
345 361
345 406
345 407
345 415
345 438
345 345
345 382
345 373
346 346
346 361
346 379
346 471
346 347
347 361
347 379
347 435
348 398
348 400
348 411
348 467
348 399
348 488
348 500
348 374
349 475
349 355
349 360
349 354
349 358
349 492
349 499
350 493
350 475
350 350
350 422
351 410
351 413
351 435
351 471
351 351
351 384
351 470
351 424
351 482
351 490
351 463
351 431
352 434
352 468
352 364
352 359
352 452
352 366
352 381
353 385
353 401
353 461
353 377
353 355
353 480
353 369
354 358
354 362
354 492
354 360
354 499
355 401
355 433
355 461
355 480
355 483
355 430
355 355
356 407
356 441
356 460
356 469
356 394
356 370
356 376
357 388
357 420
357 380
357 367
357 432
357 431
357 497
358 499
358 358
358 360
359 452
359 381
359 364
359 359
359 430
359 374
359 480
360 492
361 379
361 361
361 498
362 377
362 492
362 499
363 427
363 436
363 464
363 378
363 372
363 474
364 434
364 452
364 463
364 364
364 468
364 483
365 389
365 421
365 476
366 419
366 445
366 449
366 477
366 455
366 375
367 388
367 431
367 367
368 413
368 406
368 407
368 438
368 453
368 382
369 394
369 466
369 370
369 407
369 376
370 394
370 460
370 466
370 469
370 441
370 376
371 379
372 435
372 470
372 427
372 454
372 464
372 495
373 458
373 385
373 401
373 430
373 433
373 480
373 483
373 377
374 398
374 399
374 411
374 437
374 474
374 374
374 479
374 404
375 392
375 416
375 450
375 451
375 472
375 412
376 394
376 460
376 376
376 469
377 483
377 377
377 430
377 385
377 433
377 401
378 464
379 483
380 428
380 432
380 380
380 388
381 434
381 452
381 463
381 381
381 415
381 449
382 406
382 415
382 438
382 497
382 382
383 393
383 402
383 404
383 408
383 446
383 494
383 427
383 388
384 470
384 471
384 487
384 490
384 410
384 447
384 500
385 433
385 483
385 385
385 429
385 430
385 461
385 480
386 412
386 451
386 450
386 416
386 386
386 392
387 425
387 442
387 488
387 396
387 458
387 443
387 387
387 423
387 429
387 465
387 484
388 420
388 432
388 431
388 388
388 481
389 403
389 390
389 389
390 407
390 390
390 421
390 476
391 391
391 479
391 409
391 440
391 426
392 450
392 412
393 412
393 434
393 446
393 408
393 393
393 402
393 404
394 448
394 456
394 466
394 441
394 460
394 469
395 479
395 486
395 402
396 425
396 465
396 423
396 488
396 458
396 396
396 442
396 429
396 443
396 444
396 484
397 448
397 422
397 475
397 405
397 487
398 442
398 500
398 467
398 400
398 437
398 411
398 474
398 399
398 456
399 437
399 467
399 400
399 474
399 500
399 411
400 411
400 500
400 437
400 474
400 498
401 494
401 480
401 461
401 401
401 483
401 430
401 433
402 494
402 408
402 404
402 485
402 467
402 417
403 495
403 403
403 440
404 417
404 485
404 408
404 446
404 494
405 475
405 422
405 405
405 493
406 453
406 406
406 415
406 407
406 414
406 438
406 486
407 407
407 497
407 438
407 415
407 453
408 408
408 417
408 446
408 494
409 495
409 479
409 409
409 440
410 490
410 470
410 410
410 447
410 435
410 429
411 474
411 500
411 444
411 437
412 472
412 450
412 416
412 412
413 435
413 413
413 482
413 490
413 487
413 470
413 424
413 471
413 499
414 439
414 414
414 453
414 438
414 415
414 497
415 453
415 415
416 472
416 416
416 450
416 451
416 499
417 417
417 485
417 494
417 457
417 451
418 426
418 418
418 481
419 477
419 439
419 473
419 449
419 498
419 455
419 450
419 445
419 500
420 431
420 432
420 428
421 421
421 477
422 422
422 493
422 475
422 448
423 425
423 443
423 444
423 465
423 484
423 442
423 438
423 497
424 424
424 489
424 459
424 462
425 458
425 429
425 488
425 425
425 484
425 465
425 442
425 443
425 453
426 426
426 457
426 489
426 456
427 427
427 442
427 436
428 431
429 429
429 444
429 443
429 488
429 442
429 458
430 494
430 438
430 480
430 433
431 432
433 483
433 433
433 461
434 463
434 468
435 490
435 487
435 435
435 447
435 470
436 454
437 467
438 453
439 473
439 498
439 445
439 477
440 491
440 440
441 455
441 460
441 466
442 488
442 444
442 465
442 458
442 443
442 484
443 458
443 444
443 465
443 488
443 477
444 444
444 484
444 464
445 455
445 449
445 498
445 477
445 479
446 487
446 494
446 485
446 466
447 470
447 482
447 471
447 490
447 447
447 487
448 472
448 475
449 455
449 449
449 498
449 477
449 473
450 476
450 451
451 451
451 472
452 463
452 468
454 454
454 464
455 455
455 498
455 473
455 462
456 456
456 481
457 488
457 457
457 486
458 488
458 465
458 484
459 496
459 486
459 474
460 469
460 478
461 480
461 483
461 461
462 489
462 491
462 467
463 463
463 468
464 489
465 488
465 496
466 466
467 474
468 468
469 469
470 482
470 487
470 490
471 471
471 487
471 490
473 477
473 494
474 500
475 493
476 476
477 498
477 477
478 496
480 483
480 480
481 481
482 487
482 482
484 488
484 485
485 494
486 486
487 487
487 490
488 488
489 489
489 491
491 491
492 492
492 499
493 493
495 495
497 497
498 498
