500 5852
1 414
1 437
1 339
1 98
1 323
1 292
1 449
1 30
1 308
1 81
1 290
1 280
1 1
1 360
1 327
1 286
1 338
1 99
1 169
1 421
1 165
1 196
1 91
2 200
2 115
2 337
2 350
2 25
2 263
2 40
2 46
2 272
2 193
2 136
2 88
2 358
2 138
2 260
2 317
2 332
2 112
2 375
2 378
2 216
2 219
2 475
3 169
3 419
3 384
3 385
3 22
3 456
3 393
3 398
3 412
3 45
3 324
3 251
3 273
3 76
3 243
3 348
3 267
3 161
3 303
3 62
3 16
3 416
3 301
3 431
4 174
4 4
4 189
4 15
4 472
4 356
4 167
4 163
4 411
4 469
4 225
4 180
4 242
4 185
4 192
4 89
4 113
4 212
4 119
4 42
4 172
4 70
4 201
4 126
4 243
5 236
5 130
5 259
5 5
5 248
5 265
5 254
5 162
5 410
5 464
5 26
5 124
5 377
5 237
5 392
5 415
5 150
5 33
5 125
5 10
5 141
5 397
5 31
5 314
5 79
5 494
6 211
6 482
6 379
6 354
6 352
6 153
6 6
6 18
6 117
6 19
6 104
6 467
6 44
6 403
6 199
6 454
6 203
6 457
6 145
6 399
6 21
6 422
6 38
6 101
6 115
6 392
6 135
7 422
7 472
7 452
7 347
7 7
7 302
7 190
7 284
7 95
7 390
7 195
7 244
7 54
7 406
7 90
7 268
7 62
7 375
7 292
7 418
7 423
7 66
7 73
7 382
8 386
8 362
8 498
8 224
8 490
8 148
8 122
8 8
8 67
8 342
8 27
8 139
8 119
8 74
8 451
8 239
8 75
8 203
8 89
8 294
8 425
8 326
8 329
9 11
9 222
9 383
9 319
9 164
9 47
9 64
9 9
9 29
9 331
9 487
9 188
9 448
9 233
9 205
9 443
9 202
9 479
9 77
9 289
9 183
9 452
10 88
10 390
10 130
10 392
10 265
10 254
10 410
10 494
10 124
10 237
10 397
10 310
10 31
10 381
10 464
10 415
10 10
10 476
10 141
10 150
10 248
10 377
11 182
11 98
11 143
11 443
11 64
11 233
11 164
11 118
11 231
11 448
11 491
11 202
11 331
11 319
11 383
11 452
11 176
11 466
11 197
11 289
11 47
11 222
12 355
12 483
12 204
12 378
12 484
12 486
12 69
12 405
12 320
12 12
12 373
12 77
12 463
12 169
12 311
12 173
12 367
12 487
12 297
12 312
12 61
12 209
12 364
12 254
13 495
13 405
13 323
13 131
13 151
13 109
13 149
13 262
13 223
13 13
13 100
13 166
13 391
13 32
13 255
13 116
13 287
13 374
13 46
13 278
13 318
13 407
14 41
14 129
14 132
14 413
14 344
14 479
14 445
14 159
14 299
14 343
14 94
14 261
14 441
14 374
14 214
14 78
14 235
14 182
14 203
14 244
14 279
14 152
14 285
14 420
14 151
14 259
15 113
15 201
15 89
15 242
15 185
15 180
15 469
15 163
15 126
15 59
15 241
15 315
15 189
15 411
15 356
15 225
15 192
15 466
15 434
15 167
15 42
15 366
16 385
16 393
16 398
16 48
16 251
16 431
16 246
16 412
16 243
16 76
16 324
16 301
16 16
16 161
16 45
16 22
16 404
16 115
16 416
16 313
16 456
16 303
16 307
16 218
17 158
17 309
17 199
17 163
17 131
17 391
17 394
17 283
17 149
17 35
17 17
17 262
17 277
17 100
17 151
17 278
17 287
17 347
17 143
17 32
17 318
17 223
17 480
17 351
17 125
18 399
18 354
18 379
18 361
18 153
18 467
18 352
18 38
18 454
18 203
18 403
18 199
18 24
18 370
18 44
18 422
18 21
18 484
18 272
18 19
18 414
18 482
18 104
18 369
18 468
18 188
18 118
18 475
19 399
19 199
19 153
19 467
19 482
19 354
19 21
19 422
19 379
19 361
19 369
19 203
19 352
19 24
19 104
19 44
19 309
19 25
19 403
19 38
19 454
19 370
19 212
19 316
20 348
20 258
20 388
20 270
20 400
20 144
20 146
20 37
20 395
20 492
20 228
20 33
20 229
20 439
20 156
20 372
20 497
20 99
20 97
20 307
20 281
20 298
20 363
21 21
21 354
21 117
21 104
21 454
21 482
21 467
21 403
21 199
21 361
21 38
21 370
21 399
21 422
21 404
21 147
21 414
21 203
21 46
22 413
22 393
22 398
22 273
22 412
22 416
22 313
22 348
22 161
22 22
22 236
22 431
22 246
22 267
22 45
22 218
22 221
22 301
22 48
22 324
22 243
22 251
23 81
23 23
23 91
23 196
23 286
23 449
23 292
23 184
23 308
23 290
23 323
23 134
23 437
23 165
23 98
23 157
23 327
23 242
23 53
23 280
23 421
23 338
23 351
23 404
23 316
24 399
24 467
24 454
24 117
24 24
24 361
24 44
24 153
24 403
24 369
24 203
24 352
24 38
24 354
24 379
24 389
24 217
24 422
24 199
24 104
25 357
25 263
25 136
25 260
25 219
25 106
25 317
25 193
25 291
25 337
25 46
25 40
25 332
25 440
25 272
25 115
25 120
25 78
25 465
25 216
25 112
26 84
26 260
26 130
26 392
26 397
26 150
26 237
26 26
26 254
26 464
26 377
26 162
26 265
26 79
26 381
26 124
26 55
26 203
26 410
26 314
27 55
27 349
27 386
27 139
27 148
27 490
27 75
27 197
27 498
27 362
27 224
27 27
27 425
27 342
27 294
27 74
27 223
27 265
27 451
27 67
27 340
27 252
28 166
28 386
28 396
28 258
28 388
28 395
28 270
28 400
28 274
28 146
28 121
28 156
28 144
28 37
28 28
28 492
28 33
28 268
28 462
28 298
28 228
28 229
28 99
28 500
28 372
29 257
29 74
29 491
29 331
29 29
29 183
29 452
29 47
29 64
29 176
29 383
29 233
29 188
29 443
29 143
29 222
29 486
29 459
29 289
29 164
29 205
29 231
30 157
30 134
30 360
30 449
30 196
30 165
30 280
30 292
30 91
30 323
30 437
30 339
30 308
30 421
30 81
30 30
30 460
30 199
30 286
30 290
30 184
30 327
30 338
30 98
30 383
30 385
31 130
31 259
31 392
31 397
31 162
31 415
31 237
31 265
31 141
31 381
31 150
31 31
31 79
31 410
31 464
31 52
31 103
31 314
31 494
32 131
32 262
32 391
32 394
32 277
32 278
32 149
32 287
32 166
32 100
32 255
32 283
32 109
32 351
32 151
32 345
32 477
32 258
32 35
32 223
32 480
32 205
32 45
32 270
33 399
33 325
33 305
33 342
33 388
33 270
33 400
33 146
33 492
33 274
33 363
33 37
33 298
33 144
33 156
33 231
33 100
33 439
33 228
33 229
34 276
34 151
34 224
34 389
34 137
34 140
34 407
34 154
34 80
34 82
34 247
34 459
34 198
34 97
34 466
34 128
34 103
34 86
34 348
34 385
34 68
34 476
34 485
34 380
35 131
35 262
35 391
35 394
35 278
35 149
35 283
35 345
35 318
35 151
35 287
35 166
35 255
35 277
35 480
35 35
35 78
35 223
35 100
35 125
36 276
36 419
36 208
36 215
36 438
36 92
36 442
36 470
36 384
36 63
36 349
36 341
36 232
36 213
36 36
36 178
36 56
36 246
36 180
36 293
36 432
36 305
36 50
36 477
36 253
36 346
37 67
37 258
37 400
37 144
37 156
37 500
37 497
37 37
37 121
37 99
37 270
37 146
37 229
37 372
37 327
37 426
37 298
37 439
37 363
38 153
38 414
38 203
38 199
38 38
38 117
38 379
38 403
38 482
38 370
38 422
38 354
38 57
38 47
38 454
38 361
38 369
39 245
39 304
39 396
39 404
39 105
39 474
39 123
39 250
39 303
39 336
39 217
39 181
39 450
39 85
39 307
39 256
39 429
39 481
39 67
39 226
39 57
39 458
39 347
39 376
39 127
39 73
40 197
40 260
40 263
40 136
40 272
40 219
40 350
40 440
40 358
40 291
40 88
40 475
40 337
40 193
40 317
40 138
40 351
40 471
40 46
40 465
40 106
40 115
41 155
41 158
41 168
41 489
41 220
41 321
41 238
41 368
41 493
41 309
41 430
41 41
41 58
41 426
41 297
41 409
41 60
41 195
41 170
41 71
41 211
41 108
41 375
41 482
41 315
41 463
42 411
42 163
42 167
42 242
42 469
42 225
42 113
42 70
42 241
42 192
42 42
42 366
42 89
42 201
42 172
42 209
42 347
42 59
42 472
42 356
42 68
43 133
43 271
43 402
43 275
43 424
43 93
43 333
43 55
43 186
43 460
43 304
43 295
43 230
43 495
43 212
43 107
43 330
43 334
43 156
43 69
43 435
43 444
43 462
43 92
44 297
44 238
44 414
44 203
44 117
44 369
44 379
44 44
44 104
44 403
44 153
44 354
44 399
44 78
44 389
44 454
44 199
44 467
44 361
45 199
45 398
45 273
45 412
45 416
45 301
45 236
45 246
45 267
45 431
45 393
45 243
45 348
45 161
45 324
45 182
45 313
45 456
45 240
45 322
46 263
46 272
46 291
46 358
46 350
46 136
46 112
46 440
46 475
46 332
46 88
46 317
46 46
46 165
46 216
46 219
46 106
46 457
47 143
47 164
47 176
47 487
47 331
47 319
47 448
47 231
47 383
47 205
47 443
47 233
47 222
47 289
47 340
47 53
47 183
47 64
47 452
47 202
47 118
48 375
48 142
48 318
48 393
48 267
48 398
48 273
48 412
48 431
48 251
48 416
48 76
48 240
48 324
48 161
48 48
48 86
48 313
48 456
48 348
48 236
48 243
48 310
49 264
49 147
49 434
49 353
49 401
49 461
49 191
49 306
49 346
49 210
49 316
49 206
49 51
49 322
49 179
49 488
49 226
49 408
49 392
49 377
49 102
50 276
50 282
50 419
50 293
50 432
50 305
50 253
50 215
50 96
50 213
50 178
50 341
50 63
50 349
50 56
50 50
50 309
50 259
50 438
50 442
50 92
50 477
50 232
50 148
50 121
51 291
51 401
51 408
51 306
51 102
51 322
51 135
51 51
51 346
51 316
51 179
51 264
51 191
51 353
51 210
51 461
51 202
51 295
51 206
51 218
51 226
51 488
52 309
52 220
52 186
52 387
52 266
52 142
52 288
52 175
52 114
52 111
52 52
52 328
52 357
52 371
52 478
52 365
52 473
52 242
52 78
52 455
52 200
52 84
52 87
52 326
52 95
52 124
53 390
53 268
53 171
53 66
53 195
53 382
53 406
53 418
53 145
53 53
53 54
53 95
53 302
53 457
53 284
53 428
53 368
53 62
53 90
53 221
53 359
54 268
54 406
54 284
54 423
54 171
54 73
54 66
54 359
54 221
54 244
54 190
54 90
54 194
54 390
54 457
54 145
54 120
54 247
54 195
54 382
55 369
55 133
55 271
55 402
55 295
55 424
55 296
55 304
55 325
55 212
55 330
55 186
55 333
55 460
55 444
55 55
55 345
55 446
55 334
55 495
55 215
56 276
56 282
56 419
56 293
56 432
56 305
56 178
56 208
56 438
56 477
56 384
56 63
56 213
56 341
56 253
56 56
56 198
56 216
57 486
57 396
57 404
57 307
57 481
57 105
57 57
57 303
57 347
57 181
57 123
57 101
57 85
57 450
57 458
57 420
57 422
57 471
57 474
57 376
57 250
58 155
58 158
58 426
58 170
58 430
58 249
58 227
58 238
58 375
58 58
58 309
58 60
58 168
58 489
58 211
58 297
58 256
58 272
58 321
58 71
58 220
58 108
58 197
58 416
59 411
59 163
59 172
59 180
59 185
59 315
59 356
59 242
59 201
59 113
59 469
59 59
59 366
59 126
59 241
59 83
59 396
59 189
59 192
59 472
59 89
59 406
60 409
60 155
60 158
60 168
60 170
60 297
60 309
60 227
60 211
60 60
60 430
60 426
60 108
60 493
60 238
60 244
60 99
60 321
60 489
60 368
60 245
60 173
61 405
61 169
61 300
61 311
61 312
61 187
61 367
61 364
61 486
61 320
61 69
61 204
61 77
61 373
61 209
61 378
61 207
61 184
61 109
61 463
61 483
61 496
62 365
62 390
62 145
62 406
62 284
62 418
62 423
62 171
62 302
62 382
62 73
62 66
62 95
62 244
62 457
62 445
62 460
62 195
62 90
62 359
63 354
63 276
63 282
63 232
63 208
63 384
63 432
63 215
63 213
63 305
63 253
63 470
63 442
63 92
63 419
63 267
63 301
63 341
63 106
63 90
64 143
64 289
64 164
64 176
64 188
64 452
64 491
64 448
64 443
64 231
64 331
64 205
64 383
64 183
64 437
64 276
64 202
64 487
64 118
64 415
64 258
65 426
65 242
65 339
65 137
65 140
65 269
65 407
65 128
65 103
65 65
65 198
65 80
65 247
65 459
65 86
65 380
65 97
65 122
65 251
65 335
65 466
65 476
65 234
65 431
66 158
66 268
66 302
66 194
66 90
66 221
66 95
66 195
66 190
66 406
66 73
66 423
66 284
66 66
66 378
67 93
67 386
67 139
67 425
67 451
67 326
67 294
67 362
67 122
67 75
67 252
67 490
67 74
67 197
67 329
67 67
67 72
67 340
67 224
67 498
67 194
68 389
68 269
68 86
68 476
68 82
68 128
68 407
68 103
68 247
68 234
68 335
68 68
68 380
68 97
68 140
68 466
68 285
69 153
69 405
69 311
69 187
69 320
69 169
69 77
69 207
69 484
69 312
69 483
69 367
69 463
69 69
69 133
69 474
69 204
69 209
69 355
69 486
69 373
69 378
69 233
69 210
70 132
70 163
70 167
70 185
70 189
70 411
70 366
70 192
70 126
70 356
70 70
70 315
70 472
70 469
70 172
70 499
70 319
70 89
70 242
70 195
71 409
71 158
71 168
71 426
71 170
71 297
71 309
71 211
71 71
71 220
71 430
71 249
71 321
71 493
71 155
71 342
71 154
71 108
71 238
71 368
71 245
71 358
72 333
72 387
72 100
72 451
72 197
72 326
72 342
72 362
72 139
72 122
72 74
72 72
72 498
72 329
72 75
72 294
72 117
72 403
72 340
72 224
72 239
72 231
72 102
73 489
73 389
73 82
73 348
73 390
73 268
73 284
73 423
73 302
73 190
73 195
73 171
73 244
73 90
73 292
73 95
73 359
74 294
74 425
74 451
74 197
74 329
74 326
74 498
74 386
74 74
74 490
74 122
74 342
74 239
74 90
74 75
74 340
74 224
74 362
74 119
74 252
75 209
75 223
75 386
75 139
75 148
75 294
75 451
75 490
75 340
75 119
75 342
75 122
75 329
75 243
75 481
75 224
75 239
76 385
76 393
76 398
76 416
76 161
76 431
76 273
76 313
76 240
76 76
76 412
76 267
76 246
76 243
76 394
76 379
76 236
76 251
77 444
77 405
77 169
77 300
77 173
77 311
77 312
77 187
77 320
77 204
77 364
77 77
77 486
77 483
77 422
77 237
77 463
77 207
77 209
77 484
77 367
77 438
77 461
78 129
78 257
78 132
78 261
78 279
78 152
78 413
78 159
78 420
78 182
78 441
78 445
78 78
78 285
78 343
78 443
78 186
78 344
79 241
79 252
79 130
79 259
79 392
79 141
79 150
79 310
79 464
79 314
79 248
79 124
79 397
79 494
79 162
79 157
79 360
80 407
80 154
80 459
80 80
80 140
80 335
80 247
80 380
80 82
80 198
80 103
80 269
80 110
80 86
80 389
80 318
80 200
80 234
81 157
81 280
81 292
81 421
81 165
81 428
81 308
81 184
81 323
81 327
81 81
81 290
81 437
81 360
81 347
81 270
81 339
81 269
82 498
82 137
82 140
82 269
82 407
82 154
82 198
82 335
82 466
82 97
82 110
82 380
82 459
82 234
82 485
82 463
82 476
82 247
83 387
83 266
83 142
83 160
83 433
83 447
83 453
83 328
83 200
83 468
83 83
83 357
83 120
83 114
83 111
83 371
83 473
83 418
83 198
83 84
83 87
83 164
83 217
83 138
83 216
84 266
84 142
84 175
84 447
84 200
84 433
84 371
84 84
84 111
84 365
84 473
84 387
84 114
84 455
84 478
84 275
84 228
85 230
85 396
85 404
85 427
85 429
85 303
85 181
85 127
85 458
85 85
85 336
85 450
85 123
85 105
85 101
85 104
85 166
85 256
85 353
86 140
86 269
86 407
86 198
86 459
86 466
86 485
86 380
86 97
86 476
86 86
86 110
86 128
86 416
86 283
86 234
87 387
87 266
87 142
87 288
87 160
87 433
87 447
87 453
87 455
87 328
87 468
87 111
87 478
87 365
87 120
87 87
87 460
87 473
87 355
87 251
88 200
88 362
88 260
88 263
88 291
88 440
88 317
88 332
88 216
88 138
88 350
88 136
88 465
88 358
88 272
88 459
88 219
88 475
88 274
89 411
89 172
89 192
89 201
89 472
89 469
89 356
89 185
89 180
89 242
89 315
89 189
89 163
89 151
89 388
89 366
89 265
90 145
90 406
90 284
90 418
90 302
90 194
90 457
90 359
90 95
90 171
90 195
90 180
90 221
91 454
91 356
91 134
91 280
91 286
91 290
91 165
91 428
91 184
91 323
91 327
91 339
91 360
91 308
91 98
91 99
91 277
91 448
92 455
92 276
92 282
92 419
92 432
92 305
92 438
92 442
92 208
92 341
92 215
92 96
92 213
92 293
92 232
92 220
92 253
93 133
93 271
93 402
93 275
93 424
93 304
93 435
93 444
93 325
93 330
93 446
93 230
93 93
93 107
93 295
93 212
93 440
93 477
94 257
94 261
94 279
94 285
94 159
94 417
94 299
94 174
94 182
94 214
94 343
94 344
94 413
94 235
94 94
94 129
94 178
94 147
94 479
94 204
94 103
94 272
95 484
95 164
95 268
95 145
95 406
95 284
95 423
95 194
95 195
95 457
95 221
95 171
95 143
95 359
95 229
96 453
96 276
96 293
96 432
96 178
96 438
96 341
96 215
96 349
96 477
96 470
96 96
96 442
96 305
96 232
96 109
96 214
96 194
97 227
97 389
97 407
97 154
97 459
97 335
97 476
97 128
97 140
97 198
97 110
97 97
97 374
97 229
97 485
97 103
97 217
98 402
98 328
98 134
98 157
98 290
98 308
98 437
98 449
98 428
98 339
98 286
98 360
98 323
98 327
98 348
98 459
98 487
99 176
99 388
99 144
99 274
99 146
99 281
99 298
99 439
99 228
99 99
99 492
99 407
99 387
99 363
99 497
99 500
100 241
100 131
100 262
100 394
100 277
100 278
100 151
100 166
100 318
100 345
100 351
100 255
100 109
100 116
100 498
101 341
101 137
101 331
101 396
101 427
101 303
101 307
101 181
101 458
101 336
101 347
101 256
101 101
101 217
101 127
101 195
101 123
102 135
102 264
102 401
102 147
102 408
102 179
102 177
102 191
102 346
102 353
102 226
102 316
102 218
102 210
102 499
102 436
102 482
103 419
103 389
103 137
103 140
103 269
103 198
103 459
103 335
103 466
103 485
103 247
103 154
103 407
103 122
103 234
103 110
103 380
103 171
104 399
104 403
104 153
104 414
104 422
104 454
104 199
104 203
104 104
104 467
104 361
104 201
104 365
104 111
104 127
105 165
105 427
105 429
105 181
105 458
105 336
105 474
105 250
105 347
105 123
105 481
105 303
105 127
105 396
105 376
105 475
105 295
105 434
106 211
106 152
106 260
106 136
106 138
106 317
106 465
106 337
106 216
106 219
106 193
106 332
106 350
106 112
106 291
106 434
107 133
107 271
107 275
107 296
107 304
107 435
107 186
107 444
107 446
107 330
107 333
107 334
107 212
107 230
107 424
107 402
107 128
107 411
107 495
108 409
108 155
108 426
108 170
108 430
108 321
108 249
108 238
108 211
108 227
108 220
108 368
108 375
108 297
108 294
108 369
109 391
109 278
109 149
109 283
109 345
109 116
109 262
109 151
109 394
109 109
109 166
109 318
109 334
109 396
110 286
110 389
110 269
110 154
110 466
110 485
110 335
110 198
110 459
110 128
110 407
110 110
110 366
110 197
110 380
110 195
110 264
111 387
111 142
111 433
111 453
111 328
111 357
111 200
111 160
111 114
111 468
111 175
111 473
111 478
111 288
111 138
111 371
112 441
112 138
112 291
112 332
112 337
112 260
112 219
112 317
112 358
112 465
112 193
112 475
112 350
112 115
112 139
112 405
113 114
113 411
113 163
113 167
113 180
113 185
113 469
113 225
113 241
113 242
113 366
113 126
113 201
113 356
113 175
113 223
113 290
114 387
114 142
114 288
114 160
114 433
114 447
114 453
114 455
114 200
114 468
114 478
114 365
114 266
114 473
114 278
114 371
114 120
114 171
115 180
115 201
115 161
115 263
115 136
115 272
115 465
115 337
115 216
115 219
115 475
115 115
115 237
116 192
116 262
116 391
116 394
116 283
116 287
116 318
116 223
116 480
116 351
116 151
116 278
116 131
116 116
116 372
116 244
116 255
116 439
117 403
117 414
117 454
117 203
117 352
117 482
117 354
117 369
117 370
117 199
117 117
117 399
117 314
117 396
117 379
117 355
117 149
117 205
118 120
118 143
118 205
118 222
118 487
118 443
118 331
118 448
118 188
118 231
118 202
118 383
118 289
118 491
118 176
118 432
119 311
119 209
119 386
119 148
119 294
119 451
119 197
119 326
119 329
119 340
119 224
119 490
119 362
119 498
119 308
119 357
120 288
120 175
120 433
120 447
120 455
120 328
120 200
120 468
120 365
120 357
120 120
120 478
120 160
120 371
120 352
120 338
120 234
120 263
121 371
121 172
121 225
121 317
121 464
121 258
121 388
121 395
121 270
121 400
121 144
121 274
121 156
121 298
121 363
121 497
121 500
122 425
122 197
122 326
122 329
122 340
122 362
122 342
122 490
122 139
122 148
122 122
122 498
122 254
122 437
122 252
123 427
123 303
123 181
123 336
123 474
123 396
123 450
123 404
123 307
123 471
123 256
123 347
123 217
123 441
123 222
123 274
124 232
124 259
124 392
124 265
124 397
124 410
124 415
124 310
124 314
124 237
124 130
124 494
124 381
124 141
124 413
124 254
125 167
125 131
125 262
125 391
125 394
125 278
125 151
125 149
125 283
125 166
125 318
125 223
125 480
125 351
125 125
125 159
125 390
125 255
126 411
126 163
126 167
126 172
126 180
126 315
126 189
126 192
126 201
126 356
126 241
126 469
126 126
126 384
126 382
126 259
126 248
126 408
127 175
127 476
127 404
127 429
127 450
127 458
127 336
127 471
127 217
127 250
127 127
127 481
127 181
127 237
128 201
128 282
128 140
128 407
128 154
128 459
128 234
128 476
128 128
128 389
128 301
128 277
129 479
129 343
129 420
129 374
129 413
129 417
129 445
129 235
129 132
129 152
129 344
129 285
129 299
129 257
129 182
129 214
129 145
129 192
129 279
129 159
129 174
129 349
130 397
130 310
130 259
130 150
130 237
130 494
130 410
130 162
130 381
130 248
130 415
130 377
130 130
130 208
130 392
130 464
130 254
131 255
131 480
131 151
131 277
131 262
131 318
131 351
131 149
131 345
131 394
131 287
131 223
131 411
131 383
131 278
131 283
132 257
132 152
132 279
132 413
132 420
132 374
132 417
132 344
132 235
132 132
132 214
132 261
132 479
132 174
132 277
132 299
132 182
132 441
132 196
133 155
133 424
133 295
133 446
133 333
133 186
133 271
133 275
133 462
133 334
133 402
133 330
133 212
133 444
133 174
133 163
133 296
133 230
134 421
134 184
134 157
134 165
134 134
134 449
134 339
134 308
134 327
134 338
134 428
134 360
134 437
134 290
134 286
134 237
134 347
134 292
134 196
134 262
134 475
135 135
135 206
135 264
135 218
135 434
135 147
135 353
135 346
135 499
135 436
135 177
135 408
135 226
135 488
135 322
135 306
135 450
135 401
135 179
135 191
135 461
135 210
136 361
136 182
136 324
136 260
136 332
136 475
136 136
136 465
136 263
136 350
136 358
136 219
136 208
136 160
136 138
136 272
136 291
137 354
137 441
137 389
137 247
137 269
137 459
137 485
137 154
137 198
137 407
137 140
137 137
137 466
137 427
137 335
137 476
137 380
138 260
138 263
138 219
138 193
138 138
138 332
138 475
138 272
138 358
138 317
138 216
138 465
138 324
138 291
138 440
138 337
138 350
138 221
139 483
139 252
139 386
139 294
139 224
139 490
139 197
139 329
139 340
139 451
139 148
139 239
139 139
139 247
139 373
139 425
139 326
139 498
140 389
140 407
140 459
140 198
140 476
140 335
140 154
140 234
140 247
140 485
140 466
140 180
140 243
140 269
141 486
141 259
141 265
141 377
141 141
141 392
141 254
141 415
141 410
141 310
141 314
141 494
141 162
141 150
141 156
141 307
142 387
142 266
142 142
142 473
142 357
142 478
142 328
142 371
142 453
142 468
142 365
142 248
142 288
142 160
142 175
142 447
142 455
142 363
143 205
143 188
143 202
143 491
143 231
143 143
143 222
143 319
143 487
143 448
143 443
143 331
143 178
143 437
143 164
143 183
143 233
144 300
144 367
144 233
144 408
144 388
144 395
144 270
144 281
144 146
144 144
144 492
144 500
144 298
144 306
144 378
144 156
144 439
144 228
144 229
144 497
145 382
145 190
145 244
145 195
145 423
145 302
145 418
145 390
145 406
145 145
145 268
145 221
145 450
145 310
145 171
145 194
145 457
146 476
146 481
146 388
146 395
146 274
146 281
146 500
146 363
146 497
146 228
146 229
146 439
146 258
146 317
146 424
146 156
146 298
146 492
146 372
147 490
147 481
147 264
147 147
147 488
147 218
147 191
147 226
147 306
147 316
147 206
147 434
147 296
147 393
147 408
147 436
147 177
147 322
147 210
147 346
148 169
148 386
148 498
148 252
148 329
148 197
148 340
148 239
148 425
148 148
148 224
148 342
148 177
148 294
148 451
148 362
148 450
149 262
149 391
149 394
149 278
149 151
149 351
149 255
149 480
149 318
149 345
149 283
149 409
149 287
150 403
150 225
150 259
150 265
150 397
150 381
150 494
150 248
150 162
150 310
150 237
150 254
150 152
150 184
150 377
151 207
151 391
151 394
151 278
151 166
151 255
151 283
151 277
151 318
151 351
151 345
151 480
151 287
151 337
152 257
152 261
152 279
152 214
152 152
152 479
152 441
152 299
152 285
152 420
152 182
152 417
152 445
152 165
152 343
152 235
152 374
153 399
153 422
153 414
153 153
153 369
153 379
153 482
153 370
153 203
153 354
153 403
153 437
153 454
153 467
153 179
154 269
154 407
154 247
154 234
154 198
154 335
154 485
154 154
154 176
154 351
154 466
154 476
154 380
155 409
155 493
155 321
155 168
155 297
155 249
155 368
155 426
155 309
155 155
155 158
155 227
155 245
155 434
155 170
155 220
155 489
155 375
155 213
155 398
155 161
155 474
155 256
156 208
156 181
156 395
156 274
156 281
156 229
156 497
156 492
156 439
156 372
156 318
156 452
156 500
157 308
157 165
157 327
157 428
157 290
157 338
157 360
157 196
157 323
157 286
157 184
157 339
157 437
157 164
157 406
157 280
157 421
157 449
157 258
158 409
158 249
158 158
158 309
158 375
158 426
158 220
158 321
158 430
158 489
158 227
158 168
158 297
158 211
158 245
158 468
158 488
159 230
159 279
159 285
159 479
159 420
159 235
159 214
159 445
159 344
159 159
159 299
159 374
159 174
159 204
159 425
159 417
159 182
159 441
159 343
160 430
160 387
160 266
160 447
160 357
160 200
160 175
160 453
160 468
160 288
160 371
160 478
160 365
160 160
160 384
160 433
160 455
160 328
160 473
161 393
161 267
161 398
161 273
161 412
161 416
161 243
161 324
161 301
161 313
161 236
161 240
161 161
161 246
162 259
162 392
162 265
162 410
162 377
162 248
162 397
162 381
162 162
162 415
162 464
162 449
162 175
162 310
162 314
162 494
162 254
163 315
163 172
163 356
163 192
163 469
163 411
163 189
163 180
163 185
163 242
163 382
163 366
163 450
163 244
164 445
164 180
164 289
164 331
164 443
164 202
164 231
164 176
164 383
164 319
164 448
164 183
164 188
164 452
164 205
164 222
164 317
165 374
165 290
165 292
165 421
165 280
165 184
165 323
165 327
165 437
165 449
165 389
165 428
165 339
165 388
166 262
166 394
166 277
166 278
166 391
166 345
166 255
166 166
166 283
166 318
166 480
166 473
166 223
167 411
167 172
167 315
167 366
167 167
167 192
167 225
167 472
167 201
167 356
167 180
167 409
167 185
167 241
168 426
168 368
168 168
168 375
168 227
168 309
168 245
168 249
168 238
168 211
168 220
168 297
168 469
168 377
168 170
168 489
168 493
168 370
169 405
169 364
169 378
169 483
169 373
169 209
169 355
169 484
169 463
169 486
169 300
169 207
169 320
169 173
169 187
169 311
169 204
169 323
170 409
170 489
170 426
170 245
170 211
170 375
170 493
170 297
170 220
170 249
170 368
170 477
170 277
170 430
170 309
170 321
171 390
171 284
171 418
171 423
171 244
171 457
171 406
171 195
171 382
171 190
171 171
171 194
171 221
171 302
171 359
172 225
172 185
172 180
172 315
172 241
172 189
172 192
172 472
172 201
172 356
172 242
172 222
172 469
172 318
173 403
173 300
173 355
173 486
173 367
173 373
173 173
173 311
173 483
173 364
173 496
173 312
173 207
173 320
173 276
173 187
173 204
173 484
173 265
174 257
174 279
174 413
174 285
174 417
174 420
174 445
174 261
174 182
174 374
174 174
174 214
174 381
174 441
174 479
174 267
175 387
175 288
175 357
175 455
175 473
175 200
175 447
175 433
175 478
175 371
175 266
175 328
175 365
175 235
175 453
175 381
175 206
176 289
176 222
176 331
176 491
176 452
176 231
176 383
176 183
176 443
176 202
176 176
176 371
176 188
176 448
176 205
176 233
176 177
177 401
177 434
177 436
177 179
177 210
177 191
177 316
177 177
177 218
177 499
177 353
177 408
177 346
177 479
177 322
177 461
177 226
178 276
178 293
178 432
178 470
178 349
178 477
178 213
178 232
178 384
178 282
178 305
178 178
178 416
178 241
178 438
178 442
178 208
178 341
178 215
178 253
178 382
178 229
179 496
179 401
179 306
179 353
179 264
179 179
179 434
179 316
179 206
179 499
179 346
179 226
179 436
179 299
179 322
179 461
179 210
180 225
180 189
180 192
180 411
180 180
180 315
180 472
180 185
180 242
180 201
180 366
180 241
181 393
181 429
181 307
181 181
181 404
181 396
181 250
181 347
181 481
181 471
181 303
181 376
181 290
181 450
181 336
182 257
182 261
182 279
182 413
182 285
182 417
182 420
182 299
182 441
182 479
182 344
183 289
183 231
183 491
183 383
183 487
183 448
183 233
183 222
183 183
183 319
183 205
183 387
183 370
183 443
183 188
183 452
183 331
184 433
184 280
184 286
184 421
184 308
184 428
184 327
184 323
184 437
184 196
184 227
184 322
185 411
185 315
185 185
185 201
185 472
185 241
185 469
185 242
185 257
185 265
185 189
185 356
185 366
186 271
186 275
186 295
186 424
186 296
186 435
186 402
186 230
186 330
186 304
186 460
186 325
186 462
186 495
186 207
186 444
186 333
187 311
187 312
187 405
187 207
187 486
187 355
187 373
187 204
187 367
187 496
187 378
187 320
187 463
187 403
187 253
187 209
187 483
187 484
187 364
188 331
188 452
188 205
188 222
188 383
188 231
188 319
188 448
188 491
188 487
188 289
188 455
188 202
188 233
188 492
189 356
189 469
189 366
189 315
189 225
189 472
189 189
189 411
189 241
189 405
189 406
189 192
189 391
189 456
189 210
190 473
190 442
190 383
190 390
190 268
190 418
190 302
190 423
190 194
190 195
190 359
190 221
190 284
190 207
190 415
190 457
191 266
191 264
191 401
191 408
191 434
191 306
191 436
191 218
191 488
191 206
191 353
191 316
191 347
191 258
191 461
191 210
191 226
192 411
192 315
192 201
192 356
192 366
192 472
192 463
192 225
192 241
192 364
192 260
193 374
193 260
193 263
193 272
193 291
193 440
193 317
193 337
193 216
193 332
193 219
193 350
193 465
193 193
193 244
193 268
194 321
194 268
194 418
194 423
194 195
194 244
194 284
194 194
194 302
194 390
194 359
194 382
195 406
195 284
195 418
195 423
195 302
195 457
195 221
196 478
196 280
196 286
196 290
196 428
196 308
196 437
196 449
196 323
196 292
196 338
196 360
196 451
196 339
197 279
197 386
197 294
197 425
197 451
197 498
197 329
197 224
197 340
197 490
197 326
197 239
198 269
198 407
198 335
198 198
198 476
198 459
198 485
198 397
198 217
198 418
199 399
199 403
199 379
199 203
199 414
199 454
199 370
199 361
199 482
199 422
199 467
199 352
199 354
199 394
199 302
200 387
200 266
200 288
200 447
200 453
200 328
200 365
200 433
200 468
200 371
200 357
200 478
200 428
201 315
201 472
201 201
201 242
201 411
201 469
201 241
202 208
202 289
202 452
202 443
202 319
202 222
202 202
202 331
202 233
202 385
202 204
202 491
202 314
203 399
203 403
203 414
203 422
203 203
203 467
203 253
203 299
203 352
203 482
204 405
204 311
204 312
204 378
204 204
204 300
204 463
204 209
204 496
204 491
204 355
204 367
204 284
205 289
205 319
205 448
205 452
205 233
205 331
205 383
205 491
205 222
205 487
205 231
206 277
206 264
206 401
206 408
206 306
206 436
206 322
206 353
206 226
206 434
206 316
206 488
206 254
206 210
207 435
207 460
207 357
207 405
207 300
207 311
207 320
207 364
207 207
207 378
207 376
207 209
207 486
207 496
207 407
207 268
207 461
208 312
208 276
208 282
208 305
208 470
208 384
208 213
208 349
208 419
208 293
208 232
208 215
208 442
208 253
208 292
208 273
209 405
209 320
209 463
209 378
209 483
209 496
209 355
209 312
209 367
209 234
210 384
210 401
210 408
210 434
210 306
210 436
210 316
210 461
210 499
210 322
210 395
211 426
211 297
211 430
211 309
211 321
211 409
211 220
211 211
211 493
211 489
211 227
211 238
211 245
211 375
211 253
212 271
212 275
212 295
212 296
212 435
212 446
212 460
212 333
212 444
212 330
212 424
212 462
212 402
212 325
212 312
212 269
213 276
213 419
213 293
213 305
213 438
213 442
213 470
213 349
213 213
213 341
213 232
213 318
213 253
214 257
214 261
214 279
214 413
214 285
214 420
214 344
214 445
214 374
214 417
214 441
214 399
214 349
214 343
215 413
215 282
215 419
215 293
215 432
215 438
215 442
215 470
215 349
215 305
215 276
215 301
215 477
216 260
216 263
216 272
216 440
216 332
216 465
216 291
216 317
216 358
216 219
216 350
217 312
217 428
217 396
217 427
217 429
217 303
217 307
217 450
217 458
217 336
217 471
217 474
217 217
217 347
217 376
217 250
218 352
218 328
218 401
218 408
218 434
218 436
218 316
218 461
218 264
218 488
218 346
218 353
218 284
218 499
218 500
218 372
219 311
219 263
219 272
219 332
219 465
219 440
219 219
219 403
219 475
219 358
219 377
220 409
220 426
220 430
220 309
220 220
220 245
220 493
220 227
220 321
220 348
220 489
220 375
221 390
221 418
221 423
221 457
221 284
221 302
221 221
221 297
222 249
222 448
222 383
222 319
222 487
222 495
222 363
222 231
222 233
222 491
222 436
223 391
223 394
223 277
223 287
223 345
223 480
223 283
223 351
223 223
223 255
223 466
223 429
224 425
224 490
224 386
224 342
224 326
224 252
224 294
224 329
224 462
224 362
224 471
225 420
225 411
225 315
225 469
225 356
225 472
225 242
225 225
225 366
225 494
226 264
226 306
226 316
226 322
226 461
226 408
226 353
226 346
226 293
226 315
227 409
227 297
227 430
227 309
227 321
227 238
227 227
227 368
227 489
227 426
227 404
227 493
227 245
227 375
227 388
228 258
228 388
228 395
228 400
228 274
228 281
228 298
228 363
228 270
228 439
228 229
228 492
228 355
228 372
229 270
229 400
229 281
229 298
229 500
229 372
229 274
229 492
229 395
229 363
229 497
230 368
230 271
230 402
230 295
230 424
230 304
230 446
230 460
230 333
230 462
230 334
230 325
230 230
230 495
230 298
231 422
231 295
231 443
231 383
231 452
231 289
231 487
231 400
231 233
232 276
232 282
232 293
232 432
232 305
232 341
232 470
232 477
232 349
232 442
232 312
233 485
233 289
233 443
233 452
233 319
233 448
234 269
234 407
234 459
234 335
234 485
234 247
234 466
234 234
234 267
234 458
235 249
235 257
235 261
235 285
235 417
235 420
235 299
235 441
235 445
235 343
235 279
235 235
235 393
235 374
235 256
236 385
236 393
236 267
236 398
236 273
236 412
236 416
236 431
236 313
236 324
236 348
236 240
236 246
236 379
237 376
237 259
237 392
237 410
237 415
237 310
237 464
237 265
237 499
237 420
237 254
238 409
238 430
238 309
238 321
238 489
238 493
238 368
238 238
238 245
238 277
238 304
239 320
239 327
239 425
239 451
239 326
239 329
239 490
239 294
239 498
239 340
239 386
239 499
239 444
239 252
239 332
240 393
240 267
240 398
240 273
240 301
240 431
240 313
240 324
240 456
240 246
240 348
240 240
240 391
240 491
240 243
240 434
241 469
241 241
241 472
241 411
241 366
241 242
242 411
242 469
242 472
242 251
242 305
242 284
243 267
243 398
243 273
243 313
243 324
243 348
243 385
243 456
243 365
244 268
244 406
244 418
244 423
244 359
244 244
244 439
245 409
245 426
245 297
245 245
245 309
245 249
245 375
245 476
246 385
246 393
246 267
246 273
246 412
246 416
246 348
246 313
246 456
246 431
246 423
246 353
246 251
247 389
247 269
247 407
247 459
247 335
247 466
247 380
247 395
247 443
248 259
248 392
248 265
248 397
248 410
248 310
248 314
248 464
248 494
248 248
248 304
248 377
248 381
248 254
249 297
249 430
249 309
249 321
249 368
249 375
249 249
249 493
249 409
249 350
250 344
250 404
250 427
250 303
250 450
250 471
250 474
250 347
250 481
250 376
250 429
250 256
250 335
250 333
251 321
251 267
251 273
251 412
251 431
251 313
251 416
251 385
251 251
251 382
252 425
252 451
252 326
252 340
252 362
252 294
252 498
252 490
252 386
252 329
252 364
253 282
253 419
253 293
253 442
253 477
253 341
253 384
253 305
253 475
254 259
254 392
254 397
254 410
254 464
254 310
254 314
254 435
255 293
255 391
255 394
255 283
255 345
255 351
255 480
255 288
255 375
255 289
256 282
256 283
256 396
256 427
256 429
256 307
256 450
256 458
256 336
256 471
256 481
256 474
257 299
257 344
257 343
257 285
257 479
257 261
257 413
257 257
257 351
257 279
257 417
257 445
257 374
258 287
258 492
258 372
258 388
258 497
258 395
258 258
258 298
258 363
258 270
258 439
259 405
259 464
259 397
259 410
259 377
259 314
259 392
259 310
260 364
260 317
260 291
260 272
260 337
260 263
260 260
260 475
260 440
260 332
260 465
261 325
261 441
261 261
261 374
261 343
261 420
261 279
261 285
261 344
261 498
261 422
261 299
261 378
261 485
261 291
262 446
262 278
262 283
262 391
262 287
262 480
262 345
262 351
262 262
262 321
262 394
263 313
263 427
263 337
263 440
263 291
263 358
263 475
263 428
263 272
263 332
263 350
264 418
264 264
264 322
264 346
264 306
264 408
264 436
264 434
264 499
264 461
264 374
264 401
264 316
265 392
265 381
265 410
265 310
265 377
265 265
265 314
265 494
265 397
265 464
266 361
266 387
266 357
266 447
266 455
266 478
266 288
266 473
266 468
266 371
266 328
266 419
266 433
266 453
266 365
267 273
267 393
267 267
267 412
267 301
267 416
267 324
267 398
267 431
267 313
267 456
268 390
268 457
268 284
268 382
268 268
268 418
268 423
268 359
268 406
269 424
269 389
269 380
269 485
269 476
269 459
269 407
269 335
269 466
269 400
270 388
270 395
270 274
270 372
270 363
270 270
270 281
270 400
270 497
270 280
270 439
271 330
271 446
271 460
271 424
271 462
271 333
271 275
271 435
271 495
271 295
271 405
271 317
271 402
271 296
271 304
271 444
271 325
271 334
272 317
272 440
272 475
272 465
272 291
272 436
272 332
272 337
272 350
273 385
273 393
273 273
273 456
273 412
273 301
273 335
273 416
273 431
273 324
273 348
273 302
274 449
274 395
274 400
274 388
274 274
274 500
274 372
274 497
274 492
274 298
274 281
275 402
275 460
275 462
275 446
275 296
275 495
275 444
275 435
275 295
275 304
275 333
275 341
275 354
275 424
275 325
275 483
275 432
275 332
276 470
276 438
276 282
276 293
276 305
276 477
276 349
276 312
276 432
276 442
276 384
277 391
277 394
277 277
277 283
277 278
277 287
277 351
277 305
277 345
277 350
278 391
278 283
278 394
278 345
278 385
278 282
278 487
278 346
279 374
279 413
279 299
279 344
279 479
279 343
279 437
279 285
279 417
279 441
279 445
280 428
280 323
280 308
280 339
280 280
280 421
280 290
280 338
280 360
280 436
280 471
280 292
280 449
281 395
281 400
281 439
281 492
281 298
281 372
281 363
281 281
281 423
281 326
281 497
281 500
282 419
282 293
282 438
282 432
282 384
282 477
282 305
282 442
282 349
282 345
282 443
283 433
283 391
283 318
283 283
283 287
283 400
283 480
284 414
284 334
284 484
284 490
284 390
284 418
284 382
284 302
284 457
284 423
284 359
284 500
285 417
285 413
285 285
285 420
285 479
285 317
285 384
285 441
285 445
285 447
286 435
286 360
286 449
286 437
286 428
286 327
286 290
286 339
286 286
286 318
286 421
286 308
286 323
287 369
287 391
287 394
287 287
287 351
287 480
287 365
287 436
288 387
288 288
288 478
288 473
288 328
288 468
288 453
288 371
288 365
288 466
288 317
288 447
288 455
288 357
289 383
289 452
289 487
289 448
289 331
289 491
289 443
289 289
289 319
289 401
290 421
290 449
290 428
290 338
290 292
290 360
290 323
290 345
291 463
291 480
291 358
291 337
291 317
291 440
291 291
291 465
291 350
292 444
292 308
292 327
292 360
292 428
292 449
292 339
292 421
292 338
292 437
292 372
293 419
293 384
293 442
293 470
293 477
293 438
293 341
293 311
293 432
293 305
294 343
294 447
294 386
294 326
294 451
294 362
294 340
294 329
294 342
294 474
294 315
294 425
294 490
295 333
295 296
295 444
295 330
295 462
295 446
295 334
295 402
295 495
295 295
295 360
295 424
295 304
295 435
295 325
295 460
296 402
296 424
296 444
296 446
296 333
296 435
296 460
296 296
296 325
296 427
296 429
296 330
296 462
296 334
296 458
297 409
297 321
297 430
297 489
297 426
297 309
297 368
297 342
297 493
298 388
298 395
298 400
298 363
298 439
298 447
298 497
298 500
298 372
299 413
299 417
299 445
299 344
299 374
299 420
299 343
299 395
299 372
299 441
300 483
300 300
300 355
300 496
300 320
300 367
300 311
300 405
300 364
300 484
300 486
300 312
300 421
300 308
300 474
301 385
301 398
301 412
301 416
301 301
301 348
301 456
301 342
301 317
301 431
302 390
302 418
302 423
302 382
302 302
302 359
302 457
303 489
303 404
303 429
303 336
303 396
303 481
303 347
303 303
303 471
303 450
303 343
303 307
303 499
303 395
304 402
304 444
304 304
304 446
304 435
304 424
304 333
304 325
304 495
304 330
304 460
304 334
305 419
305 432
305 349
305 442
305 470
305 438
305 384
305 477
306 408
306 434
306 346
306 306
306 488
306 499
306 436
306 431
306 493
306 461
307 432
307 396
307 404
307 427
307 429
307 336
307 307
307 481
307 458
307 376
307 497
307 474
307 457
308 421
308 428
308 308
308 338
308 449
308 450
308 327
308 339
309 409
309 426
309 430
309 368
309 493
309 375
309 320
310 319
310 410
310 397
310 314
310 392
310 377
310 360
310 494
311 430
311 405
311 355
311 486
311 364
311 496
311 484
311 320
311 483
312 344
312 405
312 373
312 312
312 483
312 496
312 367
312 378
312 364
312 355
312 486
313 330
313 385
313 398
313 412
313 431
313 456
313 393
313 416
313 436
313 348
313 314
314 397
314 415
314 464
314 381
314 377
314 410
314 494
315 478
315 366
315 356
315 315
315 472
315 411
315 344
315 469
316 373
316 401
316 434
316 316
316 461
316 488
316 499
316 353
316 346
317 417
317 452
317 440
317 465
318 454
318 391
318 394
318 351
318 480
318 359
318 488
319 446
319 443
319 452
319 491
319 319
319 331
319 487
319 461
319 448
320 405
320 378
320 373
320 367
320 486
320 355
320 483
320 463
320 484
320 364
320 477
320 412
321 409
321 426
321 489
321 368
321 430
321 493
321 498
322 356
322 362
322 401
322 436
322 408
322 488
322 461
322 322
322 346
323 428
323 360
323 449
323 327
323 323
323 398
324 366
324 385
324 393
324 398
324 412
324 416
324 431
324 382
324 456
324 348
325 402
325 424
325 435
325 446
325 460
325 334
325 462
325 444
325 495
325 333
325 330
326 386
326 425
326 451
326 498
326 362
326 340
326 342
326 329
326 477
327 428
327 338
327 421
327 360
327 339
327 415
328 447
328 453
328 387
328 473
328 371
328 328
328 468
328 357
329 386
329 362
329 425
329 490
329 340
329 451
329 409
329 471
329 331
329 465
330 402
330 444
330 446
330 333
330 424
330 330
330 495
330 347
330 334
331 379
331 443
331 452
331 491
331 487
332 440
332 465
332 350
332 332
332 337
332 358
333 402
333 424
333 444
333 462
333 338
334 435
334 460
334 462
334 444
334 495
334 402
334 424
334 412
335 389
335 407
335 459
335 335
335 485
335 344
335 492
335 466
335 476
335 380
336 449
336 431
336 429
336 450
336 458
336 481
336 471
336 396
336 374
336 354
336 376
337 440
337 465
337 358
337 337
337 475
337 421
337 350
338 426
338 421
338 428
338 437
338 449
338 338
339 428
339 437
339 449
339 360
339 339
339 440
339 358
340 386
340 498
340 362
340 451
340 449
340 359
340 415
341 432
341 438
341 442
341 349
341 419
341 470
341 341
341 386
342 462
342 387
342 386
342 451
342 490
342 342
342 362
342 373
342 498
343 413
343 441
343 445
343 343
343 420
343 388
343 344
343 374
344 417
344 420
344 441
344 445
344 479
345 424
345 391
345 394
345 361
345 351
346 401
346 434
346 436
346 461
346 353
346 408
347 421
347 404
347 450
347 471
347 429
347 481
347 485
348 393
348 416
348 431
348 412
348 390
349 469
349 419
349 438
349 442
349 349
349 477
349 384
350 440
350 465
350 358
350 350
351 394
351 351
351 437
351 381
352 399
352 414
352 422
352 467
352 482
352 403
352 379
352 370
352 454
352 354
352 361
352 413
353 470
353 401
353 408
353 434
353 436
353 461
353 495
354 399
354 403
354 414
354 467
354 454
354 361
354 422
354 369
354 496
355 405
355 483
355 484
355 463
355 373
355 367
355 364
355 378
356 371
356 411
356 469
356 366
357 387
357 433
357 455
357 447
357 365
357 357
357 453
357 380
358 380
358 475
358 358
358 440
359 416
359 390
359 406
359 457
359 399
359 497
360 455
360 428
360 437
360 449
360 499
361 399
361 403
361 467
361 482
361 454
361 414
361 422
361 370
361 369
362 386
362 425
362 490
363 395
363 363
363 439
363 500
363 485
363 492
363 372
364 483
364 484
364 486
364 378
364 496
364 463
364 367
364 373
365 433
365 447
365 455
365 468
365 371
365 404
365 439
366 411
366 472
366 366
366 456
367 484
367 378
367 496
367 405
367 373
367 390
368 409
368 430
368 489
368 493
368 375
368 406
369 403
369 422
369 454
369 467
369 414
369 370
369 399
369 482
370 399
370 403
370 414
370 422
370 467
370 482
370 454
370 370
370 413
370 386
371 387
371 433
371 453
371 478
371 447
372 395
372 439
372 426
373 405
373 463
373 483
373 486
373 496
373 373
373 386
373 378
374 413
374 420
374 441
374 445
374 479
375 409
375 426
375 430
375 375
375 460
375 470
376 396
376 404
376 429
376 458
376 471
376 474
376 481
376 376
376 482
377 392
377 397
377 415
377 494
377 410
377 489
378 405
378 463
378 483
378 486
378 474
379 403
379 422
379 454
379 467
379 482
379 399
379 379
379 381
379 451
380 485
380 380
380 407
380 389
380 401
381 392
381 464
381 494
381 410
381 397
381 415
382 390
382 406
382 423
382 457
382 418
383 443
383 448
383 487
384 419
384 432
384 442
384 470
385 393
385 416
385 385
385 412
385 398
385 425
385 456
386 386
386 498
386 451
386 490
387 478
387 387
387 447
387 468
387 433
387 453
387 473
388 411
388 500
388 439
388 400
388 497
388 395
389 476
389 389
389 407
389 459
389 393
389 466
389 392
390 457
390 390
390 418
390 406
390 423
391 480
391 491
392 491
392 397
392 415
392 410
393 412
393 398
393 431
393 445
393 416
393 456
393 465
394 394
394 400
395 439
395 500
395 400
395 492
396 479
396 481
396 404
396 471
396 396
396 474
396 462
396 429
396 458
397 464
397 494
397 415
397 432
397 425
398 456
398 416
398 431
399 403
399 399
399 414
399 454
399 467
399 480
399 482
400 500
400 439
400 409
400 492
400 497
401 499
401 408
401 488
401 434
401 436
402 495
402 460
402 444
402 462
402 402
402 448
402 424
402 446
403 482
403 422
403 403
403 454
403 414
403 467
403 427
404 429
404 458
404 404
404 455
404 427
404 450
404 471
404 474
404 481
405 463
405 496
405 484
406 418
406 423
406 457
406 498
407 459
407 476
407 485
408 436
408 434
408 488
408 499
408 408
409 430
409 489
409 426
409 440
409 465
409 493
409 453
410 415
410 464
410 410
410 465
410 450
410 494
411 472
411 411
411 426
411 469
412 416
412 436
412 431
413 417
413 413
413 445
414 454
414 422
414 414
414 482
415 429
415 415
415 494
416 456
417 479
417 417
417 445
417 443
418 466
418 471
418 457
419 432
419 470
419 438
419 419
420 420
420 479
420 445
420 493
420 441
420 425
420 456
421 467
421 449
421 437
421 482
422 454
422 422
422 467
423 426
423 491
423 457
424 462
424 460
424 446
424 435
424 495
425 451
425 490
425 425
426 493
426 426
426 489
426 437
427 474
427 481
427 450
427 458
427 429
427 427
427 471
428 428
428 492
429 450
429 481
429 429
429 474
430 493
430 430
431 456
432 470
432 442
432 477
432 438
433 478
433 433
433 473
433 468
433 455
433 447
433 453
434 488
434 436
434 461
434 499
435 495
435 446
435 435
435 462
435 444
436 461
436 488
437 437
437 438
437 449
438 438
438 442
438 453
438 470
438 477
439 497
439 500
439 492
440 465
440 480
441 445
441 479
442 470
442 477
442 462
443 452
443 472
443 448
443 487
444 460
444 462
444 446
444 495
445 479
445 468
445 473
446 460
446 462
446 495
447 473
447 455
447 468
447 453
447 478
448 482
448 491
448 452
448 473
449 449
450 471
450 450
450 474
450 458
450 481
451 464
451 490
452 487
452 491
453 478
453 473
453 455
454 454
454 467
454 482
455 493
455 468
455 478
455 473
456 456
458 481
458 458
458 474
459 466
459 459
459 476
459 485
460 495
460 462
461 499
461 488
462 462
463 486
463 484
463 496
463 463
464 469
464 465
466 466
466 476
466 485
467 475
467 482
468 468
468 478
469 480
470 470
471 471
471 474
472 472
472 499
473 495
473 473
473 478
474 481
475 475
476 485
477 477
479 479
479 497
480 480
483 484
483 496
483 497
484 486
484 484
484 496
486 486
487 487
488 488
488 499
489 489
490 490
491 491
492 500
493 493
494 494
496 496
497 500
498 498
