500 5840
1 396
1 415
1 100
1 170
1 185
1 380
1 55
1 52
1 499
1 343
1 470
1 211
1 54
1 286
1 435
1 1
1 347
1 208
1 458
1 8
1 287
1 443
1 447
1 193
1 492
1 222
2 386
2 267
2 222
2 249
2 27
2 140
2 13
2 160
2 404
2 10
2 120
2 21
2 413
2 176
2 40
2 116
2 198
2 282
2 478
2 63
2 137
2 409
2 292
2 337
3 446
3 432
3 113
3 370
3 74
3 111
3 313
3 421
3 178
3 329
3 26
3 36
3 376
3 223
3 481
3 184
3 368
3 420
3 246
3 37
3 43
3 427
3 94
3 489
3 234
3 497
3 255
3 96
4 492
4 44
4 288
4 407
4 293
4 4
4 73
4 31
4 274
4 240
4 173
4 302
4 76
4 85
4 294
4 244
4 306
4 296
4 40
4 278
4 22
4 202
4 121
4 214
5 92
5 248
5 465
5 81
5 48
5 84
5 456
5 163
5 20
5 390
5 495
5 351
5 330
5 189
5 5
5 363
5 462
5 220
5 440
5 425
5 82
5 212
5 227
5 224
6 6
6 348
6 277
6 434
6 468
6 42
6 107
6 371
6 300
6 429
6 442
6 95
6 476
6 401
6 275
6 403
6 281
6 129
6 376
6 41
6 297
6 50
6 315
6 475
6 480
6 427
6 99
7 390
7 163
7 91
7 90
7 248
7 495
7 227
7 189
7 197
7 382
7 465
7 456
7 363
7 425
7 462
7 82
7 84
7 20
7 124
7 184
7 497
8 170
8 492
8 8
8 443
8 52
8 287
8 343
8 460
8 347
8 185
8 286
8 396
8 211
8 499
8 447
8 470
8 219
8 427
8 193
8 380
8 275
8 107
8 188
8 423
8 485
9 467
9 35
9 260
9 133
9 263
9 9
9 424
9 242
9 39
9 151
9 309
9 123
9 109
9 375
9 18
9 272
9 393
9 488
9 394
9 12
9 414
9 295
9 251
10 63
10 386
10 137
10 21
10 282
10 413
10 160
10 292
10 120
10 418
10 116
10 13
10 72
10 27
10 198
10 404
10 140
10 463
10 324
10 176
10 222
10 249
11 136
11 138
11 262
11 398
11 256
11 35
11 97
11 16
11 379
11 126
11 14
11 483
11 385
11 47
11 162
11 273
11 428
11 408
11 69
11 181
11 146
11 56
11 488
11 484
11 236
12 364
12 393
12 133
12 151
12 272
12 260
12 214
12 309
12 375
12 139
12 295
12 270
12 424
12 349
12 123
12 18
12 237
12 454
12 493
12 414
12 39
12 242
12 251
13 119
13 137
13 267
13 140
13 72
13 27
13 292
13 21
13 386
13 282
13 13
13 222
13 253
13 418
13 413
13 117
13 446
13 160
13 198
13 249
13 423
14 138
14 256
14 379
14 97
14 483
14 428
14 488
14 352
14 262
14 14
14 136
14 408
14 87
14 280
14 385
14 398
14 18
14 346
14 16
14 35
14 272
14 221
14 481
14 225
15 182
15 237
15 429
15 388
15 115
15 221
15 361
15 326
15 102
15 340
15 34
15 311
15 353
15 453
15 156
15 314
15 155
15 252
15 386
15 481
15 307
15 183
16 377
16 440
16 385
16 97
16 146
16 87
16 408
16 262
16 488
16 428
16 379
16 398
16 136
16 126
16 47
16 16
16 100
16 280
16 162
16 56
16 352
16 256
16 468
17 55
17 219
17 108
17 134
17 145
17 231
17 258
17 360
17 148
17 384
17 482
17 122
17 449
17 445
17 117
17 159
17 378
17 327
17 216
17 37
17 457
17 229
17 397
18 302
18 393
18 139
18 214
18 424
18 270
18 263
18 28
18 309
18 272
18 151
18 242
18 133
18 251
18 414
18 409
18 385
18 295
18 109
19 258
19 134
19 145
19 150
19 449
19 148
19 482
19 327
19 236
19 384
19 360
19 159
19 291
19 125
19 122
19 457
19 445
19 289
19 130
19 104
19 32
19 378
19 67
20 318
20 390
20 48
20 189
20 197
20 425
20 465
20 330
20 456
20 382
20 90
20 363
20 82
20 84
20 81
20 351
20 331
20 140
20 462
20 91
20 227
20 495
20 264
21 324
21 386
21 137
21 267
21 140
21 404
21 249
21 120
21 409
21 413
21 160
21 72
21 198
21 21
21 124
21 420
21 282
21 27
21 292
21 40
21 176
21 116
22 446
22 278
22 44
22 76
22 118
22 407
22 294
22 73
22 293
22 199
22 274
22 240
22 417
22 121
22 22
22 306
22 83
22 444
22 412
22 31
22 288
22 202
22 85
22 367
22 244
22 255
22 120
23 30
23 385
23 475
23 261
23 147
23 301
23 423
23 392
23 491
23 112
23 232
23 141
23 23
23 373
23 75
23 103
23 344
23 248
23 324
23 152
23 285
23 290
23 316
23 226
23 99
24 274
24 407
24 245
24 58
24 365
24 362
24 210
24 494
24 177
24 422
24 149
24 335
24 319
24 474
24 224
24 179
24 369
24 276
24 371
24 83
24 63
24 336
24 466
24 473
24 490
24 493
25 132
25 389
25 399
25 455
25 131
25 215
25 25
25 66
25 440
25 269
25 266
25 59
25 169
25 186
25 419
25 92
25 411
25 88
25 359
25 175
25 308
25 448
25 127
26 427
26 313
26 74
26 481
26 376
26 36
26 188
26 216
26 420
26 489
26 94
26 368
26 497
26 329
26 144
26 184
26 223
26 175
26 380
26 421
26 178
27 137
27 267
27 140
27 409
27 282
27 198
27 222
27 253
27 40
27 413
27 249
27 176
27 292
27 160
27 115
27 437
27 116
27 120
28 213
28 410
28 113
28 260
28 133
28 393
28 272
28 151
28 375
28 109
28 349
28 242
28 237
28 214
28 414
28 139
28 123
28 437
28 406
28 39
28 295
28 251
28 442
28 140
28 332
29 130
29 395
29 405
29 406
29 279
29 154
29 29
29 259
29 158
29 195
29 296
29 168
29 358
29 310
29 239
29 69
29 30
29 122
29 274
29 33
29 299
29 303
29 432
29 233
29 38
30 259
30 395
30 432
30 174
30 374
30 30
30 358
30 279
30 69
30 296
30 154
30 168
30 406
30 33
30 239
30 195
30 342
30 158
30 233
30 240
30 359
30 110
30 360
31 55
31 274
31 412
31 367
31 121
31 294
31 278
31 173
31 44
31 199
31 31
31 302
31 407
31 306
31 240
31 111
31 440
31 417
31 85
31 244
31 109
32 195
32 285
32 258
32 134
32 150
32 445
32 125
32 289
32 122
32 32
32 145
32 378
32 148
32 457
32 229
32 482
32 252
32 107
32 291
32 65
32 206
33 130
33 259
33 395
33 405
33 279
33 154
33 158
33 195
33 69
33 296
33 33
33 168
33 406
33 166
33 299
33 51
33 290
33 303
33 432
33 310
33 288
33 442
33 137
34 186
34 388
34 155
34 156
34 444
34 307
34 115
34 252
34 190
34 102
34 221
34 208
34 361
34 34
34 353
34 326
34 187
34 337
34 167
34 183
34 453
35 262
35 136
35 398
35 273
35 162
35 385
35 146
35 35
35 138
35 408
35 352
35 47
35 483
35 87
35 488
35 282
35 428
35 379
35 330
35 316
36 144
36 481
36 427
36 420
36 376
36 255
36 234
36 111
36 421
36 74
36 368
36 216
36 188
36 178
36 184
36 329
36 351
36 191
36 94
36 489
37 51
37 400
37 284
37 201
37 83
37 298
37 200
37 57
37 194
37 477
37 219
37 364
37 437
37 182
37 218
37 441
37 77
37 60
37 330
37 110
37 304
37 312
37 325
37 365
37 114
38 470
38 129
38 265
38 283
38 410
38 416
38 180
38 38
38 464
38 328
38 172
38 124
38 71
38 377
38 254
38 250
38 241
38 333
38 431
38 49
38 53
38 318
38 487
38 243
38 183
39 217
39 260
39 133
39 270
39 151
39 414
39 424
39 263
39 237
39 393
39 139
39 272
39 349
39 214
39 109
39 230
39 121
39 295
39 123
40 266
40 452
40 178
40 386
40 267
40 404
40 409
40 282
40 418
40 198
40 413
40 249
40 253
40 160
40 473
40 241
40 176
40 72
40 116
41 265
41 385
41 275
41 403
41 300
41 442
41 107
41 401
41 277
41 42
41 498
41 434
41 95
41 468
41 348
41 429
41 41
41 359
41 50
41 315
42 400
42 97
42 476
42 401
42 50
42 300
42 315
42 403
42 42
42 348
42 442
42 434
42 429
42 297
42 498
42 267
42 208
42 371
43 411
43 461
43 144
43 420
43 421
43 223
43 368
43 43
43 427
43 111
43 74
43 489
43 216
43 497
43 313
43 188
43 167
43 400
43 481
43 234
43 255
44 274
44 278
44 407
44 288
44 417
44 293
44 44
44 202
44 294
44 244
44 302
44 118
44 240
44 73
44 353
44 208
44 306
44 76
44 85
44 483
45 436
45 450
45 454
45 500
45 338
45 345
45 324
45 78
45 79
45 305
45 452
45 70
45 461
45 359
45 247
45 439
45 171
45 187
45 155
45 258
45 281
46 329
46 165
46 426
46 472
46 471
46 350
46 357
46 89
46 228
46 235
46 88
46 209
46 383
46 196
46 46
46 108
46 220
46 53
46 102
46 64
46 205
46 479
47 73
47 385
47 262
47 136
47 138
47 398
47 146
47 408
47 162
47 428
47 56
47 47
47 273
47 256
47 337
47 332
47 352
47 483
47 427
47 249
48 390
48 163
48 425
48 382
48 456
48 189
48 227
48 462
48 248
48 91
48 495
48 197
48 81
48 212
48 465
48 363
48 244
48 435
48 82
48 216
49 129
49 265
49 410
49 416
49 172
49 431
49 464
49 71
49 467
49 124
49 487
49 53
49 49
49 243
49 250
49 61
49 329
49 345
49 180
49 318
49 328
49 106
49 377
49 375
50 194
50 401
50 275
50 277
50 281
50 300
50 498
50 50
50 429
50 403
50 95
50 468
50 475
50 476
50 455
50 458
50 315
50 348
50 480
51 387
51 433
51 207
51 230
51 355
51 496
51 62
51 213
51 331
51 438
51 153
51 68
51 93
51 451
51 181
51 238
51 446
51 143
51 327
51 458
51 478
51 366
51 287
51 142
52 396
52 286
52 287
52 170
52 435
52 443
52 380
52 470
52 343
52 54
52 321
52 347
52 193
52 447
52 55
52 185
52 330
52 105
52 460
52 211
52 100
52 492
52 205
53 265
53 283
53 410
53 416
53 180
53 243
53 71
53 129
53 241
53 467
53 431
53 377
53 172
53 464
53 318
53 61
53 93
53 496
53 106
53 254
54 396
54 286
54 170
54 435
54 185
54 460
54 55
54 211
54 100
54 343
54 499
54 287
54 415
54 347
54 193
54 492
54 164
54 184
54 443
54 447
54 321
54 372
55 207
55 395
55 287
55 170
55 435
55 499
55 460
55 443
55 185
55 347
55 55
55 100
55 415
55 470
55 447
55 321
55 193
55 343
55 266
55 189
56 79
56 385
56 262
56 138
56 398
56 146
56 280
56 408
56 56
56 87
56 379
56 136
56 162
56 483
56 237
56 226
56 97
56 456
57 432
57 400
57 298
57 182
57 312
57 219
57 325
57 104
57 77
57 60
57 304
57 441
57 284
57 203
57 194
57 57
57 231
57 424
57 200
57 201
57 218
57 364
57 351
58 230
58 492
58 264
58 177
58 179
58 63
58 490
58 484
58 58
58 493
58 473
58 319
58 224
58 422
58 370
58 466
58 156
58 323
58 335
58 336
58 362
58 234
58 426
59 131
59 132
59 389
59 269
59 399
59 402
59 411
59 419
59 175
59 308
59 440
59 92
59 455
59 186
59 66
59 266
59 128
59 292
59 309
59 448
59 215
59 113
59 119
59 319
60 331
60 400
60 298
60 304
60 437
60 182
60 477
60 284
60 194
60 104
60 218
60 200
60 83
60 203
60 339
60 312
60 460
60 438
60 325
60 459
60 409
61 265
61 283
61 410
61 416
61 172
61 431
61 377
61 129
61 250
61 71
61 487
61 328
61 464
61 61
61 106
61 253
61 341
61 467
61 241
61 243
61 159
62 153
62 433
62 181
62 446
62 331
62 62
62 478
62 213
62 68
62 207
62 204
62 451
62 366
62 238
62 230
62 438
62 459
62 324
62 192
62 458
62 93
62 286
62 460
63 185
63 353
63 264
63 276
63 149
63 177
63 493
63 179
63 474
63 369
63 490
63 336
63 63
63 484
63 365
63 453
63 335
63 466
63 210
63 473
63 224
64 419
64 165
64 426
64 89
64 381
64 246
64 479
64 108
64 64
64 88
64 191
64 196
64 472
64 209
64 220
64 471
64 126
64 156
64 332
64 228
64 235
64 372
64 383
65 251
65 160
65 148
65 391
65 135
65 394
65 268
65 161
65 320
65 322
65 341
65 342
65 114
65 486
65 257
65 463
65 354
65 105
65 331
65 67
65 225
66 213
66 293
66 132
66 266
66 402
66 411
66 175
66 440
66 186
66 448
66 113
66 333
66 308
66 399
66 169
66 128
66 288
66 116
66 215
66 119
67 263
67 449
67 391
67 135
67 394
67 268
67 397
67 142
67 271
67 322
67 161
67 337
67 225
67 342
67 101
67 105
67 257
67 493
67 463
67 486
68 143
68 153
68 433
68 438
68 446
68 323
68 478
68 207
68 213
68 331
68 204
68 181
68 496
68 458
68 238
68 230
68 114
68 422
68 491
69 259
69 395
69 405
69 406
69 279
69 154
69 158
69 299
69 174
69 303
69 310
69 296
69 166
69 358
69 168
69 273
69 341
69 308
70 171
70 439
70 187
70 450
70 324
70 78
70 500
70 245
70 436
70 217
70 247
70 86
70 346
70 345
70 338
70 80
70 461
70 413
70 281
70 454
70 79
70 359
71 283
71 410
71 416
71 172
71 431
71 318
71 377
71 71
71 464
71 254
71 241
71 243
71 124
71 261
71 253
71 328
71 467
71 487
71 250
72 126
72 137
72 267
72 404
72 282
72 292
72 198
72 386
72 160
72 253
72 409
72 222
72 413
72 116
72 326
72 182
72 120
72 249
73 274
73 278
73 288
73 417
73 293
73 294
73 173
73 199
73 240
73 73
73 407
73 118
73 121
73 244
73 332
73 76
73 85
73 367
73 304
73 246
74 144
74 420
74 427
74 178
74 188
74 481
74 223
74 421
74 111
74 94
74 313
74 216
74 74
74 104
74 201
74 489
74 368
74 497
74 255
75 281
75 313
75 392
75 141
75 147
75 152
75 290
75 423
75 301
75 430
75 316
75 317
75 344
75 491
75 373
75 98
75 226
75 82
75 310
75 99
75 485
75 103
76 274
76 278
76 288
76 293
76 173
76 306
76 199
76 202
76 407
76 121
76 244
76 294
76 302
76 367
76 413
76 247
76 85
76 240
76 339
76 249
76 196
77 400
77 298
77 304
77 437
77 182
77 312
77 194
77 284
77 459
77 200
77 477
77 219
77 364
77 339
77 104
77 441
77 380
77 196
77 83
77 218
77 307
77 445
78 128
78 171
78 305
78 454
78 461
78 247
78 78
78 79
78 127
78 80
78 86
78 217
78 500
78 359
78 439
78 376
78 183
78 345
79 305
79 436
79 324
79 454
79 127
79 346
79 500
79 86
79 359
79 171
79 245
79 80
79 217
79 338
79 345
79 126
80 436
80 439
80 450
80 452
80 324
80 454
80 171
80 359
80 127
80 247
80 500
80 187
80 338
80 80
80 469
80 119
80 217
81 241
81 201
81 439
81 163
81 189
81 456
81 425
81 363
81 197
81 495
81 462
81 390
81 82
81 382
81 84
81 196
81 299
81 212
81 91
81 227
81 248
81 491
82 390
82 163
82 189
82 197
82 330
82 495
82 456
82 248
82 84
82 351
82 465
82 425
82 382
82 227
82 142
82 176
82 212
82 90
83 400
83 284
83 298
83 437
83 441
83 200
83 459
83 339
83 201
83 219
83 325
83 477
83 182
83 83
83 491
83 364
83 256
83 105
84 367
84 163
84 189
84 197
84 456
84 330
84 462
84 212
84 351
84 363
84 248
84 227
84 90
84 320
84 253
84 382
85 274
85 278
85 407
85 412
85 302
85 199
85 202
85 85
85 240
85 118
85 121
85 158
85 221
85 382
85 336
85 463
86 298
86 171
86 305
86 436
86 439
86 187
86 450
86 452
86 324
86 454
86 461
86 338
86 359
86 127
86 500
86 192
86 194
86 217
86 346
86 122
87 310
87 136
87 398
87 146
87 280
87 162
87 428
87 488
87 262
87 408
87 126
87 273
87 138
87 385
87 174
87 219
87 352
87 97
87 483
87 379
87 256
87 179
87 413
88 312
88 165
88 191
88 196
88 332
88 209
88 469
88 246
88 205
88 426
88 89
88 471
88 479
88 88
88 424
88 396
88 472
88 350
88 357
88 235
88 372
88 381
89 166
89 443
89 315
89 165
89 426
89 191
89 332
89 469
89 471
89 196
89 205
89 235
89 357
89 472
89 381
89 227
89 100
89 350
89 108
89 246
89 320
90 124
90 390
90 425
90 197
90 462
90 465
90 212
90 227
90 248
90 351
90 163
90 363
90 330
90 189
90 318
90 445
90 91
90 495
91 106
91 425
91 330
91 462
91 465
91 91
91 351
91 363
91 248
91 495
91 456
91 163
91 286
91 308
92 192
92 131
92 132
92 389
92 399
92 169
92 455
92 333
92 411
92 215
92 128
92 402
92 448
92 113
92 119
92 308
92 356
92 381
92 226
93 387
93 143
93 153
93 433
93 181
93 438
93 192
93 451
93 323
93 213
93 355
93 446
93 238
93 496
93 230
93 458
93 211
93 100
93 277
94 338
94 421
94 178
94 184
94 313
94 188
94 329
94 216
94 481
94 234
94 111
94 420
94 376
94 489
94 164
94 449
94 368
94 497
94 255
95 401
95 275
95 277
95 281
95 297
95 429
95 434
95 315
95 468
95 475
95 95
95 403
95 107
95 300
95 397
95 197
96 100
96 455
96 190
96 261
96 392
96 285
96 423
96 301
96 316
96 317
96 96
96 99
96 112
96 373
96 485
96 430
96 103
96 362
96 232
97 262
97 136
97 138
97 280
97 352
97 408
97 162
97 97
97 379
97 398
97 428
97 385
97 474
97 256
98 228
98 141
98 147
98 152
98 285
98 423
98 430
98 316
98 226
98 112
98 290
98 98
98 103
98 317
98 261
98 99
98 293
98 295
98 289
99 292
99 261
99 141
99 147
99 152
99 290
99 301
99 430
99 344
99 373
99 232
99 99
99 491
99 485
99 119
100 396
100 286
100 415
100 170
100 435
100 185
100 443
100 447
100 211
100 470
100 287
100 499
100 321
100 488
100 334
100 234
101 391
101 135
101 268
101 271
101 161
101 206
101 337
101 114
101 225
101 486
101 341
101 356
101 257
101 397
101 354
101 101
101 346
101 456
102 297
102 388
102 155
102 156
102 167
102 444
102 190
102 453
102 340
102 157
102 252
102 361
102 326
102 110
102 183
102 311
102 282
102 494
103 211
103 261
103 392
103 147
103 290
103 316
103 226
103 373
103 232
103 152
103 103
103 301
103 430
103 325
103 300
104 284
104 437
104 441
104 459
104 203
104 339
104 219
104 477
104 298
104 218
104 194
104 201
104 312
104 104
104 424
104 391
104 364
104 311
105 498
105 224
105 120
105 135
105 394
105 268
105 397
105 271
105 161
105 320
105 206
105 337
105 341
105 225
105 105
106 296
106 129
106 265
106 410
106 172
106 180
106 318
106 464
106 467
106 328
106 124
106 416
106 106
106 241
106 227
106 243
106 250
106 254
106 217
106 386
107 250
107 403
107 277
107 429
107 434
107 442
107 315
107 475
107 348
107 476
107 371
107 300
107 480
107 107
107 380
107 179
108 389
108 402
108 390
108 165
108 426
108 191
108 332
108 471
108 472
108 220
108 350
108 357
108 235
108 196
108 205
108 333
108 372
108 381
109 346
109 260
109 133
109 263
109 393
109 151
109 414
109 424
109 349
109 237
109 272
109 295
109 109
109 495
109 242
109 251
110 447
110 388
110 155
110 156
110 157
110 190
110 453
110 353
110 361
110 307
110 115
110 252
110 340
110 334
110 444
110 208
110 330
111 296
111 428
111 144
111 313
111 223
111 481
111 421
111 178
111 216
111 427
111 376
111 111
111 302
111 368
112 287
112 450
112 261
112 392
112 141
112 152
112 285
112 290
112 423
112 301
112 430
112 317
112 485
112 316
112 491
112 387
112 242
113 131
113 266
113 269
113 419
113 169
113 440
113 333
113 455
113 186
113 128
113 399
113 308
113 402
113 119
113 411
113 495
113 317
114 399
114 391
114 394
114 268
114 397
114 271
114 161
114 322
114 206
114 463
114 337
114 225
114 142
114 135
114 341
114 436
115 388
115 155
115 157
115 307
115 314
115 190
115 453
115 326
115 334
115 353
115 208
115 311
115 156
115 183
115 115
115 232
115 252
115 392
116 328
116 199
116 386
116 137
116 140
116 404
116 413
116 160
116 176
116 120
116 222
116 342
116 377
116 122
117 431
117 400
117 258
117 145
117 150
117 445
117 457
117 482
117 122
117 229
117 231
117 360
117 236
117 289
117 291
117 449
117 261
117 189
117 384
118 283
118 274
118 278
118 407
118 412
118 288
118 417
118 293
118 294
118 173
118 199
118 367
118 244
118 240
118 342
118 496
118 121
118 500
119 374
119 131
119 132
119 266
119 269
119 411
119 308
119 186
119 455
119 215
119 389
119 419
119 333
119 119
119 128
119 237
119 420
120 345
120 386
120 137
120 404
120 409
120 282
120 160
120 176
120 222
120 253
120 267
120 413
121 355
121 412
121 288
121 417
121 294
121 173
121 306
121 244
121 199
121 202
121 367
121 334
121 330
121 220
122 414
122 220
122 134
122 145
122 150
122 289
122 291
122 449
122 482
122 159
122 231
122 258
122 457
122 229
122 236
122 378
123 260
123 263
123 393
123 270
123 272
123 151
123 414
123 295
123 309
123 214
123 242
123 251
123 424
123 375
123 259
123 310
124 185
124 129
124 265
124 283
124 172
124 431
124 180
124 318
124 328
124 464
124 467
124 377
124 243
124 416
124 320
124 311
124 481
125 386
125 134
125 148
125 150
125 159
125 289
125 291
125 445
125 327
125 457
125 360
125 378
125 384
125 258
125 231
125 236
125 169
125 488
126 385
126 136
126 138
126 398
126 273
126 146
126 280
126 428
126 352
126 483
126 488
126 379
126 262
126 162
126 472
126 256
126 210
126 232
127 288
127 171
127 305
127 436
127 187
127 346
127 245
127 345
127 461
127 450
127 452
127 338
127 247
127 359
127 443
128 389
128 266
128 399
128 402
128 411
128 419
128 440
128 186
128 455
128 215
128 132
128 175
128 128
128 284
128 466
129 487
129 410
129 377
129 172
129 416
129 265
129 318
129 180
129 283
129 467
129 328
129 464
129 129
129 358
129 421
129 431
129 241
129 243
129 250
129 202
129 365
130 259
130 395
130 154
130 279
130 239
130 358
130 296
130 432
130 405
130 233
130 303
130 195
130 299
130 374
130 158
130 168
130 434
130 201
130 406
130 174
130 194
131 180
131 215
131 266
131 131
131 419
131 308
131 175
131 169
131 399
131 333
131 402
131 411
131 269
131 406
131 199
131 132
131 389
131 440
131 186
131 448
132 230
132 154
132 158
132 448
132 411
132 399
132 333
132 402
132 389
132 419
132 308
132 269
132 258
132 471
132 266
132 169
132 175
132 186
132 215
132 162
133 415
133 452
133 260
133 263
133 151
133 242
133 139
133 214
133 295
133 251
133 349
133 375
133 424
133 133
133 226
133 270
133 329
133 255
134 181
134 184
134 258
134 231
134 327
134 457
134 449
134 482
134 289
134 150
134 384
134 148
134 159
134 345
134 293
134 145
135 257
135 486
135 394
135 268
135 356
135 161
135 391
135 206
135 322
135 271
135 320
135 354
135 341
135 142
135 278
135 323
135 463
135 342
136 385
136 262
136 162
136 379
136 273
136 352
136 428
136 483
136 280
136 136
136 146
136 356
136 463
136 138
136 398
136 408
136 488
136 256
136 307
137 173
137 249
137 282
137 404
137 413
137 292
137 267
137 160
137 386
137 409
137 394
137 176
138 385
138 262
138 256
138 280
138 162
138 398
138 352
138 138
138 408
138 146
138 329
138 359
138 273
138 483
139 171
139 263
139 393
139 214
139 151
139 349
139 260
139 414
139 237
139 242
139 270
139 272
139 309
139 251
139 139
139 273
139 448
139 295
139 275
140 262
140 393
140 163
140 386
140 176
140 409
140 160
140 282
140 418
140 292
140 198
140 339
140 404
140 413
140 222
141 389
141 261
141 301
141 316
141 147
141 491
141 290
141 317
141 392
141 344
141 423
141 485
141 430
141 232
141 206
141 255
141 285
141 342
142 470
142 439
142 257
142 391
142 394
142 268
142 342
142 142
142 161
142 337
142 397
142 341
142 463
142 354
142 382
142 271
142 320
142 322
142 206
142 225
143 387
143 207
143 181
143 204
143 143
143 230
143 238
143 331
143 366
143 446
143 451
143 438
143 153
143 478
143 192
143 432
143 357
143 433
143 323
143 458
143 303
143 248
143 316
144 188
144 144
144 376
144 216
144 178
144 223
144 184
144 368
144 329
144 313
144 421
144 497
144 481
144 168
144 367
144 420
144 234
144 449
145 494
145 258
145 236
145 231
145 327
145 229
145 445
145 360
145 159
145 457
145 291
145 482
145 378
145 473
145 424
145 148
145 150
145 289
145 449
146 169
146 262
146 398
146 273
146 379
146 408
146 146
146 162
146 483
146 218
146 480
146 280
146 428
146 488
147 261
147 392
147 485
147 152
147 226
147 290
147 344
147 430
147 423
147 232
147 491
147 316
147 239
147 463
147 285
147 301
147 317
148 229
148 148
148 482
148 150
148 231
148 327
148 384
148 360
148 159
148 445
148 378
148 449
148 180
148 291
148 457
148 236
149 483
149 264
149 177
149 149
149 474
149 210
149 422
149 365
149 336
149 466
149 369
149 276
149 494
149 179
149 370
149 484
149 405
149 309
149 224
149 490
149 362
150 239
150 214
150 258
150 384
150 231
150 159
150 291
150 327
150 445
150 482
150 177
150 272
150 289
150 449
150 457
150 229
150 236
151 263
151 237
151 424
151 242
151 214
151 251
151 414
151 393
151 309
151 436
151 248
151 469
152 475
152 261
152 226
152 316
152 430
152 290
152 285
152 344
152 485
152 232
152 301
152 392
152 393
152 223
152 423
152 317
153 387
153 331
153 230
153 433
153 204
153 238
153 478
153 366
153 192
153 153
153 438
153 355
153 181
153 311
153 364
153 458
153 207
153 213
153 496
153 464
153 337
154 259
154 395
154 406
154 279
154 310
154 154
154 299
154 233
154 374
154 195
154 405
154 358
154 168
154 269
154 158
154 166
154 296
154 174
154 432
154 239
154 200
154 270
154 425
155 406
155 221
155 311
155 444
155 167
155 155
155 252
155 388
155 208
155 334
155 190
155 461
155 248
155 157
155 307
155 183
155 453
155 340
155 353
156 388
156 190
156 314
156 326
156 340
156 252
156 307
156 156
156 167
156 353
156 157
156 334
156 183
156 242
156 411
156 311
157 363
157 388
157 183
157 361
157 314
157 252
157 157
157 334
157 340
157 208
157 353
157 167
157 311
157 224
157 392
157 444
157 190
157 362
157 290
157 485
158 259
158 395
158 406
158 279
158 303
158 166
158 432
158 168
158 374
158 174
158 239
158 195
158 412
158 296
158 358
158 233
159 258
159 229
159 378
159 231
159 291
159 384
159 482
159 289
159 360
159 236
159 159
159 327
160 386
160 404
160 418
160 176
160 267
160 222
160 292
160 198
160 253
160 175
160 249
161 257
161 268
161 397
161 271
161 354
161 206
161 225
161 486
161 161
161 356
161 337
161 385
161 372
161 320
161 463
161 341
162 385
162 398
162 273
162 280
162 408
162 162
162 379
162 256
162 488
162 205
162 428
162 253
163 390
163 330
163 163
163 495
163 189
163 351
163 382
163 363
163 227
163 197
163 248
163 354
163 425
163 456
163 462
163 465
163 212
163 473
164 299
164 417
164 280
164 275
164 403
164 281
164 401
164 429
164 468
164 164
164 371
164 315
164 348
164 480
164 442
164 300
164 497
164 341
164 297
165 298
165 408
165 350
165 209
165 357
165 471
165 220
165 228
165 469
165 196
165 383
165 191
165 479
165 409
165 452
165 426
165 332
165 205
165 372
166 259
166 395
166 405
166 406
166 195
166 432
166 310
166 168
166 299
166 166
166 303
166 358
166 174
166 279
166 370
166 296
166 233
166 239
166 374
166 371
167 260
167 388
167 314
167 190
167 167
167 334
167 453
167 361
167 307
167 353
167 221
167 340
167 475
167 389
167 311
167 444
167 326
167 208
168 451
168 259
168 405
168 406
168 279
168 233
168 432
168 299
168 296
168 239
168 174
168 434
168 220
168 303
168 310
168 374
168 489
169 250
169 266
169 269
169 399
169 419
169 308
169 186
169 169
169 448
169 440
169 215
169 389
169 435
169 175
169 333
170 396
170 286
170 415
170 193
170 287
170 321
170 343
170 170
170 499
170 447
170 435
170 276
170 491
170 470
170 347
170 492
170 380
170 283
170 349
170 251
171 247
171 452
171 305
171 345
171 187
171 217
171 245
171 450
171 439
171 461
171 171
171 454
171 500
171 474
171 436
171 324
171 338
171 346
172 410
172 318
172 283
172 250
172 328
172 416
172 431
172 254
172 265
172 487
172 241
172 187
172 402
172 258
173 358
173 274
173 278
173 407
173 412
173 417
173 293
173 288
173 294
173 240
173 306
173 367
173 329
173 302
173 199
173 456
173 409
174 259
174 395
174 406
174 279
174 296
174 299
174 310
174 405
174 239
174 374
174 195
174 275
174 499
174 303
174 432
174 358
175 389
175 266
175 269
175 402
175 411
175 175
175 399
175 448
175 308
175 215
175 455
175 243
175 473
175 186
175 223
176 386
176 404
176 282
176 409
176 253
176 249
176 222
176 199
176 447
177 448
177 264
177 276
177 370
177 224
177 484
177 422
177 490
177 336
177 473
177 177
177 362
177 319
177 261
177 269
177 179
177 466
177 210
177 369
178 212
178 420
178 421
178 216
178 427
178 188
178 481
178 223
178 184
178 255
178 376
178 497
178 488
178 313
178 489
178 344
179 264
179 422
179 484
179 224
179 370
179 494
179 179
179 335
179 474
179 369
179 490
179 473
179 365
180 265
180 410
180 431
180 487
180 180
180 377
180 283
180 250
180 416
180 318
180 464
180 359
180 328
180 467
180 243
180 301
181 387
181 207
181 230
181 192
181 366
181 331
181 181
181 355
181 323
181 451
181 458
181 204
181 467
181 438
181 446
181 213
181 496
182 400
182 284
182 298
182 304
182 437
182 364
182 218
182 339
182 219
182 201
182 459
182 441
182 477
182 312
182 265
182 194
183 343
183 307
183 311
183 326
183 361
183 453
183 388
183 334
183 190
183 444
183 208
183 353
183 403
183 221
183 252
183 369
184 347
184 314
184 420
184 427
184 234
184 497
184 184
184 188
184 313
184 342
184 216
184 481
184 489
184 322
185 286
185 415
185 435
185 447
185 492
185 499
185 343
185 443
185 211
185 193
185 396
185 321
185 347
186 269
186 399
186 402
186 419
186 308
186 333
186 440
186 186
186 215
186 245
186 448
186 455
187 305
187 436
187 500
187 187
187 439
187 217
187 454
187 450
187 452
187 359
187 345
187 240
187 229
187 461
187 338
187 245
187 434
187 376
188 421
188 427
188 313
188 497
188 188
188 368
188 216
188 234
188 420
188 297
188 489
189 425
189 189
189 465
189 382
189 248
189 330
189 351
189 390
189 212
189 326
190 260
190 307
190 311
190 314
190 453
190 221
190 388
190 361
190 326
190 194
190 334
190 257
191 374
191 426
191 469
191 472
191 228
191 332
191 479
191 471
191 220
191 235
191 205
191 350
191 209
191 433
191 365
191 196
191 246
191 383
192 433
192 438
192 446
192 478
192 458
192 204
192 213
192 451
192 323
192 192
192 331
192 207
192 479
192 355
192 230
192 238
192 330
193 259
193 287
193 443
193 321
193 415
193 435
193 499
193 380
193 470
193 460
193 286
193 327
193 253
193 211
193 343
193 347
193 492
194 284
194 298
194 304
194 437
194 441
194 477
194 201
194 203
194 219
194 364
194 194
194 312
194 200
194 459
194 339
194 218
194 436
195 259
195 395
195 406
195 279
195 296
195 299
195 303
195 432
195 195
195 262
195 374
196 428
196 363
196 426
196 372
196 383
196 479
196 469
196 196
196 381
196 332
196 231
196 205
196 209
196 471
196 220
196 228
196 357
197 333
197 425
197 330
197 382
197 495
197 197
197 212
197 465
197 227
197 310
197 348
198 252
198 386
198 404
198 409
198 418
198 222
198 267
198 282
198 413
198 379
198 344
199 278
199 407
199 412
199 288
199 302
199 306
199 293
199 244
199 417
199 274
199 294
199 351
199 367
200 431
200 284
200 298
200 304
200 437
200 441
200 325
200 219
200 339
200 459
200 200
200 203
200 260
200 218
200 477
200 364
201 451
201 410
201 400
201 284
201 298
201 304
201 441
201 325
201 477
201 312
201 459
201 218
201 219
201 435
201 203
201 339
202 274
202 278
202 407
202 412
202 288
202 417
202 293
202 294
202 306
202 367
202 202
202 302
202 255
202 240
202 477
202 350
202 357
203 400
203 284
203 312
203 441
203 325
203 459
203 218
203 437
203 203
203 219
203 298
203 406
203 246
203 364
204 387
204 438
204 451
204 323
204 458
204 238
204 496
204 433
204 366
204 207
204 331
204 204
204 253
204 213
204 478
204 435
205 310
205 426
205 205
205 235
205 350
205 472
205 357
205 479
205 471
205 372
205 209
205 469
205 270
205 228
205 246
205 381
206 339
206 267
206 394
206 397
206 320
206 322
206 337
206 271
206 391
206 268
206 486
206 260
206 341
206 225
206 356
207 387
207 433
207 446
207 323
207 331
207 458
207 366
207 207
207 496
207 311
207 355
207 352
207 295
208 307
208 314
208 444
208 453
208 353
208 221
208 252
208 334
208 340
208 388
208 223
208 391
209 434
209 471
209 469
209 220
209 332
209 246
209 372
209 381
209 209
209 235
209 382
209 468
209 350
209 228
209 357
209 285
210 422
210 319
210 335
210 336
210 466
210 473
210 365
210 484
210 210
210 490
210 370
210 474
210 369
210 301
210 362
211 396
211 286
211 443
211 447
211 321
211 460
211 343
211 347
211 415
211 211
211 470
211 326
211 378
212 390
212 425
212 330
212 465
212 495
212 462
212 363
212 382
212 456
212 417
213 446
213 458
213 331
213 433
213 366
213 355
213 238
213 451
213 230
213 438
213 443
214 263
214 270
214 414
214 214
214 295
214 375
214 424
214 349
214 242
214 251
215 389
215 266
215 399
215 402
215 411
215 308
215 440
215 448
215 333
215 314
215 467
215 276
216 466
216 420
216 313
216 234
216 497
216 216
216 427
216 368
216 404
216 223
216 489
216 255
217 305
217 436
217 439
217 450
217 454
217 345
217 245
217 338
217 359
217 217
217 346
217 381
218 419
218 400
218 298
218 437
218 441
218 325
218 219
218 459
218 218
218 354
218 497
219 400
219 284
219 304
219 312
219 437
219 441
219 418
219 477
219 295
219 495
220 471
220 372
220 383
220 246
220 381
220 332
220 228
220 479
220 235
221 388
221 307
221 314
221 444
221 453
221 326
221 334
221 311
221 353
221 361
221 470
222 254
222 454
222 409
222 413
222 418
222 386
222 222
222 382
223 420
223 313
223 329
223 255
223 481
223 421
223 497
223 376
223 427
223 331
223 489
223 368
224 264
224 422
224 335
224 473
224 466
224 336
224 474
224 276
224 370
224 365
224 362
224 484
224 493
224 369
225 460
225 488
225 453
225 257
225 391
225 397
225 271
225 354
225 322
225 342
225 268
225 466
225 486
226 261
226 392
226 290
226 301
226 317
226 485
226 373
226 226
226 316
226 266
226 232
227 273
227 390
227 425
227 456
227 465
227 248
227 495
227 310
227 316
227 445
227 394
228 332
228 469
228 471
228 357
228 383
228 472
228 228
228 246
228 350
228 475
228 235
229 258
229 289
229 445
229 449
229 378
229 457
229 482
229 229
229 322
229 420
229 384
230 387
230 446
230 451
230 478
230 355
230 238
230 438
230 458
230 323
230 366
231 258
231 289
231 457
231 482
231 384
231 449
231 360
231 378
231 298
231 483
231 236
232 261
232 392
232 290
232 316
232 344
232 485
232 285
232 373
232 491
232 421
232 258
232 291
233 259
233 395
233 405
233 406
233 279
233 296
233 299
233 303
233 310
233 358
233 239
233 446
233 372
233 396
233 380
233 263
234 425
234 421
234 313
234 481
234 489
234 427
234 255
234 376
234 329
234 497
234 257
235 469
235 472
235 350
235 479
235 357
235 383
235 471
235 381
235 420
235 279
236 258
236 289
236 449
236 327
236 482
236 360
236 457
236 384
236 236
236 247
237 260
237 263
237 393
237 272
237 414
237 424
237 309
237 375
237 251
237 237
237 242
238 387
238 433
238 446
238 323
238 478
238 366
238 458
238 438
238 332
238 324
238 416
238 315
239 405
239 406
239 279
239 299
239 303
239 310
239 358
239 296
239 432
239 412
239 374
239 294
239 272
240 274
240 288
240 294
240 302
240 244
240 417
240 293
240 407
240 412
240 427
241 265
241 283
241 416
241 318
241 467
241 410
241 241
241 431
241 243
241 377
241 284
241 440
241 261
241 430
242 274
242 260
242 263
242 270
242 272
242 295
242 309
242 280
242 286
243 265
243 410
243 318
243 464
243 467
243 328
243 283
243 416
243 431
243 393
243 363
243 254
243 399
243 480
244 278
244 407
244 412
244 417
244 294
244 302
244 306
244 367
244 288
244 491
244 402
244 314
244 373
245 269
245 450
245 452
245 338
245 245
245 454
245 359
245 247
245 346
245 461
245 272
245 271
246 347
246 328
246 426
246 469
246 471
246 472
246 246
246 475
246 381
247 478
247 448
247 436
247 450
247 324
247 454
247 461
247 338
247 359
247 247
247 326
247 460
248 456
248 330
248 462
248 351
248 495
248 465
248 482
248 320
249 386
249 267
249 409
249 413
249 418
249 292
249 249
249 463
250 265
250 410
250 416
250 431
250 328
250 487
250 377
250 250
250 464
250 254
250 324
251 260
251 263
251 393
251 272
251 349
251 375
251 414
252 311
252 444
252 334
252 340
252 353
252 307
252 252
252 429
252 418
252 357
253 488
253 386
253 267
253 413
253 418
253 292
253 442
254 355
254 283
254 410
254 416
254 487
254 377
254 254
254 431
254 467
254 265
254 271
255 420
255 421
255 329
255 481
255 489
255 497
255 313
255 368
256 385
256 398
256 273
256 280
256 428
256 483
256 379
256 352
256 307
257 278
257 463
257 341
257 271
257 356
257 397
257 486
257 394
257 354
257 268
257 320
257 342
257 257
257 391
258 487
258 418
258 289
258 449
258 445
258 327
258 291
258 457
258 482
258 360
258 384
258 486
259 432
259 296
259 405
259 303
259 374
259 259
259 317
259 395
259 406
259 279
260 309
260 260
260 393
260 270
260 295
260 263
260 424
260 272
260 414
260 327
261 261
261 485
261 285
261 423
261 290
261 406
261 301
261 317
261 344
262 385
262 280
262 352
262 483
262 408
262 488
262 262
262 398
262 428
262 396
262 384
263 263
263 270
263 295
263 349
263 375
263 414
263 393
263 272
263 424
263 309
264 494
264 264
264 490
264 466
264 276
264 335
264 484
264 474
264 319
264 362
264 422
264 431
264 336
264 473
264 493
265 431
265 328
265 464
265 410
265 377
265 283
265 318
265 365
265 467
265 487
266 389
266 419
266 399
266 440
266 448
266 455
266 266
266 411
266 269
266 308
266 280
267 406
267 386
267 267
267 418
267 413
267 292
267 404
267 482
268 401
268 471
268 391
268 394
268 354
268 341
268 486
268 397
268 356
268 346
268 429
268 271
268 322
269 389
269 440
269 399
269 419
269 448
269 308
269 402
269 333
269 423
269 411
269 317
270 305
270 270
270 272
270 414
270 393
270 349
270 424
270 375
270 275
270 295
271 390
271 391
271 397
271 394
271 271
271 320
271 445
271 463
271 341
271 342
272 393
272 309
272 375
272 272
272 295
272 414
272 349
273 321
273 412
273 385
273 398
273 428
273 352
273 408
273 379
273 483
273 500
273 280
273 488
273 480
274 294
274 417
274 367
274 412
274 288
274 293
274 306
274 407
274 408
275 279
275 475
275 401
275 480
275 429
275 277
275 281
275 300
275 498
275 297
275 442
275 403
275 315
275 468
275 371
276 370
276 336
276 494
276 319
276 369
276 493
276 276
276 490
276 473
276 422
276 335
276 365
276 474
276 284
276 362
276 327
277 403
277 475
277 480
277 297
277 442
277 434
277 498
277 476
277 371
277 401
277 277
277 300
277 323
277 281
277 315
277 468
277 348
277 372
277 457
278 306
278 407
278 302
278 288
278 293
278 417
278 294
278 447
278 297
278 319
278 413
279 405
279 310
279 296
279 395
279 432
279 406
279 479
279 299
279 303
279 293
279 441
280 385
280 352
280 280
280 408
280 488
280 370
281 414
281 424
281 401
281 403
281 429
281 300
281 281
281 442
281 498
281 297
281 315
281 468
281 476
281 480
282 386
282 404
282 282
282 418
282 283
282 428
282 413
283 464
283 328
283 283
283 431
283 410
283 487
283 416
283 318
283 467
283 474
284 400
284 312
284 437
284 304
284 459
284 364
284 298
284 477
284 425
284 441
284 375
285 467
285 373
285 344
285 316
285 285
285 491
285 392
285 317
285 423
285 290
285 430
285 482
286 396
286 499
286 447
286 380
286 347
286 415
286 492
286 343
286 470
286 435
286 469
286 287
286 479
287 396
287 415
287 343
287 321
287 287
287 499
287 460
287 492
287 470
287 380
287 347
287 435
287 443
287 308
287 312
287 490
288 407
288 412
288 294
288 302
288 306
288 293
288 417
289 360
289 327
289 457
289 449
289 291
289 384
289 296
289 445
290 392
290 485
290 430
290 373
290 491
290 450
290 423
290 316
291 380
291 309
291 384
291 457
291 449
291 360
291 445
291 327
291 303
292 395
292 429
292 386
292 404
292 409
292 418
292 407
292 344
293 417
293 412
293 293
293 294
293 367
293 302
293 368
294 407
294 417
294 294
294 302
294 429
294 367
294 371
294 384
295 393
295 414
295 424
295 375
295 309
295 349
296 395
296 405
296 374
296 303
296 432
296 299
296 310
296 358
297 401
297 371
297 480
297 434
297 498
297 403
297 468
297 348
297 297
297 315
297 442
297 429
297 475
298 459
298 325
298 304
298 400
298 441
298 298
298 437
298 312
299 358
299 395
299 432
299 303
299 405
299 493
299 310
299 374
299 472
300 401
300 434
300 442
300 403
300 480
300 300
300 315
300 498
300 476
300 462
300 452
300 429
300 475
300 348
300 465
301 476
301 423
301 430
301 491
301 373
301 344
301 317
301 345
302 407
302 412
302 302
302 367
302 417
302 345
302 306
302 304
302 490
303 406
303 374
303 405
303 319
304 441
304 364
304 477
304 437
304 400
304 325
304 312
304 459
304 339
304 309
305 324
305 346
305 439
305 338
305 454
305 345
305 500
305 450
305 461
305 452
305 464
305 436
306 407
306 417
306 306
306 411
306 474
306 342
307 478
307 388
307 353
307 307
307 311
307 361
307 314
307 444
307 453
307 336
308 399
308 411
308 419
308 448
308 333
308 308
308 440
308 455
309 487
309 414
309 309
309 349
309 375
310 395
310 406
310 310
310 374
310 432
310 358
310 404
311 388
311 361
311 334
311 453
311 444
311 326
311 314
311 340
311 353
311 369
311 354
312 437
312 441
312 400
312 312
312 459
312 364
312 325
312 339
313 447
313 321
313 421
313 427
313 313
313 422
313 481
313 368
313 497
313 376
314 387
314 340
314 361
314 334
314 444
314 388
314 453
314 353
315 403
315 442
315 480
315 434
315 475
315 476
315 468
315 348
315 498
315 371
316 494
316 392
316 316
316 344
316 423
317 392
317 423
317 430
317 373
317 317
317 491
317 485
317 378
318 416
318 318
318 464
318 377
318 342
318 328
318 487
318 341
319 422
319 319
319 484
319 362
319 370
319 336
319 493
319 466
319 494
319 474
319 473
319 365
320 394
320 397
320 322
320 391
320 320
320 486
320 341
320 337
320 356
321 415
321 435
321 443
321 321
321 447
321 460
321 380
321 492
321 396
321 444
322 391
322 394
322 397
322 322
322 341
322 354
322 356
322 342
322 324
322 463
322 337
323 387
323 446
323 478
323 433
323 496
323 323
323 438
323 451
323 366
323 408
323 491
323 458
323 331
323 422
324 439
324 452
324 454
324 345
324 450
324 324
324 500
324 461
324 346
324 349
324 489
325 400
325 459
325 364
325 477
325 339
325 437
325 441
325 325
325 378
326 388
326 453
326 334
326 326
326 444
326 353
326 442
326 356
327 449
327 384
327 482
327 378
327 360
328 431
328 328
328 487
328 467
328 464
329 464
329 484
329 420
329 421
329 427
329 329
329 497
329 489
329 481
330 390
330 425
330 456
330 351
330 382
330 495
331 446
331 451
331 458
331 366
331 387
331 478
331 438
331 496
331 391
331 355
331 444
332 343
332 377
332 450
332 426
332 479
332 357
332 332
332 472
332 350
332 372
332 381
332 383
333 402
333 411
333 440
333 448
333 455
333 333
333 389
333 371
333 350
334 401
334 388
334 444
334 453
334 340
334 361
334 395
335 422
335 484
335 473
335 493
335 370
335 466
335 474
335 362
335 369
335 336
335 421
335 435
335 490
335 365
336 422
336 362
336 484
336 494
336 370
336 365
336 474
336 493
336 466
336 369
337 391
337 394
337 397
337 463
337 486
337 354
337 341
338 436
338 452
338 461
338 346
338 338
338 500
338 450
338 467
338 345
339 400
339 437
339 441
339 459
339 364
339 339
339 477
339 388
339 376
340 388
340 444
340 353
340 453
340 340
340 361
340 368
340 409
341 394
341 463
341 486
341 389
341 342
341 356
342 392
342 463
342 394
342 342
342 356
343 396
343 415
343 470
343 492
343 343
343 460
343 347
344 496
344 392
344 423
344 430
344 344
344 485
345 436
345 439
345 452
345 461
345 500
345 359
345 375
345 346
345 493
346 439
346 450
346 454
346 346
346 500
346 461
346 359
346 387
346 486
347 396
347 415
347 443
347 470
347 447
347 499
347 380
347 354
348 403
348 468
348 480
348 442
348 476
348 348
348 401
348 432
348 439
348 422
349 459
349 393
349 414
349 424
349 375
350 469
350 472
350 357
350 471
350 350
350 372
350 381
350 383
351 390
351 425
351 456
351 462
351 465
351 363
351 382
351 435
352 405
352 367
352 385
352 428
352 352
352 376
353 357
354 462
354 482
354 394
354 397
354 356
354 463
354 391
354 486
355 387
355 438
355 446
355 451
355 478
355 366
355 496
355 355
356 391
356 394
356 463
356 356
356 397
356 413
356 486
357 426
357 471
357 372
357 381
357 457
358 395
358 405
358 432
358 374
358 406
358 470
359 439
359 450
359 452
359 454
359 436
359 418
360 449
360 457
360 360
360 482
360 414
361 433
361 388
361 444
361 453
361 395
361 397
362 441
362 466
362 473
362 422
362 494
362 370
362 362
362 365
363 411
363 425
363 456
363 382
363 363
364 400
364 437
364 477
364 380
365 422
365 466
365 493
365 494
365 484
365 490
366 387
366 433
366 438
366 446
366 451
366 401
366 488
366 496
367 407
367 412
367 417
367 367
367 455
368 420
368 489
368 427
368 421
368 376
368 483
369 466
369 490
369 493
369 484
369 474
369 494
369 369
369 370
370 422
370 473
370 474
370 490
370 466
371 401
371 429
371 475
371 480
371 468
371 476
371 403
371 442
371 498
372 403
372 426
372 469
372 471
372 472
372 479
372 381
372 383
373 426
373 392
373 423
373 430
373 485
373 373
373 471
374 387
374 405
374 432
374 435
375 393
375 424
375 375
376 462
376 420
376 427
376 497
377 410
377 416
377 464
377 487
377 467
377 377
377 479
378 379
378 393
378 445
378 449
378 378
379 385
379 398
379 408
379 428
379 488
379 420
380 396
380 415
380 435
380 460
380 492
380 380
380 470
380 443
381 426
381 472
381 479
381 471
381 383
382 390
382 456
382 462
382 465
382 425
382 440
383 426
383 469
383 472
383 383
383 471
383 467
383 385
384 449
384 457
384 482
385 398
385 483
385 488
385 385
385 428
386 418
386 409
387 387
387 478
387 451
387 438
387 433
387 446
388 388
388 453
388 477
389 419
389 389
389 411
389 448
389 399
389 440
389 455
390 461
390 462
390 465
390 390
390 456
390 425
391 463
391 394
391 391
391 433
391 397
392 430
392 491
392 392
392 423
393 424
393 393
394 474
394 463
394 486
395 432
395 406
395 405
396 499
396 492
396 470
396 415
396 435
396 460
396 434
396 443
396 407
397 458
397 397
397 463
398 408
398 488
398 427
398 401
398 428
398 483
399 419
399 399
399 402
399 455
399 411
399 440
399 448
400 400
400 437
400 459
400 441
400 477
401 476
401 468
401 429
401 442
401 434
401 401
401 475
401 480
401 403
401 498
402 440
402 419
402 455
402 448
402 402
403 434
403 498
403 442
403 476
403 403
403 475
403 429
403 494
403 468
404 405
404 409
404 496
404 413
404 418
405 405
405 432
405 406
405 421
406 406
406 432
407 407
407 417
407 412
408 483
408 408
408 428
409 413
409 409
410 487
410 410
410 467
410 500
411 455
411 419
411 448
411 473
412 412
412 458
413 418
414 424
415 460
415 435
415 470
415 447
415 499
415 443
415 492
415 433
416 464
416 467
416 487
416 416
416 431
416 492
417 438
417 447
417 436
418 468
419 455
419 440
419 448
420 498
420 420
420 497
420 493
420 421
420 481
420 489
421 481
421 489
421 427
421 421
422 465
422 466
422 484
422 474
422 490
422 493
423 430
423 491
423 485
424 446
424 493
425 456
425 462
426 458
426 479
426 471
426 469
427 489
427 497
427 427
428 483
429 498
429 442
429 434
429 468
429 475
430 476
430 485
430 491
430 480
431 464
431 467
431 431
431 487
433 478
433 438
433 433
433 496
433 458
433 451
433 479
433 446
434 434
434 475
434 468
434 476
435 443
435 460
435 499
435 447
435 492
436 500
436 452
436 436
436 461
436 450
437 477
437 459
437 445
437 486
437 441
438 438
438 446
438 458
438 496
438 451
438 444
438 478
439 439
439 452
439 461
439 500
439 454
439 450
440 455
441 477
441 471
442 475
442 476
442 442
442 453
443 447
443 499
443 492
443 460
443 469
444 444
444 453
445 445
445 482
445 457
446 496
446 451
447 447
447 492
447 499
447 470
447 460
448 455
449 449
449 482
449 457
450 461
450 454
450 450
450 452
451 478
451 451
451 458
451 496
451 472
452 500
452 454
452 452
453 453
453 474
454 461
454 500
454 454
455 455
456 495
456 465
456 462
457 482
458 478
458 496
458 458
459 459
459 485
460 460
460 470
460 499
460 492
461 461
461 500
462 495
462 462
462 465
464 487
464 467
465 495
465 465
466 484
466 474
466 473
466 494
468 476
468 468
468 475
468 498
469 471
469 472
469 479
470 499
471 472
472 479
473 499
473 484
473 494
473 474
474 494
474 484
474 490
475 476
475 498
475 480
476 480
476 476
476 498
477 484
478 496
479 479
480 480
480 498
481 489
483 488
484 494
484 493
485 491
486 486
490 490
490 493
490 494
493 493
494 494
496 496
498 498
