500 3074
1 98
1 381
1 182
1 228
1 174
1 74
1 76
1 211
1 299
1 197
1 179
1 322
1 360
2 183
2 179
2 341
2 26
2 357
2 388
2 176
2 495
2 408
2 391
2 471
2 89
2 487
2 107
3 257
3 387
3 329
3 254
3 3
3 398
3 161
3 456
3 33
3 140
3 424
3 242
4 18
4 62
4 13
4 341
4 316
4 188
4 273
4 374
4 100
4 67
4 5
4 397
4 404
4 439
4 334
4 220
4 119
4 407
5 374
5 220
5 58
5 100
5 62
5 439
5 370
5 119
5 55
5 397
5 16
5 404
5 126
6 466
6 182
6 381
6 71
6 210
6 64
6 299
6 6
6 149
6 127
6 312
7 22
7 338
7 196
7 295
7 83
7 488
7 8
7 121
7 475
7 236
7 143
7 277
7 162
7 350
7 146
8 296
8 121
8 488
8 217
8 250
8 306
8 8
8 187
8 28
8 162
8 245
9 133
9 469
9 192
9 339
9 187
9 437
9 434
9 431
9 9
9 11
9 48
9 65
9 73
9 112
9 124
10 470
10 183
10 149
10 90
10 313
10 194
10 460
10 325
10 232
10 236
10 21
10 150
10 67
10 496
11 48
11 339
11 191
11 363
11 187
11 14
11 61
11 133
11 416
11 73
11 446
11 376
11 103
12 392
12 265
12 332
12 264
12 50
12 56
12 484
12 284
12 286
12 71
12 283
12 417
12 177
12 234
12 483
13 215
13 316
13 404
13 336
13 370
13 273
13 397
13 131
13 111
13 16
13 188
13 209
14 464
14 133
14 192
14 434
14 48
14 223
14 73
14 339
14 220
14 49
14 437
14 317
14 112
14 255
14 326
15 393
15 141
15 158
15 99
15 132
15 356
15 268
15 292
15 41
15 231
16 397
16 404
16 60
16 18
16 370
16 273
16 336
16 306
16 334
16 341
16 220
16 100
16 119
17 142
17 484
17 84
17 417
17 360
17 17
17 284
17 286
17 215
17 177
17 50
17 68
17 106
17 128
18 387
18 131
18 273
18 60
18 341
18 370
18 62
18 472
18 439
18 220
18 429
19 381
19 134
19 136
19 137
19 272
19 274
19 239
19 399
19 323
19 192
19 212
20 398
20 251
20 161
20 86
20 36
20 20
20 140
20 329
20 270
20 288
20 363
20 472
20 101
20 435
21 130
21 194
21 309
21 496
21 219
21 150
21 252
21 325
21 137
21 457
21 365
21 213
22 58
22 270
22 277
22 488
22 306
22 295
22 28
22 271
22 244
22 171
22 483
23 216
23 364
23 102
23 315
23 328
23 366
23 274
23 136
23 239
23 416
23 323
23 227
24 386
24 148
24 151
24 359
24 285
24 118
24 247
24 304
24 205
24 276
24 167
24 172
24 46
24 388
25 370
25 120
25 114
25 442
25 318
25 178
25 147
25 343
25 462
25 287
25 412
25 301
25 429
25 66
25 331
25 379
26 207
26 262
26 471
26 380
26 245
26 261
26 408
26 287
26 494
26 97
26 485
26 491
26 87
27 332
27 282
27 27
27 371
27 169
27 37
27 420
27 260
27 139
27 303
27 476
28 113
28 143
28 271
28 483
28 306
28 28
28 48
28 162
28 338
28 214
28 475
28 350
28 368
29 392
29 265
29 283
29 56
29 57
29 177
29 142
29 284
29 360
29 55
29 52
29 78
30 276
30 156
30 300
30 30
30 199
30 372
30 354
30 85
30 371
30 432
30 321
30 465
31 405
31 413
31 159
31 432
31 354
31 199
31 452
31 321
31 206
31 174
31 300
31 327
32 266
32 296
32 195
32 398
32 288
32 242
32 36
32 257
32 410
32 201
32 161
32 290
32 170
32 243
33 268
33 158
33 378
33 96
33 292
33 448
33 393
33 108
33 41
33 101
33 418
33 427
33 233
33 362
33 413
34 260
34 267
34 157
34 294
34 222
34 347
34 169
34 153
34 416
34 38
35 385
35 400
35 35
35 152
35 394
35 376
35 499
35 115
35 368
35 312
35 70
35 105
36 382
36 266
36 140
36 410
36 290
36 251
36 387
36 415
36 424
36 86
37 299
37 37
37 153
37 213
37 371
37 428
37 416
37 311
37 303
37 454
37 476
38 164
38 104
38 500
38 77
38 430
38 38
38 215
38 307
38 360
38 165
38 425
38 319
38 455
38 464
38 477
39 492
39 373
39 92
39 390
39 305
39 47
39 403
39 122
39 246
39 248
39 55
39 283
40 402
40 154
40 461
40 349
40 467
40 481
40 330
40 355
40 123
40 44
41 141
41 292
41 418
41 486
41 96
41 378
41 268
41 354
41 427
42 139
42 190
42 302
42 352
42 443
42 240
42 450
42 42
42 70
42 310
42 459
42 101
43 391
43 293
43 373
43 403
43 305
43 92
43 314
43 396
43 281
43 230
43 95
43 122
43 192
43 421
44 386
44 278
44 151
44 285
44 423
44 438
44 235
44 337
44 345
44 329
45 98
45 63
45 369
45 74
45 440
45 211
45 182
45 322
45 179
45 298
45 113
46 285
46 167
46 205
46 438
46 359
46 151
46 241
46 468
46 117
46 337
46 351
47 403
47 281
47 218
47 305
47 390
47 293
47 246
47 95
47 185
47 55
47 314
47 138
47 276
48 434
48 48
48 73
48 437
48 65
48 110
48 441
48 469
48 124
48 216
49 133
49 73
49 431
49 187
49 463
49 124
49 339
49 255
49 408
49 192
50 392
50 265
50 106
50 56
50 68
50 57
50 284
50 124
50 78
50 337
51 388
51 262
51 408
51 176
51 245
51 495
51 202
51 261
51 491
51 404
51 97
51 485
51 357
51 258
52 325
52 259
52 265
52 283
52 68
52 78
52 52
52 87
52 394
53 285
53 147
53 155
53 301
53 444
53 66
53 186
53 318
53 489
53 330
53 311
53 343
53 379
54 259
54 250
54 189
54 155
54 379
54 54
54 444
54 66
54 86
55 390
55 281
55 415
55 175
55 246
55 305
55 264
55 348
55 373
56 117
56 259
56 392
56 284
56 286
56 332
56 470
56 495
57 392
57 84
57 484
57 234
57 78
57 360
57 417
57 152
58 71
58 273
58 316
58 370
58 480
58 58
58 334
58 188
59 163
59 165
59 430
59 377
59 477
59 59
59 225
59 425
59 317
59 319
59 110
59 141
59 60
59 112
59 111
60 62
60 131
60 336
60 119
60 439
60 404
60 100
60 374
61 437
61 441
61 124
61 223
61 133
61 363
61 255
61 431
61 420
61 191
61 192
62 74
62 188
62 370
62 341
62 62
62 334
62 253
63 166
63 179
63 322
63 466
63 63
63 436
63 64
63 241
63 113
63 481
64 166
64 299
64 113
64 466
64 174
64 179
64 436
64 372
64 82
64 420
65 431
65 437
65 192
65 65
65 133
65 363
65 282
65 223
66 195
66 412
66 301
66 186
66 444
66 343
66 280
66 331
66 114
66 384
67 194
67 150
67 470
67 492
67 309
67 367
67 130
67 232
67 87
67 473
67 230
67 496
67 233
67 304
67 320
68 142
68 106
68 417
68 284
68 234
68 286
68 289
69 401
69 435
69 453
69 200
69 168
69 184
69 414
69 209
69 185
69 387
70 221
70 293
70 385
70 394
70 312
70 229
70 128
70 392
70 80
70 478
70 226
70 499
70 115
70 249
71 166
71 179
71 174
71 211
71 210
71 228
71 76
71 440
71 466
71 98
71 494
72 403
72 280
72 293
72 305
72 88
72 92
72 433
72 72
72 349
72 223
73 434
73 437
73 191
73 187
73 248
73 255
74 455
74 299
74 182
74 76
74 74
74 369
74 466
74 228
74 113
74 106
75 406
75 164
75 455
75 75
75 215
75 307
75 430
75 104
75 224
75 464
75 221
75 324
76 194
76 436
76 369
76 174
76 166
76 228
76 245
76 211
76 284
77 419
77 163
77 165
77 447
77 319
77 221
77 430
77 236
77 265
77 464
77 500
78 417
78 177
78 142
78 283
78 286
78 130
78 83
79 129
79 401
79 185
79 414
79 103
79 197
79 238
79 168
79 449
79 128
80 205
80 97
80 385
80 394
80 400
80 81
80 115
80 128
80 254
80 493
80 498
81 323
81 394
81 152
81 193
81 446
81 81
81 376
81 220
81 115
82 436
82 182
82 210
82 440
82 98
82 174
82 82
82 351
82 369
83 271
83 162
83 295
83 171
83 196
83 488
83 83
83 350
83 483
84 259
84 392
84 264
84 142
84 286
84 177
84 484
84 221
84 106
85 276
85 409
85 300
85 465
85 127
85 321
85 452
85 327
85 311
85 361
85 372
85 129
86 195
86 254
86 329
86 257
86 398
86 424
86 161
86 450
86 244
87 129
87 146
87 168
87 451
87 453
87 197
87 209
88 390
88 396
88 403
88 280
88 281
88 415
88 122
88 433
88 163
88 218
89 329
89 287
89 471
89 245
89 383
89 485
89 107
89 495
89 198
89 335
89 203
90 150
90 309
90 313
90 457
90 460
90 365
90 382
90 183
90 260
90 252
90 99
91 389
91 154
91 461
91 467
91 275
91 340
91 355
91 173
91 402
91 403
92 391
92 280
92 281
92 415
92 293
92 433
92 218
93 188
93 390
93 146
93 414
93 435
93 200
93 209
93 342
93 126
93 428
94 393
94 155
94 412
94 301
94 429
94 331
94 189
94 442
94 94
94 489
95 390
95 391
95 415
95 246
95 218
95 314
95 281
95 389
96 132
96 207
96 448
96 158
96 378
96 108
96 427
96 470
96 356
96 166
96 119
97 491
97 383
97 471
97 176
97 357
97 408
97 495
97 197
98 108
98 182
98 179
98 369
98 436
98 163
99 393
99 268
99 411
99 418
99 99
99 132
99 427
99 206
100 131
100 439
100 397
100 253
100 404
100 433
100 370
101 297
101 190
101 308
101 459
101 494
101 395
101 482
102 427
102 258
102 134
102 399
102 274
102 323
102 328
102 227
102 404
102 109
103 175
103 129
103 414
103 449
103 451
103 324
103 209
103 342
103 126
104 163
104 425
104 477
104 500
104 225
104 464
104 319
104 299
104 377
105 271
105 385
105 193
105 344
105 226
105 105
105 478
105 374
105 249
105 128
106 264
106 142
106 286
106 417
106 234
106 143
107 261
107 176
107 346
107 107
107 474
107 287
107 216
108 393
108 292
108 158
108 427
108 268
108 141
108 411
108 116
108 311
109 305
109 134
109 263
109 136
109 269
109 274
109 323
109 258
109 391
110 419
110 163
110 425
110 406
110 307
110 319
110 236
110 455
110 409
110 180
111 282
111 416
111 160
111 420
111 320
111 335
111 347
111 222
112 431
112 441
112 191
112 463
112 339
112 112
112 184
113 179
113 436
113 228
113 440
113 211
114 148
114 279
114 186
114 442
114 318
114 444
114 343
114 123
115 446
115 256
115 385
115 229
115 226
115 176
116 268
116 427
116 207
116 486
116 356
116 362
116 116
116 434
117 393
117 486
117 448
117 141
117 207
117 418
117 132
117 356
117 268
117 220
117 479
118 386
118 151
118 172
118 351
118 241
118 345
118 118
118 156
118 247
119 131
119 404
119 336
119 334
119 439
119 253
120 155
120 412
120 429
120 189
120 462
120 379
120 318
120 331
120 398
120 364
121 143
121 277
121 306
121 353
121 217
121 475
121 171
121 489
122 210
122 390
122 391
122 293
122 218
122 280
122 225
122 234
122 189
123 398
123 298
123 145
123 208
123 340
123 479
123 181
123 425
124 434
124 441
124 187
124 431
124 147
125 135
125 297
125 308
125 310
125 459
125 240
125 497
125 482
125 472
125 252
126 401
126 185
126 449
126 197
126 200
126 238
126 129
127 405
127 421
127 298
127 372
127 276
127 159
127 291
127 432
128 352
128 400
128 152
128 446
128 249
128 344
129 295
129 401
129 324
129 435
129 184
129 198
129 146
129 342
130 313
130 219
130 183
130 492
130 150
130 367
130 496
130 325
130 311
130 470
130 232
130 382
130 448
131 406
131 374
131 253
131 341
131 404
131 131
131 439
131 188
131 489
132 132
132 292
132 427
132 356
132 158
132 248
132 486
132 287
132 268
132 141
132 448
132 207
132 136
133 431
133 133
133 469
133 441
133 255
133 458
134 258
134 272
134 323
134 328
134 333
134 274
134 338
134 269
134 326
135 237
135 352
135 297
135 459
135 450
135 395
135 443
135 190
135 420
135 139
135 272
136 263
136 269
136 458
136 274
136 315
136 366
136 364
136 326
136 347
137 468
137 176
137 263
137 333
137 364
137 315
137 272
137 250
137 227
138 297
138 443
138 497
138 139
138 450
138 237
138 240
138 302
138 490
138 308
138 204
138 330
139 352
139 490
139 302
139 450
139 443
139 204
139 268
139 494
139 240
140 251
140 195
140 254
140 266
140 170
140 387
140 329
140 210
140 398
140 424
140 456
140 243
140 171
141 268
141 393
141 378
141 248
141 356
141 233
141 411
141 158
141 418
141 449
142 265
142 284
142 360
142 142
142 229
142 417
143 270
143 143
143 217
143 295
143 171
143 277
143 338
143 483
144 389
144 349
144 203
144 330
144 355
144 422
144 467
144 479
144 154
144 240
144 145
144 402
144 275
144 181
144 208
145 149
145 173
145 422
145 203
145 154
145 275
145 349
145 421
145 402
146 486
146 302
146 375
146 238
146 184
146 185
146 435
146 451
146 453
146 197
146 200
147 412
147 318
147 178
147 186
147 311
147 147
147 386
147 279
147 301
147 442
147 489
148 273
148 386
148 180
148 438
148 468
148 345
148 285
148 167
148 151
148 423
148 172
149 457
149 252
149 367
149 473
149 183
149 232
149 365
149 309
149 470
149 382
149 319
149 426
150 470
150 252
150 367
150 382
150 183
150 449
150 309
150 325
150 457
150 496
150 280
150 202
151 278
151 359
151 151
151 205
151 260
151 235
152 385
152 226
152 256
152 446
152 400
152 201
152 177
152 312
152 193
152 376
153 260
153 282
153 153
153 157
153 454
153 303
153 294
153 428
153 184
153 420
153 320
153 347
153 193
154 275
154 181
154 203
154 389
154 349
154 289
154 407
154 422
154 467
155 253
155 462
155 189
155 429
155 412
155 379
155 364
155 301
155 178
155 318
156 421
156 354
156 465
156 206
156 452
156 159
156 291
156 231
156 328
157 267
157 213
157 371
157 157
157 454
157 160
157 224
157 303
157 335
158 252
158 411
158 158
158 248
158 208
158 427
158 448
158 233
158 282
159 276
159 405
159 465
159 432
159 409
159 452
159 413
159 204
159 327
160 424
160 286
160 267
160 416
160 222
160 282
160 445
160 443
160 294
161 266
161 398
161 410
161 424
161 254
161 296
161 448
161 290
161 242
162 271
162 277
162 214
162 368
162 475
162 174
162 196
163 419
163 477
163 500
163 307
163 164
163 200
163 165
163 236
164 406
164 419
164 221
164 165
164 455
164 236
164 464
164 321
164 425
164 319
164 500
164 377
164 278
164 289
165 406
165 419
165 447
165 165
165 430
165 215
165 221
166 211
166 299
166 174
166 466
166 166
166 179
166 440
166 322
166 170
167 386
167 423
167 337
167 438
167 167
167 211
167 304
167 205
167 351
167 224
167 241
167 247
168 414
168 209
168 324
168 435
168 342
168 185
168 453
168 198
168 337
169 267
169 476
169 445
169 320
169 294
169 169
169 315
169 335
170 257
170 387
170 424
170 296
170 288
170 456
170 243
170 329
171 488
171 214
171 277
171 338
171 483
171 196
171 217
172 423
172 351
172 172
172 278
172 285
172 175
172 468
172 359
172 235
173 438
173 173
173 289
173 389
173 181
173 208
173 340
173 493
173 467
173 358
174 174
174 228
174 211
174 210
174 440
174 381
174 458
174 182
174 322
175 403
175 314
175 433
175 348
175 246
175 281
175 175
176 353
176 408
176 287
176 357
176 380
176 487
176 346
176 491
177 283
177 284
177 286
177 417
177 259
177 324
177 332
178 279
178 412
178 429
178 189
178 301
178 186
178 484
178 311
178 444
178 185
179 381
179 299
179 436
179 182
179 186
180 457
180 304
180 345
180 224
180 247
180 359
180 423
180 438
180 468
181 422
181 275
181 358
181 481
181 181
181 328
181 330
181 203
181 461
182 381
182 436
182 231
182 440
182 228
183 382
183 313
183 473
183 309
183 219
183 470
183 230
184 426
184 435
184 401
184 209
184 451
184 414
184 449
184 324
184 453
184 197
185 414
185 342
185 426
185 324
185 451
185 197
185 209
186 308
186 450
186 412
186 444
186 189
186 343
187 235
187 463
187 192
187 441
187 431
187 341
187 317
187 469
188 307
188 397
188 341
188 374
188 316
188 220
189 444
189 331
189 489
189 379
190 395
190 308
190 482
190 190
190 497
190 339
190 204
190 472
190 490
191 434
191 317
191 437
191 441
191 339
191 262
191 463
191 363
191 255
192 339
192 255
192 434
192 469
193 446
193 229
193 256
193 344
193 499
193 498
193 226
193 376
194 309
194 325
194 365
194 232
194 252
194 313
194 460
194 226
195 398
195 410
195 244
195 251
195 195
195 242
195 243
195 404
196 271
196 250
196 368
196 488
196 217
196 296
196 208
197 426
197 401
197 324
197 209
197 342
198 431
198 401
198 449
198 324
198 198
198 315
199 409
199 413
199 421
199 298
199 361
199 206
199 452
199 296
200 378
200 426
200 401
200 414
200 359
200 342
200 238
201 403
201 241
201 385
201 446
201 249
201 201
201 330
201 344
201 498
202 261
202 408
202 384
202 474
202 388
202 202
202 383
202 346
203 361
203 275
203 330
203 340
203 481
203 479
203 375
204 297
204 308
204 459
204 352
204 240
204 310
204 317
204 472
205 278
205 241
205 386
205 351
205 438
206 460
206 291
206 361
206 206
206 321
206 465
207 292
207 248
207 362
207 486
207 207
208 260
208 389
208 422
208 479
208 275
209 426
210 436
210 440
210 211
210 322
210 228
210 369
210 381
210 212
211 436
211 466
211 267
212 292
212 251
212 272
212 323
212 258
212 326
212 216
212 315
212 366
212 498
213 267
213 416
213 428
213 320
213 335
213 420
213 303
213 476
214 270
214 295
214 214
214 488
214 217
214 392
214 350
215 425
215 307
215 455
215 215
215 430
215 477
215 399
216 263
216 269
216 399
216 272
216 274
216 326
216 227
217 277
217 270
217 483
217 368
217 229
218 391
218 396
218 415
218 293
218 305
218 373
218 244
219 313
219 325
219 457
219 232
219 219
219 414
219 230
219 492
219 382
220 273
220 404
220 316
220 439
220 370
221 447
221 319
221 419
221 377
221 430
221 225
221 397
221 287
222 270
222 416
222 335
222 347
222 320
222 454
222 360
223 437
223 441
223 317
223 463
223 339
223 469
224 278
224 285
224 337
224 351
224 235
224 241
224 259
225 406
225 419
225 430
225 319
225 464
225 455
225 307
225 488
225 262
226 394
226 400
226 344
226 478
226 499
226 249
227 258
227 274
227 328
227 263
227 315
227 272
227 424
227 364
228 322
228 477
228 369
229 385
229 394
229 400
229 312
229 478
229 425
230 309
230 492
230 325
230 460
230 367
230 232
230 384
230 365
230 382
230 452
231 395
231 310
231 459
231 472
231 450
231 443
231 231
231 453
232 457
232 473
232 418
232 365
233 393
233 411
233 233
233 248
233 378
233 362
234 500
234 259
234 417
234 284
234 332
234 310
235 386
235 423
235 304
235 351
235 278
236 425
236 430
236 319
236 406
236 307
236 433
236 377
237 430
237 395
237 302
237 308
237 472
237 482
237 490
237 289
237 497
237 342
238 401
238 449
238 453
238 435
238 342
238 307
239 258
239 263
239 272
239 366
239 458
239 269
239 333
239 355
240 240
240 497
240 310
240 432
241 484
241 337
241 468
242 257
242 410
242 288
242 290
242 329
242 440
242 243
243 410
243 387
243 296
243 290
243 396
244 377
244 387
244 266
244 398
244 456
244 424
244 251
244 455
245 367
245 306
245 471
245 380
245 388
245 401
246 390
246 403
246 280
246 305
246 314
246 348
247 278
247 423
247 468
247 359
247 351
247 435
248 393
248 268
248 448
248 356
248 282
249 376
249 498
249 256
249 499
249 477
250 277
250 350
250 353
250 295
250 250
250 488
251 257
251 387
251 290
251 296
252 492
252 460
252 365
252 496
253 273
253 439
253 316
253 336
253 341
253 386
253 475
254 257
254 410
254 288
254 329
254 398
254 289
254 346
255 431
255 255
255 294
256 385
256 312
256 344
256 376
256 446
256 449
257 411
257 329
257 410
257 288
257 268
257 387
257 398
257 462
258 458
258 326
258 315
258 333
258 366
259 360
259 484
259 332
259 286
259 392
259 265
259 283
260 314
260 445
260 294
260 416
260 347
260 282
260 414
261 487
261 261
261 346
261 287
261 408
261 485
261 426
261 262
261 471
262 372
262 491
262 474
262 287
262 384
262 346
262 380
263 274
263 315
263 326
263 399
263 264
263 272
263 364
264 332
264 284
264 264
264 286
264 283
264 274
264 417
265 466
265 417
265 426
266 266
266 424
266 288
266 456
266 409
266 296
267 428
267 282
267 303
267 341
267 420
267 294
268 393
268 427
268 292
268 356
268 468
268 411
269 392
269 269
269 323
269 333
269 299
269 399
269 272
269 315
269 326
269 364
270 437
270 353
270 306
270 368
270 488
270 295
270 475
271 295
271 488
271 338
271 368
271 475
271 277
271 306
272 364
272 326
272 275
273 397
273 374
273 404
273 480
273 497
273 465
274 474
274 315
274 360
274 323
274 328
275 412
275 402
275 422
275 275
275 358
275 375
276 409
276 452
276 276
276 354
276 407
276 413
276 432
276 327
276 361
277 277
277 371
277 338
277 350
277 353
278 386
278 345
278 423
278 438
278 337
278 304
279 359
279 409
279 279
279 444
279 462
279 435
279 412
279 331
279 343
279 344
280 403
280 373
280 281
280 348
280 391
280 415
280 433
280 459
281 373
281 281
281 314
281 482
282 303
282 420
282 347
283 484
283 332
283 284
283 286
284 392
284 360
285 345
285 359
285 304
285 386
285 423
286 484
286 332
286 360
287 408
287 383
287 474
288 387
288 424
288 290
288 494
288 296
289 456
289 348
289 443
289 389
289 402
289 422
289 340
289 479
289 375
290 387
290 410
290 329
290 292
290 296
291 309
291 407
291 409
291 413
291 354
291 291
291 402
291 298
291 300
292 411
292 486
293 390
293 293
293 396
293 433
293 417
294 420
294 428
294 454
294 335
295 338
295 488
295 368
295 353
296 296
297 352
297 482
297 308
297 494
297 391
297 450
297 303
298 354
298 321
298 327
298 409
298 452
298 465
298 361
298 372
299 299
299 369
299 440
299 322
299 381
300 405
300 407
300 354
300 409
300 421
300 483
300 372
301 412
301 444
301 462
301 447
301 429
302 450
302 490
302 472
302 395
302 459
302 310
303 428
303 320
303 420
304 423
304 345
304 359
304 468
304 416
305 390
305 396
305 403
305 433
306 353
306 488
306 350
306 402
307 425
307 447
307 464
307 307
307 500
307 319
308 459
308 497
308 490
308 472
308 352
308 405
309 309
309 313
309 460
309 457
309 473
309 418
310 395
310 450
310 443
310 482
310 494
310 497
310 333
311 429
311 343
311 331
311 489
311 462
312 498
312 499
312 394
312 493
312 478
313 365
313 496
313 457
313 477
313 367
313 382
314 403
314 415
314 314
315 333
315 323
315 324
315 326
316 447
316 397
316 480
316 336
316 466
317 434
317 317
317 363
317 492
318 442
318 318
318 343
318 377
318 331
318 462
319 419
319 455
320 416
320 371
320 454
320 476
320 347
321 409
321 413
321 421
321 405
321 354
321 433
321 327
322 436
322 466
322 322
323 333
324 414
324 426
325 325
325 492
325 460
325 470
325 473
326 458
326 333
326 328
327 413
327 407
327 465
327 361
327 463
327 487
328 399
328 458
328 366
328 333
329 424
329 329
330 422
330 402
330 349
330 481
331 429
331 442
331 379
331 348
331 343
331 366
331 478
332 440
332 392
333 399
334 397
334 404
334 341
334 480
334 370
334 458
334 422
335 335
335 476
335 371
336 336
336 397
336 405
337 438
337 468
337 337
338 475
338 338
339 431
339 490
340 349
340 340
340 461
340 358
340 460
340 481
341 480
342 401
342 426
342 451
343 379
343 434
343 451
344 376
344 446
344 385
344 400
344 493
344 498
345 433
345 386
345 423
345 348
345 351
346 388
346 380
346 383
346 384
346 491
346 357
347 416
347 420
347 476
348 365
348 396
348 433
348 348
349 422
349 467
349 453
349 355
349 375
350 350
350 401
350 353
350 428
351 438
351 444
352 459
352 494
352 450
352 482
353 368
353 483
354 413
355 389
355 402
355 479
355 461
355 487
355 358
355 375
356 411
356 427
356 356
357 388
357 384
357 485
357 357
358 389
358 358
358 481
358 447
358 375
359 386
359 438
360 392
360 485
361 405
361 407
361 432
362 496
362 418
362 448
362 486
362 378
362 362
362 379
363 463
363 437
363 363
363 461
364 399
365 473
365 367
365 496
366 399
366 366
367 457
367 473
368 483
368 460
368 442
369 436
369 492
371 420
371 428
371 476
372 405
372 465
372 452
373 390
373 396
373 403
373 484
374 397
374 439
374 480
374 378
375 467
375 479
375 402
376 498
376 385
377 419
377 430
377 447
377 455
378 393
378 418
378 427
378 439
379 444
380 388
380 408
380 487
380 491
380 499
381 436
381 440
382 470
383 410
383 388
383 474
383 485
383 495
384 396
384 471
384 485
384 388
385 493
385 406
385 394
385 446
385 498
386 395
387 456
387 424
388 388
388 471
388 495
388 487
388 389
389 479
389 422
389 461
390 391
390 396
390 403
390 415
391 391
391 433
391 447
391 396
392 484
392 467
393 448
393 427
393 486
394 446
394 493
394 478
395 443
395 497
395 395
396 415
396 499
397 480
398 419
398 410
398 456
399 458
400 478
400 498
400 499
400 493
400 400
401 435
401 449
402 434
402 461
402 481
403 491
404 439
405 413
405 452
405 476
406 447
406 419
406 425
406 500
406 477
406 430
406 480
407 436
407 432
407 465
407 413
407 452
407 421
408 474
408 441
408 495
409 421
409 452
410 456
411 418
411 448
413 432
413 465
414 426
414 414
415 482
416 454
418 427
418 448
419 477
419 455
420 445
420 428
421 421
421 452
422 481
423 500
425 455
425 445
425 447
425 464
426 432
426 451
427 448
427 486
428 444
428 445
429 462
429 429
429 442
429 489
430 464
430 477
431 437
431 431
431 441
431 434
432 432
435 451
436 466
437 441
437 490
438 468
439 480
440 440
440 466
441 441
441 454
442 482
442 462
442 442
442 489
443 469
443 450
443 497
443 459
444 489
445 476
445 454
445 445
446 493
446 478
447 464
447 500
447 455
448 486
449 453
450 482
451 453
454 454
455 470
455 464
455 500
456 456
457 470
458 458
459 494
460 496
460 492
460 460
461 463
461 461
461 481
461 467
463 469
463 463
467 481
467 479
469 469
470 492
471 495
471 471
471 487
472 494
472 482
473 473
473 492
473 485
474 474
474 491
474 487
475 475
475 488
477 487
478 493
478 499
480 480
482 494
483 483
485 487
485 491
485 495
487 491
490 490
492 496
492 493
498 499
