500 1606
1 1
1 49
1 4
1 92
1 2
1 168
2 279
2 219
2 121
2 129
2 46
2 183
3 494
3 297
3 338
3 30
3 349
3 387
3 43
4 374
4 146
4 451
4 282
4 400
4 151
4 168
4 49
5 223
5 5
5 110
5 387
5 17
5 41
5 218
6 111
6 466
6 28
6 227
6 254
6 137
6 416
6 199
6 88
7 268
7 381
7 332
7 463
7 256
7 125
8 481
8 8
8 10
8 191
8 362
8 117
9 79
9 393
9 71
9 293
9 317
9 35
9 439
9 338
10 220
10 417
10 403
10 169
10 16
10 23
10 118
11 133
11 373
11 94
11 454
11 403
11 22
11 446
11 189
12 14
12 92
12 201
12 434
12 192
12 305
12 84
13 367
13 261
13 190
13 75
13 155
14 258
14 266
14 281
14 260
14 142
14 376
14 128
15 372
15 102
15 396
15 488
15 480
16 197
16 286
16 16
16 415
17 264
17 487
17 261
17 145
18 208
18 83
18 492
18 352
18 134
18 169
18 200
18 436
19 198
19 148
19 429
19 57
19 357
20 132
20 260
20 76
20 389
20 41
20 320
21 334
21 160
21 267
21 57
21 94
21 158
21 36
22 330
22 133
22 68
22 90
23 180
23 403
23 238
23 184
24 38
24 409
24 328
24 388
24 164
24 339
24 228
24 291
25 470
25 273
25 85
25 25
25 460
26 405
26 195
26 202
26 161
26 285
26 437
26 448
26 109
26 210
27 99
27 413
27 447
27 27
27 179
28 457
28 94
28 307
28 286
28 227
28 245
28 450
28 248
29 283
29 262
29 342
29 69
29 136
29 216
29 443
30 204
30 197
30 394
30 165
30 167
30 54
31 299
31 270
31 214
31 135
31 311
31 38
31 366
31 491
32 137
32 141
32 224
32 181
32 303
32 199
32 88
32 111
33 228
33 450
33 33
33 156
33 346
34 425
34 148
34 102
34 380
34 463
35 433
35 399
35 145
35 473
35 293
35 71
36 69
36 106
36 267
36 334
37 400
37 146
37 420
37 279
37 370
38 103
38 345
38 320
39 471
39 263
39 39
39 351
39 53
39 314
39 469
39 414
40 142
40 391
40 292
40 344
40 42
40 435
41 75
41 190
41 209
41 483
42 359
42 401
42 447
42 149
42 436
42 449
43 346
43 411
43 499
43 283
43 303
43 54
44 360
44 202
44 385
44 98
44 143
45 414
45 192
45 96
45 326
45 271
45 177
45 225
46 374
46 420
46 279
46 352
46 464
47 450
47 98
47 162
47 50
47 489
47 230
47 273
48 407
48 412
48 335
48 322
48 488
48 457
49 168
49 451
49 308
49 375
50 215
50 346
50 184
50 204
50 488
51 180
51 122
51 191
51 120
51 226
51 198
52 195
52 143
52 177
52 384
52 240
52 326
52 91
52 353
52 225
52 485
53 105
53 203
53 385
53 125
53 314
53 307
53 118
54 125
54 377
54 395
54 62
54 81
54 234
55 130
55 435
55 101
55 231
55 436
55 337
56 395
56 289
56 426
56 209
56 475
57 252
57 57
58 299
58 330
58 253
58 58
59 412
59 196
59 339
59 424
59 218
59 348
59 127
59 304
60 259
60 201
60 300
60 434
60 119
61 354
61 276
61 419
61 495
61 426
61 485
62 67
62 463
62 421
62 100
62 478
62 499
63 310
63 352
63 67
63 350
63 406
63 116
63 68
64 364
64 396
64 160
64 64
64 252
65 305
65 491
65 333
65 475
65 381
65 201
65 114
66 464
66 386
66 66
66 217
67 428
67 208
67 496
67 484
68 408
68 94
68 150
68 329
68 393
69 361
69 70
69 240
70 170
70 442
70 128
70 332
70 75
70 275
71 131
71 290
71 408
72 173
72 327
72 72
72 80
73 398
73 498
73 310
73 208
73 297
74 175
74 139
74 124
74 368
74 276
74 343
74 379
75 479
75 139
76 149
76 221
76 266
76 361
77 176
77 232
77 146
77 123
77 353
77 378
78 391
78 335
78 140
78 395
78 248
78 474
78 267
78 241
79 216
79 168
79 79
80 148
80 372
80 288
80 431
80 128
80 241
81 341
81 256
81 271
81 454
82 425
82 426
82 391
82 462
82 362
82 370
82 111
83 398
83 423
83 169
83 193
83 484
84 275
84 300
84 355
84 349
84 250
85 146
85 404
85 280
85 239
86 399
86 439
86 290
86 144
86 94
87 229
87 388
87 409
87 196
87 467
87 348
88 139
88 382
88 428
88 224
89 262
89 170
89 341
89 342
89 297
89 123
90 258
90 389
90 354
90 367
90 143
90 221
90 233
90 461
91 231
91 152
91 143
91 181
91 353
92 182
92 320
92 349
92 378
93 221
93 423
93 371
93 498
93 154
94 129
94 446
94 483
94 383
95 405
95 164
95 437
95 448
95 493
96 163
96 243
96 287
96 309
96 205
96 377
97 187
97 468
97 344
97 171
97 398
97 144
97 431
98 289
98 433
98 427
99 324
99 122
99 449
99 191
100 409
100 328
100 214
100 321
100 359
101 213
101 386
101 231
101 393
102 489
102 148
102 389
102 252
103 284
103 174
103 103
104 158
104 453
104 241
104 288
104 430
104 237
105 291
105 180
105 203
105 384
106 110
106 153
106 324
106 271
107 240
107 484
107 208
107 108
107 367
107 490
108 428
108 470
108 350
108 177
108 268
109 165
109 164
109 437
109 236
109 259
110 343
110 360
110 165
111 207
111 365
111 115
111 499
112 277
112 386
112 463
112 274
112 143
112 419
113 132
113 269
113 233
113 467
113 455
113 136
113 236
114 305
114 355
114 434
114 254
115 294
115 416
115 199
115 378
116 352
116 310
116 496
116 445
117 156
117 159
117 117
117 118
118 156
118 362
119 338
119 119
119 405
119 417
120 214
120 296
120 420
120 454
120 399
121 407
121 151
121 176
121 351
121 495
121 158
122 263
122 180
122 458
122 156
123 420
123 464
123 440
124 264
124 379
124 139
124 339
125 387
125 421
126 147
126 186
126 126
126 247
127 409
127 388
127 284
127 498
128 441
128 253
128 256
128 240
128 496
128 279
129 271
129 324
129 260
129 408
129 329
129 483
130 386
130 130
130 469
130 274
130 155
130 463
130 468
131 352
131 399
131 301
131 282
131 244
132 246
132 266
132 485
132 467
133 452
133 408
133 476
133 347
134 193
134 140
134 462
134 425
134 416
135 389
135 388
135 214
135 424
135 180
135 174
135 319
135 228
135 447
135 478
136 150
136 302
136 145
137 181
137 416
137 492
137 141
137 307
137 224
138 402
138 362
138 239
138 403
138 177
139 298
139 218
139 479
140 312
140 335
140 438
140 296
140 407
140 289
140 370
141 365
141 466
141 191
141 181
142 389
142 266
142 486
142 149
142 376
143 370
144 397
144 188
144 293
144 393
145 393
145 397
145 219
145 316
146 269
146 400
146 351
146 225
147 187
147 405
147 277
147 462
147 202
148 439
148 288
148 372
148 347
148 429
148 431
148 488
149 281
149 258
149 246
149 182
149 486
149 339
150 271
150 363
150 153
150 408
150 446
151 219
151 168
151 496
151 375
152 452
152 152
152 265
153 471
153 153
153 446
153 483
153 363
154 183
154 437
154 295
154 251
154 304
155 468
155 171
155 306
155 490
155 235
156 403
156 157
157 215
157 249
157 390
157 355
157 415
157 159
158 318
158 380
158 288
159 417
159 402
159 175
159 497
160 423
160 205
160 453
160 376
161 328
161 318
161 295
161 238
161 304
161 311
161 448
162 182
162 413
162 179
162 184
162 221
162 436
163 283
163 285
163 256
163 262
164 437
164 298
164 295
164 359
165 242
165 223
165 479
165 298
166 392
166 283
166 441
166 342
166 394
166 472
167 411
167 338
167 226
167 441
167 303
167 499
167 377
168 420
168 464
168 232
168 336
169 492
169 496
169 444
169 428
169 470
170 299
170 482
170 476
170 216
171 332
171 344
171 472
171 174
171 463
171 231
172 386
172 410
172 272
172 172
172 308
173 323
173 404
173 273
173 187
173 480
174 196
174 409
174 301
174 214
174 345
174 337
174 382
175 438
175 407
175 395
175 335
176 400
176 420
176 329
177 311
177 183
177 205
178 442
178 203
178 276
178 500
178 449
178 309
179 465
179 179
179 436
180 385
180 358
181 455
181 231
181 199
182 186
182 300
183 311
183 183
183 202
183 313
184 230
184 347
184 195
185 405
185 306
185 185
185 254
185 489
186 187
186 489
186 195
186 387
187 295
187 489
187 318
187 448
187 194
188 302
188 439
188 255
188 344
189 466
189 307
189 336
189 294
189 207
189 365
189 245
190 441
190 265
190 282
190 368
191 426
191 418
191 432
191 444
191 468
192 207
192 414
192 419
192 369
192 254
193 395
193 407
193 462
193 234
193 322
193 331
194 300
194 475
194 305
194 333
194 334
194 473
194 355
194 378
195 304
195 277
195 480
196 284
196 345
196 219
197 281
197 312
197 211
198 458
198 430
198 444
199 294
199 482
199 207
199 234
200 296
200 208
200 498
200 482
201 473
201 373
201 334
201 378
202 437
202 435
203 398
203 291
203 444
203 460
204 300
204 434
204 250
204 320
204 334
205 384
205 500
205 225
205 369
206 449
206 278
206 456
206 244
206 454
206 212
207 465
207 245
208 296
208 310
208 484
209 406
209 322
209 209
210 413
210 449
210 459
210 450
211 327
211 477
211 278
211 323
212 273
212 280
212 272
212 426
212 477
213 258
213 389
213 221
213 357
213 229
213 305
214 388
214 227
214 396
215 409
215 413
215 459
215 346
215 244
216 441
216 240
216 284
216 230
217 458
217 444
217 432
217 418
217 396
217 474
217 477
218 343
218 218
218 394
219 253
219 279
219 440
220 402
220 362
220 220
221 266
221 354
222 259
222 300
222 491
222 434
222 500
222 401
223 264
223 265
223 232
224 307
224 338
225 422
226 315
226 478
226 351
227 336
227 416
228 409
228 366
229 258
229 467
229 233
229 459
230 401
230 427
231 268
232 375
232 264
232 247
232 255
232 410
233 357
233 459
234 340
234 387
235 268
235 235
235 349
236 493
236 293
236 255
237 288
237 372
237 241
237 248
238 239
238 481
238 289
238 497
239 481
239 424
239 497
240 341
241 453
241 252
242 261
242 264
242 298
242 420
242 458
243 344
243 466
243 382
243 336
243 456
244 437
244 272
245 336
245 297
245 485
246 258
246 246
246 366
247 279
247 440
247 351
247 461
248 323
248 308
249 417
249 286
249 362
249 266
250 334
250 305
250 433
251 265
251 385
251 430
251 432
251 314
251 458
252 327
253 392
253 482
254 456
255 397
255 302
256 283
256 285
257 335
257 363
257 297
257 257
257 394
257 411
258 262
258 260
258 281
258 421
259 275
259 259
259 473
259 355
260 260
260 390
261 360
261 261
261 264
261 494
262 330
262 361
262 265
262 469
263 364
263 469
263 385
263 428
263 291
264 442
264 343
265 487
265 368
265 383
266 389
266 390
266 357
266 376
267 428
267 380
267 396
267 429
268 337
268 274
268 435
268 468
269 269
269 389
269 354
269 367
270 388
270 348
270 284
270 407
270 319
270 321
270 345
271 476
271 325
271 493
272 285
272 404
272 280
272 443
272 273
272 278
272 308
273 274
273 313
273 460
273 480
274 487
274 292
274 303
275 334
275 333
275 434
276 388
276 495
276 359
276 414
276 287
276 309
277 306
277 405
277 359
278 492
278 323
278 370
278 477
279 440
280 308
280 313
280 283
280 410
281 354
281 486
281 309
282 399
282 296
283 342
283 398
283 299
283 479
284 328
285 299
285 342
285 442
286 321
286 325
286 493
287 416
287 397
287 432
288 343
288 487
289 438
289 462
289 365
289 369
290 399
290 445
290 439
290 433
290 313
291 458
291 430
292 400
292 472
292 366
293 316
293 320
293 404
294 416
294 307
294 466
294 298
294 481
295 489
295 356
296 319
296 350
297 315
298 360
298 500
298 379
299 440
299 317
300 471
300 305
300 378
301 393
301 316
301 352
302 397
302 422
303 421
303 340
304 448
304 311
305 491
306 437
306 405
306 481
308 317
308 456
309 326
310 352
310 371
310 457
310 355
312 391
312 406
312 370
312 322
313 350
314 385
314 381
314 474
315 338
315 340
315 376
315 478
316 371
316 469
317 427
317 413
317 461
317 347
318 318
319 328
319 321
319 348
320 375
320 434
321 409
321 424
322 494
323 477
323 344
323 460
324 325
324 471
325 462
325 443
325 373
325 418
326 422
326 451
327 357
327 404
327 392
327 456
328 388
329 443
329 369
330 392
330 442
330 482
331 406
331 457
331 438
331 424
332 386
332 348
333 406
333 368
333 473
335 438
335 453
336 416
336 466
336 382
337 374
337 472
338 340
339 409
340 460
341 442
341 361
342 441
343 360
343 487
344 435
345 449
345 366
346 450
346 347
347 364
348 497
349 439
349 462
350 470
350 492
351 400
351 358
353 369
353 453
353 485
356 390
356 402
356 356
357 486
358 385
358 364
358 394
359 448
360 494
361 442
362 500
363 471
363 373
363 411
364 446
364 430
365 455
366 409
366 455
367 367
367 376
368 487
370 406
371 492
371 484
372 373
373 452
374 420
374 440
375 464
376 472
377 405
377 411
378 403
379 494
379 479
379 381
380 430
380 479
381 435
382 465
382 413
383 483
383 493
383 443
384 384
385 430
385 418
385 444
386 490
387 421
387 394
387 499
389 467
390 390
390 403
391 438
391 412
391 407
391 425
391 426
391 415
392 441
392 410
393 445
395 438
395 426
395 455
396 448
396 431
397 439
397 429
398 496
398 470
399 445
400 420
401 450
401 447
402 476
402 445
402 500
403 415
403 417
404 456
406 457
407 425
408 421
409 424
410 480
410 460
412 412
414 500
414 419
415 481
416 455
418 418
418 432
419 422
419 495
421 478
422 422
422 430
423 492
423 428
424 469
425 457
427 486
427 457
429 453
430 432
430 474
431 488
431 453
432 482
433 475
434 475
434 487
434 491
435 490
438 462
440 451
443 452
443 454
443 446
443 497
444 447
444 469
446 471
447 449
449 459
450 473
451 451
452 493
454 454
458 474
459 461
461 498
465 465
467 467
468 490
470 496
471 476
479 487
482 482
484 495
487 494
