600 7030
1 525
1 207
1 278
1 148
1 600
1 526
1 322
1 395
1 216
1 284
1 454
1 489
1 384
1 1
1 380
1 23
1 7
1 265
1 326
1 4
1 585
1 343
1 97
1 238
1 128
2 17
2 450
2 202
2 469
2 412
2 286
2 254
2 420
2 158
2 331
2 405
2 131
2 2
2 280
2 192
2 186
2 249
2 571
2 270
2 423
2 168
2 300
2 83
2 348
2 248
2 552
2 199
2 584
3 513
3 134
3 321
3 146
3 288
3 369
3 3
3 140
3 48
3 276
3 586
3 374
3 498
3 141
3 534
3 425
3 275
3 243
3 594
3 272
3 16
3 530
3 157
3 488
4 148
4 7
4 600
4 384
4 216
4 284
4 71
4 128
4 207
4 489
4 585
4 238
4 525
4 97
4 343
4 454
4 380
4 21
4 275
4 395
4 278
4 23
4 204
4 342
5 23
5 314
5 345
5 347
5 210
5 452
5 292
5 545
5 318
5 178
5 408
5 117
5 5
5 30
5 580
5 479
5 167
5 324
5 151
5 159
5 306
5 82
5 240
5 517
5 50
6 253
6 256
6 503
6 575
6 375
6 194
6 209
6 221
6 281
6 6
6 598
6 200
6 592
6 132
6 183
6 449
6 355
6 255
6 551
6 136
6 8
6 556
6 181
6 474
6 379
7 7
7 238
7 97
7 207
7 380
7 322
7 148
7 128
7 251
7 395
7 454
7 526
7 525
7 489
7 600
7 134
7 158
7 278
7 23
7 71
7 343
7 384
7 183
8 132
8 136
8 449
8 209
8 221
8 8
8 474
8 355
8 68
8 575
8 125
8 556
8 503
8 57
8 379
8 200
8 274
8 122
8 281
9 315
9 85
9 245
9 129
9 583
9 312
9 27
9 544
9 337
9 63
9 466
9 9
9 340
9 199
9 506
9 62
9 59
9 138
9 209
9 193
9 217
9 109
9 378
10 578
10 386
10 262
10 285
10 528
10 228
10 144
10 222
10 231
10 149
10 10
10 268
10 490
10 233
10 20
10 417
10 338
10 230
10 509
10 414
10 305
10 319
10 336
10 508
10 65
10 21
11 29
11 11
11 532
11 235
11 255
11 537
11 329
11 382
11 472
11 445
11 142
11 13
11 24
11 403
11 218
11 106
11 230
11 522
11 437
11 564
11 100
11 239
11 500
12 517
12 241
12 535
12 26
12 404
12 12
12 427
12 371
12 566
12 507
12 431
12 234
12 156
12 501
12 519
12 110
12 225
12 164
12 169
12 277
12 182
12 341
12 37
12 325
13 534
13 37
13 472
13 106
13 142
13 235
13 29
13 13
13 403
13 359
13 537
13 218
13 255
13 329
13 564
13 445
13 559
13 120
13 532
13 24
13 25
13 491
14 396
14 398
14 354
14 542
14 242
14 166
14 402
14 475
14 85
14 510
14 440
14 151
14 350
14 455
14 568
14 103
14 599
14 441
14 195
14 580
14 410
14 188
14 462
14 278
14 236
14 83
15 390
15 265
15 467
15 15
15 487
15 330
15 171
15 458
15 567
15 76
15 52
15 565
15 79
15 313
15 465
15 175
15 170
15 555
15 383
15 560
15 446
15 190
15 332
15 92
15 223
15 496
15 351
15 329
15 472
16 513
16 141
16 272
16 16
16 288
16 146
16 157
16 134
16 374
16 321
16 140
16 48
16 530
16 425
16 369
16 415
16 162
16 395
16 275
16 276
16 534
16 586
16 498
16 304
17 586
17 515
17 394
17 266
17 267
17 571
17 358
17 483
17 389
17 435
17 201
17 89
17 152
17 67
17 495
17 468
17 185
17 282
17 273
17 418
17 120
17 423
17 363
17 129
17 54
18 520
18 34
18 49
18 61
18 428
18 576
18 536
18 554
18 524
18 195
18 112
18 196
18 41
18 283
18 18
18 35
18 392
18 598
18 364
18 422
18 301
18 51
18 187
19 222
19 575
19 130
19 260
19 19
19 169
19 584
19 559
19 439
19 595
19 104
19 229
19 39
19 307
19 569
19 58
19 502
19 40
19 147
19 548
19 47
19 191
19 205
19 485
20 386
20 144
20 522
20 414
20 338
20 486
20 231
20 222
20 268
20 233
20 508
20 490
20 33
20 336
20 262
20 417
20 319
20 415
20 423
20 285
20 305
20 228
20 107
20 401
20 38
20 281
21 391
21 138
21 397
21 521
21 308
21 108
21 421
21 324
21 552
21 121
21 363
21 349
21 591
21 21
21 459
21 342
21 461
21 416
21 38
21 198
21 587
21 84
21 227
21 494
22 469
22 514
22 258
22 388
22 531
22 316
22 481
22 376
22 299
22 98
22 123
22 22
22 470
22 31
22 504
22 81
22 351
22 525
22 87
22 165
22 448
22 77
22 88
22 232
22 362
22 247
22 598
22 49
23 525
23 526
23 148
23 322
23 343
23 23
23 251
23 384
23 278
23 454
23 97
23 489
23 71
23 216
23 332
23 284
23 585
23 600
23 238
23 128
23 399
23 551
23 268
23 123
24 238
24 356
24 240
24 247
24 142
24 403
24 25
24 329
24 500
24 24
24 100
24 532
24 106
24 537
24 564
24 410
24 409
24 445
24 218
24 102
24 491
25 426
25 123
25 403
25 100
25 537
25 500
25 532
25 235
25 29
25 106
25 472
25 329
25 255
25 564
25 102
25 445
25 397
25 425
25 218
25 382
25 453
26 223
26 519
26 137
26 404
26 277
26 535
26 156
26 110
26 573
26 517
26 538
26 182
26 341
26 241
26 493
26 427
26 431
26 293
26 67
26 326
26 234
26 501
26 260
27 167
27 129
27 337
27 189
27 583
27 378
27 62
27 109
27 27
27 339
27 116
27 193
27 506
27 340
27 54
27 497
27 237
27 296
27 544
27 312
27 59
27 199
27 590
27 217
27 94
28 513
28 140
28 272
28 276
28 146
28 288
28 530
28 374
28 134
28 488
28 157
28 315
28 48
28 141
28 415
28 275
28 498
28 425
28 544
28 210
28 586
28 120
28 518
29 321
29 385
29 403
29 532
29 537
29 29
29 239
29 255
29 218
29 142
29 102
29 491
29 235
29 230
29 204
29 43
29 564
29 445
29 472
29 106
30 345
30 452
30 311
30 318
30 117
30 210
30 347
30 30
30 408
30 473
30 550
30 240
30 159
30 306
30 545
30 178
30 401
30 121
30 292
30 167
30 436
30 82
30 479
30 96
30 312
31 436
31 258
31 388
31 531
31 31
31 504
31 376
31 98
31 481
31 81
31 470
31 77
31 299
31 247
31 123
31 351
31 244
31 498
31 165
31 316
31 448
31 596
31 88
31 232
31 362
32 46
32 385
32 401
32 90
32 37
32 119
32 364
32 594
32 173
32 40
32 366
32 327
32 294
32 438
32 115
32 367
32 381
32 172
32 431
32 59
32 73
32 424
33 386
33 262
33 522
33 268
33 528
33 285
33 414
33 417
33 338
33 490
33 233
33 336
33 33
33 107
33 319
33 222
33 355
33 459
33 305
33 228
33 486
33 231
33 316
34 567
34 107
34 247
34 460
34 520
34 524
34 527
34 283
34 392
34 576
34 196
34 35
34 61
34 187
34 211
34 422
34 112
34 321
34 455
34 301
35 48
35 225
35 520
35 524
35 283
35 428
35 211
35 576
35 392
35 51
35 49
35 536
35 301
35 554
35 422
35 35
35 380
35 187
35 333
35 466
36 415
36 387
36 516
36 518
36 540
36 413
36 593
36 36
36 297
36 430
36 101
36 220
36 197
36 365
36 512
36 50
36 464
36 347
36 274
36 433
36 180
36 310
36 443
36 572
36 96
36 353
37 385
37 401
37 290
37 364
37 344
37 172
37 366
37 594
37 327
37 55
37 37
37 367
37 119
37 381
37 73
37 133
37 294
37 173
37 176
37 480
38 180
38 257
38 421
38 108
38 416
38 391
38 397
38 256
38 494
38 84
38 591
38 552
38 38
38 459
38 521
38 349
38 305
38 308
38 198
38 587
38 227
38 75
39 521
39 116
39 130
39 260
39 406
39 548
39 99
39 584
39 502
39 439
39 191
39 39
39 307
39 205
39 169
39 104
39 44
39 363
39 47
39 229
40 571
40 133
40 401
40 290
40 294
40 480
40 367
40 381
40 173
40 40
40 385
40 172
40 327
40 594
40 115
40 90
40 263
40 409
40 176
40 438
40 55
40 73
40 366
40 382
41 520
41 392
41 536
41 283
41 428
41 195
41 301
41 576
41 51
41 112
41 196
41 554
41 422
41 49
41 309
41 211
41 333
41 452
41 228
41 187
42 354
42 523
42 541
42 164
42 424
42 174
42 75
42 570
42 476
42 562
42 451
42 66
42 161
42 245
42 558
42 111
42 160
42 153
42 445
42 128
42 447
42 582
42 215
43 242
43 127
43 400
43 368
43 393
43 457
43 461
43 253
43 214
43 179
43 509
43 65
43 56
43 352
43 226
43 43
43 574
43 355
43 307
43 557
43 304
43 334
43 504
43 73
43 340
44 269
44 270
44 273
44 145
44 407
44 287
44 419
44 295
44 296
44 177
44 437
44 208
44 511
44 320
44 263
44 44
44 274
44 146
44 334
44 577
44 360
44 484
44 345
45 146
45 515
45 389
45 394
45 267
45 152
45 282
45 418
45 266
45 471
45 89
45 571
45 317
45 483
45 184
45 358
45 120
45 185
45 325
45 385
45 435
45 67
45 201
45 244
45 91
45 449
46 289
46 163
46 551
46 302
46 46
46 372
46 373
46 370
46 578
46 250
46 335
46 162
46 87
46 86
46 53
46 549
46 456
46 559
46 314
46 204
46 346
47 115
47 548
47 169
47 191
47 307
47 58
47 453
47 595
47 406
47 47
47 99
47 205
47 229
47 260
47 377
47 237
47 149
47 569
47 584
48 513
48 140
48 530
48 275
48 276
48 146
48 157
48 288
48 425
48 272
48 315
48 374
48 534
48 141
48 48
48 321
48 488
48 498
48 176
48 497
49 440
49 200
49 520
49 392
49 524
49 527
49 536
49 283
49 422
49 554
49 428
49 301
49 187
49 112
49 51
49 92
49 309
49 61
49 195
49 196
49 211
49 569
50 182
50 387
50 516
50 413
50 433
50 365
50 72
50 101
50 512
50 430
50 310
50 443
50 353
50 572
50 197
50 518
50 593
50 136
50 252
51 543
51 520
51 392
51 536
51 422
51 554
51 428
51 309
51 283
51 527
51 576
51 524
51 61
51 187
51 246
51 209
51 195
51 196
52 390
52 529
52 171
52 175
52 560
52 446
52 330
52 76
52 565
52 223
52 487
52 92
52 313
52 465
52 467
52 190
52 496
52 493
52 301
52 567
52 458
52 79
52 411
53 444
53 289
53 163
53 549
53 551
53 429
53 563
53 578
53 250
53 302
53 53
53 86
53 335
53 204
53 314
53 356
53 590
53 355
53 346
53 219
53 370
53 373
53 165
53 290
54 237
54 547
54 129
54 337
54 109
54 59
54 63
54 506
54 94
54 193
54 312
54 54
54 466
54 62
54 378
54 217
54 101
54 583
54 199
54 339
54 116
55 263
55 80
55 385
55 133
55 294
55 173
55 176
55 73
55 344
55 327
55 594
55 381
55 119
55 115
55 172
55 290
55 167
55 425
55 90
55 364
55 339
56 393
56 303
56 304
56 334
56 457
56 253
56 533
56 400
56 214
56 206
56 65
56 368
56 179
56 509
56 574
56 557
56 127
56 115
56 558
56 477
56 236
56 381
56 66
57 529
57 145
57 470
57 430
57 132
57 281
57 200
57 181
57 136
57 194
57 125
57 68
57 503
57 375
57 556
57 57
57 77
57 536
57 575
57 449
57 592
57 598
57 379
57 378
58 151
58 302
58 349
58 130
58 406
58 548
58 307
58 439
58 569
58 377
58 229
58 502
58 169
58 595
58 485
58 78
58 294
58 101
58 584
58 205
58 99
59 513
59 129
59 312
59 59
59 63
59 583
59 217
59 544
59 109
59 116
59 590
59 94
59 199
59 252
59 593
59 189
59 339
60 150
60 154
60 411
60 547
60 291
60 561
60 113
60 597
60 105
60 155
60 203
60 261
60 124
60 553
60 555
60 460
60 492
60 69
60 92
60 238
60 579
61 392
61 527
61 283
61 422
61 554
61 301
61 309
61 524
61 576
61 187
61 211
61 428
61 195
61 536
61 272
61 219
61 377
62 515
62 489
62 250
62 246
62 129
62 544
62 312
62 189
62 199
62 466
62 63
62 506
62 378
62 340
62 109
62 437
62 431
62 193
62 583
62 590
62 497
63 270
63 336
63 77
63 129
63 544
63 312
63 189
63 337
63 116
63 590
63 217
63 497
63 94
63 378
63 83
63 377
63 340
64 585
64 216
64 259
64 264
64 139
64 271
64 147
64 543
64 293
64 243
64 93
64 114
64 589
64 74
64 383
64 539
64 581
64 505
64 475
64 142
64 588
64 361
64 237
64 111
64 445
65 393
65 400
65 533
65 557
65 179
65 206
65 574
65 236
65 323
65 352
65 226
65 477
65 457
65 253
65 214
65 127
65 110
65 96
66 84
66 153
66 160
66 164
66 558
66 174
66 447
66 570
66 325
66 476
66 562
66 499
66 434
66 75
66 161
66 66
66 353
66 215
66 245
67 134
67 394
67 267
67 184
67 317
67 571
67 89
67 515
67 185
67 483
67 201
67 435
67 471
67 266
67 282
67 418
67 337
67 70
67 244
67 328
67 466
68 437
68 185
68 183
68 575
68 449
68 598
68 221
68 181
68 200
68 209
68 126
68 503
68 474
68 136
68 194
68 355
68 101
68 137
68 375
68 125
68 283
69 261
69 150
69 279
69 154
69 553
69 555
69 579
69 547
69 69
69 478
69 70
69 460
69 105
69 155
69 203
69 113
69 366
69 571
69 463
69 213
70 261
70 279
70 154
70 411
70 547
70 553
70 460
70 463
70 579
70 155
70 492
70 150
70 561
70 597
70 203
70 113
70 525
70 292
70 478
70 105
71 395
71 526
71 148
71 278
71 284
71 322
71 525
71 489
71 128
71 600
71 384
71 251
71 71
71 216
71 498
71 219
71 585
71 238
71 380
71 456
72 275
72 481
72 364
72 518
72 540
72 297
72 443
72 197
72 387
72 516
72 572
72 96
72 433
72 353
72 220
72 593
72 310
72 305
72 346
72 464
72 365
72 512
73 133
73 401
73 294
73 173
73 176
73 438
73 327
73 119
73 381
73 73
73 115
73 90
73 367
73 214
73 594
73 344
73 480
73 366
73 422
73 260
74 264
74 271
74 399
74 143
74 147
74 539
74 432
74 444
74 74
74 237
74 259
74 139
74 361
74 328
74 114
74 589
74 382
74 475
74 172
74 500
75 495
75 120
75 153
75 541
75 160
75 161
75 558
75 570
75 447
75 325
75 245
75 562
75 476
75 434
75 499
75 451
75 283
75 215
76 265
76 529
76 170
76 175
76 560
76 567
76 313
76 446
76 332
76 496
76 465
76 223
76 92
76 390
76 79
76 76
76 454
76 467
76 219
76 512
77 473
77 258
77 388
77 531
77 316
77 165
77 351
77 247
77 299
77 362
77 448
77 481
77 232
77 88
77 77
77 599
77 81
77 596
77 470
77 376
77 123
77 379
78 157
78 533
78 221
78 260
78 548
78 169
78 559
78 439
78 191
78 453
78 78
78 377
78 205
78 485
78 406
78 307
78 400
78 340
78 99
78 104
79 390
79 265
79 171
79 175
79 560
79 565
79 446
79 190
79 330
79 332
79 170
79 223
79 465
79 313
79 458
79 261
79 161
79 467
79 157
80 263
80 269
80 270
80 145
80 287
80 419
80 295
80 437
80 320
80 208
80 482
80 360
80 80
80 135
80 177
80 407
80 274
80 589
80 224
80 118
81 454
81 258
81 388
81 531
81 299
81 448
81 596
81 470
81 376
81 165
81 247
81 232
81 81
81 351
81 391
81 237
81 88
81 481
81 362
81 349
82 293
82 429
82 159
82 545
82 306
82 178
82 436
82 311
82 318
82 473
82 210
82 345
82 347
82 452
82 550
82 580
82 564
82 395
82 240
82 122
82 98
83 471
83 131
83 405
83 280
83 412
83 286
83 420
83 423
83 168
83 298
83 300
83 192
83 450
83 83
83 95
83 469
83 507
83 348
83 249
83 344
84 257
84 138
84 416
84 324
84 198
84 587
84 591
84 342
84 227
84 391
84 494
84 521
84 397
84 459
84 421
84 308
84 511
84 592
85 396
85 402
85 410
85 440
85 455
85 462
85 212
85 484
85 475
85 441
85 398
85 188
85 151
85 568
85 599
85 242
85 350
85 123
85 354
86 184
86 289
86 162
86 163
86 551
86 429
86 563
86 314
86 442
86 335
86 370
86 204
86 372
86 86
86 219
86 122
86 224
86 346
86 356
87 289
87 162
87 163
87 549
87 551
87 429
87 302
87 563
87 314
87 442
87 578
87 456
87 204
87 335
87 346
87 250
87 356
87 585
87 364
87 372
88 514
88 258
88 316
88 448
88 596
88 247
88 232
88 98
88 88
88 362
88 504
88 91
88 351
88 155
88 132
89 389
89 394
89 266
89 152
89 418
89 435
89 185
89 317
89 471
89 515
89 468
89 89
89 495
89 201
89 415
89 470
89 483
89 358
89 463
90 409
90 316
90 133
90 290
90 294
90 172
90 173
90 438
90 327
90 176
90 480
90 366
90 119
90 385
90 181
90 425
90 364
90 544
91 118
91 250
91 574
91 514
91 258
91 388
91 531
91 299
91 316
91 481
91 98
91 362
91 351
91 470
91 596
91 91
91 136
91 247
91 504
91 123
92 265
92 170
92 171
92 175
92 560
92 567
92 446
92 190
92 458
92 332
92 390
92 529
92 92
92 330
92 420
92 200
92 223
92 381
93 259
93 264
93 139
93 271
93 399
93 143
93 147
93 539
93 543
93 293
93 432
93 444
93 328
93 588
93 581
93 237
93 93
93 350
93 505
93 383
93 373
93 499
94 129
94 189
94 199
94 466
94 340
94 116
94 94
94 590
94 193
94 583
94 544
94 109
94 339
94 540
94 275
95 489
95 384
95 405
95 158
95 286
95 420
95 168
95 298
95 450
95 331
95 300
95 246
95 248
95 469
95 412
95 192
95 186
95 577
95 550
95 521
96 516
96 518
96 413
96 297
96 430
96 180
96 572
96 197
96 464
96 220
96 387
96 433
96 252
96 96
96 512
96 353
96 453
97 525
97 284
97 585
97 343
97 600
97 216
97 238
97 97
97 251
97 322
97 148
97 128
97 489
97 376
97 175
98 178
98 388
98 531
98 165
98 448
98 470
98 376
98 481
98 299
98 258
98 247
98 514
98 596
98 232
98 572
98 362
98 504
98 173
99 130
99 260
99 548
99 169
99 559
99 307
99 439
99 205
99 595
99 502
99 229
99 584
99 485
99 377
99 285
99 253
100 532
100 537
100 329
100 218
100 382
100 564
100 230
100 106
100 239
100 359
100 235
100 142
100 500
100 100
100 247
100 582
100 102
100 491
100 255
100 211
101 516
101 518
101 540
101 413
101 430
101 433
101 180
101 310
101 443
101 572
101 197
101 464
101 387
101 101
101 365
101 391
101 272
101 541
101 169
102 142
102 403
102 532
102 564
102 472
102 218
102 230
102 359
102 382
102 102
102 329
102 239
102 537
102 566
102 544
102 491
103 396
103 398
103 402
103 542
103 441
103 462
103 350
103 354
103 410
103 484
103 475
103 151
103 568
103 212
103 103
103 166
103 216
103 389
103 342
103 193
103 337
104 350
104 179
104 544
104 406
104 548
104 559
104 307
104 569
104 584
104 205
104 130
104 595
104 104
104 377
104 383
104 246
105 128
105 261
105 279
105 291
105 555
105 579
105 203
105 460
105 463
105 597
105 105
105 124
105 213
105 492
105 432
105 572
105 113
106 152
106 573
106 142
106 532
106 564
106 445
106 230
106 239
106 359
106 382
106 329
106 500
106 226
106 514
107 223
107 269
107 358
107 386
107 262
107 522
107 268
107 528
107 414
107 417
107 336
107 338
107 228
107 149
107 233
107 144
107 194
107 192
108 257
108 421
108 308
108 198
108 587
108 459
108 591
108 227
108 363
108 552
108 397
108 256
108 391
108 121
108 108
108 473
108 176
108 189
109 370
109 129
109 544
109 193
109 583
109 199
109 466
109 340
109 337
109 339
109 116
109 506
109 182
109 423
110 237
110 517
110 519
110 277
110 535
110 538
110 566
110 182
110 573
110 341
110 493
110 234
110 137
110 501
110 427
110 157
110 359
110 256
110 230
111 484
111 153
111 160
111 546
111 164
111 424
111 558
111 447
111 325
111 582
111 562
111 570
111 476
111 499
111 434
111 451
111 541
111 488
111 245
112 274
112 226
112 392
112 524
112 527
112 536
112 283
112 422
112 554
112 187
112 195
112 196
112 309
112 520
112 240
112 384
113 150
113 279
113 411
113 155
113 547
113 291
113 555
113 561
113 460
113 463
113 597
113 213
113 492
113 154
113 586
113 267
114 259
114 264
114 139
114 271
114 143
114 539
114 293
114 432
114 581
114 543
114 444
114 114
114 147
114 237
114 243
114 126
114 220
114 383
114 595
115 385
115 401
115 290
115 173
115 176
115 438
115 327
115 480
115 381
115 133
115 344
115 366
115 119
115 236
116 186
116 312
116 189
116 193
116 199
116 337
116 339
116 506
116 497
116 378
116 590
116 466
116 329
117 289
117 408
117 409
117 159
117 545
117 292
117 178
117 436
117 210
117 345
117 473
117 479
117 240
117 117
117 580
117 355
117 414
117 535
117 553
118 263
118 269
118 270
118 273
118 274
118 145
118 407
118 419
118 296
118 437
118 208
118 320
118 287
118 511
118 135
118 482
118 295
118 591
118 485
119 369
119 385
119 133
119 290
119 294
119 172
119 173
119 327
119 594
119 176
119 381
119 438
119 193
119 354
120 515
120 389
120 266
120 267
120 152
120 418
120 435
120 184
120 185
120 571
120 317
120 201
120 471
120 483
120 394
120 468
121 269
121 140
121 197
121 257
121 138
121 397
121 521
121 416
121 552
121 198
121 587
121 349
121 494
121 121
121 453
121 131
121 476
122 224
122 408
122 545
122 292
122 550
122 167
122 311
122 318
122 452
122 580
122 345
122 473
122 347
122 240
122 306
122 479
122 205
122 317
122 517
122 377
123 264
123 514
123 258
123 531
123 165
123 299
123 316
123 448
123 470
123 362
123 247
123 232
123 376
124 135
124 303
124 261
124 279
124 154
124 411
124 155
124 547
124 555
124 561
124 597
124 492
124 463
124 579
124 150
124 124
124 276
125 132
125 136
125 281
125 556
125 575
125 449
125 194
125 200
125 592
125 474
125 379
125 375
125 125
125 503
125 541
125 265
125 126
126 136
126 556
126 181
126 194
126 592
126 221
126 503
126 379
126 126
126 200
126 449
126 281
126 209
126 375
126 508
126 343
127 264
127 400
127 557
127 303
127 304
127 574
127 323
127 461
127 334
127 206
127 214
127 352
127 226
127 368
127 253
127 280
127 313
127 558
127 451
128 526
128 207
128 343
128 238
128 525
128 216
128 148
128 380
128 454
128 278
128 395
128 585
128 361
129 319
129 427
129 312
129 378
129 544
129 337
129 506
129 217
129 340
129 497
129 484
129 193
129 583
129 199
129 590
129 466
129 339
130 341
130 229
130 453
130 548
130 260
130 406
130 191
130 595
130 205
130 169
130 559
130 502
130 439
130 584
130 234
130 479
130 307
131 246
131 168
131 405
131 280
131 469
131 248
131 249
131 254
131 192
131 186
131 412
131 348
131 331
131 450
131 300
131 298
131 515
131 333
131 158
131 286
131 420
131 423
131 202
131 401
132 278
132 575
132 281
132 375
132 379
132 209
132 449
132 592
132 132
132 598
132 474
132 503
132 181
132 535
132 321
132 136
132 556
132 183
132 200
132 221
133 410
133 417
133 452
133 594
133 176
133 173
133 366
133 480
133 381
133 294
133 364
133 438
133 367
133 284
133 329
133 401
133 172
133 230
134 513
134 425
134 321
134 140
134 369
134 498
134 146
134 275
134 530
134 374
134 157
134 134
134 534
134 315
134 272
134 415
134 214
134 141
134 288
134 586
134 304
134 503
135 263
135 577
135 511
135 295
135 135
135 287
135 270
135 296
135 407
135 419
135 274
135 273
135 482
135 360
135 426
135 177
135 437
135 151
135 269
135 145
135 320
136 483
136 600
136 376
136 181
136 503
136 575
136 598
136 221
136 556
136 355
136 136
136 215
136 281
136 194
136 200
136 592
136 209
137 568
137 139
137 178
137 517
137 137
137 507
137 538
137 427
137 234
137 519
137 535
137 371
137 404
137 326
137 182
137 225
137 289
137 200
137 156
137 493
137 241
138 526
138 514
138 257
138 391
138 256
138 459
138 521
138 587
138 421
138 227
138 349
138 397
138 308
138 591
138 138
138 255
138 552
138 342
139 259
139 264
139 444
139 293
139 543
139 399
139 243
139 432
139 581
139 271
139 147
139 588
139 361
139 589
139 328
139 149
139 143
139 237
139 505
139 383
139 416
140 513
140 141
140 425
140 275
140 157
140 288
140 369
140 586
140 315
140 374
140 498
140 488
140 415
140 321
140 545
140 530
140 276
140 534
140 228
140 433
140 309
141 513
141 425
141 141
141 374
141 315
141 534
141 272
141 146
141 157
141 276
141 275
141 530
141 586
141 512
141 209
141 288
141 402
141 193
142 218
142 500
142 564
142 142
142 239
142 537
142 472
142 382
142 230
142 359
142 329
142 474
142 522
142 403
142 532
142 445
142 235
143 259
143 271
143 432
143 399
143 237
143 588
143 539
143 361
143 505
143 383
143 328
143 581
143 143
143 364
143 360
143 543
143 444
144 386
144 522
144 528
144 149
144 228
144 486
144 305
144 490
144 231
144 268
144 336
144 233
144 414
144 144
144 319
144 363
144 437
144 417
144 222
144 379
145 407
145 145
145 270
145 287
145 426
145 419
145 295
145 224
145 482
145 269
145 320
145 263
145 360
145 562
145 296
145 577
145 208
145 276
145 241
146 272
146 275
146 321
146 276
146 146
146 530
146 315
146 513
146 488
146 369
146 554
146 415
146 374
146 396
146 228
147 295
147 271
147 399
147 589
147 432
147 293
147 543
147 259
147 383
147 328
147 539
147 147
147 588
147 215
147 466
147 237
147 505
147 413
148 395
148 526
148 343
148 454
148 525
148 489
148 251
148 216
148 380
148 322
148 600
148 284
148 207
148 590
148 323
148 585
148 384
149 284
149 262
149 522
149 268
149 528
149 233
149 149
149 486
149 386
149 417
149 231
149 490
149 285
149 305
149 447
149 165
149 319
149 336
149 338
149 222
149 508
150 418
150 203
150 555
150 547
150 561
150 411
150 279
150 213
150 460
150 597
150 478
150 154
150 261
150 579
150 155
150 498
150 500
150 553
150 463
151 398
151 151
151 484
151 455
151 354
151 475
151 357
151 568
151 440
151 462
151 402
151 510
151 166
151 410
151 396
151 589
151 542
151 212
151 599
151 242
151 454
151 476
152 515
152 389
152 394
152 266
152 267
152 201
152 471
152 185
152 418
152 483
152 317
152 435
152 282
152 571
152 208
152 184
152 468
152 495
152 404
152 232
152 160
153 551
153 400
153 246
153 562
153 424
153 434
153 325
153 451
153 476
153 570
153 160
153 582
153 161
153 215
153 245
153 420
153 573
153 546
153 164
153 558
153 499
153 472
154 261
154 492
154 213
154 460
154 155
154 478
154 561
154 203
154 463
154 555
154 154
154 291
154 181
154 399
154 411
154 547
154 553
154 579
154 597
155 163
155 261
155 279
155 155
155 553
155 203
155 460
155 597
155 561
155 411
155 579
155 478
155 396
155 471
155 291
155 555
155 492
155 161
155 598
156 517
156 519
156 404
156 535
156 538
156 566
156 371
156 501
156 234
156 493
156 326
156 427
156 507
156 182
156 341
156 407
156 163
156 431
156 573
156 255
156 554
157 332
157 513
157 272
157 275
157 276
157 534
157 157
157 415
157 321
157 315
157 488
157 369
157 397
157 576
158 267
158 311
158 405
158 280
158 412
158 186
158 420
158 246
158 423
158 348
158 469
158 300
158 248
158 254
158 354
158 272
158 249
159 335
159 347
159 345
159 306
159 408
159 452
159 409
159 159
159 210
159 473
159 311
159 178
159 479
159 367
159 375
159 292
159 550
159 167
159 436
159 318
159 494
160 243
160 523
160 541
160 164
160 215
160 174
160 499
160 424
160 558
160 160
160 570
160 476
160 451
160 316
160 434
160 447
160 582
160 500
161 397
161 523
161 541
161 476
161 215
161 161
161 245
161 570
161 174
161 546
161 582
161 451
161 424
161 434
161 414
161 558
161 562
161 447
161 499
161 181
162 395
162 578
162 346
162 442
162 335
162 429
162 163
162 250
162 549
162 373
162 314
162 204
162 370
162 551
162 219
162 165
162 584
162 563
162 456
163 289
163 370
163 429
163 373
163 372
163 219
163 335
163 204
163 442
163 551
163 563
163 356
163 549
163 185
163 302
163 578
163 456
163 346
164 600
164 523
164 541
164 546
164 424
164 582
164 562
164 245
164 434
164 499
164 174
164 570
164 242
164 294
164 558
164 451
165 204
165 514
165 258
165 388
165 531
165 247
165 376
165 232
165 470
165 351
165 165
165 315
165 299
165 481
165 362
165 504
166 396
166 398
166 410
166 542
166 441
166 455
166 475
166 357
166 354
166 242
166 484
166 568
166 212
166 402
166 350
166 462
166 385
166 225
166 188
166 599
166 510
167 408
167 409
167 545
167 292
167 550
167 347
167 167
167 311
167 436
167 473
167 580
167 318
167 178
167 315
167 306
167 345
167 479
167 240
167 406
168 280
168 286
168 412
168 420
168 469
168 423
168 450
168 331
168 405
168 192
168 246
168 186
168 348
168 168
168 410
168 300
168 249
168 555
169 368
169 406
169 569
169 260
169 584
169 453
169 307
169 502
169 439
169 169
169 523
169 559
169 205
169 595
169 485
169 229
170 265
170 529
170 170
170 565
170 223
170 567
170 390
170 487
170 465
170 313
170 190
170 446
170 458
170 467
170 461
170 406
170 175
170 560
170 496
171 390
171 265
171 529
171 332
171 171
171 223
171 565
171 330
171 560
171 567
171 467
171 175
171 458
171 286
171 348
171 446
171 190
171 487
171 496
171 243
171 559
172 251
172 385
172 401
172 290
172 294
172 176
172 364
172 381
172 327
172 172
172 344
172 593
172 438
172 366
173 327
173 366
173 344
173 176
173 381
173 401
173 294
173 290
173 173
173 438
173 594
173 367
174 523
174 541
174 546
174 424
174 174
174 558
174 215
174 499
174 570
174 562
174 476
174 434
174 443
174 398
174 447
174 245
175 390
175 529
175 265
175 565
175 313
175 190
175 567
175 458
175 446
175 330
175 560
175 485
175 419
175 465
175 467
175 223
175 317
175 448
176 481
176 290
176 327
176 364
176 344
176 594
176 385
176 381
176 480
176 438
176 530
176 367
177 263
177 269
177 407
177 295
177 296
177 426
177 419
177 511
177 577
177 273
177 360
177 287
177 482
177 437
177 270
177 177
177 234
177 224
177 442
177 195
178 408
178 550
178 347
178 292
178 210
178 318
178 345
178 545
178 580
178 240
178 479
178 409
178 436
178 473
179 251
179 393
179 533
179 557
179 304
179 214
179 509
179 334
179 323
179 253
179 206
179 226
179 236
179 574
179 477
179 179
179 553
179 337
180 455
180 387
180 516
180 518
180 430
180 433
180 443
180 413
180 252
180 180
180 464
180 540
180 593
180 512
180 480
180 310
180 220
180 353
181 232
181 281
181 449
181 474
181 379
181 181
181 355
181 592
181 375
181 556
181 221
181 332
181 183
181 575
181 200
181 598
181 211
182 517
182 519
182 277
182 535
182 538
182 431
182 493
182 507
182 427
182 234
182 566
182 404
182 371
182 401
182 241
182 355
183 513
183 486
183 213
183 281
183 556
183 209
183 503
183 200
183 575
183 474
183 355
183 598
183 183
183 423
183 449
183 194
183 592
183 379
184 389
184 394
184 266
184 267
184 282
184 418
184 435
184 495
184 471
184 317
184 515
184 185
184 201
184 358
184 527
184 468
184 244
184 505
184 421
185 515
185 389
185 266
185 418
185 468
185 471
185 358
185 267
185 571
185 483
185 317
185 495
185 289
186 437
186 405
186 420
186 423
186 412
186 192
186 249
186 450
186 254
186 331
186 280
186 246
186 469
186 300
186 519
186 202
186 348
186 326
187 241
187 536
187 428
187 301
187 309
187 554
187 195
187 524
187 392
187 211
187 527
187 338
187 272
187 576
187 196
188 396
188 398
188 410
188 440
188 568
188 510
188 212
188 599
188 484
188 350
188 402
188 462
188 475
188 242
188 542
188 455
188 553
188 527
188 279
188 583
189 215
189 312
189 199
189 497
189 590
189 337
189 189
189 378
189 583
189 340
189 339
189 536
189 466
189 506
190 390
190 265
190 529
190 560
190 565
190 446
190 496
190 330
190 313
190 458
190 467
190 524
190 331
190 282
190 329
191 488
191 514
191 260
191 406
191 559
191 307
191 439
191 191
191 205
191 229
191 502
191 377
191 507
191 505
191 453
191 595
192 405
192 286
192 420
192 423
192 298
192 331
192 348
192 249
192 300
192 246
192 248
192 254
192 469
192 441
192 450
192 202
192 491
193 538
193 353
193 544
193 312
193 378
193 497
193 583
193 340
193 506
193 466
193 339
193 217
194 556
194 575
194 503
194 449
194 194
194 200
194 598
194 355
194 221
194 474
194 506
194 213
194 592
194 209
194 524
195 520
195 392
195 527
195 536
195 283
195 422
195 428
195 301
195 309
195 576
195 327
195 196
195 333
195 548
196 392
196 283
196 554
196 333
196 309
196 428
196 536
196 576
196 422
196 527
196 345
196 225
196 211
197 265
197 216
197 516
197 518
197 297
197 572
197 252
197 464
197 220
197 310
197 540
197 387
197 433
197 333
197 353
198 257
198 391
198 521
198 416
198 421
198 308
198 324
198 342
198 227
198 349
198 591
198 552
198 459
198 420
198 323
198 587
198 494
199 344
199 544
199 583
199 378
199 506
199 217
199 590
199 312
199 405
199 466
199 497
200 221
200 556
200 375
200 592
200 355
200 503
200 352
200 474
200 379
201 515
201 394
201 267
201 282
201 418
201 571
201 317
201 483
201 201
201 471
201 244
201 328
201 526
201 358
201 495
201 578
202 528
202 405
202 412
202 286
202 300
202 423
202 246
202 331
202 298
202 254
202 420
202 248
202 202
202 295
202 583
203 279
203 411
203 553
203 463
203 460
203 561
203 492
203 597
203 291
203 547
203 213
203 407
203 393
204 289
204 549
204 551
204 302
204 563
204 314
204 456
204 373
204 578
204 356
204 370
204 429
204 335
204 219
204 250
204 540
205 260
205 406
205 548
205 569
205 453
205 485
205 584
205 377
205 205
205 491
206 338
206 393
206 400
206 303
206 304
206 574
206 323
206 461
206 334
206 226
206 509
206 253
206 457
206 214
206 408
206 485
206 477
206 352
206 368
207 395
207 525
207 526
207 278
207 284
207 322
207 454
207 380
207 343
207 600
207 251
207 207
207 557
207 451
207 489
207 238
207 384
207 399
207 285
208 529
208 263
208 273
208 274
208 287
208 419
208 296
208 426
208 407
208 320
208 269
208 360
208 511
208 224
208 539
208 536
209 387
209 281
209 592
209 375
209 503
209 209
209 379
209 575
209 221
209 323
209 551
209 474
210 273
210 408
210 409
210 550
210 306
210 311
210 318
210 452
210 580
210 479
210 292
210 545
210 453
210 514
210 473
210 240
211 258
211 520
211 524
211 536
211 554
211 301
211 309
211 576
211 211
211 333
212 396
212 398
212 402
212 440
212 357
212 212
212 542
212 462
212 441
212 475
212 455
212 354
212 510
212 525
212 413
212 599
212 484
212 438
212 460
213 288
213 261
213 279
213 411
213 547
213 291
213 553
213 579
213 460
213 463
213 492
213 213
213 535
213 478
214 285
214 393
214 400
214 533
214 303
214 304
214 323
214 457
214 334
214 477
214 352
214 452
214 306
214 236
214 509
214 531
215 299
215 291
215 523
215 546
215 558
215 434
215 451
215 562
215 582
215 424
215 581
216 282
216 525
216 526
216 278
216 322
216 600
216 343
216 238
216 380
216 454
216 489
216 384
216 323
216 492
217 583
217 590
217 339
217 217
217 378
217 497
217 544
217 506
217 337
217 522
217 454
218 334
218 478
218 310
218 537
218 564
218 472
218 403
218 445
218 500
218 235
218 585
218 556
218 230
218 359
218 491
218 382
219 549
219 429
219 563
219 456
219 335
219 302
219 314
219 219
219 356
219 250
219 346
219 279
219 370
219 294
219 327
219 339
220 343
220 258
220 518
220 540
220 413
220 297
220 430
220 433
220 443
220 593
220 464
220 572
220 253
220 246
220 353
220 491
221 320
221 512
221 281
221 556
221 598
221 221
221 375
221 323
221 355
222 386
222 522
222 268
222 528
222 285
222 305
222 319
222 336
222 338
222 414
222 486
222 231
222 508
222 297
222 490
223 390
223 265
223 458
223 465
223 467
223 446
223 332
223 567
223 487
223 565
223 370
224 270
224 273
224 274
224 287
224 296
224 482
224 511
224 269
224 263
224 295
224 224
224 577
224 320
224 428
224 360
224 498
224 325
224 520
225 517
225 519
225 277
225 538
225 427
225 431
225 566
225 573
225 341
225 493
225 507
225 404
225 535
225 371
225 234
225 410
225 241
226 560
226 479
226 393
226 533
226 557
226 303
226 304
226 457
226 334
226 352
226 400
226 574
226 509
226 378
226 368
227 397
227 416
227 552
227 349
227 256
227 308
227 591
227 459
227 257
227 587
227 494
227 421
227 377
227 357
227 363
228 505
228 373
228 386
228 262
228 417
228 305
228 338
228 528
228 486
228 522
228 336
228 285
228 508
228 490
228 493
229 248
229 260
229 548
229 307
229 453
229 584
229 485
229 406
229 502
229 377
229 512
229 306
230 557
230 403
230 445
230 537
230 491
230 359
230 532
230 382
230 230
230 235
230 255
231 386
231 262
231 522
231 268
231 528
231 414
231 417
231 305
231 486
231 233
231 319
231 336
231 378
231 429
231 490
231 508
232 330
232 514
232 531
232 299
232 316
232 596
232 470
232 376
232 232
232 351
233 386
233 262
233 522
233 268
233 528
233 285
233 417
233 305
233 319
233 338
233 486
233 336
233 567
233 324
233 490
233 508
233 592
234 458
234 519
234 535
234 427
234 404
234 341
234 538
234 326
234 431
234 493
234 371
234 329
234 483
235 565
235 532
235 445
235 329
235 472
235 491
235 255
235 382
235 564
235 500
235 410
235 555
235 239
236 306
236 393
236 400
236 557
236 323
236 457
236 461
236 334
236 352
236 533
236 303
236 368
236 574
236 477
236 570
237 259
237 264
237 399
237 444
237 581
237 237
237 328
237 243
237 271
237 383
237 589
237 505
237 563
237 431
237 281
238 395
238 278
238 284
238 322
238 585
238 343
238 454
238 251
238 600
238 441
238 384
239 532
239 329
239 359
239 491
239 500
239 239
239 445
239 382
239 537
239 403
239 527
239 327
240 409
240 292
240 306
240 452
240 580
240 345
240 479
240 311
240 347
240 408
240 588
241 519
241 277
241 535
241 538
241 566
241 326
241 507
241 517
241 427
241 431
241 501
241 341
241 371
242 398
242 402
242 440
242 568
242 441
242 462
242 599
242 354
242 357
242 455
242 484
242 410
242 475
242 313
242 510
242 555
242 540
243 399
243 543
243 293
243 328
243 361
243 539
243 444
243 259
243 589
243 432
243 383
243 264
243 505
243 420
244 515
244 389
244 394
244 266
244 267
244 282
244 418
244 435
244 317
244 358
244 495
244 468
244 471
244 571
244 454
244 458
244 331
245 467
245 523
245 541
245 546
245 434
245 447
245 325
245 582
245 570
245 424
245 340
245 559
246 394
246 383
246 405
246 280
246 412
246 420
246 298
246 331
246 469
246 286
246 300
246 248
246 249
247 258
247 316
247 448
247 470
247 299
247 247
247 531
247 514
247 504
248 280
248 412
248 420
248 423
248 300
248 450
248 331
248 405
248 298
248 254
248 348
248 440
248 249
249 405
249 412
249 420
249 298
249 450
249 348
249 254
249 423
249 280
249 422
249 346
249 535
250 289
250 549
250 429
250 563
250 442
250 456
250 335
250 346
250 314
250 370
250 372
250 551
251 525
251 526
251 278
251 322
251 585
251 380
251 489
251 251
251 343
251 454
251 384
252 516
252 518
252 540
252 413
252 430
252 433
252 443
252 572
252 593
252 387
252 464
252 297
252 310
252 512
252 557
252 507
252 439
253 419
253 393
253 533
253 303
253 457
253 477
253 400
253 352
253 253
253 557
253 323
253 273
253 416
253 552
253 308
254 418
254 280
254 412
254 286
254 420
254 298
254 300
254 331
254 469
254 405
254 338
254 569
254 537
255 403
255 532
255 472
255 359
255 491
255 329
255 500
255 445
255 564
255 537
255 534
256 371
256 397
256 521
256 416
256 421
256 324
256 591
256 349
256 308
256 459
256 587
256 256
256 552
257 363
257 421
257 416
257 397
257 342
257 494
257 591
257 521
257 324
257 552
257 308
257 349
257 359
257 446
257 391
258 425
258 514
258 258
258 376
258 504
258 316
258 481
258 299
258 388
258 448
258 470
258 527
259 505
259 444
259 264
259 293
259 588
259 328
259 543
259 589
259 383
259 581
259 432
259 539
259 448
259 451
259 271
259 361
260 569
260 584
260 260
260 406
260 595
260 307
260 559
260 548
260 485
260 502
261 531
261 579
261 553
261 463
261 547
261 597
261 478
261 561
261 291
261 411
261 277
261 467
261 279
262 386
262 305
262 528
262 268
262 338
262 414
262 262
262 508
262 486
262 285
262 499
262 287
262 522
262 417
262 319
262 336
262 564
263 511
263 296
263 269
263 320
263 360
263 437
263 426
263 263
263 482
263 274
263 295
263 287
263 281
263 270
263 273
263 407
263 419
263 577
264 320
264 444
264 589
264 264
264 293
264 399
264 271
264 432
264 328
264 588
264 539
264 581
264 361
264 314
264 461
265 390
265 265
265 465
265 529
265 496
265 560
265 458
265 330
265 313
265 350
265 332
265 487
265 586
266 515
266 267
266 394
266 471
266 358
266 468
266 389
266 435
266 317
266 571
266 282
266 478
266 275
266 418
266 420
267 515
267 495
267 571
267 394
267 358
267 468
267 418
267 267
267 556
267 282
267 435
267 317
267 483
267 527
268 273
268 386
268 522
268 319
268 336
268 305
268 285
268 268
268 414
268 508
268 331
268 338
268 486
269 296
269 274
269 360
269 426
269 270
269 437
269 419
269 295
269 482
269 269
269 511
269 577
269 284
270 296
270 287
270 419
270 426
270 295
270 274
270 320
270 482
270 270
270 407
270 536
270 273
270 437
270 360
270 347
270 403
270 520
271 543
271 293
271 581
271 588
271 432
271 383
271 539
271 444
271 361
271 546
271 335
271 399
271 589
271 505
271 509
272 530
272 275
272 288
272 425
272 415
272 369
272 488
272 272
272 513
272 321
272 408
272 544
272 276
272 534
272 498
272 374
272 455
272 580
273 320
273 407
273 296
273 426
273 274
273 482
273 577
273 419
273 360
273 437
273 295
274 437
274 577
274 295
274 511
274 426
274 296
274 320
274 287
274 482
274 274
274 407
274 471
274 279
274 541
275 276
275 534
275 425
275 530
275 315
275 513
275 586
275 415
275 488
275 487
275 321
275 498
276 513
276 530
276 488
276 315
276 415
276 425
276 586
276 369
276 321
276 414
276 306
277 519
277 404
277 517
277 371
277 341
277 566
277 501
277 277
277 326
277 431
277 573
277 481
277 597
277 535
277 538
277 428
278 525
278 526
278 380
278 395
278 322
278 284
278 278
278 454
278 600
278 585
278 343
278 384
279 510
279 463
279 597
279 579
279 492
279 411
279 555
279 291
279 553
279 561
280 343
280 405
280 286
280 469
280 423
280 298
280 300
280 348
280 331
280 415
280 449
281 598
281 503
281 575
281 474
281 592
281 556
281 375
281 355
281 422
281 502
282 515
282 389
282 394
282 282
282 317
282 468
282 418
282 471
282 435
282 483
282 358
282 588
283 435
283 473
283 391
283 520
283 392
283 524
283 576
283 309
283 404
283 422
283 333
284 395
284 600
284 585
284 380
284 454
284 489
284 526
284 384
284 525
284 343
284 356
284 359
285 565
285 522
285 528
285 319
285 417
285 486
285 490
285 338
285 386
285 305
285 414
285 405
285 427
286 550
286 436
286 405
286 412
286 331
286 450
286 300
286 298
286 351
286 344
286 423
286 469
286 348
287 407
287 320
287 295
287 296
287 511
287 426
287 419
287 360
287 482
287 525
287 315
287 577
287 298
288 530
288 534
288 586
288 288
288 369
288 498
288 513
288 321
288 488
288 526
288 315
288 374
288 417
289 356
289 302
289 335
289 314
289 429
289 578
289 373
289 372
289 442
289 549
289 360
289 563
289 340
290 528
290 385
290 401
290 364
290 438
290 480
290 290
290 327
290 344
290 367
290 412
290 594
290 366
291 468
291 398
291 460
291 561
291 555
291 547
291 463
291 291
291 411
291 400
291 474
292 487
292 408
292 409
292 306
292 479
292 550
292 436
292 347
292 318
292 311
292 473
292 299
292 459
292 452
293 399
293 539
293 543
293 293
293 432
293 328
293 588
293 505
293 562
293 444
294 538
294 385
294 367
294 594
294 381
294 401
294 344
294 294
294 521
294 480
294 497
294 378
295 419
295 295
295 407
295 577
295 296
295 360
295 599
295 426
295 437
295 320
296 407
296 419
296 577
296 511
296 571
296 523
296 437
296 320
296 475
297 387
297 516
297 413
297 593
297 297
297 518
297 540
297 572
297 433
297 464
297 310
297 594
297 331
297 430
297 353
298 405
298 420
298 423
298 348
298 450
298 331
298 298
298 469
298 421
299 429
299 352
299 514
299 470
299 362
299 596
299 481
299 504
299 531
299 557
299 316
299 448
300 405
300 412
300 420
300 348
300 331
300 423
300 300
300 533
300 554
300 450
300 469
301 511
301 570
301 520
301 524
301 527
301 554
301 576
301 309
301 513
301 327
302 322
302 549
302 429
302 372
302 314
302 551
302 356
302 373
302 346
302 335
302 563
302 370
302 578
302 452
302 434
303 530
303 393
303 400
303 533
303 557
303 574
303 304
303 457
303 509
303 334
303 477
303 368
303 479
303 461
303 352
304 508
304 400
304 533
304 557
304 334
304 352
304 477
304 457
304 368
304 393
304 574
304 323
304 461
305 386
305 522
305 528
305 414
305 417
305 319
305 373
305 344
305 336
305 508
306 409
306 550
306 347
306 306
306 580
306 408
306 452
306 479
306 345
306 311
306 406
307 456
307 359
307 406
307 559
307 584
307 569
307 390
307 554
307 439
307 453
307 595
307 502
308 550
308 391
308 397
308 416
308 552
308 459
308 421
308 587
308 324
308 349
308 591
308 363
308 578
308 342
308 494
309 362
309 532
309 520
309 392
309 524
309 554
309 422
309 527
309 333
309 513
310 332
310 396
310 542
310 387
310 516
310 540
310 413
310 572
310 443
310 518
310 512
310 310
310 480
310 464
310 593
310 365
310 556
311 415
311 408
311 545
311 436
311 452
311 311
311 345
311 347
311 318
311 552
311 479
312 560
312 340
312 497
312 378
312 339
312 583
312 544
312 506
312 590
312 492
312 337
312 466
313 390
313 529
313 560
313 565
313 465
313 458
313 332
313 487
313 567
313 330
313 496
313 467
313 457
313 389
313 412
314 549
314 551
314 563
314 373
314 429
314 372
314 356
314 314
314 346
314 442
314 456
314 370
315 513
315 530
315 534
315 415
315 425
315 321
315 369
315 417
315 488
315 498
315 374
316 514
316 531
316 351
316 504
316 448
316 481
316 596
316 362
317 515
317 389
317 394
317 468
317 571
317 418
317 553
317 358
317 526
317 508
317 532
318 409
318 550
318 318
318 452
318 345
318 580
318 545
318 515
318 341
319 386
319 522
319 414
319 490
319 508
319 336
319 417
319 537
320 437
320 577
320 482
320 426
320 511
320 320
320 595
321 513
321 530
321 534
321 415
321 425
321 498
321 541
321 488
321 369
321 374
322 395
322 525
322 343
322 380
322 454
322 600
322 585
322 489
322 463
323 400
323 533
323 557
323 574
323 509
323 393
323 368
323 477
323 352
323 323
323 457
323 433
323 353
323 554
324 400
324 391
324 397
324 521
324 416
324 421
324 552
324 494
324 459
324 324
324 447
324 591
324 342
325 523
325 546
325 424
325 558
325 562
325 570
325 541
325 447
325 476
325 582
325 325
326 390
326 517
326 519
326 404
326 535
326 538
326 427
326 566
326 507
326 341
326 501
326 326
326 583
327 438
327 401
327 594
327 344
327 364
327 327
327 480
327 366
328 399
328 432
328 581
328 589
328 543
328 588
328 328
328 539
328 547
328 361
329 492
329 403
329 445
329 329
329 537
329 564
329 491
329 472
329 500
330 390
330 529
330 560
330 565
330 567
330 446
330 487
330 458
330 467
330 496
330 584
330 332
330 469
330 474
331 405
331 423
331 507
332 529
332 560
332 565
332 567
332 446
332 458
332 332
332 467
332 465
332 496
332 487
332 599
333 495
333 520
333 392
333 524
333 527
333 428
333 576
333 422
333 333
333 455
333 547
334 557
334 574
334 533
334 352
334 461
334 393
334 334
334 382
335 549
335 551
335 429
335 442
335 578
335 335
335 346
335 338
335 370
335 372
335 373
336 441
336 386
336 522
336 528
336 414
336 417
336 486
336 408
336 338
336 490
336 508
336 388
336 558
337 346
337 544
337 590
337 340
337 337
337 339
337 497
337 506
337 466
338 549
338 522
338 386
338 486
338 414
338 373
339 421
339 544
339 583
339 466
339 339
339 590
339 340
339 439
340 516
340 466
340 590
340 544
340 497
341 517
341 519
341 404
341 566
341 573
341 538
341 371
341 507
341 427
341 341
341 375
341 501
341 392
342 522
342 463
342 391
342 397
342 521
342 421
342 459
342 349
342 342
342 591
342 363
342 494
343 395
343 525
343 526
343 454
343 489
343 384
343 506
344 568
344 438
344 594
344 381
344 364
344 480
344 401
344 366
345 408
345 409
345 545
345 550
345 473
345 580
345 376
345 347
346 429
346 442
346 578
346 456
346 372
346 346
346 549
346 374
346 373
346 597
347 409
347 545
347 550
347 436
347 473
347 479
347 580
347 467
347 501
348 412
348 423
348 469
348 450
348 405
348 424
348 534
348 597
349 391
349 521
349 416
349 421
349 397
349 363
349 591
349 459
349 494
350 398
350 542
350 441
350 462
350 599
350 475
350 350
350 484
350 402
350 357
350 455
350 358
350 510
351 442
351 514
351 388
351 531
351 448
351 596
351 362
351 504
351 351
351 376
352 400
352 533
352 461
352 477
352 352
352 457
352 455
352 371
352 443
353 540
353 430
353 433
353 443
353 593
353 353
353 464
353 516
353 572
353 365
354 396
354 402
354 542
354 441
354 455
354 510
354 568
354 398
354 475
354 484
354 599
354 394
355 556
355 449
355 598
355 474
355 528
356 551
356 429
356 563
356 442
356 578
356 456
356 356
356 549
356 370
356 372
356 373
357 396
357 398
357 402
357 410
357 542
357 440
357 568
357 441
357 455
357 462
357 475
357 484
357 510
357 537
357 453
358 515
358 571
358 468
358 471
358 495
358 394
358 389
358 482
358 451
359 376
359 459
359 532
359 564
359 445
359 403
359 500
359 491
359 382
360 407
360 419
360 426
360 437
360 360
360 472
360 511
361 407
361 399
361 432
361 588
361 589
361 581
361 444
361 543
361 539
361 562
361 537
362 514
362 388
362 531
362 596
362 481
362 448
362 463
363 496
363 414
363 521
363 421
363 552
363 587
363 459
363 397
363 416
363 591
363 514
364 372
364 401
364 438
364 366
364 367
364 381
364 429
365 566
365 387
365 518
365 430
365 433
365 443
365 572
365 464
365 593
365 516
365 540
365 413
365 508
365 374
366 468
366 385
366 480
366 366
366 381
366 399
366 531
366 367
367 385
367 438
367 594
367 480
367 367
367 448
367 478
367 506
368 409
368 393
368 400
368 533
368 557
368 574
368 457
368 461
368 509
368 370
368 546
369 513
369 488
369 498
369 530
369 415
369 534
369 374
369 551
370 429
370 563
370 442
370 578
370 456
370 549
370 551
370 372
370 480
371 517
371 404
371 535
371 538
371 431
371 566
371 573
371 493
371 519
371 547
372 549
372 551
372 429
372 563
372 442
372 578
372 373
372 540
372 579
373 549
373 551
373 429
373 442
373 578
373 456
374 534
374 425
374 586
374 498
374 513
374 437
374 401
375 522
375 556
375 575
375 449
375 592
375 474
375 503
375 399
375 593
376 388
376 531
376 596
376 470
376 481
376 504
376 448
377 452
377 533
377 439
377 584
377 569
377 559
377 406
377 502
378 544
378 590
378 466
378 583
379 556
379 449
379 592
379 503
379 379
379 575
379 598
380 515
380 395
380 454
380 600
380 380
380 489
380 529
380 388
381 385
381 401
381 438
382 403
382 532
382 537
382 564
382 445
382 491
383 399
383 539
383 543
383 444
383 589
383 505
383 588
383 534
384 395
384 525
384 526
384 585
384 454
384 586
384 393
385 480
385 401
385 385
385 594
385 389
386 508
386 528
386 417
386 386
386 597
386 522
386 414
387 519
387 512
387 387
387 516
387 413
387 433
387 464
387 572
387 430
387 540
387 518
387 532
387 443
387 593
388 398
388 514
388 504
388 531
388 448
388 470
388 520
388 596
389 515
389 468
389 394
389 418
389 389
389 571
389 471
389 449
389 496
389 435
389 483
389 495
390 465
390 567
390 487
390 390
390 446
390 496
390 458
390 416
390 529
390 560
390 402
390 593
391 391
391 421
391 521
391 397
391 459
391 591
391 416
391 461
391 587
391 494
392 520
392 576
392 527
392 422
392 392
392 554
392 536
392 419
393 461
393 393
393 574
393 509
393 533
393 477
393 557
393 459
393 501
394 515
394 468
394 471
394 483
394 394
394 571
394 596
394 418
394 495
395 525
395 395
395 454
395 600
395 562
395 585
395 490
396 435
396 398
396 410
396 568
396 396
396 475
396 462
396 441
396 510
396 402
396 440
396 404
396 493
397 525
397 579
397 416
397 587
397 552
397 494
397 521
397 591
397 459
397 445
398 455
398 599
398 440
398 410
398 484
398 475
398 402
398 568
398 542
398 441
398 510
399 444
399 432
399 399
399 589
399 581
399 539
399 543
399 505
399 449
400 457
400 400
400 461
400 509
400 477
400 557
400 574
400 533
401 465
401 438
401 401
401 594
402 455
402 441
402 440
402 542
402 410
402 402
402 568
402 484
402 572
403 594
403 532
403 491
403 564
403 403
403 445
403 535
403 472
403 500
404 517
404 507
404 519
404 535
404 501
404 538
404 427
404 404
404 431
404 573
404 493
404 424
405 450
405 412
405 469
405 487
405 423
406 419
406 569
406 453
406 502
406 595
406 485
406 584
406 439
407 407
407 437
407 511
407 419
407 482
407 485
407 426
407 577
408 473
408 408
408 580
408 436
408 545
408 479
408 562
408 517
408 452
409 581
409 563
409 545
409 550
409 479
409 580
409 436
409 409
409 452
409 473
410 510
410 410
410 599
410 542
410 462
410 475
410 441
410 568
410 480
410 455
410 484
411 561
411 460
411 553
411 555
411 411
411 492
411 579
411 465
411 547
411 463
411 478
412 412
412 420
412 423
412 469
412 570
413 516
413 518
413 593
413 413
413 433
413 443
413 572
413 570
414 528
414 414
414 486
414 568
414 490
414 508
415 467
415 513
415 534
415 415
415 498
415 425
415 530
415 586
416 521
416 421
416 587
416 494
416 459
417 522
417 528
417 508
418 515
418 495
418 468
418 571
418 435
418 471
419 482
419 426
419 511
419 591
420 581
420 423
420 450
421 571
421 585
421 494
421 552
421 587
422 520
422 524
422 527
422 576
422 536
422 422
422 554
423 450
423 423
423 475
423 469
423 562
424 487
424 591
424 523
424 546
424 476
424 570
424 562
424 447
424 434
425 513
425 530
425 534
425 498
425 488
425 425
426 437
426 482
426 577
426 511
426 561
426 509
427 517
427 519
427 535
427 427
427 501
427 566
427 493
427 507
427 573
427 431
428 483
428 464
428 520
428 536
428 554
428 524
428 428
428 576
428 438
429 549
429 551
429 442
429 456
430 516
430 518
430 540
430 433
430 464
430 572
430 443
430 430
430 593
430 512
431 517
431 519
431 535
431 538
431 573
431 507
431 493
431 431
431 528
431 501
432 543
432 444
432 589
432 539
432 588
432 597
432 506
432 581
432 505
433 516
433 540
433 464
433 512
433 443
433 518
434 498
434 523
434 541
434 476
434 582
434 562
434 451
434 546
434 434
434 514
435 530
435 515
435 571
435 471
435 495
435 468
435 483
436 545
436 550
436 452
436 436
436 580
436 473
436 536
437 511
437 577
437 482
438 441
438 480
438 482
438 594
439 439
439 569
439 595
439 485
439 502
439 559
439 453
439 584
440 542
440 484
440 455
440 440
440 441
440 599
440 475
440 527
440 462
440 510
441 568
441 462
441 441
441 542
441 475
441 455
441 484
441 457
441 593
442 549
442 578
442 456
442 551
443 518
443 540
443 512
443 516
443 490
443 447
444 539
444 505
444 444
444 589
444 543
444 587
444 581
444 588
445 574
445 594
445 532
445 537
445 564
445 472
445 491
445 500
446 529
446 565
446 560
446 446
446 465
446 526
446 549
446 458
446 496
447 462
447 523
447 546
447 541
447 447
447 582
447 562
447 516
447 451
447 499
448 514
448 531
448 448
448 481
448 585
448 596
448 504
449 474
449 449
449 598
449 556
450 511
450 469
450 450
450 585
451 462
451 459
451 523
451 541
451 570
451 546
451 558
451 582
451 476
451 584
452 545
452 550
452 452
452 580
452 479
453 510
453 548
453 559
453 569
453 584
453 502
454 526
454 489
454 525
454 585
454 600
455 542
455 568
455 455
455 475
455 599
455 462
455 510
456 549
456 551
456 563
456 578
456 456
457 533
457 477
457 457
457 574
457 590
457 461
458 529
458 560
458 567
458 467
458 487
458 508
458 465
458 496
459 521
459 552
459 587
459 591
460 547
460 478
460 555
460 460
460 492
461 533
461 574
461 477
461 461
461 509
461 592
461 504
461 502
462 542
462 568
462 599
462 510
462 475
463 547
463 553
463 478
463 561
463 597
464 516
464 518
464 540
464 512
464 464
464 542
465 529
465 567
465 465
465 487
465 578
466 544
466 590
466 583
466 497
467 529
467 565
467 567
467 467
467 560
467 487
468 571
468 483
468 495
468 468
468 545
469 548
470 514
470 470
470 531
470 577
471 515
471 571
471 483
471 495
472 499
472 532
472 537
472 564
472 500
473 550
473 473
473 479
474 575
474 503
474 598
475 542
475 484
475 475
475 510
476 546
476 558
476 582
476 476
476 570
476 499
477 533
477 557
477 574
477 509
477 578
477 595
478 547
478 553
478 561
478 555
478 478
478 551
478 492
479 550
479 580
479 575
480 480
480 563
481 514
481 596
481 504
481 531
482 577
482 511
482 579
482 539
483 567
483 571
483 515
483 495
484 542
484 568
484 599
484 510
485 545
485 548
485 559
485 569
485 502
485 508
486 528
486 486
486 490
486 508
486 546
487 529
487 560
487 565
487 567
487 496
487 599
488 513
488 530
488 586
488 534
488 556
489 577
489 525
489 526
489 600
489 585
490 522
490 528
490 490
490 562
490 508
491 537
491 564
491 500
492 547
492 553
492 561
492 597
492 492
493 538
493 566
493 519
493 507
493 493
494 521
494 552
494 587
494 591
494 497
495 515
495 571
495 587
496 529
496 565
496 560
496 567
496 569
496 524
497 544
497 590
497 506
497 583
498 534
498 586
498 530
498 582
499 541
499 499
499 523
499 558
499 562
499 546
500 532
500 564
501 519
501 538
501 566
501 573
501 507
501 535
501 517
502 548
502 559
502 569
502 584
503 556
503 575
503 598
503 539
504 514
504 531
504 596
505 539
505 581
505 588
505 505
506 549
506 590
507 539
507 517
507 519
507 566
507 573
507 561
509 533
509 509
509 557
510 542
510 539
512 516
512 540
512 593
512 512
513 513
513 586
513 530
514 596
515 571
515 564
516 516
516 518
516 571
517 538
517 573
517 519
517 566
517 535
518 593
518 518
518 566
518 572
519 573
519 519
519 535
519 538
519 566
520 524
520 576
520 536
521 521
521 552
521 587
521 591
522 528
523 582
523 558
523 570
523 541
523 523
523 538
523 562
524 527
524 524
524 536
524 554
524 576
525 534
525 526
525 527
525 600
526 585
526 587
527 527
527 576
527 536
529 565
529 560
529 567
530 530
530 586
530 534
530 575
530 590
531 531
531 596
532 532
532 537
533 533
533 557
533 574
534 534
534 586
534 566
534 556
535 573
535 538
535 566
536 554
536 576
536 539
537 564
537 537
537 557
538 589
538 566
539 589
539 539
539 543
539 581
540 572
540 540
540 593
541 546
541 562
541 541
541 582
541 570
541 558
542 568
542 599
542 580
542 590
543 589
543 581
543 543
543 588
543 575
543 570
544 546
544 590
544 583
545 588
545 545
545 580
546 546
546 570
546 582
547 547
547 579
547 553
547 555
547 561
548 559
548 548
548 595
549 578
550 550
550 580
551 578
551 551
551 563
552 552
552 591
553 579
553 555
553 597
553 561
554 576
555 580
555 555
555 597
555 561
555 579
556 598
556 592
557 557
557 586
557 574
558 558
558 570
558 562
558 582
559 559
559 595
560 567
560 565
560 562
561 561
561 583
562 589
562 570
562 582
563 563
564 564
565 565
566 573
567 567
568 568
568 599
569 595
569 569
569 571
569 584
572 572
572 592
572 593
573 573
573 586
574 574
575 575
575 598
576 595
577 577
577 579
579 597
579 579
580 580
581 588
581 581
581 589
582 582
583 583
585 600
585 585
585 596
586 586
587 591
588 588
592 598
593 593
595 595
596 596
598 598
599 599
