600 5319
1 518
1 387
1 184
1 62
1 345
1 596
1 264
1 311
1 439
1 132
1 190
1 227
1 390
1 197
1 362
1 265
1 435
1 109
1 122
1 101
2 386
2 32
2 526
2 366
2 570
2 181
2 51
2 495
2 294
2 400
2 99
2 588
2 164
2 86
2 553
2 133
2 519
2 24
2 426
2 438
3 471
3 309
3 487
3 475
3 299
3 53
3 505
3 451
3 597
3 349
3 331
3 11
3 139
3 427
3 534
3 171
3 431
3 327
3 215
3 463
3 286
4 343
4 63
4 66
4 357
4 245
4 9
4 315
4 219
4 550
4 126
4 127
4 291
4 321
4 600
4 212
4 36
4 567
5 310
5 162
5 176
5 490
5 10
5 241
5 443
5 50
5 88
5 432
5 73
5 30
5 480
5 187
5 509
5 223
6 295
6 583
6 6
6 376
6 432
6 73
6 592
6 305
6 575
6 88
6 490
6 223
6 241
6 511
6 10
6 30
6 560
6 124
7 513
7 424
7 420
7 71
7 46
7 222
7 90
7 42
7 492
7 57
7 106
7 7
7 229
7 56
7 160
7 39
7 169
7 67
7 205
8 328
8 258
8 141
8 481
8 392
8 93
8 512
8 288
8 407
8 21
8 396
8 485
8 64
8 54
8 568
9 236
9 312
9 127
9 357
9 245
9 291
9 126
9 66
9 9
9 219
9 315
9 43
9 117
9 36
9 550
9 45
10 366
10 260
10 50
10 592
10 432
10 314
10 88
10 583
10 176
10 443
10 30
10 480
10 134
10 560
10 305
10 329
10 73
10 490
11 551
11 11
11 505
11 411
11 431
11 139
11 331
11 487
11 327
11 349
11 597
11 309
11 319
11 142
11 427
11 171
11 299
11 53
11 203
11 475
11 137
11 400
12 352
12 514
12 261
12 520
12 267
12 198
12 491
12 252
12 367
12 232
12 123
12 118
12 12
12 265
12 433
12 320
12 201
12 94
12 226
12 370
12 374
12 248
13 389
13 531
13 369
13 337
13 524
13 206
13 70
13 484
13 546
13 342
13 195
13 191
13 466
13 144
13 340
13 145
13 281
13 214
13 253
14 301
14 245
14 385
14 117
14 402
14 40
14 334
14 224
14 463
14 587
14 155
14 549
14 262
14 69
14 458
14 399
14 147
14 179
14 328
14 479
14 96
15 130
15 138
15 154
15 351
15 371
15 125
15 22
15 100
15 104
15 298
15 102
15 406
15 15
15 447
15 16
15 26
15 476
15 353
15 101
16 271
16 125
16 56
16 353
16 102
16 593
16 355
16 83
16 351
16 26
16 35
16 16
16 91
16 22
16 476
16 101
16 104
17 527
17 594
17 383
17 405
17 359
17 271
17 382
17 152
17 340
17 150
17 119
17 489
17 207
17 339
17 474
17 157
17 202
17 460
17 453
18 383
18 462
18 389
18 281
18 195
18 342
18 191
18 546
18 337
18 145
18 206
18 218
18 225
18 369
18 362
18 70
18 336
18 375
19 135
19 300
19 275
19 98
19 379
19 103
19 33
19 113
19 303
19 510
19 541
19 121
19 530
19 540
19 568
19 149
20 573
20 516
20 137
20 459
20 148
20 310
20 332
20 172
20 446
20 346
20 238
20 584
20 362
20 440
20 119
20 564
20 209
20 115
20 125
20 25
21 447
21 141
21 110
21 333
21 472
21 396
21 258
21 54
21 317
21 497
21 407
21 93
21 512
21 157
21 29
21 159
21 481
22 133
22 83
22 338
22 104
22 26
22 351
22 100
22 56
22 298
22 44
22 35
22 154
22 599
23 129
23 140
23 237
23 200
23 324
23 506
23 417
23 545
23 538
23 274
23 120
23 82
23 365
23 508
23 177
23 458
23 461
23 348
24 386
24 523
24 366
24 588
24 495
24 86
24 24
24 400
24 51
24 438
24 519
24 164
24 488
24 32
24 294
25 279
25 131
25 286
25 335
25 74
25 434
25 165
25 468
25 97
25 178
25 27
25 230
25 559
25 76
25 161
25 581
26 475
26 130
26 138
26 56
26 125
26 83
26 100
26 593
26 101
26 406
26 26
26 35
26 44
26 351
26 353
26 355
26 371
27 297
27 131
27 418
27 532
27 97
27 31
27 468
27 536
27 434
27 178
27 74
27 507
27 230
27 394
27 286
27 543
27 559
27 581
27 335
28 266
28 153
28 284
28 544
28 295
28 48
28 58
28 436
28 301
28 422
28 590
28 128
28 364
28 455
28 222
28 287
28 290
28 163
28 170
28 175
28 449
29 45
29 396
29 407
29 141
29 485
29 497
29 204
29 29
29 54
29 586
29 481
29 472
29 551
29 159
29 317
29 64
29 93
29 110
29 254
30 503
30 260
30 314
30 88
30 583
30 176
30 329
30 443
30 223
30 30
30 112
30 50
30 187
30 575
30 592
30 480
30 241
31 142
31 131
31 286
31 542
31 161
31 507
31 230
31 468
31 536
31 165
31 31
31 76
31 226
31 559
31 97
32 152
32 519
32 426
32 133
32 397
32 181
32 523
32 51
32 386
32 99
32 352
32 289
32 584
33 272
33 149
33 541
33 228
33 477
33 33
33 247
33 530
33 379
33 372
33 135
33 300
33 134
33 425
33 303
33 92
33 121
33 113
33 176
34 136
34 414
34 243
34 499
34 356
34 482
34 450
34 116
34 34
34 464
34 255
34 515
34 91
34 494
34 569
34 186
34 84
34 324
34 183
35 410
35 130
35 138
35 406
35 125
35 100
35 35
35 102
35 371
35 353
35 96
35 298
35 593
35 351
35 355
35 104
36 291
36 296
36 343
36 63
36 600
36 127
36 571
36 126
36 219
36 357
36 550
36 245
36 38
36 43
36 45
36 330
36 236
37 190
37 94
37 385
37 134
37 262
37 399
37 402
37 479
37 155
37 69
37 147
37 334
37 587
37 549
37 146
37 60
37 328
37 463
38 537
38 539
38 285
38 548
38 61
38 174
38 553
38 177
38 358
38 465
38 437
38 486
38 557
38 368
38 221
38 308
38 573
38 284
38 209
39 513
39 410
39 160
39 46
39 319
39 208
39 384
39 71
39 344
39 420
39 222
39 182
39 89
39 529
39 67
39 231
39 353
39 204
40 521
40 399
40 402
40 155
40 334
40 549
40 385
40 224
40 463
40 587
40 117
40 179
40 60
40 470
40 69
40 96
41 279
41 539
41 437
41 174
41 41
41 358
41 235
41 557
41 573
41 61
41 465
41 368
41 210
41 494
41 177
41 308
41 185
41 598
41 120
42 410
42 424
42 169
42 106
42 42
42 231
42 229
42 182
42 319
42 89
42 71
42 90
42 288
42 57
42 344
42 492
43 291
43 600
43 567
43 245
43 66
43 343
43 330
43 126
43 63
43 315
43 219
43 45
43 134
43 312
43 571
43 321
43 220
44 570
44 406
44 154
44 125
44 44
44 56
44 138
44 83
44 100
44 593
44 355
44 378
44 476
44 101
44 102
44 371
45 291
45 550
45 296
45 312
45 220
45 63
45 236
45 219
45 330
45 245
45 571
45 567
45 321
45 357
46 513
46 160
46 169
46 222
46 90
46 182
46 46
46 319
46 231
46 229
46 106
46 61
46 71
47 155
47 297
47 361
47 589
47 565
47 566
47 469
47 445
47 572
47 59
47 360
47 509
47 55
47 239
47 266
47 49
47 341
47 95
48 522
48 153
48 287
48 544
48 290
48 163
48 473
48 266
48 48
48 170
48 590
48 58
48 480
48 269
48 304
49 109
49 268
49 143
49 297
49 467
49 589
49 361
49 566
49 55
49 469
49 52
49 251
49 360
49 223
49 565
49 183
49 445
49 239
50 437
50 560
50 176
50 490
50 223
50 376
50 583
50 305
50 314
50 443
50 187
50 322
50 575
50 329
50 73
50 592
50 480
50 241
50 124
50 55
50 546
51 422
51 386
51 133
51 523
51 400
51 278
51 294
51 495
51 588
51 352
51 164
51 196
51 86
52 143
52 168
52 183
52 95
52 445
52 72
52 268
52 239
52 297
52 59
52 361
52 55
52 589
52 111
52 467
52 341
52 360
53 142
53 411
53 299
53 431
53 203
53 309
53 475
53 505
53 327
53 199
53 349
53 139
53 226
53 65
53 451
53 471
53 215
53 487
53 525
54 331
54 432
54 258
54 392
54 396
54 254
54 481
54 141
54 54
54 93
54 80
54 64
54 204
54 497
55 268
55 183
55 361
55 59
55 572
55 143
55 55
55 467
55 251
55 509
55 341
55 95
55 360
55 239
55 76
56 138
56 406
56 298
56 125
56 102
56 56
56 338
56 351
56 495
56 593
56 355
56 101
57 513
57 160
57 424
57 229
57 420
57 410
57 89
57 67
57 90
57 208
57 57
57 268
57 106
58 156
58 522
58 280
58 284
58 412
58 287
58 544
58 290
58 163
58 422
58 170
58 175
58 436
58 449
59 167
59 297
59 565
59 183
59 589
59 469
59 467
59 59
59 72
59 566
59 172
59 445
59 239
60 385
60 134
60 147
60 549
60 334
60 479
60 246
60 69
60 117
60 463
60 399
60 155
60 507
60 478
60 224
61 279
61 285
61 557
61 174
61 177
61 573
61 465
61 61
61 486
61 553
61 414
61 211
61 368
61 250
62 387
62 132
62 518
62 265
62 166
62 180
62 439
62 190
62 390
62 435
62 109
62 184
62 345
62 96
62 193
62 227
63 291
63 550
63 571
63 245
63 567
63 321
63 66
63 330
63 219
63 296
63 382
63 600
63 236
64 116
64 258
64 392
64 288
64 233
64 497
64 512
64 407
64 93
64 317
64 396
64 315
64 586
64 204
64 333
64 485
64 110
65 427
65 299
65 431
65 309
65 142
65 215
65 171
65 597
65 331
65 471
65 203
65 349
65 199
65 565
65 451
65 327
65 236
65 394
66 321
66 126
66 600
66 245
66 219
66 127
66 571
66 550
66 567
66 236
66 215
67 513
67 410
67 160
67 424
67 169
67 319
67 89
67 106
67 229
67 344
67 492
67 248
67 384
67 113
67 520
67 97
68 404
68 533
68 413
68 428
68 68
68 554
68 111
68 462
68 535
68 273
68 112
68 525
68 395
68 541
68 75
68 369
69 582
69 212
69 385
69 134
69 402
69 147
69 155
69 549
69 96
69 69
69 328
69 463
70 382
70 524
70 531
70 225
70 195
70 336
70 369
70 389
70 70
70 281
70 191
70 552
70 206
70 337
70 466
70 214
70 375
70 253
71 513
71 410
71 160
71 424
71 169
71 492
71 384
71 222
71 182
71 89
71 75
71 208
71 344
71 106
71 491
72 530
72 568
72 482
72 114
72 143
72 297
72 445
72 251
72 341
72 168
72 566
72 361
72 112
73 560
73 432
73 314
73 575
73 376
73 592
73 176
73 443
73 490
73 260
73 600
73 223
73 241
73 124
73 508
74 293
74 499
74 536
74 559
74 434
74 178
74 585
74 165
74 418
74 76
74 161
74 581
74 476
75 388
75 395
75 525
75 273
75 404
75 408
75 151
75 554
75 462
75 146
75 413
75 552
75 488
76 131
76 543
76 559
76 434
76 581
76 585
76 563
76 335
76 230
76 542
76 97
77 129
77 140
77 274
77 538
77 545
77 579
77 324
77 200
77 461
77 508
77 237
77 120
77 347
77 488
77 447
77 82
77 348
77 501
78 391
78 529
78 292
78 173
78 444
78 323
78 582
78 316
78 493
78 419
78 78
78 326
78 217
78 408
78 591
78 87
78 224
79 394
79 276
79 158
79 421
79 430
79 322
79 194
79 429
79 454
79 457
79 105
79 318
79 108
79 576
79 386
79 483
79 244
80 269
80 282
80 421
80 441
80 318
80 457
80 244
80 394
80 80
80 363
80 429
80 430
80 454
80 223
81 401
81 273
81 146
81 533
81 413
81 554
81 556
81 428
81 552
81 306
81 462
81 408
81 574
81 111
81 267
82 483
82 129
82 274
82 545
82 579
82 324
82 458
82 538
82 237
82 347
82 365
82 120
82 201
82 501
82 508
83 154
83 593
83 130
83 351
83 406
83 338
83 353
83 371
83 476
83 83
84 515
84 136
84 569
84 442
84 186
84 450
84 456
84 499
84 205
84 189
84 500
84 116
84 293
84 151
84 482
84 356
85 551
85 263
85 137
85 270
85 148
85 568
85 440
85 459
85 584
85 115
85 310
85 561
85 209
85 346
85 555
86 386
86 397
86 278
86 294
86 426
86 181
86 438
86 164
86 400
86 289
86 519
86 328
86 495
87 391
87 529
87 292
87 423
87 302
87 562
87 313
87 444
87 316
87 196
87 591
87 216
87 217
87 497
88 267
88 560
88 432
88 176
88 314
88 583
88 124
88 376
88 187
88 443
88 535
88 223
89 410
89 182
89 319
89 208
89 106
89 424
89 160
89 513
89 90
89 456
89 222
89 229
90 513
90 410
90 160
90 420
90 169
90 182
90 344
90 222
90 424
90 358
90 231
90 492
90 260
91 515
91 414
91 293
91 569
91 189
91 450
91 205
91 464
91 186
91 373
91 517
91 136
91 243
91 145
91 356
91 499
91 500
91 116
92 540
92 425
92 300
92 303
92 272
92 135
92 275
92 379
92 98
92 541
92 92
92 113
92 383
92 477
92 103
92 372
93 392
93 407
93 159
93 288
93 472
93 512
93 93
93 497
93 528
93 481
94 257
94 267
94 198
94 520
94 433
94 213
94 370
94 123
94 367
94 261
94 201
94 249
94 256
94 226
94 104
95 168
95 297
95 95
95 341
95 360
95 565
95 445
95 469
95 589
95 251
95 327
96 303
96 385
96 521
96 399
96 179
96 334
96 478
96 479
96 262
96 147
96 146
97 536
97 542
97 161
97 418
97 563
97 581
97 585
97 335
97 468
97 434
98 272
98 530
98 275
98 541
98 300
98 303
98 113
98 283
98 377
98 477
98 103
98 510
98 520
99 386
99 133
99 519
99 523
99 397
99 526
99 400
99 278
99 164
99 570
99 352
99 294
99 156
99 495
100 130
100 298
100 593
100 351
100 353
100 355
100 100
100 101
100 374
100 102
101 135
101 130
101 138
101 406
101 338
101 476
101 351
101 102
101 104
102 130
102 154
102 476
102 355
102 351
102 593
102 298
102 181
102 214
103 135
103 275
103 283
103 540
103 121
103 510
103 541
103 149
103 530
103 372
103 113
103 532
103 247
103 165
104 391
104 130
104 138
104 298
104 338
104 476
104 353
104 125
104 154
105 394
105 282
105 158
105 429
105 430
105 441
105 576
105 453
105 363
105 259
105 457
105 454
105 276
105 549
106 513
106 160
106 424
106 169
106 182
106 229
106 231
106 583
106 384
107 393
107 528
107 403
107 277
107 162
107 547
107 307
107 448
107 580
107 503
107 167
107 381
107 240
107 398
107 285
107 138
108 436
108 259
108 394
108 269
108 276
108 158
108 421
108 453
108 454
108 457
108 322
108 576
108 430
108 392
109 387
109 390
109 166
109 435
109 193
109 470
109 227
109 496
109 596
109 345
109 264
109 439
110 258
110 141
110 407
110 159
110 317
110 204
110 481
110 485
110 333
110 392
110 586
110 533
111 229
111 388
111 395
111 146
111 404
111 413
111 416
111 556
111 306
111 462
111 428
111 273
111 301
112 388
112 395
112 525
112 401
112 273
112 146
112 533
112 535
112 413
112 428
112 306
112 574
112 420
113 272
113 530
113 275
113 540
113 425
113 228
113 135
113 113
114 514
114 261
114 198
114 213
114 226
114 232
114 374
114 257
114 252
114 320
114 433
114 367
114 201
114 249
114 118
115 137
115 564
115 446
115 595
115 346
115 516
115 263
115 148
115 568
115 584
115 380
115 234
115 550
115 201
115 131
116 340
116 148
116 515
116 136
116 442
116 205
116 373
116 450
116 186
116 414
116 464
117 262
117 521
117 399
117 402
117 147
117 179
117 478
117 224
117 328
117 479
117 468
118 514
118 261
118 267
118 433
118 213
118 367
118 257
118 201
118 520
118 256
118 226
118 123
118 543
118 249
119 527
119 405
119 150
119 156
119 157
119 577
119 207
119 340
119 599
119 594
119 447
119 578
119 359
119 337
119 382
120 545
120 579
120 200
120 461
120 488
120 365
120 508
120 274
120 354
120 140
120 458
121 272
121 530
121 283
121 477
121 541
121 121
121 510
121 540
121 377
121 135
121 252
121 372
121 247
122 132
122 390
122 264
122 166
122 435
122 193
122 470
122 596
122 387
122 190
122 184
122 197
122 265
122 374
123 261
123 320
123 201
123 249
123 491
123 367
123 374
123 267
123 252
123 370
123 232
123 188
123 223
124 187
124 575
124 592
124 443
124 376
124 260
124 480
124 223
124 124
124 421
125 298
125 593
125 351
125 154
125 130
125 125
126 128
126 550
126 296
126 312
126 343
126 600
126 321
126 220
126 315
126 394
126 127
127 296
127 571
127 321
127 220
127 219
127 236
127 600
127 550
127 312
127 599
127 272
128 522
128 266
128 284
128 412
128 544
128 301
128 436
128 455
128 473
128 290
128 128
128 163
128 361
129 365
129 354
129 538
129 129
129 347
129 461
129 348
129 274
129 140
129 506
129 311
129 324
129 458
129 488
129 237
130 353
130 130
130 371
130 355
130 138
130 351
130 452
130 406
130 298
130 338
131 418
131 563
131 335
131 286
131 532
131 507
131 542
131 585
131 559
131 468
131 536
132 496
132 435
132 227
132 409
132 439
132 387
132 184
132 265
132 180
132 166
132 596
132 247
132 390
132 470
132 345
132 484
133 366
133 588
133 526
133 523
133 570
133 438
133 352
133 278
133 397
133 133
133 289
133 164
133 294
133 426
134 399
134 155
134 587
134 334
134 262
134 179
134 328
134 521
134 319
134 402
134 463
134 478
135 358
135 247
135 228
135 510
135 300
135 135
135 379
135 283
135 303
135 149
135 272
135 530
135 275
135 425
135 477
135 372
135 377
135 531
136 569
136 293
136 255
136 482
136 452
136 373
136 499
136 243
136 500
136 456
136 186
136 381
136 414
136 442
137 263
137 516
137 332
137 209
137 459
137 564
137 446
137 148
137 310
137 346
137 380
137 270
137 172
137 561
137 584
137 362
137 234
137 523
138 138
138 355
138 371
138 476
138 351
138 154
138 593
139 349
139 505
139 551
139 199
139 431
139 327
139 427
139 487
139 309
139 215
139 597
139 411
139 203
139 398
139 142
139 299
139 451
139 471
140 299
140 365
140 200
140 347
140 348
140 508
140 501
140 506
140 237
140 579
140 140
140 545
140 417
140 304
141 392
141 396
141 233
141 204
141 586
141 141
141 481
141 333
141 159
141 258
141 307
141 407
141 288
141 472
141 497
142 471
142 411
142 299
142 327
142 551
142 475
142 142
142 349
142 215
142 427
142 171
142 431
142 451
142 199
142 331
143 572
143 360
143 297
143 509
143 341
143 565
143 168
143 361
143 467
143 143
143 368
143 566
143 445
143 251
144 399
144 524
144 546
144 195
144 253
144 281
144 218
144 484
144 375
144 192
144 191
144 214
144 225
144 407
144 145
144 206
144 337
144 342
145 531
145 466
145 281
145 195
145 225
145 389
145 369
145 145
145 336
145 546
145 552
145 214
145 218
145 375
145 253
146 388
146 525
146 401
146 408
146 273
146 146
146 574
146 554
146 556
146 395
146 198
146 533
146 413
146 416
146 462
147 385
147 521
147 402
147 334
147 155
147 399
147 587
147 246
147 179
147 463
147 595
147 478
148 516
148 263
148 270
148 332
148 561
148 346
148 440
148 459
148 209
148 584
148 172
148 564
149 272
149 530
149 275
149 228
149 510
149 300
149 377
149 541
149 283
149 379
149 303
149 588
149 540
149 425
149 477
149 251
150 527
150 271
150 578
150 594
150 340
150 150
150 202
150 405
150 577
150 460
150 447
150 439
150 152
150 558
150 207
150 339
150 599
150 498
150 392
151 388
151 395
151 525
151 273
151 404
151 533
151 535
151 554
151 151
151 552
151 428
151 199
151 556
151 574
151 288
152 527
152 405
152 447
152 382
152 340
152 599
152 577
152 207
152 594
152 156
152 383
152 498
152 157
152 489
153 522
153 266
153 280
153 295
153 455
153 422
153 163
153 284
153 436
153 412
153 170
153 175
153 156
153 544
153 473
153 364
154 405
154 330
154 414
154 406
154 371
154 298
154 351
154 353
154 260
154 593
155 207
155 385
155 402
155 328
155 155
155 399
155 463
155 587
155 549
155 479
156 271
156 405
156 382
156 359
156 498
156 594
156 527
156 202
156 489
156 339
156 558
156 383
156 447
156 577
156 460
156 207
157 527
157 271
157 405
157 489
157 460
157 558
157 577
157 498
157 578
157 340
157 599
157 302
157 447
157 202
157 383
158 394
158 276
158 259
158 244
158 576
158 441
158 318
158 158
158 483
158 363
158 373
158 474
159 329
159 396
159 317
159 233
159 333
159 288
159 254
159 512
159 407
159 181
159 586
160 424
160 169
160 513
160 208
160 160
160 465
160 420
160 182
160 319
160 222
160 231
160 384
161 542
161 585
161 581
161 532
161 178
161 418
161 161
161 165
161 563
161 434
161 240
161 468
162 403
162 277
162 448
162 167
162 547
162 350
162 398
162 325
162 504
162 528
162 162
162 307
162 555
162 502
163 522
163 280
163 412
163 436
163 544
163 175
163 266
163 422
163 295
163 590
163 199
163 170
163 473
164 400
164 278
164 289
164 519
164 426
164 366
164 570
164 164
164 588
164 307
164 181
164 352
165 596
165 286
165 543
165 542
165 532
165 165
165 335
165 418
165 507
165 536
165 563
165 581
165 585
166 518
166 264
166 265
166 409
166 311
166 180
166 435
166 596
166 197
166 387
166 445
166 439
166 193
167 558
167 277
167 534
167 415
167 378
167 580
167 393
167 381
167 350
167 242
167 511
167 528
167 502
167 555
167 307
167 448
167 240
168 287
168 268
168 297
168 360
168 445
168 572
168 565
168 467
168 168
168 341
168 551
168 566
168 469
168 239
169 513
169 410
169 384
169 229
169 208
169 231
169 458
169 182
169 492
169 496
170 266
170 280
170 290
170 449
170 301
170 422
170 473
170 412
170 170
170 319
170 175
170 590
170 419
171 411
171 199
171 475
171 331
171 349
171 551
171 471
171 171
171 327
171 203
171 498
171 431
172 489
172 516
172 310
172 172
172 380
172 362
172 595
172 564
172 561
172 459
172 569
172 568
172 346
172 238
173 529
173 423
173 313
173 391
173 444
173 591
173 221
173 302
173 292
173 323
173 419
173 217
173 493
173 545
173 316
173 326
174 279
174 537
174 285
174 553
174 557
174 465
174 185
174 308
174 235
174 573
174 539
174 222
174 211
174 598
174 250
174 440
174 347
175 266
175 412
175 290
175 301
175 280
175 287
175 455
175 590
175 295
175 317
175 436
175 449
175 473
175 364
176 260
176 560
176 314
176 592
176 376
176 329
176 480
176 490
176 583
176 305
176 187
177 537
177 548
177 557
177 308
177 210
177 539
177 368
177 235
177 250
177 486
177 553
177 189
177 194
178 532
178 286
178 542
178 418
178 559
178 434
178 563
178 536
178 543
178 507
178 472
178 230
179 385
179 262
179 521
179 399
179 549
179 587
179 224
179 478
179 589
179 246
180 390
180 518
180 264
180 265
180 409
180 470
180 435
180 197
180 596
180 180
180 521
180 439
180 311
181 594
181 386
181 519
181 523
181 526
181 400
181 294
181 289
181 426
181 570
181 447
181 438
182 513
182 410
182 420
182 182
182 384
182 199
182 319
182 222
182 229
182 231
183 411
183 395
183 338
183 268
183 565
183 251
183 469
183 467
183 360
183 341
183 572
184 387
184 409
184 311
184 193
184 264
184 184
184 227
184 265
184 190
184 518
184 470
184 589
185 279
185 537
185 285
185 548
185 308
185 437
185 557
185 598
185 553
185 486
185 358
185 539
185 322
185 210
185 211
185 235
185 381
185 371
186 380
186 278
186 517
186 414
186 293
186 442
186 255
186 482
186 464
186 205
186 373
186 362
186 450
186 452
187 560
187 432
187 305
187 314
187 376
187 241
187 329
187 187
187 216
187 575
187 592
187 480
188 391
188 419
188 292
188 423
188 313
188 591
188 493
188 562
188 212
188 216
188 326
188 494
188 188
188 331
188 316
188 416
189 291
189 517
189 293
189 442
189 255
189 205
189 515
189 414
189 450
189 373
189 243
189 452
189 588
189 482
189 356
190 387
190 518
190 345
190 265
190 439
190 190
190 193
190 496
190 264
190 390
190 227
191 339
191 524
191 546
191 531
191 253
191 389
191 342
191 466
191 281
191 225
191 214
191 334
191 192
191 195
191 336
192 446
192 459
192 389
192 524
192 531
192 225
192 218
192 369
192 192
192 484
192 336
192 555
192 195
192 206
192 342
193 215
193 387
193 264
193 265
193 439
193 227
193 596
193 409
193 303
194 343
194 259
194 269
194 282
194 421
194 430
194 441
194 576
194 322
194 394
194 194
194 363
194 453
194 454
195 524
195 281
195 389
195 214
195 195
195 206
195 375
195 544
195 466
195 484
196 529
196 419
196 292
196 313
196 316
196 323
196 217
196 326
196 591
196 302
196 216
196 196
196 524
196 582
196 212
197 387
197 390
197 264
197 435
197 311
197 345
197 596
197 439
197 197
197 470
197 269
197 342
198 377
198 514
198 520
198 320
198 374
198 267
198 249
198 213
198 256
198 433
198 491
198 202
198 226
198 370
198 252
199 551
199 299
199 431
199 203
199 411
199 475
199 487
199 451
199 234
199 597
199 349
199 356
199 213
199 360
200 274
200 545
200 304
200 579
200 324
200 347
200 488
200 508
200 417
200 538
200 546
200 461
200 348
200 354
200 365
200 506
201 257
201 514
201 520
201 433
201 249
201 252
201 320
201 232
201 370
201 213
201 256
201 374
201 367
202 527
202 271
202 558
202 447
202 577
202 382
202 594
202 339
202 578
202 599
202 464
202 460
202 340
202 489
202 383
202 532
203 551
203 427
203 431
203 451
203 331
203 203
203 411
203 584
203 475
203 487
203 505
203 348
204 392
204 288
204 586
204 396
204 258
204 512
204 472
204 497
204 317
205 515
205 517
205 293
205 414
205 482
205 255
205 500
205 452
205 456
205 243
205 413
206 389
206 524
206 531
206 337
206 225
206 484
206 281
206 369
206 504
206 336
207 271
207 405
207 558
207 382
207 383
207 527
207 339
207 460
207 578
207 599
207 359
208 420
208 424
208 319
208 222
208 513
208 384
208 231
208 208
209 516
209 263
209 561
209 568
209 332
209 380
209 459
209 234
209 362
209 270
209 310
210 279
210 537
210 548
210 553
210 308
210 465
210 358
210 486
210 211
210 210
210 568
210 368
210 590
210 442
211 279
211 285
211 548
211 308
211 573
211 465
211 539
211 557
211 598
211 235
211 401
211 250
212 391
212 292
212 423
212 562
212 313
212 444
212 323
212 217
212 316
212 212
213 261
213 520
213 433
213 320
213 256
213 213
213 374
213 232
213 367
213 491
213 248
214 389
214 281
214 336
214 337
214 531
214 342
214 369
214 375
215 551
215 427
215 299
215 431
215 309
215 487
215 597
215 471
215 451
215 266
215 237
216 391
216 529
216 419
216 292
216 423
216 302
216 562
216 444
216 323
216 326
216 221
216 287
216 493
216 240
217 423
217 302
217 562
217 313
217 316
217 582
217 326
217 591
217 493
217 579
217 561
217 588
217 429
218 389
218 524
218 531
218 281
218 546
218 337
218 466
218 342
218 225
218 218
218 253
219 291
219 296
219 343
219 220
219 219
219 567
219 589
219 504
220 291
220 550
220 567
220 312
220 315
220 571
220 321
220 343
220 600
220 245
220 335
220 357
220 585
221 391
221 419
221 302
221 313
221 444
221 323
221 591
221 221
221 494
221 423
221 599
221 249
222 410
222 420
222 424
222 229
222 319
222 330
222 384
222 571
223 280
223 260
223 432
223 305
223 575
223 329
223 592
223 480
223 376
224 262
224 521
224 463
224 399
224 385
224 334
224 246
224 328
224 479
225 502
225 281
225 546
225 337
225 466
225 342
225 568
225 375
226 257
226 267
226 320
226 433
226 514
226 232
226 520
226 367
226 248
226 297
227 265
227 470
227 345
227 390
227 439
227 518
227 496
227 387
227 315
228 272
228 275
228 283
228 540
228 425
228 300
228 477
228 510
228 541
228 303
228 387
228 377
229 410
229 420
229 319
229 344
229 231
229 492
230 543
230 542
230 434
230 532
230 536
230 418
230 563
230 468
230 230
231 420
231 319
231 424
231 344
231 492
231 318
231 357
231 262
232 569
232 520
232 433
232 320
232 257
232 491
232 514
232 374
232 252
232 336
233 493
233 407
233 317
233 586
233 333
233 472
233 288
233 485
233 233
233 258
233 264
233 254
233 468
234 473
234 516
234 561
234 564
234 310
234 446
234 595
234 234
234 263
234 238
234 511
235 279
235 548
235 557
235 437
235 573
235 358
235 537
235 285
235 308
235 532
235 368
235 250
236 264
236 577
236 296
236 312
236 330
236 343
236 357
236 236
237 518
237 430
237 274
237 417
237 579
237 458
237 461
237 348
237 347
238 561
238 310
238 568
238 584
238 362
238 263
238 459
238 346
238 380
238 595
238 564
238 526
239 566
239 469
239 268
239 297
239 509
239 467
239 251
239 239
240 393
240 398
240 528
240 277
240 547
240 325
240 503
240 381
240 534
240 502
240 240
241 260
241 560
241 443
241 592
241 432
241 376
241 314
241 241
242 393
242 398
242 403
242 534
242 580
242 325
242 350
242 381
242 242
242 415
242 503
242 504
242 565
243 515
243 442
243 450
243 452
243 456
243 464
243 356
243 499
243 500
243 433
243 259
244 541
244 574
244 259
244 394
244 429
244 430
244 441
244 454
244 457
244 269
244 363
244 507
245 550
245 296
245 312
245 571
245 330
245 600
246 385
246 262
246 521
246 549
246 587
246 402
246 246
246 399
246 478
246 332
247 530
247 275
247 541
247 477
247 300
247 272
247 379
247 372
247 377
247 467
247 510
247 480
248 257
248 514
248 520
248 267
248 491
248 367
248 374
248 248
248 370
248 383
249 319
249 257
249 261
249 433
249 367
249 370
249 252
249 514
250 537
250 553
250 573
250 358
250 465
250 598
250 250
250 279
250 463
250 314
250 549
250 579
250 524
251 268
251 297
251 565
251 572
251 445
251 589
251 566
252 257
252 261
252 491
252 374
252 433
252 514
252 411
252 258
253 384
253 389
253 524
253 531
253 546
253 342
253 375
253 336
253 597
254 396
254 407
254 333
254 472
254 497
254 485
254 258
254 254
254 512
254 516
255 515
255 517
255 414
255 293
255 442
255 464
255 500
255 499
255 569
255 346
255 559
256 553
256 257
256 514
256 267
256 320
256 491
256 370
256 374
256 433
256 302
256 421
257 520
257 320
257 257
257 491
257 261
257 433
257 572
257 514
257 267
257 370
258 556
258 396
258 481
258 317
258 586
258 392
258 485
258 288
258 258
259 421
259 474
259 394
259 429
259 318
259 276
259 269
259 483
259 322
259 576
259 282
259 441
260 526
260 415
260 575
260 560
260 443
260 260
260 329
260 490
260 305
260 480
261 514
261 520
261 267
261 433
261 367
261 370
261 562
261 320
261 365
262 550
262 385
262 463
262 399
262 262
262 587
262 549
262 479
263 516
263 263
263 595
263 380
263 310
263 362
263 459
263 584
263 270
263 590
263 440
263 446
263 332
263 346
264 487
264 390
264 518
264 387
264 596
264 496
264 435
264 265
264 409
264 439
264 598
265 387
265 518
265 390
265 409
265 311
265 496
265 485
265 345
266 295
266 280
266 287
266 455
266 590
266 544
266 436
266 290
266 284
266 412
266 301
267 520
267 433
267 367
267 320
267 267
267 491
268 566
268 360
268 469
268 509
268 361
268 297
268 572
268 565
268 376
268 467
268 341
269 394
269 429
269 318
269 363
269 454
269 421
269 276
269 282
269 430
269 441
270 516
270 584
270 564
270 270
270 362
270 380
270 346
270 568
270 332
270 576
270 561
270 440
271 577
271 498
271 489
271 578
271 340
271 382
271 339
271 405
271 383
271 558
271 447
271 359
271 595
272 303
272 477
272 283
272 425
272 272
272 530
272 275
272 540
272 372
272 379
273 300
273 495
273 388
273 525
273 428
273 556
273 535
273 533
273 404
273 408
273 282
273 413
273 416
273 552
274 488
274 508
274 461
274 458
274 324
274 538
274 304
274 501
274 579
274 281
274 417
274 354
274 365
275 425
275 510
275 530
275 283
275 477
275 303
275 594
275 540
275 372
276 578
276 430
276 576
276 453
276 483
276 441
276 457
276 282
276 429
276 410
276 322
277 393
277 350
277 503
277 547
277 528
277 504
277 448
277 415
277 307
277 555
277 498
277 325
277 502
277 378
278 386
278 519
278 526
278 400
278 588
278 523
278 366
278 278
278 426
278 570
278 352
279 465
279 358
279 437
279 368
279 548
279 486
279 553
279 537
279 539
279 598
280 522
280 436
280 287
280 449
280 590
280 364
280 295
280 284
280 422
280 412
280 544
280 455
280 517
281 305
281 572
281 531
281 484
281 337
281 354
281 369
282 454
282 282
282 453
282 363
282 483
282 429
282 493
282 576
282 457
282 474
283 327
283 530
283 377
283 425
283 540
283 300
283 303
283 352
284 522
284 590
284 422
284 455
284 287
284 449
284 295
284 364
284 544
284 473
284 375
285 285
285 486
285 573
285 368
285 598
285 437
285 548
285 537
285 506
285 553
286 326
286 542
286 563
286 418
286 335
286 532
286 434
286 468
286 559
286 585
286 507
287 522
287 412
287 422
287 455
287 449
287 290
287 544
287 295
287 364
288 396
288 407
288 333
288 481
288 512
288 586
289 567
289 523
289 352
289 495
289 426
289 366
289 519
289 289
289 570
289 386
289 331
289 294
289 545
290 412
290 544
290 295
290 522
290 290
290 422
290 465
290 473
291 321
291 315
291 343
291 550
291 312
291 330
291 571
291 445
292 529
292 419
292 493
292 316
292 391
292 562
292 292
292 310
292 423
293 517
293 464
293 450
293 414
293 373
293 293
293 499
293 569
293 456
293 356
293 417
294 519
294 526
294 400
294 426
294 570
294 366
294 294
294 438
295 427
295 522
295 412
295 436
295 590
295 449
295 301
295 364
296 550
296 330
296 600
296 296
296 315
296 567
296 460
296 571
297 566
297 589
297 445
297 361
297 572
297 467
297 469
298 406
298 338
298 353
298 476
298 371
298 355
298 396
298 593
298 335
299 411
299 327
299 505
299 349
299 551
299 471
299 597
299 479
300 312
300 379
300 530
300 372
300 425
300 510
301 522
301 412
301 544
301 364
301 301
301 590
301 473
301 449
301 552
302 391
302 423
302 591
302 419
302 493
302 326
302 582
302 529
302 397
302 316
302 592
303 425
303 540
303 379
303 377
304 538
304 417
304 324
304 506
304 545
304 347
304 354
304 461
304 304
304 458
304 348
304 501
305 314
305 560
305 583
305 376
305 575
305 443
305 480
305 329
306 388
306 395
306 408
306 552
306 533
306 401
306 462
306 554
306 556
306 416
306 413
306 404
306 536
307 393
307 398
307 403
307 547
307 555
307 325
307 511
307 503
307 580
307 437
307 448
307 504
307 378
308 537
308 548
308 553
308 557
308 308
308 573
308 478
308 486
308 425
308 516
309 411
309 431
309 471
309 475
309 597
309 505
309 427
309 327
309 331
309 413
309 451
309 487
310 564
310 568
310 332
310 516
310 459
310 561
310 380
310 440
310 584
310 346
310 362
311 387
311 390
311 409
311 435
311 439
311 496
311 518
311 345
311 317
311 470
312 567
312 312
312 321
312 571
312 343
312 315
312 357
312 454
313 562
313 444
313 591
313 419
313 529
313 494
313 582
313 415
313 316
313 388
314 443
314 583
314 314
314 376
314 490
314 542
315 550
315 315
315 321
315 600
315 357
315 397
315 571
315 593
316 423
316 529
316 494
316 326
316 493
316 444
316 349
316 582
316 591
317 511
317 512
317 392
317 497
317 396
317 407
317 380
318 409
318 394
318 421
318 441
318 457
318 429
318 363
318 322
318 453
318 339
319 420
319 424
319 492
319 410
319 344
319 548
320 433
320 367
320 374
320 370
320 564
320 491
321 567
321 330
321 321
321 571
321 568
321 343
321 600
321 357
322 390
322 421
322 457
322 322
322 363
322 483
322 373
322 453
323 529
323 419
323 562
323 444
323 493
323 423
323 494
323 582
323 391
323 486
323 337
324 538
324 545
324 461
324 347
324 417
324 458
324 508
324 488
324 365
325 403
325 415
325 547
325 555
325 378
325 534
325 325
325 503
325 585
326 391
326 419
326 423
326 562
326 582
326 591
326 444
326 493
326 452
327 551
327 427
327 597
327 327
327 331
327 456
327 441
328 521
328 549
328 479
328 463
328 402
328 399
328 385
328 478
329 379
329 560
329 575
329 376
329 480
329 432
329 490
330 550
330 567
330 330
330 357
331 411
331 471
331 487
331 431
331 505
331 349
332 561
332 440
332 446
332 564
332 332
332 568
332 595
332 464
332 346
333 392
333 396
333 407
333 586
333 485
333 481
333 472
333 520
334 528
334 399
334 402
334 385
334 521
334 479
334 549
334 567
335 387
335 536
335 543
335 418
335 532
335 542
335 468
336 563
336 389
336 531
336 524
336 369
336 375
336 545
336 484
337 469
337 375
337 342
337 531
337 466
337 484
337 369
338 393
338 406
338 593
338 351
338 476
338 371
338 338
339 577
339 578
339 460
339 405
339 558
339 447
339 527
339 359
339 340
340 527
340 405
340 558
340 447
340 489
340 460
340 359
340 498
340 465
341 351
341 467
341 341
341 589
341 361
341 438
341 509
342 460
342 478
342 389
342 531
342 524
342 466
342 369
342 375
343 550
343 567
343 600
343 571
343 357
344 513
344 410
344 420
344 424
344 492
344 344
344 387
344 384
344 471
344 408
344 565
345 387
345 596
345 470
345 345
345 496
345 441
346 516
346 561
346 440
346 459
346 418
347 538
347 461
347 488
347 579
347 347
347 458
347 501
348 412
348 545
348 417
348 579
348 461
348 506
348 365
348 543
349 411
349 551
349 451
349 597
349 449
349 401
349 501
350 393
350 398
350 528
350 415
350 555
350 503
350 381
350 547
350 378
350 511
350 403
350 440
350 502
351 406
351 353
351 355
352 438
352 588
352 426
352 526
352 397
352 400
353 538
353 593
353 476
353 355
354 562
354 538
354 545
354 417
354 579
354 458
354 354
354 506
354 461
354 438
354 488
355 406
355 355
355 371
356 515
356 569
356 442
356 452
356 482
356 499
356 356
356 373
357 550
357 600
357 571
358 537
358 539
358 548
358 553
358 437
358 465
358 598
359 527
359 405
359 558
359 577
359 460
359 599
359 594
359 382
359 481
359 383
360 565
360 566
360 572
360 467
360 469
361 486
361 500
361 565
361 566
361 572
361 509
362 561
362 568
362 446
362 564
362 440
362 566
363 421
363 429
363 430
363 453
363 454
363 457
363 483
364 522
364 422
364 455
364 544
364 412
364 449
364 499
365 538
365 461
365 501
365 417
365 506
365 466
366 386
366 519
366 523
366 526
366 400
366 426
366 588
366 495
367 520
367 514
367 370
367 391
368 539
368 437
368 465
368 486
368 557
368 548
368 439
369 531
369 484
369 546
369 375
370 514
370 520
370 433
370 491
370 524
371 406
371 593
371 476
372 537
372 530
372 540
372 372
372 477
372 462
373 517
373 414
373 569
373 499
373 482
373 500
373 450
373 402
374 520
374 433
374 491
374 499
375 389
375 466
376 583
376 480
376 592
376 478
377 530
377 541
377 425
377 377
377 477
377 379
378 393
378 528
378 502
378 504
378 381
378 503
378 534
378 580
378 378
379 540
379 541
379 425
379 477
380 516
380 568
380 440
380 446
380 595
380 561
381 398
381 403
381 534
381 555
381 448
381 580
381 528
382 527
382 577
382 460
382 594
382 599
382 489
383 558
383 577
383 578
383 599
383 489
383 527
384 513
384 420
384 424
384 492
384 540
385 587
385 479
385 478
385 549
385 564
385 521
386 386
386 426
386 438
386 519
386 397
386 551
386 570
387 390
387 596
387 439
387 409
387 518
388 535
388 554
388 404
388 413
388 525
388 574
388 556
388 395
388 401
388 408
388 552
388 428
389 481
389 546
389 484
389 466
389 412
390 470
390 496
390 390
390 596
390 409
390 439
391 419
391 562
391 493
391 444
391 494
391 591
391 529
392 555
392 472
392 586
392 512
392 392
392 396
392 407
392 485
393 393
393 448
393 415
393 511
393 547
393 398
393 528
393 403
393 534
393 580
393 502
393 504
394 474
394 394
394 429
394 430
394 421
394 441
394 576
394 453
394 457
394 587
395 490
395 574
395 535
395 428
395 404
395 416
395 533
395 413
395 525
395 408
395 554
395 462
396 512
396 407
396 497
396 459
397 510
397 519
397 523
397 397
397 526
397 588
397 426
397 443
397 438
398 555
398 503
398 502
398 528
398 547
398 580
398 398
398 403
398 534
399 521
399 478
399 399
399 587
399 463
399 479
399 581
400 523
400 526
400 570
400 495
400 588
400 438
401 591
401 401
401 533
401 428
401 554
401 462
401 416
401 552
401 535
401 408
401 413
402 521
402 479
402 549
402 402
402 432
402 463
403 528
403 448
403 547
403 415
403 502
403 503
403 516
403 534
403 580
403 511
404 525
404 554
404 428
404 462
404 408
404 533
404 552
404 526
404 413
404 556
405 527
405 594
405 558
405 405
405 447
405 578
405 460
405 489
406 476
406 593
406 556
407 512
407 485
407 407
407 586
407 481
408 525
408 462
408 552
408 535
408 554
408 413
408 416
408 556
408 428
408 574
409 518
409 596
409 409
409 439
409 566
410 492
410 420
410 513
411 427
411 505
411 451
411 475
411 471
411 551
411 597
412 522
412 422
412 473
412 455
412 449
413 428
413 535
413 416
413 552
413 556
413 574
413 462
414 435
414 515
414 517
414 452
414 500
414 464
414 456
415 534
415 504
415 580
415 415
415 547
415 503
415 448
415 502
416 525
416 533
416 535
416 574
416 554
416 416
416 552
416 428
416 462
417 417
417 508
417 501
417 488
417 506
417 545
417 579
418 536
418 507
418 585
418 581
418 418
418 567
418 559
418 434
418 563
418 468
419 529
419 423
419 494
419 419
419 493
420 420
420 594
420 424
421 544
421 483
421 474
421 429
421 430
421 454
421 461
422 436
422 422
422 455
422 449
422 590
422 473
423 444
423 493
423 582
423 449
423 562
423 494
424 424
424 450
424 431
425 541
425 530
425 510
426 519
426 523
426 526
426 492
426 438
426 495
426 443
427 551
427 475
427 471
427 427
427 597
428 552
428 574
428 536
428 462
428 485
429 429
429 453
429 483
429 430
429 441
429 454
429 457
429 474
430 474
430 453
430 576
430 457
430 483
431 551
431 471
431 475
432 560
432 592
432 432
432 443
432 490
432 575
432 480
433 514
433 532
434 536
434 543
434 542
434 559
434 581
434 472
435 518
435 596
435 435
435 470
436 522
436 455
436 544
436 473
437 537
437 557
437 548
437 437
437 539
437 465
437 573
437 598
437 519
438 523
438 526
438 495
438 558
438 536
439 518
439 470
439 596
439 562
439 496
440 561
440 446
440 459
440 440
440 584
441 454
441 576
441 474
442 517
442 569
442 482
442 499
442 452
442 515
442 456
443 539
443 560
443 443
443 583
443 490
444 591
444 529
444 444
444 470
444 582
445 566
445 572
445 445
445 589
446 561
446 564
446 595
446 516
446 446
446 459
447 527
447 558
447 498
447 489
447 447
447 578
447 460
447 594
447 599
447 557
448 555
448 504
448 528
448 511
448 503
448 586
449 522
449 449
450 517
450 569
450 482
450 464
450 456
450 450
450 499
450 500
451 551
451 505
451 451
451 471
451 567
451 514
452 564
452 515
452 517
452 500
452 569
452 452
453 576
453 457
453 454
453 474
454 474
454 454
454 483
454 472
455 473
455 590
455 509
456 599
456 517
456 569
456 482
456 456
457 483
457 576
457 520
458 538
458 545
458 461
458 488
458 466
459 516
459 584
459 564
459 595
459 568
460 527
460 577
460 578
460 498
460 558
460 594
461 545
461 579
461 501
462 556
462 574
463 549
464 515
464 517
464 569
464 500
464 539
464 482
465 539
465 553
465 557
466 524
466 546
466 484
467 589
467 572
467 467
468 532
468 563
468 581
468 507
469 566
469 469
469 572
469 509
469 565
470 518
470 496
470 583
471 505
471 487
472 584
472 472
472 512
472 497
473 522
474 575
474 483
474 474
475 505
475 475
475 487
476 476
476 543
477 540
477 541
477 530
477 510
477 532
478 549
478 587
478 479
479 521
479 587
480 580
481 586
481 485
482 569
482 499
482 515
482 500
483 576
484 524
484 531
484 546
485 535
485 512
485 485
486 539
486 553
486 557
486 598
486 548
487 551
487 597
487 505
487 494
488 538
488 506
488 568
488 508
489 527
489 599
489 489
489 558
490 575
490 490
491 514
491 520
492 513
492 492
492 574
493 582
494 529
494 562
494 591
494 494
494 497
495 523
495 519
495 570
495 588
496 513
496 518
496 596
496 529
497 497
498 527
498 578
498 577
498 599
498 558
498 500
499 517
499 499
500 515
500 517
500 569
501 522
501 538
501 579
501 508
501 506
502 534
502 555
502 528
502 547
502 504
503 600
503 528
503 534
503 511
504 534
504 555
504 580
504 504
505 505
506 538
506 506
507 532
507 536
507 542
507 563
507 510
508 545
508 508
509 565
509 566
509 572
509 509
510 530
510 541
511 528
511 534
511 547
511 580
511 511
512 586
513 513
514 520
514 514
515 569
515 517
515 515
516 595
516 561
516 584
516 564
517 547
518 518
518 596
519 519
519 570
519 588
519 523
519 526
521 585
521 549
521 587
522 590
523 570
523 526
524 546
524 531
525 533
525 554
525 525
525 535
526 570
526 588
527 563
527 577
527 594
527 599
527 554
528 534
528 580
528 547
528 528
529 582
529 529
529 562
530 541
530 530
530 540
531 583
532 559
532 563
532 536
532 532
532 581
532 543
533 554
533 533
533 568
533 552
534 555
534 552
534 547
535 535
535 552
535 556
535 574
535 554
536 536
536 581
536 559
537 539
537 537
537 557
537 598
538 545
539 598
539 539
539 573
539 553
539 557
540 541
541 541
542 543
542 581
542 585
542 559
543 581
543 563
543 543
544 597
544 590
544 544
545 579
546 546
547 555
547 580
548 573
548 548
548 553
548 598
550 567
550 571
550 560
551 597
552 574
552 554
553 598
553 573
556 556
556 574
557 557
558 558
558 594
558 578
558 599
559 581
559 563
559 585
560 575
560 583
561 595
562 582
563 585
564 595
564 584
564 564
565 572
566 576
566 572
566 589
567 567
567 600
567 571
568 568
568 595
568 584
570 588
571 600
572 589
573 573
573 598
573 586
575 583
576 576
577 594
577 578
577 599
578 578
578 594
580 580
581 585
582 582
583 592
584 595
589 589
592 592
594 599
595 595
597 597
