600 5366
1 76
1 578
1 88
1 128
1 482
1 26
1 456
1 383
1 465
1 419
1 184
1 518
1 1
1 99
1 267
1 271
1 536
1 570
1 493
1 381
2 12
2 479
2 600
2 295
2 368
2 460
2 304
2 217
2 236
2 2
2 384
2 104
2 329
2 344
2 140
2 35
2 300
2 314
2 458
2 213
3 252
3 277
3 498
3 364
3 139
3 517
3 249
3 506
3 286
3 133
3 98
3 24
3 550
3 357
3 184
3 538
3 359
4 434
4 296
4 413
4 420
4 349
4 592
4 311
4 395
4 389
4 96
4 313
4 188
4 253
4 264
4 8
4 208
4 291
4 84
5 421
5 393
5 540
5 524
5 346
5 5
5 108
5 126
5 18
5 216
5 103
5 215
5 265
5 591
5 426
5 471
5 353
5 109
5 151
6 64
6 558
6 534
6 312
6 318
6 25
6 23
6 576
6 92
6 239
6 302
6 268
6 62
6 376
6 460
6 10
6 398
6 201
6 207
6 219
6 227
7 450
7 520
7 446
7 171
7 237
7 7
7 250
7 333
7 461
7 573
7 143
7 541
7 175
7 188
7 43
7 225
8 379
8 146
8 182
8 40
8 438
8 499
8 474
8 225
8 112
8 372
8 203
8 584
8 468
8 457
8 532
8 174
8 176
8 177
8 319
8 449
9 451
9 173
9 116
9 226
9 274
9 572
9 55
9 79
9 588
9 232
9 164
9 581
9 60
9 9
9 436
9 99
10 90
10 39
10 519
10 318
10 376
10 239
10 268
10 525
10 219
10 207
10 302
10 558
10 534
10 19
10 92
10 366
11 258
11 322
11 136
11 27
11 20
11 451
11 459
11 151
11 158
11 321
11 341
11 292
11 316
11 46
11 26
11 273
11 281
11 162
11 291
11 110
12 382
12 328
12 479
12 213
12 384
12 12
12 300
12 35
12 295
12 567
12 600
12 236
12 116
12 140
12 304
13 265
13 394
13 524
13 426
13 540
13 103
13 345
13 393
13 421
13 417
13 346
13 215
13 108
13 362
13 562
13 331
14 135
14 411
14 243
14 531
14 19
14 370
14 14
14 415
14 122
14 598
14 125
14 543
14 244
14 131
14 182
14 585
15 514
15 386
15 15
15 387
15 336
15 332
15 462
15 508
15 500
15 71
15 444
15 21
15 82
15 585
15 64
15 68
15 198
15 86
15 230
16 439
16 259
16 134
16 65
16 214
16 160
16 242
16 328
16 163
16 496
16 80
16 200
16 221
16 596
16 69
16 418
16 186
16 66
16 196
16 352
17 423
17 232
17 257
17 396
17 399
17 400
17 38
17 157
17 247
17 120
17 251
17 262
17 276
17 568
17 336
17 492
17 497
18 265
18 393
18 394
18 103
18 353
18 39
18 471
18 216
18 524
18 540
18 345
18 417
18 22
18 159
18 426
18 93
19 528
19 243
19 125
19 122
19 378
19 543
19 135
19 67
19 546
19 598
19 411
19 370
19 445
19 99
19 531
19 415
19 161
19 182
19 585
19 348
19 235
20 284
20 269
20 281
20 110
20 451
20 27
20 299
20 158
20 20
20 324
20 162
20 291
20 441
20 151
20 292
20 316
20 322
21 387
21 500
21 336
21 514
21 508
21 68
21 123
21 386
21 230
21 199
21 64
21 452
21 231
21 565
21 198
21 590
21 534
21 116
22 265
22 216
22 108
22 39
22 126
22 103
22 524
22 109
22 426
22 421
22 93
22 22
22 221
22 540
22 215
22 353
22 362
23 519
23 268
23 525
23 398
23 201
23 219
23 92
23 534
23 239
23 23
23 227
23 558
23 478
23 318
23 62
23 576
23 207
24 544
24 133
24 517
24 139
24 404
24 277
24 406
24 416
24 252
24 263
24 510
24 98
24 550
24 71
24 538
24 286
24 106
24 364
24 511
24 434
25 187
25 519
25 525
25 576
25 92
25 376
25 179
25 201
25 268
25 256
25 239
25 558
25 318
25 561
25 302
25 219
25 227
25 366
26 260
26 267
26 271
26 536
26 482
26 383
26 578
26 69
26 430
26 97
26 184
26 218
26 169
26 570
26 88
26 493
27 258
27 273
27 269
27 324
27 27
27 110
27 61
27 292
27 46
27 151
27 322
27 51
27 162
27 291
27 299
27 451
27 454
28 278
28 89
28 481
28 580
28 377
28 284
28 54
28 28
28 206
28 494
28 505
28 356
28 81
28 584
28 32
28 75
28 347
28 489
28 312
29 272
29 537
29 266
29 535
29 409
29 30
29 522
29 467
29 405
29 289
29 523
29 29
29 240
29 420
29 36
29 435
30 522
30 523
30 266
30 272
30 537
30 289
30 467
30 36
30 255
30 554
30 535
30 488
30 78
30 305
30 180
31 325
31 146
31 148
31 130
31 410
31 597
31 544
31 469
31 476
31 526
31 529
31 594
31 31
31 310
31 297
31 427
31 575
31 211
31 484
32 235
32 278
32 356
32 501
32 599
32 494
32 489
32 32
32 83
32 284
32 481
32 206
32 538
32 75
32 485
33 73
33 521
33 153
33 197
33 503
33 545
33 323
33 363
33 45
33 33
33 115
33 491
33 114
33 383
33 559
33 433
33 306
33 50
33 564
33 57
33 582
33 127
33 272
34 74
34 257
34 262
34 399
34 400
34 403
34 407
34 283
34 157
34 38
34 497
34 507
34 34
34 577
34 568
34 492
34 374
35 213
35 35
35 189
35 314
35 217
35 104
35 384
35 329
35 327
35 458
35 236
35 284
35 226
36 523
36 266
36 405
36 535
36 409
36 78
36 36
36 554
36 522
36 180
36 435
36 114
36 488
36 372
37 521
37 545
37 37
37 153
37 571
37 50
37 115
37 564
37 197
37 127
37 45
37 323
37 472
37 454
37 433
37 306
37 363
37 114
37 503
38 262
38 400
38 403
38 276
38 283
38 369
38 365
38 257
38 247
38 120
38 492
38 251
38 481
38 568
38 121
38 507
39 394
39 421
39 524
39 346
39 393
39 93
39 353
39 103
39 426
39 540
39 108
39 126
39 471
39 216
40 68
40 532
40 293
40 169
40 474
40 112
40 177
40 176
40 499
40 438
40 245
40 308
40 203
40 400
40 563
40 319
40 468
40 225
40 486
41 132
41 138
41 141
41 154
41 539
41 487
41 432
41 222
41 595
41 477
41 424
41 355
41 72
41 561
41 435
41 552
41 178
41 52
41 181
41 591
42 515
42 131
42 391
42 137
42 279
42 287
42 422
42 423
42 170
42 586
42 49
42 194
42 156
42 502
42 338
42 325
42 330
42 343
43 333
43 147
43 573
43 450
43 335
43 43
43 317
43 175
43 171
43 358
43 542
43 250
43 575
43 557
43 583
43 257
43 477
44 154
44 424
44 560
44 190
44 44
44 432
44 178
44 552
44 181
44 72
44 355
44 487
44 477
44 383
44 595
44 354
45 521
45 545
45 363
45 472
45 115
45 503
45 559
45 114
45 433
45 197
45 571
45 323
45 314
45 50
45 582
45 491
46 269
46 281
46 158
46 162
46 291
46 292
46 299
46 136
46 151
46 459
46 341
46 324
46 513
46 316
46 61
46 322
46 110
46 180
47 388
47 412
47 119
47 145
47 58
47 350
47 390
47 205
47 375
47 371
47 234
47 360
47 107
47 408
47 192
47 439
47 442
47 351
47 233
48 413
48 420
48 367
48 264
48 516
48 434
48 210
48 587
48 48
48 349
48 592
48 74
48 389
48 236
48 311
48 313
48 202
48 466
48 400
48 308
49 385
49 131
49 402
49 287
49 423
49 194
49 513
49 325
49 49
49 515
49 172
49 170
49 108
49 320
49 502
49 379
50 559
50 433
50 306
50 115
50 571
50 491
50 127
50 545
50 472
50 323
50 57
50 412
50 582
50 363
50 440
51 469
51 141
51 154
51 539
51 560
51 178
51 595
51 181
51 477
51 561
51 84
51 138
51 487
51 511
51 52
51 190
51 222
52 141
52 424
52 552
52 595
52 52
52 539
52 432
52 477
52 84
52 561
52 178
52 210
52 181
52 354
53 259
53 418
53 80
53 53
53 196
53 66
53 352
53 221
53 214
53 463
53 229
53 160
53 298
53 347
53 596
54 284
54 356
54 347
54 599
54 206
54 501
54 377
54 457
54 89
54 81
54 494
54 254
54 117
54 431
54 580
54 83
54 481
54 485
54 489
55 129
55 530
55 164
55 173
55 436
55 454
55 455
55 116
55 294
55 99
55 167
55 113
55 572
55 288
55 226
55 232
56 262
56 403
56 407
56 283
56 492
56 365
56 400
56 369
56 251
56 120
56 507
56 497
56 257
56 247
56 123
56 568
56 374
56 121
57 521
57 306
57 323
57 472
57 127
57 503
57 545
57 57
57 582
57 571
57 564
57 259
57 197
57 344
57 468
58 390
58 388
58 145
58 408
58 412
58 223
58 351
58 205
58 350
58 360
58 102
58 119
58 371
58 121
58 233
58 234
58 186
59 392
59 159
59 290
59 301
59 443
59 589
59 241
59 428
59 577
59 338
59 285
59 187
59 340
59 326
59 533
59 63
59 73
59 464
59 183
60 126
60 129
60 530
60 164
60 294
60 173
60 581
60 116
60 588
60 436
60 455
60 226
60 574
60 90
60 85
60 113
61 258
61 151
61 158
61 292
61 316
61 162
61 299
61 110
61 324
61 269
61 61
61 315
61 95
62 268
62 534
62 558
62 302
62 179
62 312
62 92
62 525
62 519
62 239
62 318
62 62
62 201
62 207
63 548
63 305
63 187
63 443
63 569
63 509
63 338
63 392
63 290
63 63
63 577
63 464
63 118
63 326
63 589
64 514
64 387
64 331
64 590
64 336
64 231
64 64
64 462
64 199
64 86
64 386
64 452
64 68
64 198
64 71
64 508
65 259
65 134
65 160
65 298
65 186
65 214
65 66
65 163
65 463
65 418
65 80
65 191
65 200
65 251
65 328
65 596
65 229
65 496
65 242
66 259
66 134
66 160
66 163
66 298
66 186
66 196
66 418
66 352
66 242
66 80
66 227
66 70
66 596
66 229
66 154
67 543
67 182
67 447
67 67
67 235
67 546
67 244
67 531
67 445
67 122
67 475
67 411
67 209
67 598
67 348
67 243
67 125
68 514
68 452
68 462
68 332
68 123
68 68
68 199
68 71
68 82
68 444
68 198
68 331
68 86
69 506
69 518
69 267
69 271
69 430
69 184
69 570
69 218
69 260
69 482
69 465
69 536
69 97
69 205
69 380
69 381
70 86
70 134
70 163
70 186
70 221
70 242
70 418
70 463
70 298
70 328
70 70
70 160
70 488
70 200
70 80
70 496
71 387
71 452
71 198
71 199
71 590
71 332
71 82
71 514
71 336
71 231
71 330
71 480
71 230
71 500
72 552
72 178
72 190
72 84
72 487
72 222
72 154
72 561
72 591
72 355
72 560
72 432
72 133
72 477
72 354
73 150
73 285
73 159
73 290
73 548
73 569
73 464
73 577
73 382
73 187
73 428
73 305
73 589
73 338
73 361
74 593
74 413
74 309
74 313
74 434
74 516
74 420
74 311
74 208
74 210
74 74
74 202
74 587
74 349
74 96
75 205
75 278
75 457
75 377
75 356
75 347
75 485
75 89
75 75
75 83
75 284
75 315
75 206
75 81
75 599
75 481
75 101
75 117
75 327
76 152
76 282
76 288
76 547
76 549
76 553
76 429
76 440
76 193
76 315
76 478
76 165
76 495
76 224
76 228
76 100
76 490
77 522
77 272
77 405
77 289
77 554
77 435
77 180
77 535
77 303
77 523
77 414
77 537
77 91
77 266
77 469
77 78
77 467
78 272
78 409
78 554
78 180
78 566
78 523
78 255
78 537
78 414
78 435
78 405
78 192
78 91
79 346
79 92
79 164
79 294
79 167
79 572
79 579
79 581
79 455
79 226
79 129
79 574
79 113
79 541
80 98
80 259
80 418
80 298
80 191
80 134
80 352
80 160
80 328
80 201
80 214
81 580
81 457
81 89
81 494
81 599
81 377
81 284
81 254
81 485
81 356
81 278
81 286
81 501
81 117
81 317
82 139
82 386
82 444
82 199
82 590
82 462
82 198
82 86
82 387
82 500
82 452
82 267
82 480
82 123
83 284
83 206
83 278
83 254
83 101
83 377
83 117
83 485
83 599
83 347
83 356
83 381
83 489
83 494
83 501
84 138
84 154
84 424
84 552
84 561
84 181
84 432
84 477
84 222
84 178
84 141
85 490
85 129
85 530
85 164
85 173
85 572
85 574
85 113
85 294
85 455
85 99
85 274
85 116
85 504
86 198
86 332
86 590
86 508
86 336
86 444
86 480
86 500
86 452
86 387
86 231
86 201
87 142
87 527
87 280
87 441
87 192
87 470
87 556
87 448
87 183
87 168
87 94
87 248
87 155
87 195
87 444
87 90
87 124
87 547
87 437
87 149
88 260
88 271
88 536
88 419
88 570
88 456
88 465
88 430
88 380
88 97
88 518
88 184
88 265
88 493
88 383
89 284
89 206
89 599
89 89
89 457
89 505
89 481
89 377
89 101
89 427
89 485
89 254
90 280
90 168
90 556
90 183
90 470
90 220
90 504
90 155
90 397
90 527
90 124
90 94
90 453
90 292
90 537
91 405
91 535
91 414
91 303
91 435
91 566
91 554
91 289
91 240
91 266
91 467
91 255
91 218
91 488
91 200
91 399
92 356
92 519
92 398
92 312
92 227
92 534
92 207
92 219
92 179
92 376
92 256
93 443
93 143
93 394
93 524
93 540
93 426
93 471
93 216
93 346
93 265
93 109
93 174
93 353
93 362
93 179
94 397
94 280
94 155
94 555
94 562
94 448
94 453
94 204
94 248
94 527
94 124
94 470
94 328
94 269
95 258
95 136
95 273
95 151
95 291
95 95
95 341
95 269
95 324
95 162
95 459
95 281
95 344
96 516
96 264
96 413
96 420
96 296
96 311
96 208
96 466
96 349
96 389
96 313
96 202
96 477
96 267
97 397
97 267
97 578
97 209
97 465
97 518
97 381
97 128
97 482
97 271
97 260
97 240
97 380
98 404
98 538
98 249
98 98
98 139
98 106
98 286
98 357
98 506
98 364
98 359
98 498
98 246
98 252
99 129
99 164
99 167
99 579
99 226
99 530
99 436
99 581
99 274
99 324
99 232
99 116
100 115
100 288
100 547
100 165
100 429
100 431
100 228
100 193
100 339
100 152
100 282
100 512
100 100
100 490
100 495
100 373
101 206
101 481
101 356
101 457
101 254
101 377
101 599
101 347
101 101
101 489
101 446
101 494
102 390
102 144
102 408
102 412
102 307
102 439
102 337
102 350
102 223
102 442
102 119
102 351
102 360
102 243
102 371
102 314
103 265
103 393
103 417
103 426
103 471
103 216
103 346
103 353
103 421
103 164
103 362
103 126
104 287
104 250
104 327
104 458
104 104
104 166
104 479
104 213
104 149
104 189
104 460
104 113
104 384
105 152
105 282
105 549
105 429
105 440
105 193
105 478
105 437
105 553
105 547
105 165
105 315
105 224
105 310
105 376
105 373
105 217
106 415
106 133
106 517
106 139
106 404
106 277
106 286
106 357
106 263
106 246
106 506
106 406
106 427
106 364
106 510
106 109
106 429
107 390
107 144
107 145
107 408
107 307
107 439
107 442
107 205
107 337
107 351
107 360
107 233
107 371
107 440
107 111
108 524
108 417
108 421
108 345
108 346
108 215
108 353
108 362
108 265
108 598
108 109
108 126
109 265
109 393
109 394
109 540
109 417
109 421
109 216
109 345
109 353
109 471
109 126
110 136
110 269
110 151
110 281
110 158
110 291
110 292
110 322
110 459
110 318
110 430
111 390
111 388
111 145
111 408
111 307
111 119
111 351
111 337
111 350
111 111
111 375
111 234
111 207
112 261
112 293
112 177
112 563
112 308
112 449
112 474
112 225
112 372
112 499
112 245
112 174
112 431
112 190
113 481
113 129
113 530
113 294
113 173
113 454
113 232
113 116
113 164
113 306
114 521
114 545
114 564
114 197
114 344
114 491
114 363
114 238
114 503
114 323
114 153
114 152
114 115
115 153
115 545
115 559
115 433
115 582
115 238
115 344
115 571
115 127
115 503
116 551
116 129
116 436
116 579
116 581
116 455
116 530
116 591
116 354
117 509
117 278
117 284
117 580
117 457
117 347
117 481
117 206
117 254
117 505
117 195
117 377
117 128
117 523
117 140
118 261
118 532
118 293
118 308
118 438
118 449
118 584
118 468
118 225
118 245
118 177
118 372
118 174
118 487
119 338
119 390
119 144
119 408
119 307
119 442
119 205
119 337
119 351
119 233
119 371
120 528
120 257
120 262
120 396
120 400
120 403
120 407
120 492
120 365
120 369
120 374
120 321
120 121
121 257
121 400
121 403
121 407
121 492
121 369
121 374
121 251
121 497
121 283
121 466
122 528
122 531
122 543
122 161
122 546
122 182
122 585
122 445
122 122
122 125
122 586
122 235
122 370
122 243
122 378
123 386
123 331
123 230
123 231
123 500
123 123
123 590
123 462
123 199
123 480
123 146
124 527
124 155
124 168
124 562
124 183
124 448
124 195
124 204
124 483
124 441
124 124
125 135
125 531
125 411
125 546
125 475
125 348
125 370
125 244
125 543
125 243
125 306
126 393
126 394
126 421
126 426
126 417
126 362
126 215
126 345
126 318
127 433
127 564
127 571
127 344
127 491
127 197
127 559
127 363
127 503
127 455
128 260
128 536
128 578
128 456
128 493
128 383
128 482
128 570
128 518
128 218
128 267
128 184
129 436
129 581
129 274
129 455
129 588
129 579
129 173
129 572
129 134
129 530
129 164
129 574
130 593
130 211
130 565
130 425
130 597
130 270
130 469
130 297
130 526
130 146
130 427
130 212
130 130
130 312
130 410
130 544
130 594
130 265
131 513
131 343
131 320
131 379
131 502
131 137
131 422
131 586
131 402
131 170
131 287
131 279
131 333
131 275
131 156
132 573
132 541
132 335
132 317
132 533
132 333
132 583
132 557
132 473
132 450
132 143
132 175
132 446
132 342
132 147
132 171
132 461
132 237
133 526
133 404
133 263
133 249
133 364
133 277
133 506
133 416
133 510
133 550
133 359
133 254
133 517
133 406
133 357
133 498
133 511
133 541
134 224
134 596
134 259
134 463
134 196
134 418
134 160
134 134
134 214
134 392
134 163
134 298
134 191
134 328
134 221
134 496
134 177
134 499
135 447
135 235
135 546
135 135
135 585
135 244
135 182
135 415
135 411
135 528
135 378
135 201
135 531
135 161
135 475
135 348
135 370
136 258
136 299
136 321
136 459
136 324
136 151
136 162
136 273
136 281
136 136
136 269
136 194
136 291
137 385
137 513
137 391
137 423
137 170
137 422
137 502
137 194
137 515
137 343
137 172
137 402
137 540
137 275
137 287
137 325
138 413
138 595
138 138
138 477
138 561
138 432
138 560
138 154
138 355
138 539
138 552
138 331
138 141
138 424
138 190
138 222
139 517
139 263
139 359
139 139
139 246
139 404
139 277
139 506
139 538
139 286
139 406
139 550
139 252
139 432
140 600
140 149
140 166
140 401
140 189
140 213
140 295
140 384
140 567
140 314
140 368
140 329
140 300
140 304
140 327
140 458
141 418
141 595
141 154
141 141
141 178
141 560
141 539
141 181
141 424
141 314
141 552
141 354
141 487
142 397
142 441
142 483
142 555
142 183
142 280
142 195
142 142
142 527
142 204
142 448
142 562
142 447
142 192
142 470
142 220
142 504
143 370
143 545
143 143
143 557
143 573
143 171
143 450
143 335
143 520
143 317
143 175
143 147
143 533
143 541
143 461
143 333
143 358
143 444
144 390
144 388
144 350
144 307
144 223
144 375
144 144
144 371
144 408
144 234
144 159
144 412
144 351
144 360
144 233
144 403
145 388
145 350
145 223
145 375
145 351
145 205
145 360
145 371
145 439
145 145
145 568
145 412
145 442
145 337
145 233
145 234
146 270
146 529
146 484
146 565
146 469
146 476
146 148
146 597
146 526
146 575
146 334
146 427
146 410
146 551
146 425
146 211
146 212
147 520
147 473
147 147
147 450
147 171
147 335
147 573
147 461
147 250
147 446
147 175
147 298
147 533
147 541
148 270
148 427
148 526
148 544
148 565
148 148
148 476
148 594
148 597
148 212
148 529
148 378
148 425
148 575
148 593
148 469
148 321
149 578
149 460
149 217
149 213
149 236
149 149
149 304
149 567
149 600
149 300
149 314
149 327
149 166
150 569
150 392
150 290
150 509
150 464
150 159
150 548
150 340
150 301
150 361
150 187
150 338
150 382
150 571
150 285
150 428
150 305
150 443
150 326
151 158
151 324
151 292
151 321
151 273
151 269
151 162
151 341
151 281
151 291
151 299
151 459
152 348
152 315
152 553
152 547
152 429
152 224
152 165
152 512
152 495
152 193
152 440
152 362
152 288
152 549
152 431
152 437
152 373
153 521
153 197
153 564
153 153
153 472
153 323
153 238
153 582
153 559
153 306
153 363
153 567
153 344
153 367
154 408
154 525
154 424
154 591
154 190
154 354
154 181
154 539
154 432
154 222
155 397
155 280
155 504
155 195
155 470
155 555
155 483
155 556
155 441
155 204
155 248
155 220
155 466
155 562
155 183
155 192
155 453
155 263
155 329
156 385
156 391
156 402
156 275
156 287
156 194
156 515
156 502
156 343
156 320
156 172
156 379
156 422
156 389
156 170
156 586
156 330
156 297
157 257
157 262
157 396
157 276
157 407
157 251
157 369
157 497
157 568
157 507
157 365
157 400
157 265
158 341
158 291
158 459
158 321
158 162
158 273
158 324
158 451
158 160
158 292
158 299
158 316
158 322
159 285
159 443
159 509
159 305
159 361
159 464
159 241
159 569
159 159
159 428
159 360
159 290
159 548
159 187
159 577
159 326
159 589
160 328
160 200
160 259
160 352
160 196
160 186
160 463
160 191
160 298
160 410
160 418
160 496
160 242
161 411
161 585
161 445
161 598
161 378
161 447
161 531
161 235
161 546
161 348
161 244
161 450
161 370
162 264
162 269
162 281
162 459
162 258
162 341
162 324
162 363
162 291
162 292
163 527
163 414
163 596
163 242
163 463
163 214
163 221
163 298
163 196
163 418
163 539
163 186
163 191
163 200
163 352
163 229
164 274
164 530
164 588
164 232
164 572
164 294
164 277
164 167
164 173
164 436
164 579
164 181
165 290
165 282
165 512
165 553
165 495
165 288
165 310
165 339
165 437
165 478
165 431
165 429
165 594
165 440
165 224
165 490
165 373
166 401
166 166
166 295
166 213
166 458
166 479
166 314
166 217
166 368
166 189
166 329
166 511
166 300
166 567
167 274
167 530
167 173
167 167
167 232
167 455
167 579
167 588
167 294
167 436
167 353
167 574
168 343
168 442
168 397
168 280
168 183
168 556
168 441
168 448
168 453
168 195
168 248
168 483
168 593
168 562
168 504
168 199
168 260
169 489
169 261
169 293
169 372
169 319
169 176
169 225
169 203
169 468
169 438
169 499
169 245
169 231
169 174
169 449
169 486
170 513
170 515
170 391
170 287
170 423
170 343
170 172
170 170
170 275
170 320
170 408
170 330
171 520
171 542
171 250
171 446
171 450
171 541
171 317
171 175
171 237
171 333
171 456
171 557
171 461
172 275
172 287
172 422
172 279
172 330
172 379
172 423
172 343
172 320
172 172
172 365
172 194
172 546
173 274
173 530
173 436
173 455
173 232
173 588
173 408
173 579
173 581
173 454
174 293
174 245
174 486
174 499
174 203
174 261
174 449
174 468
174 372
174 308
174 584
174 548
174 176
174 563
174 438
175 533
175 542
175 250
175 342
175 473
175 450
175 333
175 520
175 599
175 446
175 583
176 248
176 261
176 532
176 293
176 584
176 468
176 499
176 372
176 319
176 486
176 352
176 177
176 203
177 398
177 261
177 474
177 319
177 225
177 293
177 203
177 532
177 308
177 486
177 584
177 245
178 557
178 424
178 561
178 591
178 487
178 178
178 552
178 355
178 566
178 181
179 519
179 268
179 525
179 398
179 534
179 318
179 201
179 239
179 302
179 558
179 376
179 312
179 576
179 256
179 396
180 522
180 523
180 405
180 554
180 409
180 488
180 414
180 289
180 266
180 537
180 566
180 240
181 539
181 424
181 560
181 552
181 591
181 222
181 190
181 432
181 354
181 355
182 528
182 411
182 543
182 598
182 370
182 445
182 182
182 585
182 475
183 502
183 397
183 555
183 220
183 556
183 470
183 453
183 280
183 441
183 448
183 195
183 483
184 484
184 246
184 260
184 518
184 267
184 271
184 536
184 419
184 456
184 493
184 199
185 526
185 270
185 529
185 544
185 551
185 297
185 427
185 185
185 334
185 476
185 469
185 593
185 484
185 441
185 575
185 211
186 464
186 418
186 196
186 298
186 191
186 221
186 200
186 328
186 596
186 214
186 496
187 392
187 548
187 428
187 301
187 187
187 361
187 382
187 589
187 290
187 340
187 443
187 326
187 241
187 540
188 516
188 264
188 413
188 420
188 188
188 592
188 296
188 395
188 313
188 587
188 367
188 311
188 445
188 210
188 253
189 589
189 401
189 384
189 327
189 368
189 217
189 236
189 295
189 460
189 189
189 227
189 213
189 479
190 424
190 561
190 595
190 539
190 222
190 432
190 355
190 477
190 591
191 221
191 191
191 352
191 496
191 214
191 229
191 463
191 328
191 594
191 196
191 200
192 397
192 527
192 280
192 556
192 192
192 562
192 204
192 504
192 555
192 342
192 195
192 453
192 417
192 227
193 427
193 592
193 210
193 288
193 547
193 549
193 553
193 315
193 339
193 431
193 512
193 251
193 490
193 495
194 515
194 391
194 402
194 275
194 279
194 320
194 513
194 287
194 385
194 270
194 325
194 379
194 573
195 280
195 555
195 453
195 204
195 448
195 195
195 248
195 249
195 220
195 483
196 323
196 342
196 418
196 242
196 221
196 298
196 573
197 564
197 571
197 344
197 582
197 491
197 559
197 433
197 363
197 254
197 238
198 296
198 386
198 387
198 452
198 508
198 336
198 230
198 331
198 454
198 590
198 231
199 453
199 485
199 514
199 387
199 230
199 480
199 590
199 500
199 444
199 331
199 462
199 336
199 231
199 508
200 305
200 259
200 214
200 242
200 596
200 328
200 418
200 229
200 496
201 511
201 519
201 558
201 302
201 525
201 366
201 318
201 398
201 207
201 219
201 256
202 529
202 594
202 389
202 264
202 395
202 420
202 296
202 434
202 309
202 313
202 587
202 253
202 205
202 210
202 349
203 532
203 563
203 438
203 293
203 319
203 225
203 449
203 486
203 407
204 397
204 527
204 280
204 248
204 448
204 470
204 562
204 220
204 578
204 274
205 388
205 442
205 375
205 337
205 205
205 223
205 351
205 390
206 278
206 284
206 580
206 501
206 377
206 494
206 599
206 582
206 485
207 519
207 268
207 525
207 398
207 576
207 219
207 534
207 558
207 380
207 227
207 239
208 516
208 264
208 420
208 309
208 296
208 311
208 367
208 208
208 466
208 389
208 305
208 349
209 260
209 518
209 419
209 465
209 536
209 493
209 430
209 383
209 271
209 578
209 456
209 218
209 376
209 482
210 516
210 420
210 296
210 309
210 466
210 264
210 311
210 413
210 253
210 592
210 316
210 218
211 551
211 297
211 427
211 565
211 334
211 593
211 270
211 476
211 211
211 540
212 410
212 544
212 297
212 575
212 334
212 594
212 565
212 425
212 212
212 593
212 390
212 476
213 463
213 300
213 304
213 458
213 368
213 600
213 460
213 386
213 236
214 328
214 596
214 298
214 259
214 463
214 390
215 265
215 393
215 394
215 524
215 471
215 216
215 345
215 346
215 421
215 540
215 414
215 362
216 524
216 394
216 346
216 417
216 353
216 345
216 314
216 362
217 384
217 314
217 236
217 479
217 460
217 458
217 567
217 217
218 548
218 260
218 518
218 271
218 430
218 218
218 493
218 381
218 456
218 570
218 482
219 525
219 398
219 558
219 302
219 318
219 576
219 366
219 256
219 329
219 227
219 376
219 255
220 555
220 556
220 562
220 448
220 470
220 248
220 397
220 220
220 483
220 473
221 281
221 259
221 298
221 463
221 242
221 526
221 352
221 229
221 496
222 424
222 561
222 432
222 591
222 487
222 560
222 544
222 354
223 390
223 388
223 408
223 439
223 442
223 337
223 351
223 375
223 412
223 395
223 233
223 234
223 311
224 282
224 547
224 553
224 437
224 478
224 549
224 490
224 429
224 310
224 224
224 373
225 261
225 563
225 308
225 486
225 468
225 372
225 293
226 307
226 583
226 366
226 274
226 530
226 572
226 574
226 455
226 588
227 519
227 525
227 312
227 318
227 576
227 558
227 268
227 376
227 536
228 513
228 282
228 288
228 553
228 429
228 437
228 440
228 339
228 310
228 228
228 431
228 292
228 490
228 373
228 380
229 259
229 298
229 463
229 596
229 352
229 418
229 328
229 537
229 496
230 386
230 444
230 332
230 336
230 514
230 331
230 452
230 480
230 447
230 500
231 386
231 444
231 452
231 331
231 462
231 480
231 387
231 577
231 508
232 302
232 436
232 574
232 579
232 581
232 454
232 294
233 412
233 307
233 442
233 351
233 439
233 390
233 360
233 480
233 234
233 371
234 408
234 412
234 307
234 442
234 337
234 439
234 350
234 375
234 485
235 528
235 411
235 415
235 445
235 585
235 598
235 475
235 348
235 447
235 243
235 244
235 507
236 401
236 304
236 327
236 329
236 458
236 460
236 265
237 350
237 280
237 541
237 542
237 446
237 583
237 335
237 317
237 520
237 450
237 473
237 284
238 306
238 564
238 571
238 472
238 344
238 491
238 503
238 363
238 521
238 559
238 426
238 516
238 561
239 519
239 268
239 525
239 312
239 239
239 302
239 463
239 376
240 571
240 493
240 523
240 266
240 409
240 537
240 414
240 289
240 554
240 405
240 576
241 392
241 285
241 290
241 548
241 428
241 301
241 569
241 443
241 589
241 340
241 577
241 488
241 563
242 418
242 298
242 496
242 242
242 553
243 531
243 415
243 543
243 447
243 585
243 598
243 370
243 378
243 528
243 355
244 411
244 415
244 543
244 445
244 447
244 475
244 370
244 244
245 261
245 532
245 563
245 438
245 319
245 584
245 468
245 486
245 517
246 263
246 277
246 406
246 538
246 286
246 364
246 498
246 249
246 416
246 357
246 517
246 252
246 510
247 257
247 262
247 399
247 400
247 276
247 407
247 497
247 374
247 369
247 507
247 365
247 597
248 280
248 555
248 448
248 504
248 453
248 556
248 470
248 483
249 517
249 263
249 404
249 416
249 364
249 498
249 249
249 550
249 392
249 252
249 510
249 511
250 557
250 317
250 446
250 583
250 333
250 335
250 250
250 358
251 392
251 257
251 396
251 400
251 403
251 276
251 507
251 369
251 539
252 517
252 406
252 416
252 550
252 364
252 498
252 510
252 359
252 479
252 511
253 389
253 296
253 309
253 311
253 592
253 434
253 516
253 587
253 264
253 313
253 550
254 391
254 278
254 347
254 481
254 505
254 501
254 316
255 351
255 522
255 523
255 405
255 535
255 409
255 414
255 435
255 266
255 289
255 566
256 428
256 268
256 398
256 534
256 558
256 318
256 525
256 376
256 576
256 363
257 399
257 407
257 507
257 283
257 262
257 257
257 396
257 400
257 403
257 276
257 568
257 492
257 374
258 258
258 281
258 299
258 316
258 273
258 321
258 341
258 451
258 330
258 291
258 459
259 596
259 298
259 259
259 352
259 591
260 570
260 465
260 381
260 419
260 456
260 536
260 383
260 380
260 518
260 267
260 430
260 578
260 493
261 563
261 584
261 438
261 449
261 468
261 319
261 261
261 532
261 293
261 308
261 474
261 372
262 374
262 400
262 262
262 568
262 497
262 276
262 419
262 399
262 283
262 492
262 369
263 498
263 511
263 359
263 416
263 277
263 517
263 510
263 364
263 538
263 506
263 404
263 406
264 389
264 516
264 420
264 592
264 434
264 466
264 313
264 413
264 367
264 296
264 309
264 349
264 394
265 543
265 421
265 540
265 265
265 345
265 346
265 394
265 524
265 417
266 582
266 419
266 522
266 409
266 272
266 303
266 535
266 523
266 537
266 488
266 266
266 405
266 414
266 289
267 570
267 578
267 430
267 456
267 381
267 536
267 380
267 419
267 465
267 383
267 409
268 302
268 576
268 312
268 534
268 268
268 371
268 525
268 398
268 318
269 364
269 332
269 299
269 321
269 281
269 451
269 459
269 273
269 341
269 291
269 292
269 316
269 322
270 526
270 594
270 529
270 484
270 425
270 544
270 297
270 597
270 270
270 593
271 315
271 518
271 380
271 381
271 419
271 456
271 578
271 570
271 351
271 430
271 465
271 482
271 493
272 523
272 554
272 405
272 535
272 566
272 303
272 537
272 488
272 414
272 289
272 435
272 467
273 393
273 459
273 322
273 299
273 316
273 324
273 321
273 451
273 519
274 371
274 519
274 459
274 574
274 436
274 588
274 581
274 579
274 294
274 455
275 391
275 275
275 515
275 402
275 379
275 502
275 385
275 586
275 365
275 287
275 325
275 343
275 488
276 322
276 403
276 396
276 276
276 365
276 399
276 369
276 559
276 407
276 283
276 497
277 517
277 404
277 416
277 359
277 538
277 550
277 286
277 326
277 406
277 357
277 510
277 511
278 501
278 489
278 599
278 278
278 481
278 580
278 494
278 303
278 284
278 457
278 347
278 356
278 505
279 515
279 379
279 402
279 330
279 422
279 502
279 586
279 385
279 325
279 343
279 423
279 494
279 287
279 581
280 397
280 483
280 448
280 453
280 555
280 556
281 341
281 292
281 322
281 451
281 299
281 321
281 579
282 288
282 373
282 512
282 431
282 310
282 429
282 478
282 495
282 282
282 553
282 339
282 401
283 396
283 400
283 365
283 283
283 497
283 369
283 403
283 598
283 374
284 494
284 377
284 580
284 485
284 457
284 599
284 356
284 347
284 481
284 431
285 392
285 326
285 428
285 443
285 589
285 305
285 382
285 548
285 509
285 285
285 577
285 570
286 538
286 359
286 510
286 550
286 406
286 416
286 286
286 597
286 511
286 501
287 513
287 391
287 515
287 385
287 402
287 423
287 320
287 330
287 494
288 437
288 315
288 547
288 495
288 512
288 288
288 440
288 454
288 549
288 431
288 310
288 339
289 590
289 535
289 537
289 488
289 409
289 303
289 435
289 522
289 324
289 554
289 467
290 392
290 326
290 589
290 305
290 464
290 361
290 569
290 382
290 509
290 428
290 443
290 577
290 338
290 340
291 448
291 451
291 459
292 324
292 341
292 451
293 389
293 319
293 293
293 372
293 308
293 468
293 589
293 563
293 474
294 530
294 454
294 572
294 579
294 455
294 294
294 436
294 588
294 411
294 574
294 581
295 295
295 314
295 401
295 600
295 458
295 567
295 304
295 368
295 329
295 593
295 300
295 460
296 516
296 367
296 311
296 434
296 349
296 420
296 296
296 313
296 592
297 529
297 544
297 425
297 526
297 334
297 427
297 565
297 551
297 575
297 476
298 555
298 418
298 463
298 476
299 299
299 316
299 459
299 469
299 322
300 462
300 401
300 327
300 479
300 567
300 329
300 368
300 574
300 304
301 392
301 548
301 428
301 340
301 305
301 382
301 509
301 569
301 301
301 480
301 326
301 596
302 378
302 398
302 534
302 558
302 376
302 366
302 519
302 312
302 318
302 568
303 405
303 409
303 537
303 414
303 303
303 435
303 523
303 488
303 470
303 467
304 401
304 600
304 567
304 304
304 368
304 399
304 327
304 329
304 458
304 460
305 548
305 428
305 340
305 305
305 509
305 464
305 361
305 443
305 577
306 559
306 491
306 472
306 306
306 571
306 545
306 598
306 564
306 582
306 503
307 390
307 388
307 408
307 412
307 375
307 337
307 350
307 439
307 351
307 360
308 585
308 468
308 372
308 449
308 499
308 486
308 438
308 474
309 389
309 516
309 395
309 413
309 434
309 313
309 592
309 367
309 587
309 581
309 349
310 547
310 429
310 437
310 339
310 478
310 310
310 553
310 315
310 512
310 450
310 490
311 389
311 516
311 413
311 420
311 434
311 592
311 313
311 466
311 395
312 519
312 398
312 534
312 558
312 318
312 576
312 539
313 395
313 413
313 420
313 587
313 313
313 389
313 520
314 314
314 327
314 384
314 329
314 458
315 547
315 549
315 553
315 429
315 431
315 339
315 373
315 495
315 440
315 478
315 512
316 324
316 459
316 322
316 341
316 451
317 533
317 541
317 317
317 461
317 557
317 342
317 520
317 542
317 473
317 358
318 376
318 398
318 576
319 388
319 532
319 449
319 372
319 468
319 563
319 597
319 474
320 385
320 513
320 515
320 423
320 502
320 402
320 586
320 590
320 325
320 339
321 569
321 550
321 451
321 321
321 324
321 322
322 324
322 341
322 368
323 521
323 545
323 559
323 433
323 564
323 323
323 344
323 363
324 426
324 562
325 385
325 391
325 402
325 422
325 586
325 502
325 513
325 379
325 353
326 443
326 577
326 338
326 382
326 340
326 428
326 526
326 335
327 401
327 567
327 600
327 479
327 460
328 375
328 463
328 328
328 352
328 596
328 496
329 567
329 384
329 600
329 368
329 458
329 479
330 513
330 515
330 343
330 330
330 423
330 391
330 379
330 499
330 510
331 411
331 514
331 387
331 444
331 332
331 331
331 480
331 336
331 365
332 514
332 387
332 444
332 500
332 590
332 332
332 386
332 462
332 336
332 508
333 520
333 533
333 573
333 450
333 557
333 461
333 350
333 358
334 526
334 410
334 544
334 425
334 427
334 565
334 575
334 593
334 597
334 459
334 512
335 520
335 541
335 542
335 446
335 583
335 461
335 335
335 573
335 358
336 514
336 386
336 387
336 444
336 452
336 591
336 508
336 482
337 442
337 371
337 412
337 360
337 408
337 350
337 388
337 482
337 351
338 392
338 428
338 589
338 464
338 361
338 338
338 382
339 549
339 553
339 478
339 490
339 339
339 440
340 428
340 569
340 577
340 464
340 361
340 443
340 589
340 484
340 509
340 382
341 524
341 362
341 576
341 347
342 521
342 542
342 557
342 573
342 583
342 520
342 473
342 342
342 533
343 513
343 402
343 422
343 379
343 391
344 559
344 433
344 564
344 571
344 521
344 491
344 472
344 590
344 363
345 385
345 515
345 394
345 540
345 362
345 524
345 345
345 514
346 393
346 524
346 421
346 346
346 540
347 580
347 457
347 599
347 494
347 501
347 356
347 360
347 485
347 489
347 505
348 411
348 543
348 546
348 598
348 475
348 447
348 528
348 585
349 395
349 516
349 592
349 413
349 587
349 497
349 367
350 390
350 442
350 360
350 351
350 375
350 388
350 408
351 408
351 439
351 360
352 418
352 463
352 496
352 565
353 524
353 421
353 362
353 540
353 426
353 393
354 406
354 505
354 560
354 432
354 591
354 487
354 424
355 539
355 552
355 561
355 355
355 432
355 559
356 580
356 457
356 481
356 485
356 489
356 494
356 501
357 538
357 550
357 364
357 359
357 517
357 506
357 510
357 357
357 395
357 511
358 533
358 542
358 573
358 446
358 520
358 450
358 358
358 541
358 441
359 406
359 550
359 359
359 364
359 416
359 551
360 439
360 412
360 442
360 394
361 392
361 548
361 569
361 589
361 464
361 361
361 509
362 394
362 417
362 471
362 540
362 426
363 545
363 559
363 433
363 564
363 521
363 498
363 446
364 404
364 406
364 506
364 498
364 510
364 511
364 424
365 395
365 396
365 399
365 403
365 492
365 497
365 374
366 377
366 519
366 525
366 398
366 534
366 576
366 376
366 366
367 516
367 395
367 413
367 587
367 466
367 434
367 592
368 401
368 460
368 600
368 479
368 458
369 399
369 407
369 568
369 492
369 374
369 405
370 528
370 415
370 447
370 598
370 543
370 475
371 388
371 408
371 412
371 442
371 439
372 532
372 563
372 499
372 438
373 553
373 431
373 490
373 478
373 547
373 440
373 524
373 512
374 396
374 399
374 492
374 507
374 491
375 390
375 388
375 412
375 439
375 442
375 387
376 534
376 558
376 487
377 457
377 481
377 580
377 494
378 411
378 415
378 546
378 445
378 447
378 475
378 378
379 385
379 513
379 515
379 586
380 419
380 570
380 465
380 381
380 430
380 482
380 536
381 518
381 430
381 456
381 493
381 381
382 392
382 569
382 509
382 428
382 548
382 445
383 430
383 570
383 578
383 465
383 493
383 536
383 423
384 401
384 460
384 458
384 567
384 600
384 472
385 423
385 515
385 513
385 402
385 586
385 502
385 391
385 422
386 514
386 500
386 452
386 386
386 387
386 508
386 421
386 462
387 514
387 452
387 444
387 387
387 462
387 508
388 390
388 408
388 439
388 412
388 442
389 538
389 434
389 592
389 389
389 395
389 420
389 516
389 466
390 439
390 408
390 432
390 412
390 442
391 515
391 502
391 402
391 513
391 422
391 423
392 569
392 443
392 548
392 464
392 589
392 428
392 577
392 565
393 425
393 421
393 393
393 540
393 426
393 524
393 478
394 524
394 540
394 471
395 516
395 466
395 395
395 592
395 413
395 587
396 400
396 568
396 403
396 407
396 396
396 497
397 527
397 483
397 470
397 448
397 453
397 562
397 556
397 441
397 504
398 525
398 398
398 558
398 534
399 492
399 399
399 568
399 507
399 400
399 403
399 407
399 584
400 549
400 407
400 568
400 507
401 458
401 401
401 479
401 460
401 567
402 515
402 402
402 513
402 586
402 463
402 423
402 556
403 503
403 507
403 497
403 407
403 492
404 416
404 538
404 404
404 406
404 467
404 511
405 522
405 554
405 467
405 409
405 488
405 414
405 433
405 535
405 435
406 517
406 511
406 506
406 416
406 550
406 498
406 466
407 407
407 568
408 412
409 522
409 467
409 537
409 409
409 554
409 414
409 566
410 526
410 529
410 425
410 484
410 544
410 410
410 476
410 597
410 593
410 445
411 528
411 531
411 585
411 598
411 543
411 546
411 445
411 475
412 439
412 540
413 420
413 587
413 466
413 434
413 592
414 523
414 535
414 414
414 566
414 435
415 531
415 445
415 415
415 546
415 543
415 585
415 475
416 538
416 506
416 517
416 510
416 498
416 566
416 511
417 524
417 471
417 540
417 426
417 421
417 417
417 535
418 418
418 463
418 596
418 496
419 518
419 536
419 465
419 456
419 419
419 430
419 570
419 578
420 466
420 516
420 430
420 520
421 471
421 426
421 436
421 566
422 513
422 422
422 515
422 449
422 586
422 486
423 515
423 513
423 502
423 586
424 560
424 539
424 595
424 552
424 432
425 551
425 594
425 425
425 593
425 597
425 529
425 565
425 484
425 554
426 540
426 524
426 471
427 544
427 575
427 529
427 469
427 526
427 594
427 565
427 476
428 548
428 428
428 443
428 464
429 549
429 429
429 431
429 495
429 440
429 490
430 518
430 570
430 456
430 482
430 465
431 471
431 549
431 553
431 437
431 495
431 478
432 552
432 561
432 539
432 560
432 477
433 521
433 545
433 503
433 559
433 571
433 581
433 564
433 582
433 472
433 491
434 516
434 587
434 434
434 592
435 522
435 523
435 537
435 566
435 435
435 467
436 588
436 454
436 579
436 503
436 572
436 581
436 455
437 547
437 553
437 495
437 512
437 437
437 478
437 490
437 440
438 522
438 563
438 584
438 486
438 449
438 472
439 439
439 442
440 549
440 495
440 440
440 512
440 490
441 556
441 562
441 527
441 504
441 483
441 453
441 441
441 448
442 574
443 569
443 509
443 577
443 589
444 514
444 500
444 452
444 444
444 462
445 543
445 528
445 546
445 447
445 598
446 520
446 542
446 541
446 473
447 528
447 531
447 546
447 598
447 447
447 549
447 585
448 555
448 562
448 483
448 527
448 453
448 470
448 452
449 532
449 563
449 449
449 519
449 499
450 520
450 541
450 542
450 557
450 533
450 538
451 451
452 514
452 452
452 500
452 590
452 462
452 480
452 508
452 458
453 527
453 555
453 556
453 562
453 504
453 600
454 558
454 530
454 572
454 574
454 579
454 588
454 455
455 572
455 574
455 467
456 536
456 570
456 482
456 499
457 475
457 580
457 489
457 505
457 494
457 566
457 599
457 485
457 572
458 600
458 460
459 479
460 567
460 600
460 485
461 533
461 541
461 583
461 557
461 473
461 461
461 523
462 508
462 500
462 514
463 596
464 569
464 577
464 589
464 509
465 518
465 536
465 482
465 561
465 493
466 516
466 587
467 522
467 566
467 554
467 467
467 488
468 532
468 584
468 563
468 474
468 552
469 526
469 529
469 551
469 593
469 594
469 565
469 484
469 476
470 527
470 555
470 556
470 562
470 504
470 535
471 564
471 524
471 540
472 521
472 545
472 582
472 571
472 491
472 472
472 503
472 533
473 520
473 541
473 557
473 573
473 473
473 542
474 480
474 532
474 563
474 486
474 474
475 531
475 546
475 528
475 598
476 565
476 597
476 476
476 515
477 539
477 560
477 595
477 487
478 547
478 549
478 553
478 478
479 483
479 567
479 600
480 531
480 514
480 508
480 480
481 599
481 580
481 505
481 501
482 536
482 578
482 570
482 493
483 555
483 527
483 504
484 544
484 597
484 529
484 593
484 551
484 575
485 580
485 599
485 505
485 595
486 532
486 563
486 499
487 539
487 560
487 591
487 491
488 523
488 535
488 554
489 504
489 580
489 501
489 599
489 505
490 547
490 549
491 559
491 521
491 545
491 577
492 492
492 515
493 518
494 505
495 547
495 553
495 540
495 512
496 585
497 507
497 497
498 517
498 506
498 510
498 550
498 546
499 532
499 563
500 514
500 507
501 577
501 580
501 505
502 515
502 513
502 517
503 521
503 545
503 564
503 571
504 527
504 555
504 556
505 580
505 599
505 505
506 517
506 511
506 550
507 568
508 522
509 548
509 589
510 517
510 511
512 549
512 553
513 515
513 513
513 586
514 590
515 586
516 592
516 587
517 550
517 538
518 578
518 536
518 518
519 534
519 525
519 558
520 520
520 541
520 533
520 542
520 583
521 582
521 571
521 559
521 545
522 535
522 523
522 554
522 522
522 537
522 566
523 598
523 537
523 535
524 580
525 525
525 534
526 526
526 594
526 529
526 575
526 565
526 593
526 551
527 562
527 555
527 556
527 527
528 531
528 543
528 585
528 598
528 528
528 546
528 542
529 565
529 593
529 597
529 575
529 544
529 529
529 551
529 559
530 579
530 530
530 588
530 572
530 585
531 543
531 585
531 546
532 573
532 563
532 584
533 533
533 542
533 557
533 583
534 576
534 558
535 566
535 537
536 536
536 570
536 578
537 537
537 566
537 554
538 538
538 550
539 539
539 591
539 552
539 560
539 595
540 553
541 557
541 583
541 542
541 573
542 542
542 573
543 585
543 598
544 575
544 594
544 551
545 559
545 582
545 571
546 598
547 547
548 589
550 550
551 575
551 565
551 551
551 597
551 594
552 560
552 552
552 595
552 561
554 597
554 566
555 556
556 562
557 557
557 573
557 583
557 560
558 558
558 576
559 559
559 571
559 582
560 591
560 560
560 561
561 595
561 591
562 562
563 584
564 582
565 586
565 593
565 575
567 567
569 589
569 569
569 577
570 578
572 574
572 581
572 579
573 573
573 583
574 574
574 588
575 593
575 575
576 576
577 577
579 581
579 588
583 583
584 584
587 592
587 587
587 600
587 599
588 588
590 590
593 597
594 594
594 597
595 595
