600 8582
1 564
1 112
1 336
1 193
1 1
1 6
1 531
1 257
1 588
1 199
1 330
1 214
1 439
1 15
1 379
1 47
1 485
1 5
1 559
1 70
1 493
1 289
1 436
1 301
1 169
1 61
1 347
1 269
1 403
2 101
2 440
2 550
2 42
2 579
2 45
2 530
2 38
2 194
2 308
2 394
2 328
2 246
2 36
2 380
2 258
2 445
2 334
2 435
2 358
2 117
2 2
2 216
2 137
2 442
2 583
2 201
2 323
2 40
3 160
3 385
3 318
3 127
3 405
3 239
3 142
3 3
3 275
3 151
3 244
3 7
3 555
3 123
3 11
3 469
3 367
3 141
3 278
3 510
3 444
3 497
3 63
3 148
3 350
3 381
3 258
3 83
3 110
4 513
4 51
4 85
4 292
4 171
4 310
4 220
4 114
4 40
4 495
4 252
4 93
4 422
4 533
4 377
4 426
4 19
4 352
4 537
4 304
4 256
4 4
4 211
4 468
4 31
4 547
4 95
4 505
5 257
5 439
5 336
5 327
5 531
5 15
5 559
5 199
5 330
5 588
5 193
5 61
5 70
5 56
5 6
5 112
5 214
5 5
5 485
5 47
5 369
5 467
5 144
5 555
5 20
5 478
5 511
5 18
5 155
6 6
6 330
6 56
6 327
6 169
6 214
6 485
6 193
6 588
6 70
6 493
6 531
6 15
6 257
6 564
6 559
6 61
6 439
6 47
6 301
6 440
6 404
6 199
6 112
6 455
6 76
6 408
6 496
6 463
6 407
7 473
7 182
7 385
7 516
7 151
7 444
7 555
7 361
7 318
7 7
7 278
7 381
7 510
7 142
7 123
7 350
7 228
7 405
7 469
7 244
7 415
7 98
7 121
7 141
7 275
7 127
7 369
7 426
7 234
8 331
8 517
8 521
8 406
8 427
8 267
8 305
8 8
8 558
8 124
8 478
8 371
8 332
8 436
8 472
8 71
8 26
8 136
8 132
8 217
8 536
8 545
8 334
8 357
8 527
8 293
8 311
8 218
8 359
8 66
8 333
9 387
9 546
9 159
9 223
9 46
9 498
9 446
9 580
9 221
9 196
9 190
9 487
9 376
9 96
9 265
9 208
9 561
9 374
9 35
9 569
9 556
9 9
9 436
9 289
9 284
9 259
9 326
9 473
9 462
10 336
10 522
10 329
10 491
10 181
10 403
10 571
10 69
10 10
10 335
10 346
10 383
10 50
10 581
10 496
10 202
10 247
10 468
10 441
10 462
10 525
10 399
10 591
10 484
10 277
10 562
10 55
10 225
10 504
10 249
11 15
11 177
11 385
11 516
11 350
11 510
11 318
11 11
11 127
11 361
11 278
11 142
11 275
11 141
11 228
11 405
11 469
11 367
11 123
11 444
11 139
11 575
11 453
11 151
11 239
11 381
11 541
11 121
12 538
12 571
12 174
12 131
12 389
12 115
12 323
12 98
12 582
12 453
12 53
12 464
12 25
12 526
12 404
12 200
12 12
12 341
12 238
12 577
12 600
12 121
12 508
12 509
12 161
12 451
12 338
12 357
13 438
13 302
13 312
13 500
13 44
13 419
13 108
13 143
13 237
13 433
13 321
13 158
13 454
13 195
13 118
13 482
13 578
13 177
13 488
13 13
13 503
13 93
13 575
13 75
13 450
13 446
13 311
13 212
13 168
13 72
14 68
14 134
14 133
14 138
14 534
14 313
14 150
14 499
14 121
14 116
14 170
14 415
14 14
14 497
14 168
14 413
14 349
14 429
14 524
14 393
14 421
14 526
14 183
14 263
14 542
14 51
14 105
14 206
14 213
15 257
15 336
15 564
15 559
15 199
15 112
15 327
15 330
15 379
15 70
15 61
15 531
15 15
15 439
15 485
15 193
15 47
15 214
15 407
15 277
15 169
15 56
15 588
15 493
15 141
15 583
15 520
16 316
16 241
16 139
16 345
16 538
16 197
16 320
16 473
16 126
16 16
16 63
16 67
16 402
16 599
16 372
16 476
16 209
16 101
16 17
16 420
16 401
16 600
16 127
16 248
16 76
16 79
16 484
16 212
16 415
17 180
17 139
17 101
17 76
17 345
17 197
17 401
17 320
17 591
17 67
17 17
17 473
17 63
17 501
17 126
17 470
17 599
17 372
17 402
17 79
17 107
17 429
17 464
17 209
17 476
17 224
17 350
17 115
17 397
17 533
18 29
18 271
18 583
18 264
18 520
18 144
18 465
18 18
18 481
18 58
18 587
18 104
18 281
18 75
18 97
18 291
18 34
18 354
18 88
18 37
18 90
18 313
18 260
18 155
18 344
18 382
18 255
18 512
19 376
19 165
19 132
19 533
19 352
19 537
19 85
19 252
19 43
19 422
19 495
19 426
19 40
19 377
19 95
19 310
19 256
19 93
19 304
19 114
19 292
19 227
19 330
19 414
19 31
19 547
19 171
20 513
20 100
20 430
20 166
20 563
20 586
20 219
20 59
20 474
20 366
20 107
20 92
20 65
20 443
20 249
20 20
20 250
20 596
20 549
20 306
20 479
20 195
20 86
20 27
20 77
20 231
20 368
20 292
21 472
21 131
21 389
21 404
21 21
21 453
21 338
21 25
21 451
21 216
21 200
21 582
21 577
21 53
21 464
21 526
21 161
21 357
21 98
21 243
21 341
21 130
21 471
21 369
21 323
21 600
21 238
21 115
21 593
21 426
21 375
21 144
21 354
22 433
22 546
22 395
22 398
22 276
22 83
22 84
22 411
22 230
22 109
22 565
22 87
22 73
22 286
22 41
22 343
22 184
22 363
22 572
22 30
22 449
22 32
22 247
22 508
22 591
22 24
22 287
22 399
22 222
22 168
23 67
23 513
23 514
23 129
23 386
23 263
23 140
23 598
23 459
23 113
23 466
23 23
23 340
23 552
23 91
23 509
23 492
23 224
23 182
23 207
23 294
23 378
23 448
23 166
23 535
23 278
23 363
23 282
23 309
23 203
24 279
24 571
24 395
24 268
24 398
24 184
24 83
24 572
24 565
24 449
24 30
24 87
24 73
24 230
24 286
24 24
24 363
24 343
24 84
24 276
24 479
24 188
24 92
24 109
24 406
24 600
24 511
24 110
25 420
25 540
25 131
25 389
25 216
25 464
25 577
25 357
25 338
25 200
25 526
25 243
25 600
25 115
25 404
25 582
25 25
25 98
25 453
25 584
25 206
25 73
25 161
25 323
25 451
25 341
25 423
26 180
26 514
26 132
26 517
26 521
26 136
26 267
26 406
26 536
26 332
26 71
26 436
26 311
26 427
26 527
26 26
26 472
26 305
26 293
26 359
26 464
26 579
26 384
26 558
26 478
26 206
26 240
26 270
27 65
27 27
27 92
27 563
27 250
27 479
27 549
27 596
27 443
27 107
27 366
27 210
27 331
27 368
27 77
27 59
27 219
27 474
27 306
27 586
27 260
27 191
27 506
27 166
27 430
27 249
27 499
27 171
27 352
27 319
28 260
28 137
28 153
28 29
28 227
28 251
28 475
28 452
28 548
28 28
28 301
28 289
28 506
28 545
28 48
28 241
28 315
28 347
28 78
28 253
28 295
28 363
28 355
28 449
28 290
28 368
28 64
29 461
29 387
29 260
29 137
29 467
29 545
29 315
29 48
29 475
29 452
29 506
29 29
29 301
29 78
29 347
29 227
29 165
29 290
29 241
29 289
29 107
29 562
29 548
29 295
29 251
29 253
29 571
29 572
29 73
29 147
29 226
30 61
30 561
30 63
30 244
30 395
30 268
30 398
30 276
30 411
30 343
30 184
30 84
30 82
30 572
30 565
30 230
30 83
30 41
30 287
30 449
30 296
30 511
30 72
30 32
30 87
30 33
31 48
31 318
31 533
31 93
31 95
31 171
31 547
31 114
31 352
31 40
31 252
31 310
31 43
31 256
31 377
31 292
31 495
31 304
31 85
31 375
31 42
31 566
31 248
31 426
31 220
32 395
32 268
32 398
32 276
32 411
32 286
32 287
32 32
32 84
32 109
32 343
32 449
32 230
32 73
32 83
32 41
32 363
32 572
32 184
32 234
32 353
32 391
32 565
32 82
32 87
32 175
32 81
32 164
33 262
33 397
33 529
33 282
33 285
33 392
33 211
33 399
33 574
33 365
33 593
33 33
33 592
33 437
33 314
33 523
33 511
33 432
33 309
33 49
33 222
33 502
33 483
33 74
33 463
33 212
33 189
34 454
34 253
34 220
34 515
34 264
34 520
34 144
34 155
34 88
34 90
34 104
34 587
34 512
34 291
34 362
34 255
34 75
34 37
34 97
34 34
34 321
34 263
34 157
34 465
34 481
34 354
35 387
35 265
35 284
35 412
35 159
35 35
35 196
35 590
35 96
35 569
35 190
35 223
35 487
35 376
35 546
35 46
35 556
35 208
35 498
35 561
35 372
35 80
35 503
35 446
35 221
35 367
35 334
36 446
36 378
36 258
36 394
36 530
36 380
36 328
36 36
36 117
36 42
36 308
36 194
36 440
36 45
36 583
36 442
36 358
36 246
36 435
36 579
36 551
36 128
36 184
36 38
36 550
36 445
36 201
36 334
36 527
36 507
36 89
37 452
37 181
37 515
37 281
37 291
37 97
37 382
37 481
37 104
37 362
37 75
37 58
37 155
37 354
37 587
37 144
37 255
37 512
37 264
37 520
37 199
37 99
37 459
37 465
37 344
37 88
38 466
38 394
38 530
38 579
38 45
38 334
38 248
38 117
38 550
38 42
38 194
38 445
38 328
38 358
38 380
38 308
38 442
38 583
38 201
38 258
38 573
38 161
38 144
38 440
38 164
39 197
39 123
39 442
39 272
39 146
39 152
39 280
39 431
39 540
39 64
39 183
39 568
39 369
39 235
39 502
39 188
39 187
39 178
39 428
39 39
39 102
39 105
39 534
39 387
39 174
39 575
39 198
39 584
39 537
40 196
40 533
40 537
40 547
40 422
40 426
40 93
40 40
40 375
40 495
40 304
40 310
40 43
40 292
40 95
40 252
40 85
40 114
40 312
40 174
40 171
40 220
40 256
41 56
41 163
41 554
41 268
41 398
41 411
41 286
41 287
41 84
41 87
41 363
41 343
41 82
41 572
41 73
41 184
41 449
41 230
41 276
41 169
41 203
41 106
41 495
41 154
42 295
42 258
42 530
42 550
42 308
42 45
42 445
42 117
42 380
42 440
42 248
42 328
42 246
42 334
42 583
42 394
42 201
42 435
42 358
42 389
42 206
42 141
42 442
42 194
42 579
42 304
43 143
43 373
43 441
43 584
43 533
43 537
43 547
43 292
43 422
43 426
43 114
43 93
43 495
43 377
43 85
43 220
43 252
43 352
43 304
43 316
43 326
43 100
43 171
43 310
43 256
43 106
44 143
44 158
44 419
44 578
44 503
44 450
44 108
44 461
44 44
44 321
44 118
44 179
44 312
44 302
44 177
44 488
44 195
44 438
44 433
44 482
44 85
44 260
44 446
44 454
44 237
44 500
44 508
44 113
44 311
44 213
45 118
45 258
45 530
45 550
45 435
45 246
45 442
45 45
45 380
45 583
45 248
45 334
45 308
45 358
45 201
45 328
45 579
45 540
45 327
45 185
45 440
45 445
45 194
45 286
45 178
45 243
45 392
45 377
45 560
46 559
46 387
46 265
46 412
46 159
46 556
46 569
46 46
46 561
46 190
46 580
46 223
46 546
46 498
46 376
46 374
46 196
46 96
46 446
46 383
46 597
46 486
46 590
46 208
46 487
46 267
47 257
47 531
47 559
47 379
47 327
47 112
47 199
47 61
47 193
47 336
47 493
47 214
47 56
47 588
47 485
47 564
47 47
47 206
47 50
47 582
47 439
47 70
47 330
47 269
47 558
47 313
48 260
48 137
48 153
48 545
48 290
48 548
48 165
48 295
48 301
48 48
48 315
48 253
48 452
48 289
48 251
48 227
48 455
48 475
48 467
48 162
48 174
48 78
48 347
48 241
48 506
48 357
48 238
49 69
49 178
49 262
49 523
49 397
49 399
49 529
49 282
49 541
49 222
49 592
49 511
49 437
49 365
49 432
49 49
49 285
49 574
49 463
49 211
49 359
49 263
49 80
49 314
50 522
50 525
50 277
50 202
50 181
50 383
50 491
50 69
50 247
50 468
50 335
50 581
50 504
50 571
50 403
50 55
50 462
50 329
50 496
50 225
50 354
50 227
50 554
50 562
50 441
50 390
51 79
51 140
51 474
51 198
51 558
51 134
51 393
51 524
51 534
51 150
51 542
51 429
51 116
51 128
51 355
51 421
51 168
51 51
51 121
51 170
51 536
51 325
51 349
51 497
51 499
52 130
52 259
52 388
52 528
52 162
52 167
52 298
52 172
52 176
52 180
52 351
52 360
52 316
52 163
52 477
52 326
52 68
52 570
52 557
52 457
52 120
52 52
52 211
52 524
52 192
52 204
52 417
52 242
53 251
53 131
53 389
53 526
53 404
53 161
53 200
53 341
53 98
53 582
53 238
53 577
53 464
53 357
53 115
53 243
53 338
53 600
53 216
53 451
53 275
53 547
53 444
53 323
54 448
54 427
54 309
54 310
54 261
54 390
54 266
54 407
54 551
54 307
54 122
54 54
54 189
54 325
54 505
54 60
54 86
54 186
54 62
54 494
54 384
54 183
54 515
54 454
54 317
54 206
54 99
54 490
54 240
54 507
55 356
55 522
55 277
55 562
55 462
55 335
55 468
55 55
55 181
55 441
55 403
55 383
55 525
55 571
55 225
55 69
55 202
55 496
55 329
55 394
55 576
55 82
55 581
55 346
55 504
56 257
56 531
56 169
56 559
56 336
56 56
56 70
56 193
56 214
56 112
56 330
56 61
56 439
56 327
56 493
56 485
56 379
56 175
56 596
56 199
56 588
56 158
56 454
56 405
56 266
56 354
57 270
57 147
57 532
57 539
57 156
57 157
57 297
57 303
57 283
57 576
57 242
57 456
57 103
57 324
57 89
57 544
57 81
57 57
57 589
57 414
57 458
57 561
57 464
57 153
57 319
58 346
58 292
58 515
58 520
58 144
58 155
58 291
58 587
58 362
58 104
58 512
58 281
58 344
58 58
58 97
58 255
58 481
58 88
58 90
58 250
58 513
58 287
58 354
58 205
59 528
59 202
59 462
59 549
59 430
59 306
59 474
59 368
59 250
59 443
59 219
59 479
59 231
59 586
59 331
59 107
59 77
59 166
59 59
59 195
59 314
59 162
59 65
59 210
59 596
59 92
60 241
60 212
60 261
60 390
60 266
60 307
60 384
60 494
60 505
60 189
60 62
60 60
60 186
60 240
60 407
60 99
60 185
60 490
60 122
60 507
60 145
60 298
60 92
60 86
60 512
60 456
61 257
61 531
61 169
61 559
61 564
61 193
61 112
61 485
61 439
61 379
61 493
61 336
61 330
61 214
61 70
61 327
61 232
61 269
61 199
61 588
61 312
61 550
61 430
61 109
62 378
62 526
62 300
62 261
62 390
62 266
62 551
62 307
62 185
62 186
62 317
62 325
62 122
62 189
62 490
62 505
62 99
62 507
62 62
62 458
62 473
62 151
62 206
62 86
62 494
62 240
62 384
62 465
62 333
63 446
63 401
63 402
63 538
63 599
63 476
63 420
63 320
63 345
63 591
63 139
63 126
63 473
63 209
63 67
63 484
63 470
63 76
63 63
63 440
63 258
63 197
63 79
63 101
63 372
63 501
63 400
63 530
63 384
63 156
64 272
64 146
64 152
64 553
64 428
64 174
64 431
64 183
64 187
64 188
64 178
64 584
64 64
64 198
64 229
64 540
64 568
64 235
64 369
64 502
64 445
64 599
64 254
65 208
65 96
65 403
65 166
65 306
65 563
65 368
65 210
65 474
65 443
65 77
65 596
65 549
65 430
65 65
65 249
65 250
65 366
65 370
65 299
65 264
65 586
65 219
65 92
65 479
65 231
65 377
66 530
66 518
66 391
66 274
66 148
66 409
66 154
66 288
66 417
66 418
66 300
66 560
66 567
66 234
66 110
66 480
66 175
66 236
66 594
66 66
66 80
66 569
66 487
66 585
66 232
67 139
67 401
67 402
67 538
67 420
67 320
67 79
67 473
67 126
67 484
67 591
67 197
67 67
67 209
67 76
67 345
67 476
67 470
67 280
67 390
67 599
67 501
67 551
68 130
68 259
68 388
68 528
68 162
68 163
68 172
68 180
68 316
68 192
68 298
68 457
68 360
68 68
68 120
68 570
68 176
68 326
68 111
68 204
68 173
68 217
68 477
68 466
68 530
69 402
69 522
69 525
69 403
69 277
69 562
69 181
69 441
69 571
69 346
69 462
69 468
69 225
69 491
69 329
69 504
69 335
69 69
69 590
69 422
69 496
69 331
69 371
69 415
69 281
70 257
70 531
70 559
70 564
70 439
70 379
70 169
70 493
70 193
70 336
70 588
70 199
70 70
70 485
70 249
70 458
70 265
70 112
70 401
70 228
71 308
71 132
71 517
71 527
71 536
71 427
71 558
71 436
71 311
71 217
71 305
71 371
71 332
71 359
71 472
71 136
71 293
71 267
71 521
71 71
71 496
71 357
71 218
71 124
72 265
72 91
72 518
72 391
72 274
72 148
72 409
72 154
72 288
72 417
72 418
72 175
72 339
72 236
72 110
72 480
72 232
72 80
72 234
72 585
72 447
72 583
72 534
72 594
73 127
73 328
73 395
73 268
73 276
73 411
73 286
73 287
73 565
73 184
73 572
73 82
73 343
73 363
73 87
73 230
73 73
73 93
73 425
73 83
73 109
74 162
74 315
74 117
74 262
74 392
74 523
74 397
74 399
74 529
74 282
74 285
74 432
74 309
74 574
74 314
74 212
74 74
74 463
74 592
74 222
74 236
74 531
74 413
74 593
74 511
74 307
75 412
75 129
75 369
75 211
75 515
75 264
75 520
75 144
75 281
75 587
75 255
75 155
75 512
75 344
75 382
75 104
75 354
75 362
75 95
75 592
75 249
75 88
75 481
75 97
76 538
76 320
76 402
76 591
76 101
76 76
76 470
76 473
76 197
76 345
76 501
76 209
76 420
76 476
76 139
76 79
76 599
76 94
76 84
76 484
76 586
77 549
77 166
77 430
77 306
77 563
77 443
77 586
77 331
77 231
77 77
77 250
77 107
77 368
77 479
77 92
77 249
77 596
77 572
77 390
77 287
77 210
77 474
77 219
77 366
77 280
77 553
77 595
78 260
78 137
78 153
78 545
78 290
78 289
78 548
78 165
78 295
78 301
78 315
78 452
78 455
78 467
78 251
78 227
78 78
78 253
78 447
78 424
78 182
78 475
78 241
78 506
78 539
78 135
78 416
79 139
79 401
79 402
79 538
79 420
79 320
79 197
79 591
79 473
79 501
79 484
79 101
79 345
79 126
79 476
79 599
79 79
79 214
79 470
79 372
79 510
79 443
79 138
79 447
80 518
80 391
80 274
80 154
80 288
80 418
80 560
80 447
80 585
80 80
80 110
80 339
80 148
80 236
80 409
80 234
80 175
80 460
80 368
80 190
80 594
81 265
81 270
81 532
81 283
81 156
81 157
81 414
81 544
81 297
81 303
81 319
81 576
81 324
81 456
81 458
81 203
81 81
81 539
81 226
81 589
81 179
81 136
81 595
81 103
81 242
82 559
82 395
82 268
82 398
82 276
82 411
82 286
82 287
82 565
82 184
82 572
82 449
82 83
82 87
82 109
82 230
82 82
82 526
82 137
82 285
82 222
82 471
83 268
83 398
83 411
83 287
83 565
83 184
83 109
83 363
83 572
83 87
83 286
83 343
83 83
83 230
83 395
83 131
83 323
84 395
84 268
84 411
84 286
84 565
84 572
84 363
84 109
84 184
84 449
84 287
84 343
84 276
84 230
84 84
84 525
84 226
84 238
84 87
84 592
85 408
85 533
85 537
85 547
85 422
85 171
85 304
85 95
85 426
85 352
85 85
85 375
85 377
85 256
85 310
85 202
85 161
85 102
85 220
85 495
86 373
86 536
86 261
86 390
86 266
86 407
86 543
86 551
86 307
86 185
86 186
86 189
86 317
86 325
86 206
86 384
86 86
86 427
86 238
86 182
86 99
86 490
86 240
86 122
87 395
87 268
87 398
87 276
87 411
87 287
87 565
87 449
87 230
87 109
87 286
87 343
87 363
87 401
87 145
87 568
88 327
88 221
88 209
88 515
88 264
88 520
88 144
88 281
88 291
88 587
88 465
88 344
88 512
88 362
88 88
88 255
88 398
88 115
88 121
88 481
88 97
88 104
88 382
89 564
89 112
89 482
89 124
89 451
89 98
89 291
89 270
89 147
89 539
89 157
89 414
89 544
89 297
89 576
89 324
89 458
89 203
89 589
89 89
89 91
89 253
89 226
89 103
89 242
90 199
90 386
90 224
90 217
90 389
90 404
90 375
90 264
90 520
90 144
90 281
90 155
90 291
90 587
90 465
90 344
90 362
90 515
90 90
90 380
90 320
90 481
90 354
90 97
91 139
91 173
91 513
91 514
91 140
91 552
91 459
91 207
91 340
91 598
91 215
91 245
91 509
91 294
91 149
91 466
91 182
91 91
91 492
91 129
91 537
91 430
91 100
91 584
91 261
91 156
92 179
92 101
92 549
92 430
92 306
92 563
92 443
92 331
92 474
92 166
92 366
92 249
92 250
92 368
92 586
92 107
92 479
92 310
92 414
92 259
92 231
93 590
93 548
93 355
93 537
93 422
93 426
93 171
93 304
93 495
93 547
93 375
93 93
93 310
93 95
93 596
93 323
93 118
93 352
93 252
93 266
93 481
93 416
94 501
94 579
94 519
94 135
94 416
94 164
94 296
94 434
94 322
94 213
94 396
94 573
94 410
94 364
94 423
94 597
94 299
94 94
94 125
94 353
94 255
94 102
94 357
94 483
94 233
94 106
95 388
95 348
95 230
95 577
95 533
95 537
95 292
95 422
95 426
95 171
95 304
95 310
95 377
95 220
95 95
95 572
95 210
95 179
95 114
95 375
95 252
96 387
96 265
96 284
96 412
96 159
96 546
96 556
96 561
96 569
96 446
96 190
96 580
96 196
96 590
96 498
96 96
96 221
96 223
96 197
96 474
96 487
96 376
96 396
97 596
97 238
97 515
97 144
97 281
97 291
97 587
97 465
97 344
97 481
97 155
97 382
97 520
97 264
97 97
97 507
97 175
97 255
97 512
98 182
98 435
98 431
98 131
98 526
98 161
98 577
98 451
98 453
98 582
98 200
98 464
98 338
98 341
98 600
98 216
98 404
98 221
98 109
98 238
98 421
98 128
99 225
99 228
99 390
99 407
99 543
99 551
99 186
99 189
99 317
99 325
99 206
99 99
99 505
99 384
99 240
99 307
99 507
99 411
99 373
99 597
99 490
99 122
100 514
100 129
100 386
100 263
100 140
100 535
100 294
100 552
100 459
100 207
100 466
100 340
100 598
100 215
100 224
100 149
100 245
100 513
100 100
100 509
100 584
100 355
100 113
100 542
101 193
101 506
101 139
101 538
101 420
101 197
101 591
101 209
101 345
101 484
101 126
101 599
101 470
101 476
101 372
101 473
101 401
101 500
101 501
101 399
102 356
102 385
102 474
102 272
102 146
102 280
102 540
102 553
102 428
102 431
102 183
102 568
102 188
102 575
102 584
102 369
102 152
102 229
102 102
102 254
102 549
102 351
102 209
102 547
102 252
102 567
103 270
103 147
103 532
103 156
103 414
103 297
103 303
103 319
103 324
103 203
103 589
103 226
103 576
103 544
103 458
103 157
103 539
103 103
103 505
103 122
103 594
103 242
103 597
104 486
104 515
104 264
104 520
104 281
104 155
104 587
104 465
104 481
104 354
104 104
104 512
104 255
104 344
104 291
104 500
104 474
104 501
105 329
105 133
105 393
105 138
105 534
105 413
105 542
105 421
105 170
105 313
105 497
105 349
105 524
105 168
105 128
105 429
105 499
105 355
105 415
105 105
105 480
105 132
105 213
106 549
106 135
106 299
106 322
106 205
106 597
106 213
106 483
106 233
106 106
106 434
106 410
106 396
106 125
106 471
106 364
106 423
106 333
106 416
106 366
106 348
106 119
107 379
107 120
107 455
107 549
107 430
107 306
107 563
107 443
107 586
107 210
107 596
107 474
107 219
107 231
107 166
107 142
107 576
107 492
107 368
107 250
107 371
108 143
108 158
108 419
108 177
108 433
108 179
108 438
108 321
108 450
108 195
108 454
108 488
108 118
108 461
108 237
108 108
108 508
108 302
108 312
108 115
108 401
108 560
108 600
109 395
109 268
109 398
109 286
109 287
109 565
109 343
109 109
109 363
109 572
109 449
109 411
109 184
109 234
109 313
109 222
109 349
110 518
110 391
110 274
110 148
110 288
110 417
110 418
110 560
110 447
110 339
110 480
110 232
110 234
110 567
110 110
110 409
110 154
110 236
110 436
111 130
111 259
111 388
111 528
111 162
111 163
111 298
111 172
111 176
111 180
111 570
111 316
111 192
111 326
111 457
111 204
111 477
111 351
111 360
111 111
111 508
111 448
111 430
111 120
111 489
111 428
111 138
112 257
112 531
112 169
112 559
112 564
112 439
112 193
112 327
112 199
112 330
112 336
112 214
112 493
112 485
112 589
112 546
112 379
112 148
112 587
113 482
113 424
113 513
113 129
113 263
113 140
113 149
113 294
113 552
113 182
113 459
113 207
113 340
113 598
113 215
113 492
113 514
113 245
113 509
113 224
113 257
113 312
113 235
113 296
114 151
114 565
114 533
114 537
114 547
114 292
114 426
114 171
114 220
114 352
114 495
114 114
114 422
114 252
114 310
114 355
114 345
114 339
114 344
114 333
115 214
115 120
115 131
115 404
115 161
115 577
115 323
115 451
115 453
115 200
115 464
115 341
115 357
115 238
115 243
115 216
115 389
115 553
115 175
115 529
116 193
116 289
116 436
116 134
116 133
116 393
116 138
116 524
116 413
116 542
116 415
116 170
116 349
116 355
116 499
116 497
116 121
116 313
116 116
116 148
116 578
116 263
116 422
117 485
117 450
117 195
117 208
117 258
117 394
117 530
117 435
117 308
117 440
117 442
117 445
117 579
117 328
117 334
117 117
117 358
117 449
117 388
117 246
118 158
118 419
118 302
118 177
118 433
118 179
118 312
118 450
118 195
118 578
118 461
118 482
118 488
118 237
118 500
118 143
118 503
118 508
118 118
118 149
118 180
118 260
118 187
119 221
119 497
119 519
119 135
119 396
119 410
119 416
119 164
119 423
119 296
119 299
119 434
119 573
119 205
119 333
119 471
119 483
119 364
119 119
119 322
119 143
119 550
119 371
119 125
120 130
120 259
120 388
120 528
120 162
120 163
120 167
120 298
120 172
120 557
120 176
120 180
120 316
120 326
120 204
120 360
120 570
120 192
120 457
120 357
120 523
120 413
120 375
120 471
121 340
121 133
121 393
121 138
121 524
121 534
121 150
121 413
121 415
121 421
121 170
121 313
121 355
121 497
121 499
121 349
121 134
121 177
121 248
121 128
121 410
122 430
122 285
122 300
122 390
122 407
122 543
122 551
122 307
122 185
122 186
122 317
122 206
122 325
122 384
122 490
122 189
122 261
122 442
122 335
122 253
122 507
123 277
123 385
123 516
123 141
123 142
123 405
123 278
123 151
123 444
123 318
123 350
123 469
123 244
123 510
123 228
123 367
123 239
123 123
123 283
123 523
123 217
123 582
123 483
124 327
124 221
124 575
124 132
124 517
124 521
124 136
124 527
124 406
124 427
124 558
124 436
124 332
124 472
124 217
124 218
124 371
124 536
124 305
124 267
124 389
124 514
124 587
124 319
124 423
125 313
125 480
125 519
125 135
125 396
125 410
125 416
125 164
125 423
125 296
125 299
125 434
125 322
125 205
125 333
125 597
125 471
125 353
125 233
125 216
125 474
125 221
126 487
126 139
126 401
126 402
126 538
126 420
126 320
126 197
126 591
126 209
126 470
126 599
126 473
126 484
126 372
126 476
126 256
126 494
126 597
126 160
126 344
127 385
127 516
127 141
127 142
127 275
127 405
127 151
127 318
127 350
127 361
127 244
127 381
127 510
127 444
127 469
127 127
127 555
127 190
127 474
127 371
127 313
128 538
128 183
128 134
128 133
128 393
128 138
128 542
128 415
128 421
128 168
128 170
128 429
128 349
128 355
128 499
128 313
128 413
128 150
128 191
128 269
128 384
129 342
129 513
129 514
129 215
129 294
129 466
129 245
129 492
129 263
129 386
129 182
129 224
129 509
129 129
129 598
129 140
129 535
129 207
129 274
129 290
129 149
129 552
129 459
130 457
130 204
130 326
130 163
130 351
130 316
130 180
130 528
130 167
130 298
130 130
130 360
130 192
130 570
130 176
130 477
130 259
130 271
130 508
130 236
130 388
130 162
130 172
130 557
130 594
131 493
131 528
131 338
131 238
131 243
131 357
131 582
131 600
131 161
131 404
131 577
131 341
131 464
131 526
131 200
131 254
131 258
131 354
131 389
131 323
131 453
132 166
132 558
132 267
132 359
132 371
132 136
132 521
132 517
132 305
132 217
132 293
132 478
132 472
132 427
132 527
132 536
132 218
132 311
132 332
132 232
132 282
132 436
132 390
132 507
132 297
133 441
133 268
133 134
133 497
133 524
133 150
133 421
133 534
133 349
133 138
133 429
133 499
133 542
133 133
133 413
133 393
133 232
133 395
133 469
133 415
133 168
133 170
134 137
134 271
134 428
134 524
134 168
134 415
134 429
134 134
134 313
134 349
134 421
134 150
134 393
134 534
134 413
134 497
134 544
134 463
134 584
134 138
134 542
134 170
134 252
134 518
135 505
135 264
135 519
135 296
135 213
135 416
135 573
135 396
135 205
135 299
135 353
135 333
135 322
135 597
135 364
135 233
135 434
135 423
135 515
135 554
135 164
135 483
136 197
136 517
136 521
136 406
136 267
136 305
136 371
136 478
136 293
136 359
136 436
136 136
136 217
136 332
136 558
136 527
136 218
136 315
136 266
136 594
136 311
136 472
136 261
137 506
137 295
137 301
137 545
137 475
137 260
137 290
137 251
137 227
137 165
137 467
137 347
137 137
137 548
137 315
137 253
137 289
137 483
137 193
137 153
137 452
137 455
137 241
138 442
138 584
138 393
138 138
138 170
138 429
138 421
138 524
138 313
138 415
138 150
138 497
138 534
138 542
138 247
138 413
138 168
138 349
138 499
138 520
139 473
139 420
139 484
139 139
139 501
139 476
139 538
139 470
139 320
139 591
139 599
139 345
139 372
139 209
139 402
139 286
139 432
139 197
140 513
140 514
140 386
140 263
140 140
140 245
140 552
140 598
140 182
140 459
140 466
140 149
140 492
140 340
140 535
140 224
140 554
140 234
140 294
140 207
140 215
141 191
141 516
141 367
141 275
141 239
141 405
141 228
141 444
141 151
141 555
141 510
141 361
141 244
141 318
141 385
141 381
141 469
141 199
141 233
141 142
141 278
141 272
142 566
142 385
142 516
142 151
142 275
142 555
142 367
142 228
142 350
142 361
142 244
142 239
142 405
142 318
142 444
142 278
142 162
142 435
142 276
142 469
142 510
142 541
143 461
143 508
143 195
143 158
143 578
143 433
143 177
143 482
143 302
143 179
143 237
143 503
143 454
143 450
143 312
143 143
143 488
143 321
143 421
143 214
143 419
143 438
143 500
143 424
143 521
143 410
144 531
144 502
144 515
144 520
144 144
144 155
144 465
144 255
144 382
144 512
144 264
144 344
144 409
144 292
144 281
144 291
144 587
144 481
144 354
144 362
145 379
145 269
145 271
145 400
145 370
145 191
145 554
145 486
145 348
145 145
145 337
145 173
145 408
145 489
145 566
145 160
145 448
145 373
145 424
145 425
145 279
145 534
145 544
145 394
145 273
145 460
145 356
145 378
146 178
146 174
146 146
146 188
146 235
146 229
146 431
146 254
146 198
146 280
146 584
146 502
146 183
146 187
146 540
146 152
146 553
146 369
146 380
146 468
146 558
146 428
146 568
146 575
147 294
147 533
147 156
147 319
147 595
147 532
147 458
147 324
147 270
147 456
147 576
147 203
147 147
147 414
147 157
147 226
147 297
147 544
147 230
147 236
147 539
147 303
147 589
147 299
148 590
148 385
148 575
148 391
148 154
148 175
148 274
148 594
148 236
148 148
148 518
148 560
148 418
148 232
148 300
148 409
148 479
148 388
148 417
148 567
148 447
148 585
148 407
149 247
149 513
149 514
149 386
149 263
149 492
149 245
149 182
149 149
149 207
149 340
149 535
149 294
149 552
149 459
149 466
149 215
149 579
149 493
149 500
149 598
149 224
149 509
149 543
150 190
150 346
150 504
150 411
150 262
150 399
150 393
150 524
150 534
150 429
150 421
150 150
150 313
150 168
150 499
150 224
150 371
150 463
150 415
150 170
150 355
151 257
151 227
151 370
151 385
151 516
151 275
151 405
151 278
151 444
151 361
151 510
151 239
151 151
151 228
151 164
151 376
151 555
151 318
151 469
151 350
151 367
151 381
151 398
152 383
152 272
152 553
152 568
152 188
152 198
152 235
152 254
152 431
152 540
152 152
152 183
152 178
152 369
152 428
152 575
152 280
152 174
152 489
152 324
152 181
152 187
152 229
152 200
153 237
153 455
153 347
153 251
153 315
153 260
153 467
153 253
153 545
153 295
153 153
153 241
153 290
153 301
153 227
153 548
153 289
153 464
153 422
153 236
153 165
153 452
153 506
153 198
154 274
154 409
154 154
154 567
154 418
154 447
154 518
154 300
154 560
154 234
154 236
154 288
154 232
154 339
154 594
154 417
154 480
154 400
154 330
154 364
155 419
155 351
155 486
155 464
155 490
155 515
155 264
155 520
155 281
155 362
155 354
155 382
155 481
155 465
155 291
155 344
155 237
155 579
155 587
155 512
155 242
156 194
156 248
156 270
156 532
156 283
156 539
156 226
156 324
156 297
156 303
156 589
156 414
156 203
156 319
156 456
156 157
156 576
156 595
156 432
156 544
157 192
157 240
157 270
157 532
157 283
157 539
157 324
157 157
157 414
157 544
157 226
157 242
157 458
157 319
157 303
157 296
157 298
157 577
157 576
157 203
157 589
157 595
158 500
158 302
158 237
158 195
158 312
158 488
158 321
158 419
158 482
158 177
158 461
158 433
158 578
158 450
158 503
158 438
158 454
158 557
158 362
158 179
158 508
158 253
158 368
159 237
159 284
159 412
159 590
159 569
159 221
159 190
159 487
159 376
159 223
159 208
159 196
159 561
159 498
159 374
159 265
159 159
159 528
159 177
159 168
159 546
159 556
159 580
159 552
159 427
159 544
160 269
160 271
160 400
160 273
160 408
160 425
160 337
160 489
160 279
160 448
160 486
160 160
160 342
160 373
160 348
160 370
160 460
160 554
160 173
160 191
160 254
160 424
160 566
160 356
160 378
160 207
161 526
161 404
161 464
161 161
161 577
161 451
161 200
161 389
161 243
161 453
161 582
161 338
161 216
161 364
161 303
161 397
161 600
161 357
161 238
161 317
162 259
162 528
162 570
162 163
162 172
162 557
162 316
162 180
162 162
162 477
162 298
162 351
162 204
162 167
162 326
162 192
162 218
162 212
162 176
162 457
162 360
162 389
163 223
163 259
163 388
163 528
163 172
163 351
163 167
163 457
163 180
163 326
163 192
163 176
163 360
163 298
163 570
163 557
163 477
163 403
163 238
163 316
163 204
163 227
163 535
163 585
163 339
163 233
164 519
164 410
164 416
164 483
164 364
164 573
164 213
164 333
164 164
164 434
164 322
164 423
164 296
164 205
164 597
164 396
164 563
164 299
164 471
164 353
164 233
165 588
165 508
165 260
165 545
165 290
165 289
165 452
165 506
165 347
165 295
165 467
165 455
165 548
165 315
165 165
165 475
165 427
165 349
165 227
165 241
165 251
165 253
165 244
166 549
166 306
166 249
166 479
166 366
166 331
166 586
166 563
166 166
166 596
166 219
166 474
166 443
166 368
166 231
166 430
166 214
166 317
166 210
167 259
167 388
167 528
167 167
167 360
167 570
167 557
167 176
167 298
167 457
167 326
167 316
167 172
167 180
167 351
167 192
167 380
167 208
167 450
167 593
167 256
168 484
168 451
168 393
168 524
168 413
168 542
168 415
168 168
168 170
168 497
168 429
168 421
168 534
168 355
168 424
168 313
168 349
168 499
169 257
169 214
169 330
169 199
169 439
169 379
169 564
169 193
169 485
169 559
169 588
169 493
169 169
169 531
169 336
169 414
169 387
169 597
169 327
169 246
169 188
170 460
170 524
170 413
170 542
170 421
170 429
170 393
170 355
170 534
170 349
170 170
170 270
170 582
170 513
170 497
170 499
170 418
170 261
171 488
171 533
171 537
171 547
171 292
171 422
171 426
171 375
171 495
171 220
171 304
171 352
171 256
171 487
171 550
171 310
171 252
172 564
172 259
172 388
172 528
172 298
172 172
172 204
172 557
172 316
172 570
172 351
172 360
172 192
172 331
172 483
172 410
172 176
172 180
172 457
172 400
173 271
173 400
173 279
173 424
173 425
173 554
173 408
173 486
173 337
173 566
173 356
173 370
173 191
173 448
173 460
173 273
173 342
173 373
173 269
173 288
173 514
173 348
173 489
173 378
173 459
173 328
173 359
174 177
174 275
174 272
174 280
174 540
174 553
174 428
174 575
174 198
174 174
174 431
174 568
174 229
174 235
174 369
174 187
174 498
174 207
174 178
174 188
174 502
174 254
175 188
175 518
175 391
175 274
175 409
175 288
175 417
175 234
175 418
175 236
175 300
175 480
175 594
175 232
175 175
175 339
175 560
175 590
175 204
175 567
175 447
176 259
176 388
176 528
176 557
176 176
176 192
176 477
176 204
176 570
176 326
176 360
176 351
176 180
176 250
176 229
176 508
176 457
176 279
176 234
177 419
177 302
177 177
177 508
177 461
177 312
177 488
177 454
177 237
177 195
177 433
177 450
177 482
177 503
177 578
177 406
177 179
177 438
177 321
177 569
178 561
178 487
178 272
178 540
178 553
178 428
178 431
178 235
178 369
178 584
178 178
178 187
178 254
178 188
178 568
178 229
178 575
178 371
178 183
178 198
178 200
178 341
178 297
179 419
179 302
179 433
179 312
179 438
179 503
179 454
179 500
179 450
179 488
179 237
179 195
179 461
179 482
179 321
179 508
179 558
179 425
179 578
179 448
179 581
179 362
179 573
180 302
180 259
180 298
180 557
180 204
180 326
180 192
180 570
180 477
180 180
180 388
180 351
181 522
181 525
181 403
181 277
181 571
181 462
181 202
181 504
181 181
181 247
181 383
181 491
181 581
181 225
181 329
181 468
181 562
181 496
181 330
181 554
181 346
182 581
182 513
182 386
182 263
182 535
182 294
182 552
182 459
182 182
182 466
182 207
182 514
182 492
182 245
182 215
182 436
182 340
182 598
182 224
183 272
183 280
183 553
183 428
183 431
183 187
183 502
183 183
183 254
183 540
183 584
183 188
183 229
183 369
183 235
183 269
183 320
183 568
183 575
183 198
184 295
184 251
184 484
184 549
184 395
184 268
184 398
184 276
184 411
184 286
184 287
184 565
184 230
184 525
184 519
184 191
184 449
184 343
184 363
184 432
185 588
185 450
185 598
185 381
185 390
185 266
185 407
185 543
185 551
185 384
185 261
185 240
185 494
185 507
185 325
185 185
185 189
185 201
185 279
185 247
185 186
185 317
185 206
185 490
185 505
186 261
186 407
186 307
186 551
186 240
186 507
186 494
186 317
186 384
186 490
186 390
186 206
186 266
186 186
186 543
186 518
186 435
186 509
186 189
186 325
187 272
187 280
187 553
187 428
187 431
187 369
187 502
187 187
187 198
187 568
187 188
187 540
187 575
187 229
187 190
187 420
187 584
187 291
187 303
187 519
188 272
188 280
188 428
188 568
188 254
188 540
188 198
188 553
188 188
188 229
188 502
188 235
188 192
188 369
189 497
189 422
189 261
189 390
189 266
189 407
189 384
189 325
189 490
189 240
189 505
189 551
189 494
189 307
189 189
189 470
189 378
189 507
190 284
190 412
190 556
190 561
190 569
190 446
190 590
190 221
190 376
190 580
190 223
190 546
190 265
190 196
190 487
190 498
190 208
190 358
190 397
190 374
191 209
191 269
191 271
191 400
191 273
191 279
191 408
191 425
191 554
191 566
191 373
191 448
191 348
191 342
191 370
191 486
191 378
191 424
191 191
191 257
191 460
191 337
191 489
191 537
192 259
192 388
192 528
192 298
192 557
192 570
192 316
192 326
192 351
192 192
192 477
192 521
192 583
192 457
192 204
192 360
192 565
193 257
193 531
193 559
193 564
193 439
193 588
193 193
193 485
193 214
193 336
193 379
193 330
193 354
193 327
193 199
193 493
194 394
194 530
194 550
194 435
194 308
194 442
194 246
194 583
194 328
194 445
194 579
194 380
194 334
194 358
194 258
194 248
194 440
194 443
194 457
195 419
195 302
195 433
195 438
195 312
195 321
195 450
195 461
195 500
195 508
195 454
195 482
195 488
195 578
195 554
195 566
195 237
195 215
196 387
196 265
196 284
196 412
196 546
196 556
196 446
196 580
196 569
196 561
196 221
196 487
196 376
196 196
196 208
196 292
196 416
196 590
196 223
196 374
196 535
197 401
197 402
197 538
197 420
197 320
197 473
197 501
197 591
197 197
197 372
197 599
197 470
197 423
197 209
197 476
197 484
197 276
198 272
198 280
198 540
198 428
198 431
198 568
198 575
198 229
198 553
198 254
198 502
198 235
198 369
198 581
198 349
198 391
198 264
198 576
198 322
199 257
199 559
199 564
199 439
199 327
199 493
199 531
199 379
199 199
199 336
199 222
199 526
199 330
199 588
199 214
199 274
200 568
200 526
200 404
200 577
200 323
200 451
200 582
200 238
200 453
200 600
200 464
200 216
200 357
200 389
200 313
200 338
200 341
200 243
201 258
201 394
201 530
201 550
201 308
201 440
201 445
201 583
201 442
201 334
201 380
201 201
201 248
201 358
201 435
201 246
201 235
201 297
201 225
201 377
202 556
202 498
202 522
202 525
202 403
202 441
202 571
202 581
202 329
202 335
202 496
202 247
202 504
202 383
202 277
202 491
202 202
202 337
202 595
202 225
203 398
203 270
203 283
203 539
203 414
203 297
203 576
203 324
203 456
203 458
203 319
203 532
203 303
203 544
203 203
203 281
203 595
204 564
204 388
204 298
204 557
204 326
204 360
204 351
204 477
204 259
204 570
204 316
204 311
204 578
204 597
204 275
204 231
205 329
205 523
205 519
205 396
205 410
205 416
205 296
205 573
205 322
205 364
205 434
205 299
205 205
205 333
205 597
205 471
205 346
205 500
205 213
205 353
205 483
205 233
206 351
206 383
206 261
206 266
206 407
206 543
206 551
206 307
206 317
206 325
206 494
206 240
206 507
206 332
206 505
207 491
207 513
207 514
207 386
207 294
207 459
207 535
207 245
207 598
207 263
207 552
207 509
207 466
207 492
207 497
207 519
207 340
207 215
207 427
207 481
207 242
208 387
208 265
208 284
208 412
208 546
208 556
208 561
208 569
208 446
208 580
208 487
208 498
208 374
208 376
208 208
208 328
208 221
208 223
208 453
209 556
209 401
209 402
209 538
209 420
209 320
209 484
209 591
209 470
209 473
209 372
209 599
209 476
209 385
209 345
209 501
209 364
210 419
210 549
210 306
210 563
210 443
210 586
210 331
210 368
210 430
210 219
210 231
210 596
210 249
210 366
210 474
210 250
210 407
210 269
210 468
211 588
211 549
211 262
211 392
211 523
211 399
211 529
211 282
211 285
211 541
211 432
211 437
211 309
211 314
211 574
211 212
211 592
211 397
211 463
211 487
211 344
211 222
211 524
212 351
212 262
212 392
212 523
212 397
212 399
212 529
212 541
212 432
212 437
212 309
212 314
212 574
212 463
212 592
212 593
212 282
212 222
212 365
212 511
213 569
213 519
213 396
213 410
213 416
213 296
213 299
213 434
213 573
213 333
213 597
213 213
213 353
213 423
213 364
213 483
214 257
214 531
214 559
214 564
214 439
214 327
214 336
214 379
214 214
214 493
214 509
214 352
214 485
214 548
214 589
215 513
215 294
215 552
215 466
215 340
215 386
215 514
215 459
215 215
215 535
215 492
215 224
215 263
215 444
215 484
215 414
216 477
216 440
216 517
216 389
216 526
216 404
216 577
216 451
216 464
216 341
216 600
216 238
216 243
216 216
216 375
216 441
216 394
217 517
217 267
217 527
217 406
217 536
217 293
217 558
217 305
217 436
217 311
217 332
217 217
217 371
217 521
217 218
217 535
217 478
217 359
218 381
218 517
218 267
218 527
218 536
218 293
218 305
218 472
218 427
218 332
218 371
218 558
218 436
218 359
218 521
218 515
218 539
218 226
218 499
219 578
219 549
219 430
219 596
219 331
219 366
219 474
219 306
219 219
219 563
219 249
219 479
219 231
219 431
219 326
219 370
219 250
219 397
220 500
220 311
220 359
220 533
220 537
220 547
220 292
220 426
220 310
220 352
220 304
220 422
220 220
220 375
220 489
220 520
220 377
220 252
221 387
221 265
221 284
221 412
221 546
221 561
221 569
221 446
221 580
221 498
221 590
221 223
221 374
221 221
221 487
221 376
221 468
221 283
222 561
222 262
222 392
222 399
222 529
222 285
222 432
222 437
222 463
222 592
222 574
222 541
222 523
222 282
222 511
222 314
222 409
223 503
223 387
223 265
223 284
223 412
223 546
223 561
223 569
223 446
223 223
223 374
223 590
223 498
223 451
223 377
223 487
223 376
223 422
224 513
224 514
224 386
224 263
224 535
224 294
224 552
224 459
224 466
224 340
224 224
224 598
224 492
224 245
224 582
224 523
225 522
225 525
225 403
225 277
225 562
225 441
225 581
225 329
225 462
225 335
225 468
225 346
225 491
225 247
225 225
225 279
225 489
225 496
225 338
225 382
226 347
226 491
226 270
226 532
226 283
226 539
226 544
226 297
226 303
226 576
226 456
226 458
226 414
226 226
226 441
226 242
227 260
227 545
227 290
227 295
227 301
227 315
227 455
227 475
227 227
227 289
227 548
227 347
227 506
227 251
227 344
227 241
227 598
228 525
228 403
228 385
228 516
228 275
228 405
228 278
228 555
228 444
228 318
228 469
228 350
228 228
228 381
228 239
228 367
228 230
228 244
228 390
229 290
229 258
229 540
229 553
229 428
229 575
229 584
229 369
229 229
229 431
229 272
229 516
229 429
229 381
230 268
230 398
230 411
230 286
230 449
230 276
230 572
230 565
230 343
230 287
230 571
230 573
230 363
230 512
230 532
231 372
231 424
231 549
231 306
231 563
231 443
231 586
231 331
231 596
231 249
231 430
231 474
231 250
231 365
231 360
231 368
231 287
231 553
231 232
232 518
232 274
232 409
232 288
232 300
232 560
232 567
232 447
232 594
232 391
232 339
232 232
232 260
232 364
233 519
233 410
233 423
233 299
233 434
233 322
233 333
233 471
233 353
233 296
233 416
233 233
233 396
233 483
233 473
233 295
234 518
234 391
234 274
234 409
234 417
234 300
234 560
234 567
234 447
234 585
234 594
234 480
234 339
234 279
235 280
235 540
235 428
235 431
235 254
235 584
235 369
235 575
235 235
235 568
235 502
235 300
235 439
235 597
236 508
236 457
236 366
236 391
236 409
236 288
236 417
236 560
236 447
236 585
236 594
236 567
236 236
236 302
236 591
237 419
237 302
237 433
237 438
237 312
237 450
237 578
237 454
237 482
237 488
237 508
237 503
237 461
237 573
237 500
237 437
237 434
238 453
238 582
238 357
238 389
238 341
238 238
238 451
238 600
238 338
238 464
238 574
238 243
239 385
239 516
239 275
239 405
239 278
239 555
239 444
239 318
239 361
239 367
239 244
239 510
239 381
239 239
239 350
239 389
239 420
239 242
239 328
239 502
240 259
240 495
240 261
240 390
240 266
240 543
240 307
240 317
240 325
240 490
240 240
240 551
240 290
240 507
240 384
240 353
241 545
241 290
241 289
241 548
241 295
241 315
241 455
241 347
241 467
241 452
241 506
241 475
241 260
241 251
241 246
241 253
241 539
241 544
242 369
242 270
242 532
242 283
242 544
242 297
242 319
242 576
242 595
242 456
242 458
242 414
242 539
242 589
242 324
243 389
243 526
243 404
243 577
243 451
243 341
243 357
243 243
243 323
243 464
243 338
243 453
243 510
243 514
243 365
243 324
244 326
244 346
244 385
244 516
244 275
244 405
244 278
244 555
244 444
244 318
244 469
244 350
244 361
244 381
244 244
244 510
244 305
245 330
245 498
245 513
245 514
245 386
245 263
245 535
245 294
245 459
245 598
245 492
245 509
245 245
245 555
245 383
246 394
246 530
246 550
246 435
246 308
246 440
246 442
246 579
246 334
246 328
246 246
246 358
246 445
246 551
246 263
246 248
246 380
247 522
247 562
247 581
247 462
247 468
247 346
247 496
247 504
247 277
247 247
247 383
247 403
247 525
247 441
247 329
247 571
247 543
247 362
248 425
248 258
248 394
248 530
248 550
248 435
248 308
248 442
248 445
248 583
248 358
248 334
248 248
248 440
248 454
248 494
248 380
248 416
249 549
249 430
249 563
249 443
249 331
249 596
249 474
249 479
249 366
249 249
249 250
249 501
249 555
250 290
250 514
250 549
250 430
250 306
250 586
250 331
250 479
250 368
250 250
250 258
250 365
251 260
251 545
251 290
251 289
251 295
251 452
251 455
251 467
251 347
251 548
251 315
251 506
251 475
251 563
251 253
251 286
252 308
252 393
252 537
252 292
252 422
252 304
252 352
252 375
252 377
252 426
252 256
252 533
252 461
253 260
253 545
253 290
253 289
253 548
253 295
253 452
253 455
253 467
253 347
253 475
253 506
253 301
253 427
253 566
253 509
253 574
254 457
254 272
254 280
254 540
254 428
254 431
254 568
254 575
254 584
254 369
254 502
254 293
254 351
254 345
255 477
255 394
255 431
255 264
255 520
255 281
255 291
255 587
255 465
255 344
255 481
255 362
255 382
255 474
255 531
255 371
255 512
256 533
256 537
256 547
256 292
256 422
256 426
256 352
256 495
256 375
256 377
256 256
256 310
256 475
256 323
257 379
257 336
257 330
257 485
257 257
257 493
257 588
257 531
257 564
257 327
257 478
257 410
257 439
258 358
258 530
258 394
258 440
258 550
258 334
258 583
258 258
258 442
258 579
258 308
258 328
258 445
258 366
258 306
259 259
259 528
259 388
259 570
259 298
259 557
259 457
259 360
259 351
259 447
259 316
259 477
259 420
259 398
260 545
260 290
260 260
260 301
260 347
260 548
260 452
260 289
260 467
260 506
260 315
260 455
260 439
260 565
260 295
260 475
261 533
261 507
261 490
261 390
261 407
261 307
261 543
261 551
261 494
261 317
261 384
261 261
261 325
262 541
262 574
262 437
262 262
262 392
262 309
262 523
262 592
262 314
262 399
262 397
262 432
262 593
262 529
262 463
262 505
262 569
262 282
262 285
262 325
263 514
263 386
263 263
263 340
263 294
263 459
263 513
263 552
263 492
263 598
263 509
263 466
263 425
263 508
263 470
263 535
264 288
264 515
264 512
264 291
264 587
264 344
264 481
264 264
264 354
264 362
264 382
264 520
264 514
264 465
264 296
265 387
265 376
265 446
265 546
265 487
265 498
265 556
265 265
265 284
265 374
265 590
265 569
265 295
265 412
265 561
265 580
265 474
265 449
265 364
266 293
266 390
266 551
266 543
266 494
266 490
266 307
266 384
266 266
266 325
266 507
266 317
266 470
266 505
267 290
267 386
267 517
267 371
267 521
267 427
267 359
267 406
267 293
267 311
267 478
267 305
267 472
267 536
267 527
267 332
267 522
267 273
267 558
267 314
267 296
268 395
268 572
268 398
268 449
268 363
268 287
268 276
268 565
268 343
268 268
268 485
268 411
268 286
269 569
269 400
269 486
269 424
269 554
269 566
269 460
269 348
269 337
269 342
269 273
269 378
269 489
269 279
269 408
269 373
269 370
269 356
269 366
269 271
269 425
269 448
269 293
270 366
270 543
270 283
270 539
270 458
270 270
270 319
270 595
270 414
270 303
270 532
270 329
270 476
270 297
270 456
271 498
271 370
271 279
271 356
271 566
271 425
271 273
271 337
271 348
271 342
271 424
271 554
271 448
271 489
271 486
271 408
271 528
271 400
271 378
272 502
272 431
272 584
272 575
272 369
272 428
272 540
272 553
272 272
272 568
272 458
272 425
272 280
272 515
273 373
273 342
273 378
273 424
273 348
273 370
273 460
273 486
273 566
273 425
273 279
273 273
273 448
273 356
273 408
273 400
273 346
273 277
273 281
273 337
273 417
273 597
274 453
274 518
274 417
274 567
274 391
274 274
274 418
274 480
274 300
274 447
274 339
274 288
274 404
274 330
274 409
274 560
274 585
275 385
275 516
275 469
275 555
275 350
275 275
275 405
275 444
275 367
275 318
275 278
275 434
275 381
275 510
276 454
276 570
276 345
276 435
276 395
276 398
276 411
276 565
276 449
276 572
276 363
276 276
276 338
276 368
276 287
276 343
276 285
277 522
277 525
277 504
277 346
277 496
277 329
277 335
277 468
277 491
277 383
277 571
277 403
277 277
277 551
277 592
277 562
277 441
277 581
277 514
278 385
278 516
278 555
278 510
278 469
278 381
278 367
278 444
278 361
278 405
278 350
278 504
278 415
278 499
279 400
279 460
279 370
279 356
279 348
279 566
279 337
279 554
279 279
279 378
279 373
279 408
279 489
279 425
279 486
279 449
279 342
279 380
280 584
280 575
280 428
280 568
280 502
280 431
280 553
280 280
280 463
280 536
280 540
280 458
281 428
281 515
281 520
281 382
281 481
281 291
281 344
281 465
281 362
281 281
281 376
281 479
281 587
281 589
282 598
282 392
282 397
282 529
282 593
282 523
282 511
282 399
282 574
282 309
282 432
282 314
282 463
282 541
282 365
282 285
282 545
282 487
282 437
282 592
282 391
283 461
283 429
283 317
283 532
283 539
283 589
283 456
283 458
283 303
283 595
283 324
283 414
283 319
283 576
283 367
283 574
284 387
284 374
284 546
284 412
284 580
284 446
284 498
284 487
284 284
284 556
284 590
284 388
284 403
284 494
284 376
285 503
285 392
285 523
285 399
285 529
285 314
285 463
285 437
285 432
285 592
285 365
285 541
285 285
285 397
285 511
285 309
285 574
285 593
285 573
286 419
286 398
286 411
286 363
286 572
286 286
286 395
286 565
286 343
286 442
287 485
287 395
287 287
287 398
287 343
287 411
287 363
287 572
287 468
287 334
287 449
288 518
288 391
288 409
288 300
288 418
288 417
288 560
288 480
288 585
288 339
288 288
288 313
288 477
288 567
288 447
289 545
289 290
289 548
289 452
289 475
289 467
289 315
289 301
289 347
289 295
289 391
289 326
289 455
289 506
289 444
290 545
290 347
290 295
290 506
290 315
290 301
290 475
290 290
290 548
290 452
290 467
290 335
290 382
291 386
291 515
291 520
291 344
291 362
291 382
291 481
291 512
291 587
291 465
291 392
291 354
292 533
292 537
292 304
292 377
292 375
292 422
292 292
292 495
292 426
292 352
292 469
292 310
292 560
293 298
293 521
293 527
293 558
293 406
293 436
293 311
293 332
293 305
293 472
293 359
293 371
293 517
293 478
293 531
293 427
294 513
294 386
294 535
294 514
294 459
294 294
294 466
294 598
294 509
294 592
294 486
294 552
294 340
295 545
295 548
295 467
295 301
295 295
295 347
295 380
295 315
295 452
295 455
295 475
295 506
295 470
295 495
295 396
296 337
296 519
296 396
296 410
296 416
296 423
296 333
296 364
296 299
296 573
296 483
296 353
296 434
296 322
297 539
297 544
297 532
297 456
297 595
297 576
297 297
297 303
297 589
297 458
297 378
297 319
297 324
298 326
298 298
298 528
298 388
298 351
298 457
298 316
298 557
298 570
298 483
298 526
298 477
298 360
298 418
299 522
299 576
299 410
299 423
299 322
299 519
299 434
299 396
299 416
299 471
299 364
299 483
299 353
299 581
299 385
299 573
299 333
300 370
300 338
300 518
300 391
300 409
300 417
300 560
300 300
300 339
300 480
300 585
300 567
300 418
300 525
300 594
300 325
301 388
301 548
301 545
301 455
301 475
301 467
301 315
301 347
301 301
301 412
301 556
301 452
301 506
301 568
301 518
301 585
302 450
302 433
302 454
302 461
302 438
302 482
302 312
302 500
302 488
302 503
302 419
302 302
302 478
302 440
302 321
302 395
302 595
303 532
303 414
303 544
303 303
303 595
303 324
303 458
303 319
303 539
303 456
303 484
303 418
303 576
303 589
304 330
304 501
304 445
304 537
304 547
304 422
304 426
304 495
304 533
304 304
304 498
304 482
304 310
304 375
304 377
305 457
305 517
305 521
305 527
305 406
305 536
305 472
305 359
305 436
305 558
305 311
305 427
305 332
305 478
305 541
305 403
305 594
306 549
306 331
306 563
306 368
306 586
306 474
306 596
306 430
306 479
306 306
306 340
306 337
306 443
306 366
306 410
307 387
307 361
307 407
307 543
307 551
307 490
307 384
307 390
307 505
307 317
307 307
307 594
307 452
307 507
308 394
308 550
308 435
308 440
308 445
308 530
308 442
308 579
308 328
308 380
308 583
308 336
308 334
308 343
308 517
309 582
309 523
309 399
309 541
309 437
309 574
309 365
309 463
309 593
309 432
309 511
309 392
309 397
309 592
309 529
309 479
309 314
309 310
309 465
310 469
310 521
310 534
310 533
310 537
310 547
310 426
310 375
310 495
310 422
310 352
310 593
310 377
311 517
311 521
311 527
311 406
311 427
311 558
311 436
311 371
311 536
311 472
311 478
311 332
312 419
312 433
312 482
312 454
312 461
312 508
312 438
312 321
312 488
312 450
312 503
312 312
312 539
312 578
312 500
312 490
313 445
313 524
313 534
313 413
313 542
313 421
313 429
313 349
313 497
313 499
313 415
313 313
314 475
314 563
314 392
314 523
314 399
314 541
314 437
314 593
314 511
314 463
314 574
314 529
314 314
314 359
314 592
314 365
315 548
315 545
315 315
315 467
315 455
315 347
315 475
315 365
315 441
316 493
316 528
316 557
316 570
316 457
316 477
316 351
316 388
316 360
316 326
316 446
316 556
316 325
317 402
317 553
317 390
317 407
317 551
317 325
317 505
317 543
317 490
317 370
317 423
318 385
318 516
318 405
318 555
318 381
318 444
318 510
318 367
318 469
318 361
318 393
318 585
318 350
318 479
319 472
319 587
319 539
319 544
319 589
319 595
319 532
319 456
319 576
319 324
319 414
319 370
320 401
320 402
320 420
320 599
320 320
320 473
320 372
320 591
320 345
320 484
320 470
320 502
320 418
320 330
320 476
321 433
321 438
321 419
321 461
321 578
321 503
321 482
321 454
321 500
321 488
321 321
321 403
321 389
321 561
321 450
321 391
322 344
322 519
322 410
322 416
322 423
322 434
322 573
322 471
322 333
322 597
322 364
322 396
322 322
322 395
322 353
323 389
323 526
323 357
323 451
323 323
323 453
323 338
323 600
323 582
323 341
323 577
323 404
323 464
323 361
323 324
324 401
324 532
324 539
324 576
324 589
324 324
324 458
324 536
324 388
324 456
324 595
325 429
325 390
325 407
325 543
325 551
325 505
325 490
325 507
325 384
325 494
326 433
326 388
326 528
326 557
326 570
326 326
326 457
326 459
326 477
326 360
326 367
326 550
327 531
327 559
327 564
327 439
327 336
327 330
327 485
327 379
327 327
327 438
327 588
327 426
327 576
328 438
328 546
328 374
328 394
328 530
328 435
328 440
328 442
328 579
328 583
328 334
328 550
329 525
329 403
329 562
329 441
329 571
329 581
329 491
329 496
329 329
329 504
329 383
329 346
329 335
329 358
329 462
329 468
329 365
330 559
330 564
330 439
330 330
330 531
330 379
330 493
330 588
330 351
330 485
331 485
331 528
331 562
331 549
331 443
331 366
331 430
331 596
331 479
331 474
331 368
331 506
331 437
331 567
331 594
332 345
332 517
332 521
332 527
332 406
332 536
332 558
332 359
332 371
332 332
332 499
332 479
332 480
332 472
333 509
333 574
333 352
333 519
333 396
333 410
333 416
333 434
333 573
333 483
333 353
333 471
333 597
333 364
334 394
334 530
334 435
334 440
334 380
334 583
334 579
334 334
334 442
334 471
334 536
334 358
335 522
335 525
335 403
335 562
335 571
335 335
335 491
335 346
335 496
335 441
335 504
335 383
335 581
335 531
335 494
335 468
336 531
336 559
336 564
336 439
336 588
336 336
336 485
336 343
336 496
336 493
336 563
337 578
337 557
337 424
337 554
337 566
337 460
337 348
337 370
337 400
337 373
337 342
337 337
337 356
337 597
337 419
337 486
338 389
338 526
338 404
338 577
338 451
338 453
338 582
338 338
338 341
338 464
338 600
338 576
339 400
339 577
339 518
339 417
339 418
339 560
339 567
339 447
339 594
339 391
339 339
339 585
339 383
339 590
339 480
340 486
340 513
340 514
340 386
340 552
340 466
340 492
340 340
340 459
340 345
340 445
340 598
341 389
341 451
341 464
341 357
341 582
341 453
341 526
341 577
341 600
341 404
341 491
341 588
342 400
342 408
342 424
342 448
342 460
342 373
342 489
342 566
342 356
342 425
342 348
342 378
342 342
342 479
342 398
342 462
342 355
343 470
343 596
343 395
343 398
343 411
343 572
343 363
343 516
343 441
344 579
344 515
344 520
344 382
344 481
344 354
344 362
344 414
345 477
345 401
345 402
345 538
345 420
345 591
345 470
345 599
345 484
345 345
345 501
345 564
345 473
345 476
346 522
346 525
346 403
346 562
346 441
346 571
346 462
346 491
346 383
346 581
346 496
346 468
346 504
347 548
347 467
347 475
347 545
347 455
347 347
347 585
347 506
347 492
347 449
347 447
348 400
348 424
348 425
348 554
348 566
348 448
348 408
348 486
348 460
348 378
348 348
348 533
348 509
348 356
348 489
348 370
348 404
349 393
349 524
349 542
349 421
349 429
349 349
349 415
349 534
349 355
349 413
349 405
349 497
349 520
350 360
350 385
350 516
350 405
350 555
350 444
350 381
350 361
350 469
350 367
350 475
350 489
350 510
350 430
351 388
351 570
351 477
351 351
351 528
351 360
352 455
352 563
352 568
352 533
352 537
352 547
352 422
352 426
352 590
352 375
352 377
353 519
353 396
353 410
353 416
353 434
353 353
353 483
353 597
353 423
353 525
353 368
353 364
354 515
354 587
354 465
354 481
354 520
354 354
354 435
354 512
355 460
355 393
355 524
355 534
355 542
355 415
355 429
355 497
355 413
355 355
355 421
355 580
356 408
356 424
356 425
356 554
356 566
356 448
356 460
356 486
356 378
356 356
356 373
356 423
356 489
356 370
357 389
357 404
357 577
357 451
357 453
357 464
357 600
357 412
357 511
358 394
358 530
358 550
358 435
358 440
358 442
358 445
358 579
358 380
358 583
358 453
358 417
358 578
358 407
359 516
359 517
359 521
359 427
359 558
359 436
359 472
359 478
359 371
359 527
359 536
359 379
360 388
360 528
360 570
360 457
360 477
360 494
360 453
360 458
361 433
361 554
361 385
361 405
361 555
361 444
361 469
361 510
361 367
361 361
361 439
361 547
362 515
362 481
362 362
362 382
362 520
362 512
362 369
362 393
363 395
363 398
363 411
363 565
363 572
363 449
363 525
363 504
364 519
364 396
364 416
364 423
364 434
364 573
364 597
364 471
365 451
365 392
365 523
365 397
365 541
365 432
365 574
365 592
365 593
365 529
365 399
365 365
366 430
366 563
366 443
366 596
366 474
366 479
366 586
366 368
366 366
367 385
367 516
367 405
367 555
367 444
367 469
367 381
367 510
367 367
367 438
367 540
368 549
368 563
368 443
368 586
368 596
368 479
368 474
368 430
368 384
369 540
369 428
369 568
369 575
369 584
369 502
370 400
370 408
370 554
370 460
370 486
370 424
370 378
370 489
370 448
370 425
370 373
370 553
371 521
371 527
371 406
371 536
371 427
371 558
371 478
371 517
371 472
371 542
372 401
372 402
372 538
372 420
372 591
372 473
372 476
372 470
372 484
372 372
372 414
372 431
372 501
372 542
373 400
373 408
373 424
373 425
373 554
373 566
373 448
373 460
373 489
373 373
373 414
373 378
374 387
374 412
374 546
374 561
374 569
374 446
374 580
374 590
374 376
374 556
374 487
374 374
374 598
375 439
375 475
375 394
375 547
375 426
375 495
375 377
375 422
376 387
376 546
376 561
376 569
376 590
376 446
376 580
376 487
376 498
376 583
376 408
376 494
377 513
377 547
377 422
377 426
377 495
377 533
377 537
378 400
378 408
378 425
378 554
378 448
378 460
378 486
378 489
378 424
378 437
378 552
378 440
378 413
379 531
379 564
379 439
379 493
379 559
379 588
379 379
379 425
379 570
380 394
380 530
380 550
380 435
380 442
380 579
380 440
380 380
380 565
381 468
381 385
381 516
381 405
381 555
381 444
381 469
381 510
381 536
382 439
382 452
382 464
382 520
382 587
382 465
382 512
382 382
382 404
383 470
383 522
383 525
383 403
383 441
383 571
383 581
383 462
383 468
383 491
383 496
383 504
384 517
384 390
384 407
384 543
384 551
384 505
384 416
385 385
385 469
385 405
385 557
385 516
385 444
385 577
386 513
386 514
386 386
386 598
386 552
386 535
386 509
386 466
386 492
386 459
387 546
387 561
387 487
387 569
387 580
387 556
387 590
387 446
387 387
387 498
388 388
388 528
388 557
388 570
388 457
388 456
388 477
388 442
388 404
389 546
389 596
389 582
389 451
389 577
389 453
389 600
389 464
389 567
389 526
389 404
390 505
390 390
390 551
390 407
390 490
390 543
391 518
391 567
391 585
391 417
391 480
391 418
391 409
391 594
391 391
391 560
392 488
392 592
392 432
392 529
392 463
392 593
392 574
392 399
392 392
392 523
392 511
392 541
392 567
392 451
392 397
393 516
393 497
393 413
393 542
393 499
393 421
393 429
393 415
393 534
393 599
393 552
394 583
394 440
394 550
394 530
394 394
394 572
394 435
394 442
394 445
394 434
395 449
395 572
395 411
395 565
395 398
395 395
395 503
395 409
396 531
396 511
396 434
396 416
396 483
396 597
396 519
396 396
396 573
396 410
396 423
396 471
396 584
397 523
397 463
397 399
397 592
397 511
397 529
397 432
397 397
397 437
397 541
397 574
397 454
397 593
398 572
398 565
398 398
398 449
398 458
399 523
399 541
399 399
399 592
399 437
399 574
399 529
399 463
399 432
399 593
399 511
400 460
400 489
400 408
400 400
400 448
400 554
400 424
400 566
400 425
400 444
401 484
401 402
401 420
401 591
401 401
401 470
401 473
401 538
401 599
401 501
401 539
401 476
402 484
402 538
402 420
402 476
402 599
402 473
402 501
402 470
402 591
402 455
402 409
403 525
403 403
403 496
403 522
403 441
403 581
403 462
403 562
403 571
403 468
403 491
403 504
403 459
404 436
404 526
404 582
404 577
404 453
404 404
404 600
404 451
405 516
405 444
405 555
405 510
405 476
405 554
405 469
406 521
406 527
406 517
406 436
406 427
406 536
406 406
406 478
406 472
406 558
406 469
406 461
407 505
407 494
407 543
407 551
407 490
407 507
408 500
408 424
408 448
408 408
408 554
408 486
408 425
408 461
408 460
408 489
408 529
409 518
409 417
409 409
409 594
409 585
409 418
409 447
409 560
409 490
409 567
410 590
410 502
410 497
410 597
410 423
410 573
410 416
410 483
411 411
411 572
411 449
411 565
411 553
411 442
412 590
412 556
412 546
412 412
412 487
412 580
412 561
412 498
412 569
412 448
412 470
412 446
412 463
413 524
413 534
413 421
413 429
413 497
413 499
413 413
413 415
413 542
413 426
414 532
414 456
414 595
414 544
414 458
414 414
414 468
414 589
415 438
415 524
415 534
415 499
415 415
415 429
415 421
415 436
416 489
416 519
416 573
416 597
416 471
416 434
416 423
417 518
417 480
417 585
417 567
417 418
417 560
417 447
417 429
417 594
417 543
418 525
418 496
418 447
418 518
418 594
418 567
418 418
418 560
418 486
418 585
418 480
419 419
419 433
419 508
419 503
419 482
419 578
419 454
419 488
419 438
419 450
419 461
419 449
420 538
420 591
420 476
420 420
420 484
420 501
420 470
420 473
420 540
420 599
421 524
421 542
421 499
421 429
421 534
421 497
421 421
421 598
421 507
422 453
422 533
422 537
422 547
422 422
422 495
423 555
423 573
423 471
423 597
423 483
423 434
423 423
424 425
424 448
424 489
424 424
424 554
424 460
424 566
424 562
424 478
425 554
425 566
425 486
425 425
425 436
425 583
425 448
425 460
425 489
426 591
426 526
426 600
426 426
426 537
427 517
427 521
427 527
427 536
427 472
427 558
427 427
427 436
427 432
428 540
428 553
428 502
428 575
428 431
428 568
428 584
429 524
429 534
429 542
429 429
429 507
429 499
430 562
430 549
430 479
430 563
430 443
430 586
430 430
430 596
431 557
431 540
431 553
431 575
431 502
431 467
431 568
431 584
432 529
432 541
432 432
432 593
432 574
432 437
432 592
432 463
432 448
432 519
433 578
433 454
433 461
433 500
433 438
433 433
433 450
433 488
434 519
434 573
434 471
434 434
434 453
434 597
435 550
435 445
435 583
435 435
435 579
435 530
435 599
436 492
436 521
436 527
436 536
436 558
436 440
436 472
436 478
437 529
437 541
437 437
437 511
437 592
437 593
437 463
437 494
437 515
438 482
438 454
438 438
438 508
438 461
438 450
438 500
438 439
438 578
438 488
438 503
439 564
439 588
439 439
439 559
439 485
439 521
440 579
440 530
440 445
440 440
440 444
440 442
441 522
441 562
441 571
441 462
441 468
441 441
441 525
441 491
441 504
441 535
441 581
442 552
442 530
442 550
442 442
442 445
442 579
442 583
442 443
443 563
443 474
443 443
443 596
443 549
443 527
443 586
443 479
444 516
444 555
444 469
444 502
444 510
445 530
445 550
445 579
445 583
445 445
445 492
446 546
446 556
446 569
446 561
446 580
446 590
446 446
446 498
446 593
447 527
447 518
447 560
447 594
447 567
447 585
447 546
447 480
448 554
448 566
448 489
448 486
448 577
448 527
448 480
449 599
449 491
449 572
449 565
450 450
450 508
450 454
450 482
450 488
450 586
450 461
450 500
451 577
451 453
451 464
451 582
451 526
451 600
452 545
452 548
452 506
452 455
452 475
452 452
452 467
452 466
452 472
453 526
453 582
453 453
453 577
453 464
454 559
454 578
454 461
454 503
454 482
454 500
454 488
454 508
454 467
454 538
455 545
455 548
455 467
455 455
455 475
455 506
455 456
456 532
456 539
456 544
456 576
456 589
456 595
456 456
456 585
456 458
457 528
457 557
457 570
457 457
457 477
458 518
458 539
458 544
458 576
458 589
458 595
459 514
459 535
459 552
459 509
459 513
459 598
459 466
459 589
459 492
459 532
460 566
460 554
460 489
460 460
460 495
460 486
461 578
461 503
461 482
461 461
461 508
461 500
461 533
461 488
461 544
462 522
462 525
462 562
462 581
462 504
462 491
462 496
462 462
462 571
462 468
462 565
463 523
463 529
463 541
463 574
463 463
463 534
463 593
464 526
464 577
464 582
464 561
464 600
464 512
465 492
465 541
465 515
465 520
465 481
465 587
465 512
465 572
466 513
466 514
466 535
466 552
466 466
466 509
466 578
466 492
466 551
467 545
467 548
467 467
467 575
467 523
467 475
467 506
468 522
468 525
468 562
468 581
468 496
468 571
468 504
468 468
469 556
469 516
469 555
469 510
469 469
469 578
470 538
470 591
470 484
470 476
470 470
470 501
470 599
470 473
470 515
470 471
471 557
471 586
471 481
471 519
471 573
471 597
471 483
472 517
472 527
472 558
472 536
472 472
472 494
473 599
473 591
473 538
473 501
473 473
473 476
474 549
474 563
474 586
474 596
474 474
474 529
475 545
475 548
475 475
475 526
476 538
476 501
476 591
476 484
476 476
476 600
476 583
477 528
477 570
477 477
477 557
478 599
478 521
478 536
478 558
478 527
478 478
478 508
479 503
479 549
479 586
479 596
479 479
479 498
479 584
480 518
480 594
480 567
480 480
480 585
480 595
481 592
481 515
481 587
481 520
482 578
482 508
482 503
482 482
482 599
482 573
483 519
483 597
483 573
483 484
483 571
484 591
484 599
484 538
484 484
484 590
485 531
485 559
485 564
485 485
485 588
485 493
485 534
486 554
486 566
486 486
486 522
487 546
487 556
487 561
487 569
487 580
487 590
487 487
487 564
487 498
487 510
487 586
488 578
488 500
488 508
488 503
488 514
489 554
489 566
489 489
489 576
490 592
490 543
490 551
490 490
490 594
491 522
491 525
491 571
491 504
491 581
491 491
491 562
491 496
492 513
492 514
492 535
492 552
492 509
492 492
493 531
493 559
493 564
493 588
493 493
493 495
494 543
494 505
494 551
494 494
494 592
494 507
495 533
495 537
495 547
495 495
496 525
496 562
496 571
496 581
496 600
497 575
497 534
497 542
497 497
497 499
497 585
498 556
498 561
498 569
498 580
498 590
498 498
499 524
499 534
499 542
500 578
500 500
500 503
500 508
500 566
500 504
500 532
501 538
501 591
501 599
501 501
501 526
502 572
502 540
502 553
502 575
502 584
503 578
503 503
503 508
504 522
504 525
504 562
504 571
504 581
504 532
505 548
505 543
505 507
505 505
505 551
505 542
506 548
506 545
506 506
506 509
506 536
507 543
507 507
507 551
508 578
508 508
508 535
509 513
509 514
509 552
509 598
509 509
510 516
510 555
510 570
511 523
511 529
511 541
511 574
511 593
511 511
512 515
512 520
512 512
512 587
513 514
513 513
513 535
513 552
513 551
514 598
514 514
514 535
514 552
514 526
514 547
515 515
515 520
515 587
516 525
516 516
516 555
517 581
517 521
517 558
517 527
517 536
517 517
518 545
518 560
518 585
518 594
518 518
518 567
519 597
519 519
519 583
519 573
520 587
520 520
521 558
521 527
521 521
521 571
521 536
522 581
522 571
522 525
522 522
522 591
522 562
523 592
523 593
523 529
523 523
523 541
523 574
523 567
524 534
524 524
524 542
524 595
524 527
525 525
525 562
525 581
525 571
526 526
526 577
526 582
526 600
526 574
526 560
527 527
527 536
528 557
528 570
528 528
529 550
529 529
529 574
529 541
529 593
530 530
530 579
530 550
530 583
531 559
531 564
531 531
531 588
531 532
532 539
532 532
532 589
532 576
532 544
532 595
533 533
533 537
533 547
534 582
534 534
534 548
534 542
535 570
535 598
535 552
535 535
535 579
536 558
536 536
536 539
537 537
537 574
538 538
538 599
538 591
538 540
539 591
539 539
539 544
539 595
540 553
540 568
540 575
540 540
540 584
541 583
541 574
541 593
541 592
542 542
543 599
543 554
543 543
543 551
544 544
544 576
544 595
544 589
545 545
545 548
545 589
545 578
546 546
546 556
546 569
546 561
546 590
547 547
547 593
548 580
548 595
549 596
549 563
549 549
549 586
550 550
550 579
550 583
551 551
552 598
553 580
553 553
553 584
553 568
554 566
555 555
556 590
556 580
556 556
556 561
556 569
557 580
557 570
557 557
558 558
558 571
559 559
559 588
560 585
560 567
560 594
561 580
561 590
561 569
562 581
562 562
562 571
563 596
563 586
563 563
564 564
564 588
565 565
565 572
566 566
567 585
567 567
567 594
568 584
568 568
568 575
569 580
569 590
570 570
571 581
571 571
572 572
572 596
573 573
573 597
574 592
574 593
575 584
576 589
576 595
577 582
577 577
578 578
578 590
579 579
580 580
580 590
581 581
582 582
582 600
583 583
584 591
584 584
585 594
585 585
586 586
586 596
587 587
588 588
589 589
589 599
590 590
591 591
591 599
592 592
592 593
593 593
598 598
599 599
