600 3687
1 269
1 272
1 249
1 325
1 282
1 160
1 11
1 433
1 265
1 527
1 518
1 391
1 401
1 534
1 244
2 30
2 132
2 206
2 164
2 450
2 239
2 346
2 260
2 237
2 378
2 416
2 442
2 87
2 336
3 320
3 147
3 169
3 91
3 321
3 231
3 82
3 41
3 192
3 478
3 524
3 415
3 302
3 364
3 62
4 411
4 259
4 286
4 97
4 181
4 555
4 465
4 153
4 144
4 515
4 516
4 461
4 376
5 548
5 86
5 443
5 121
5 551
5 5
5 397
5 447
5 423
5 295
5 296
5 307
5 81
5 599
5 414
6 300
6 356
6 207
6 319
6 203
6 461
6 144
6 597
6 339
6 478
6 541
6 286
6 181
7 392
7 150
7 214
7 7
7 80
7 313
7 360
7 470
7 383
7 146
7 32
7 327
7 219
7 253
8 58
8 301
8 166
8 118
8 122
8 553
8 283
8 403
8 410
8 338
8 417
8 457
8 345
9 263
9 9
9 238
9 273
9 340
9 350
9 547
9 322
9 531
9 436
10 212
10 594
10 136
10 111
10 491
10 596
10 348
10 503
10 131
10 586
10 14
10 411
10 446
10 227
10 116
10 506
10 97
11 518
11 358
11 501
11 272
11 546
11 366
11 433
11 149
11 228
11 160
12 261
12 411
12 359
12 227
12 14
12 236
12 143
12 467
12 348
12 274
12 111
12 506
13 43
13 404
13 174
13 261
13 136
13 506
13 116
13 411
13 359
13 295
13 24
13 444
13 503
14 236
14 348
14 227
14 411
14 37
14 444
14 111
14 45
15 334
15 563
15 52
15 207
15 592
15 305
15 15
15 148
15 146
15 557
15 309
15 580
16 386
16 263
16 436
16 571
16 273
16 92
16 421
16 322
16 125
16 96
16 291
16 550
16 350
16 510
17 529
17 18
17 486
17 247
17 449
17 564
17 188
17 383
17 314
17 222
17 277
17 532
17 29
17 38
17 569
17 331
17 380
17 479
17 457
18 462
18 331
18 564
18 486
18 383
18 404
18 277
18 223
18 97
18 413
18 161
18 44
18 449
18 380
18 23
19 99
19 520
19 93
19 316
19 487
19 217
19 177
19 57
19 62
19 525
19 570
20 161
20 106
20 101
20 212
20 297
20 341
20 20
20 389
20 359
20 285
20 289
20 337
20 355
20 124
21 519
21 400
21 578
21 500
21 595
21 21
21 89
21 47
21 223
21 493
21 117
21 280
21 555
22 266
22 525
22 527
22 531
22 279
22 151
22 142
22 462
22 79
22 507
22 245
23 40
23 455
23 210
23 133
23 540
23 68
23 488
23 34
23 505
23 408
23 159
23 72
23 209
23 375
24 103
24 111
24 506
24 444
24 116
24 136
24 596
24 236
24 101
24 446
24 467
24 227
24 503
25 392
25 531
25 151
25 220
25 142
25 109
25 424
25 39
25 437
25 558
25 79
25 363
25 478
26 180
26 316
26 329
26 93
26 487
26 229
26 452
26 217
26 64
26 470
26 543
26 193
26 70
26 330
26 184
27 250
27 567
27 66
27 568
27 584
27 409
27 484
27 27
27 162
27 556
27 432
27 185
27 312
27 598
27 497
27 93
28 223
28 134
28 403
28 283
28 457
28 276
28 396
28 422
28 553
28 209
28 300
28 118
29 529
29 29
29 532
29 293
29 161
29 38
29 277
29 92
29 188
29 449
29 281
29 140
29 405
30 385
30 469
30 419
30 155
30 77
30 59
30 54
30 254
30 445
30 423
31 218
31 499
31 131
31 136
31 143
31 116
31 261
31 491
31 31
31 446
31 348
32 538
32 146
32 344
32 197
32 80
32 521
32 313
32 251
32 71
32 496
32 253
33 451
33 258
33 259
33 530
33 597
33 465
33 516
33 522
33 461
33 556
33 376
34 405
34 455
34 210
34 477
34 133
34 505
34 95
34 159
34 107
34 356
34 248
35 129
35 390
35 393
35 270
35 147
35 230
35 294
35 158
35 299
35 44
35 241
36 130
36 409
36 428
36 497
36 438
36 598
36 185
36 577
36 36
36 120
37 246
37 131
37 411
37 111
37 236
37 348
37 143
37 261
37 183
37 446
37 467
37 503
38 529
38 404
38 532
38 293
38 486
38 380
38 569
38 124
38 188
39 392
39 527
39 279
39 287
39 162
39 39
39 102
39 334
39 364
39 171
40 519
40 500
40 583
40 400
40 117
40 493
40 371
40 40
40 47
40 578
40 466
40 362
40 92
40 360
41 420
41 456
41 415
41 202
41 524
41 589
41 434
41 425
41 399
41 302
41 82
41 475
42 420
42 425
42 192
42 434
42 103
42 42
42 582
42 231
42 297
42 321
42 202
42 594
43 394
43 538
43 315
43 75
43 489
43 427
43 204
43 473
43 303
43 179
43 320
43 234
43 512
43 253
44 532
44 449
44 454
44 404
44 247
44 223
44 588
44 576
45 583
45 432
45 556
45 226
45 379
45 568
45 328
45 45
45 377
45 438
45 185
45 312
45 66
45 196
45 222
46 423
46 426
46 268
46 228
46 419
46 445
46 507
46 63
46 292
46 421
46 77
46 377
47 124
47 519
47 466
47 371
47 583
47 47
47 570
47 48
47 53
47 89
47 492
47 498
48 519
48 400
48 492
48 371
48 89
48 466
48 464
48 370
48 88
49 517
49 554
49 431
49 468
49 183
49 172
49 65
49 198
49 511
49 414
49 182
49 55
49 336
50 405
50 408
50 375
50 488
50 232
50 471
50 505
50 50
50 573
50 218
51 552
51 474
51 292
51 59
51 469
51 63
51 170
51 254
51 333
51 435
51 445
51 453
51 77
52 398
52 52
52 592
52 94
52 368
52 563
52 148
52 166
52 187
52 572
52 334
52 343
52 215
52 373
53 400
53 78
53 362
53 492
53 89
53 464
53 519
53 451
53 600
53 310
53 493
53 500
53 117
54 385
54 170
54 423
54 426
54 63
54 292
54 268
54 419
54 409
54 77
54 474
54 254
55 534
55 183
55 504
55 65
55 367
55 308
55 440
55 55
55 336
56 371
56 180
56 217
56 99
56 93
56 70
56 452
56 316
56 570
56 526
56 458
57 180
57 562
57 487
57 83
57 573
57 193
57 93
57 543
57 492
57 64
57 107
58 403
58 166
58 429
58 553
58 410
58 575
58 58
58 120
58 457
59 292
59 419
59 170
59 426
59 63
59 268
59 377
59 392
59 469
59 228
59 254
59 447
59 243
59 290
60 387
60 260
60 171
60 430
60 442
60 239
60 416
60 544
60 119
60 458
60 450
60 206
60 87
60 216
60 96
61 135
61 395
61 138
61 150
61 255
61 427
61 512
61 315
61 240
61 468
61 446
61 597
62 543
62 180
62 329
62 99
62 562
62 316
62 570
62 193
62 217
62 153
63 292
63 552
63 170
63 507
63 333
63 68
63 469
63 238
64 520
64 177
64 64
64 329
64 229
64 330
64 382
65 494
65 528
65 441
65 191
65 468
65 367
65 554
65 285
65 233
66 493
66 130
66 428
66 567
66 196
66 222
66 438
66 102
66 226
66 137
67 495
67 199
67 513
67 141
67 274
67 319
67 208
67 85
67 374
67 442
67 235
67 365
67 242
68 68
68 133
68 209
68 455
68 199
68 159
68 592
68 72
68 218
68 375
69 281
69 415
69 420
69 302
69 321
69 364
69 231
69 91
69 434
69 315
70 543
70 93
70 520
70 562
70 330
70 99
70 452
70 202
70 448
71 416
71 361
71 326
71 260
71 96
71 119
71 87
71 508
71 206
71 160
72 186
72 455
72 159
72 356
72 218
72 209
72 408
72 597
72 488
72 248
73 274
73 515
73 345
73 208
73 472
73 460
73 319
73 242
73 490
73 434
73 205
74 260
74 122
74 557
74 565
74 572
74 74
74 90
74 215
74 325
74 353
74 368
75 135
75 150
75 558
75 255
75 240
75 234
75 320
75 179
75 78
75 221
75 363
76 129
76 390
76 270
76 294
76 347
76 549
76 147
76 158
76 381
76 467
76 84
76 483
76 230
76 316
77 385
77 292
77 426
77 333
77 474
77 165
77 469
78 539
78 583
78 519
78 371
78 466
78 492
78 493
78 392
78 464
78 500
78 117
78 408
79 531
79 279
79 151
79 128
79 266
79 424
79 372
79 544
79 211
79 102
79 109
79 224
80 521
80 146
80 414
80 313
80 458
80 327
80 406
80 598
80 219
81 295
81 175
81 81
81 397
81 318
81 296
81 447
81 575
81 86
81 494
81 502
81 121
81 130
81 484
82 231
82 589
82 281
82 415
82 91
82 192
82 524
82 290
82 475
82 485
83 177
83 180
83 570
83 316
83 329
83 83
83 487
83 212
83 229
84 129
84 158
84 294
84 299
84 284
84 84
84 241
84 357
84 100
84 230
84 380
84 196
85 513
85 274
85 154
85 208
85 195
85 319
85 460
85 205
85 568
85 235
86 295
86 551
86 307
86 443
86 447
86 127
86 494
86 446
86 384
86 168
86 535
87 171
87 450
87 326
87 119
87 346
87 164
87 422
87 508
88 407
88 537
88 412
88 542
88 290
88 184
88 306
88 156
88 347
89 400
89 451
89 466
89 370
89 464
89 226
90 557
90 187
90 353
90 592
90 343
90 563
90 152
90 148
90 162
90 144
91 425
91 434
91 321
91 594
91 475
91 231
91 92
91 103
91 265
92 547
92 291
92 421
92 304
92 571
92 566
92 105
93 520
93 570
93 316
93 193
94 563
94 309
94 207
94 343
94 334
94 580
94 152
94 586
94 228
94 368
95 180
95 133
95 540
95 159
95 455
95 199
95 477
95 505
95 448
95 488
95 232
95 248
96 544
96 581
96 326
96 206
96 361
96 171
96 555
97 540
97 258
97 522
97 533
97 516
97 339
97 203
97 107
98 547
98 455
98 521
98 146
98 288
98 214
98 197
98 360
98 536
98 539
98 496
98 251
98 253
98 517
99 193
99 217
99 329
99 487
99 570
99 108
99 229
99 591
100 129
100 147
100 158
100 549
100 347
100 246
100 393
100 108
100 520
101 257
101 132
101 389
101 275
101 278
101 297
101 317
101 335
101 212
101 225
102 525
102 162
102 437
102 211
102 531
102 287
102 245
102 333
102 109
102 128
103 169
103 302
103 582
103 456
103 415
103 103
103 577
104 337
104 386
104 514
104 547
104 421
104 550
104 323
104 273
104 566
104 227
104 238
105 492
105 412
105 560
105 156
105 105
105 123
105 481
105 587
106 211
106 275
106 278
106 297
106 593
106 341
106 355
106 476
106 340
107 327
107 214
107 522
107 286
107 465
107 597
107 153
107 376
108 158
108 165
108 549
108 294
108 459
108 347
108 483
108 230
108 211
108 293
109 287
109 162
109 531
109 462
109 527
109 109
109 372
110 274
110 195
110 332
110 205
110 137
110 490
110 460
110 374
110 110
111 261
111 136
111 348
111 491
111 390
111 460
112 528
112 431
112 191
112 324
112 233
112 183
112 198
112 441
112 478
112 592
113 386
113 273
113 291
113 550
113 350
113 263
113 566
113 113
113 267
114 401
114 534
114 366
114 282
114 149
114 325
114 433
114 160
114 559
114 354
114 509
115 155
115 150
115 427
115 303
115 320
115 204
115 394
115 363
115 538
115 589
115 512
115 129
116 299
116 131
116 261
116 491
116 467
116 322
116 503
116 515
117 310
117 451
117 464
117 595
117 493
117 423
117 222
118 403
118 166
118 429
118 553
118 417
118 600
118 118
118 248
119 529
119 387
119 119
119 508
119 450
119 170
120 528
120 554
120 431
120 324
120 336
120 183
120 504
120 517
120 478
121 548
121 295
121 173
121 443
121 599
121 447
121 121
122 140
122 396
122 276
122 410
122 553
122 429
122 311
122 575
123 535
123 157
123 542
123 561
123 306
123 439
123 342
123 290
123 243
124 132
124 389
124 278
124 335
124 341
124 476
124 355
125 514
125 263
125 273
125 291
125 421
125 304
125 322
125 386
125 155
125 306
126 390
126 393
126 270
126 165
126 294
126 230
126 241
126 126
126 454
126 172
127 531
127 397
127 548
127 175
127 307
127 443
127 354
127 494
127 244
127 428
128 392
128 531
128 220
128 245
128 372
128 266
128 424
128 469
128 562
129 299
129 230
129 284
129 549
129 483
129 390
129 393
129 294
129 459
129 553
130 438
130 428
130 577
130 584
130 432
130 250
130 379
130 409
130 312
130 196
130 222
130 503
131 227
131 596
131 444
131 131
131 236
131 528
131 446
131 491
132 551
132 225
132 252
132 341
132 349
132 317
132 297
132 389
132 285
132 335
132 593
132 337
132 212
133 159
133 505
133 133
133 375
133 232
133 218
133 405
133 211
133 408
133 199
133 209
133 471
133 356
134 276
134 134
134 417
134 600
134 403
134 429
134 300
134 447
134 140
135 558
135 138
135 255
135 179
135 394
135 395
135 315
135 154
135 489
135 488
136 261
136 143
136 136
136 411
136 395
136 596
136 506
137 221
137 323
137 513
137 141
137 515
137 195
137 369
137 137
137 399
137 345
137 490
137 242
138 320
138 538
138 394
138 395
138 489
138 138
138 473
138 552
138 234
138 236
139 178
139 398
139 352
139 526
139 163
139 448
139 194
139 168
139 338
139 476
139 145
139 167
139 521
140 495
140 410
140 417
140 276
140 396
140 457
140 600
140 301
140 311
141 313
141 195
141 399
141 472
141 490
141 154
141 141
141 332
141 369
142 266
142 279
142 392
142 527
142 462
142 437
142 213
142 287
142 151
142 475
142 531
142 314
143 247
143 143
143 491
143 467
143 261
143 230
144 232
144 504
144 259
144 516
144 523
144 533
144 203
144 530
144 153
144 286
144 555
144 339
145 271
145 585
145 178
145 262
145 526
145 256
145 398
145 338
145 402
145 167
145 194
145 591
146 262
146 313
146 536
146 360
146 470
146 499
146 560
146 200
146 344
146 378
147 393
147 165
147 483
147 299
147 459
147 269
147 381
147 284
147 241
147 357
147 382
148 216
148 305
148 343
148 580
148 586
148 187
148 152
148 215
148 347
148 309
148 334
149 158
149 463
149 166
149 401
149 325
149 559
149 366
149 249
149 300
149 358
149 244
150 255
150 315
150 538
150 179
150 234
150 395
150 473
150 363
150 519
151 392
151 266
151 211
151 287
151 437
151 513
151 220
152 565
152 215
152 305
152 207
152 586
152 152
152 557
152 456
152 563
152 572
153 533
153 259
153 522
153 339
153 181
153 258
153 541
153 376
154 423
154 234
154 515
154 274
154 460
154 513
154 400
154 235
154 242
154 374
154 258
155 385
155 268
155 426
155 474
155 423
155 155
155 445
155 419
155 292
155 552
155 170
155 333
155 377
155 233
156 474
156 537
156 157
156 576
156 190
156 201
156 542
156 439
156 418
156 511
156 545
156 561
157 157
157 418
157 542
157 407
157 576
157 412
157 243
157 290
157 560
157 485
158 390
158 269
158 165
158 284
158 549
158 246
158 459
158 347
158 483
158 578
159 232
159 477
159 375
159 488
159 408
159 471
159 214
159 186
159 210
160 265
160 267
160 272
160 534
160 282
160 559
160 301
160 433
160 366
161 277
161 532
161 564
161 314
161 161
161 413
161 293
161 188
161 247
162 527
162 279
162 424
162 525
162 213
162 266
162 423
162 462
162 413
163 398
163 174
163 271
163 351
163 591
163 463
163 574
163 163
163 168
163 480
164 279
164 430
164 260
164 508
164 579
164 544
164 416
164 387
164 291
165 381
165 390
165 393
165 294
165 566
165 500
166 396
166 410
166 457
166 553
166 575
166 482
166 300
166 600
167 271
167 526
167 176
167 174
167 178
167 398
167 352
167 302
167 448
167 591
167 480
168 262
168 526
168 398
168 256
168 176
168 574
168 448
168 174
168 585
168 351
169 281
169 582
169 169
169 456
169 420
169 415
169 341
169 192
169 330
170 385
170 170
170 552
170 445
170 423
170 468
170 474
171 347
171 260
171 416
171 544
171 579
171 442
171 346
171 430
171 450
171 581
171 216
172 375
172 554
172 183
172 504
172 517
172 511
172 198
172 336
172 441
172 308
172 191
173 264
173 551
173 296
173 175
173 599
173 447
173 384
173 443
173 398
173 318
174 463
174 176
174 480
174 194
174 591
174 256
174 351
174 587
175 388
175 264
175 548
175 397
175 296
175 295
175 527
175 435
175 243
175 440
175 274
176 280
176 338
176 194
176 398
176 256
176 585
176 307
176 480
176 376
177 595
177 520
177 573
177 229
177 452
177 180
177 287
177 562
177 570
177 316
178 271
178 526
178 280
178 224
178 463
178 338
178 186
179 395
179 303
179 255
179 320
179 315
179 512
179 599
179 204
179 386
180 452
180 330
180 487
180 422
181 259
181 523
181 533
181 522
181 203
181 402
181 588
182 517
182 431
182 308
182 182
182 324
182 336
182 468
182 380
182 440
182 441
182 198
183 307
183 517
183 554
183 511
183 367
183 443
183 324
183 478
183 233
184 228
184 294
184 217
184 407
184 545
184 290
184 418
184 306
184 485
185 225
185 556
185 438
185 222
185 598
185 584
185 426
185 577
186 379
186 405
186 408
186 505
186 209
186 471
186 454
186 199
187 305
187 309
187 353
187 557
187 334
187 373
187 488
187 572
187 343
187 368
188 529
188 277
188 223
188 380
188 293
188 312
188 331
188 191
189 401
189 546
189 559
189 272
189 325
189 189
189 282
189 366
189 408
189 201
190 407
190 537
190 542
190 561
190 576
190 535
190 412
190 587
190 191
190 201
191 545
191 441
191 431
191 517
191 511
192 425
192 434
192 202
192 594
192 415
192 524
192 551
192 329
193 487
193 452
193 520
193 330
193 434
193 217
194 398
194 256
194 194
194 591
194 380
194 352
195 195
195 399
195 332
195 472
195 515
195 322
195 365
196 335
196 556
196 432
196 567
196 222
196 584
196 328
196 379
196 575
197 410
197 200
197 499
197 414
197 344
197 406
197 313
197 378
197 372
197 327
197 470
198 439
198 528
198 554
198 324
198 308
198 517
198 530
198 336
198 367
199 405
199 540
199 455
199 248
199 477
199 218
199 505
200 473
200 406
200 414
200 200
200 360
200 313
200 205
200 344
201 407
201 537
201 418
201 306
201 481
201 535
201 545
202 524
202 415
202 420
202 582
202 594
202 231
202 254
202 475
202 364
202 291
203 226
203 258
203 523
203 402
203 530
203 533
203 541
203 286
203 555
204 558
204 315
204 204
204 512
204 221
204 258
204 363
205 569
205 513
205 515
205 274
205 332
205 460
205 501
205 369
206 387
206 326
206 260
206 239
206 579
206 236
206 508
207 309
207 572
207 382
207 592
207 557
207 580
207 343
207 215
207 353
208 513
208 515
208 319
208 460
208 242
208 208
208 235
209 405
209 540
209 209
209 471
210 408
210 455
210 232
210 248
210 540
210 210
210 471
210 218
210 375
211 266
211 525
211 527
211 279
211 287
211 437
212 335
212 593
212 285
212 389
212 357
212 349
212 341
212 479
213 266
213 424
213 462
213 437
213 213
213 220
213 356
213 372
213 245
214 570
214 406
214 288
214 327
214 458
214 470
214 536
214 219
214 499
214 251
214 253
215 526
215 581
215 565
215 586
215 479
215 373
216 581
216 346
216 216
216 326
216 237
216 450
217 562
217 573
217 316
218 540
218 488
218 232
218 356
218 375
219 406
219 313
219 458
219 251
219 470
219 521
219 450
219 353
220 525
220 531
220 527
220 279
220 220
220 270
221 395
221 538
221 558
221 240
221 320
221 255
221 489
221 363
221 374
222 598
222 328
222 484
223 532
223 413
223 293
223 454
223 564
223 529
223 288
224 262
224 398
224 271
224 574
224 585
224 448
224 352
224 256
224 533
225 257
225 285
225 317
225 476
225 275
225 357
225 289
226 432
226 568
226 250
226 428
226 328
226 484
226 368
227 341
227 411
227 506
227 397
227 491
227 503
228 419
228 552
228 254
228 228
228 507
228 333
228 377
228 384
229 520
229 562
229 329
229 570
229 464
230 549
230 299
230 347
230 472
230 381
230 403
230 481
231 524
231 281
231 420
231 321
231 589
232 540
232 455
232 356
232 505
233 517
233 478
233 554
233 504
233 367
233 528
234 538
234 473
234 427
234 489
234 240
234 472
235 490
235 472
235 365
235 515
235 332
235 415
236 512
236 250
236 596
236 503
237 544
237 361
237 450
237 237
237 430
237 239
237 418
238 514
238 273
238 547
238 421
238 323
238 571
238 566
239 387
239 416
239 450
239 326
239 361
239 244
240 394
240 427
240 558
240 303
240 363
240 458
241 270
241 294
241 393
241 459
241 390
241 563
241 518
242 324
242 513
242 345
242 369
242 400
243 264
243 295
243 443
243 318
243 243
243 435
243 548
243 502
244 421
244 391
244 267
244 358
244 559
244 573
245 266
245 531
245 279
245 525
245 437
245 308
245 443
246 269
246 284
246 347
246 381
246 270
246 483
246 393
247 404
247 532
247 413
247 569
247 331
247 529
248 408
248 471
248 477
248 540
249 518
249 391
249 265
249 534
249 298
249 366
249 358
249 414
250 409
250 428
250 438
250 567
250 312
250 598
251 406
251 536
251 414
251 496
251 458
251 418
252 257
252 289
252 593
252 337
252 355
252 278
252 479
252 335
252 304
253 288
253 496
253 521
253 499
253 344
254 292
254 474
254 419
254 507
254 496
255 394
255 315
255 473
255 399
255 487
255 429
256 262
256 398
256 526
256 463
256 338
256 351
257 479
257 257
257 297
257 593
257 278
257 541
257 389
257 275
257 289
257 337
258 376
258 402
258 339
258 541
258 523
258 259
259 597
259 516
259 286
259 465
259 569
259 555
259 461
259 339
260 387
260 579
260 361
260 326
260 346
260 544
260 450
261 359
261 503
261 444
261 411
261 429
261 446
261 467
262 591
262 463
262 448
262 262
262 280
262 576
263 263
263 350
263 510
263 436
263 323
263 463
263 273
263 322
263 340
264 388
264 447
264 296
264 307
264 295
264 384
264 457
264 435
264 318
264 494
265 469
265 584
265 267
265 509
265 272
265 358
266 525
266 527
266 462
266 427
266 373
267 518
267 282
267 325
267 298
267 267
267 576
267 546
268 469
268 419
268 426
268 333
268 474
268 423
268 445
268 385
268 353
268 552
269 390
269 393
269 284
269 459
269 269
269 381
269 270
269 433
270 397
270 270
270 347
270 483
271 526
271 352
271 574
271 280
271 480
271 572
272 301
272 325
272 546
272 282
272 401
272 452
272 501
272 509
273 386
273 291
273 304
273 514
273 362
273 566
273 340
274 515
274 472
274 365
274 319
275 389
275 349
275 357
275 337
275 476
275 317
275 568
275 278
275 289
275 341
275 479
275 482
276 396
276 311
276 417
276 482
276 575
276 403
276 529
276 410
276 283
276 457
277 381
277 588
277 564
277 449
277 277
277 382
277 380
278 317
278 297
278 349
278 479
278 377
278 476
279 424
279 527
280 526
280 448
280 280
280 463
280 574
280 585
280 352
280 536
281 525
281 456
281 594
281 364
281 434
281 415
281 420
281 302
282 391
282 401
282 534
282 546
282 366
282 437
282 298
282 433
282 325
282 501
282 523
283 396
283 553
283 403
283 300
283 482
283 410
283 334
283 429
283 412
284 483
284 393
284 284
284 459
284 492
285 389
285 355
285 349
285 357
285 317
285 479
285 460
285 297
285 311
285 339
286 560
286 402
286 533
286 356
286 597
286 376
287 531
287 424
287 462
287 287
287 372
288 521
288 536
288 344
288 360
288 313
288 378
288 496
289 389
289 335
289 341
289 289
289 549
289 337
289 479
289 355
290 537
290 412
290 545
290 418
290 342
290 560
291 510
291 571
291 340
291 322
291 421
291 323
291 416
292 419
292 423
292 453
292 507
292 425
292 445
292 474
293 293
293 413
293 314
293 380
293 569
293 449
294 459
294 483
294 381
294 326
294 490
295 548
295 443
295 502
295 584
295 516
296 548
296 447
296 384
296 435
296 307
296 388
296 296
296 599
296 494
296 502
297 317
297 357
297 497
298 534
298 298
298 401
298 518
298 501
298 429
298 559
298 509
298 431
299 390
299 393
299 549
299 347
300 600
300 482
300 575
300 429
300 396
300 301
300 311
300 565
301 403
301 417
301 422
301 457
301 429
301 482
302 302
302 415
302 524
302 377
302 364
303 394
303 538
303 320
303 395
303 558
303 316
303 363
304 547
304 590
304 514
304 323
304 571
304 308
304 322
304 510
304 554
305 318
305 592
305 572
305 305
305 578
305 580
305 353
305 368
306 535
306 545
306 439
306 537
306 481
306 576
306 485
306 407
307 397
307 447
307 384
307 354
307 318
307 599
308 334
308 517
308 504
308 367
308 308
308 440
309 563
309 565
309 343
309 586
309 407
309 580
310 400
310 493
310 595
310 578
310 539
310 371
310 370
310 566
310 451
310 362
311 422
311 403
311 396
311 495
311 575
311 457
312 409
312 577
312 484
312 497
312 538
312 480
313 521
313 313
313 458
313 344
314 404
314 413
314 569
314 529
314 314
314 542
315 394
315 395
315 538
315 489
315 371
315 512
316 573
316 329
317 424
317 355
317 495
317 593
317 476
318 551
318 384
318 354
318 447
318 548
318 494
318 502
318 418
318 399
319 319
319 490
319 513
319 345
319 374
319 460
319 365
320 427
320 320
320 558
320 496
321 599
321 434
321 589
321 420
321 464
321 594
321 475
321 352
322 571
322 436
322 510
322 400
322 590
323 386
323 547
323 436
323 566
323 590
323 471
323 506
323 530
324 454
324 440
324 554
324 336
325 449
325 534
325 401
325 548
325 358
325 509
326 416
326 430
326 581
326 544
326 346
327 521
327 414
327 458
327 360
327 406
327 496
327 470
328 428
328 556
328 567
328 497
328 379
328 409
328 328
328 572
329 520
329 562
329 573
329 543
330 548
330 590
330 573
330 452
330 361
331 404
331 413
331 383
331 564
331 529
331 508
331 380
331 340
332 436
332 515
332 460
332 374
332 513
332 490
332 448
332 472
333 426
333 453
333 469
333 377
333 378
333 510
333 586
334 557
334 572
334 580
334 592
334 368
335 335
335 593
335 337
335 476
335 349
336 517
336 511
336 478
337 593
337 357
337 355
338 591
338 526
338 351
338 480
338 474
339 516
339 522
339 533
339 597
339 376
340 550
340 566
340 514
340 386
340 350
340 528
341 389
341 476
341 415
342 535
342 561
342 542
342 418
342 545
342 342
342 420
342 481
342 485
343 353
343 343
343 466
343 373
344 552
344 406
344 344
345 549
345 513
345 460
345 345
345 369
346 430
346 579
346 581
346 357
346 361
347 393
347 381
347 452
348 497
348 411
348 348
348 506
349 479
349 476
349 349
350 550
350 590
350 566
350 547
350 417
351 526
351 574
351 585
351 351
351 352
351 477
352 585
352 463
352 480
352 491
353 557
353 572
354 388
354 397
354 548
354 435
354 447
354 599
354 459
355 357
355 531
356 540
356 477
356 356
357 479
358 391
358 559
358 509
358 518
358 546
358 382
359 596
359 446
359 359
359 444
359 455
360 406
360 458
360 496
361 581
361 416
361 579
362 437
362 578
362 370
362 595
362 583
362 492
362 555
362 537
363 427
363 489
363 538
364 434
364 425
364 420
364 415
364 450
365 515
365 460
365 513
365 472
365 450
366 501
366 366
367 440
367 554
367 511
367 507
368 382
368 565
368 563
368 373
369 490
369 472
369 374
369 515
369 481
370 519
370 400
370 451
370 498
370 595
370 571
371 539
371 451
371 498
371 500
372 437
372 462
372 372
372 392
372 471
373 557
373 563
373 565
373 382
374 399
374 472
374 515
375 477
375 540
376 530
376 522
377 385
377 426
377 377
377 529
377 507
378 406
378 536
378 470
378 414
378 429
379 400
379 432
379 438
379 567
379 556
380 413
380 449
381 393
381 573
382 557
382 572
382 592
383 532
383 588
383 486
383 454
383 404
383 413
383 580
384 388
384 435
384 548
384 559
385 453
385 507
385 445
385 419
385 460
385 552
386 588
386 566
386 514
386 590
386 510
387 459
387 579
387 416
387 442
387 399
387 544
387 430
388 494
388 388
388 599
388 397
388 450
388 443
388 502
389 476
389 445
389 593
390 549
390 393
390 565
391 401
391 534
391 559
391 546
391 530
392 525
392 437
392 531
392 462
393 483
393 549
393 565
394 427
394 473
394 394
394 395
394 512
395 473
395 395
395 405
395 539
396 575
396 422
396 417
396 410
396 449
396 553
397 551
397 548
397 494
397 435
398 398
398 480
399 513
399 515
399 472
399 460
399 490
400 539
400 583
400 492
401 518
401 401
401 454
401 509
401 467
402 516
402 523
402 530
402 402
402 408
402 533
402 461
403 544
403 482
403 495
403 429
404 529
404 486
404 532
404 454
404 564
404 449
404 588
405 477
405 408
406 521
406 536
406 548
406 499
407 409
407 485
407 587
407 481
407 439
407 566
407 576
408 408
409 432
409 577
409 556
409 598
409 428
409 567
409 568
410 410
410 495
411 420
411 444
411 467
412 589
412 535
412 561
412 412
412 560
412 545
412 481
413 569
413 454
413 588
413 564
414 521
414 536
414 414
414 470
415 466
415 589
415 456
415 524
415 594
416 581
416 442
416 430
416 544
417 417
417 519
417 553
417 482
418 505
418 535
418 542
418 561
418 439
419 426
419 423
419 474
419 466
420 524
420 475
420 589
421 475
421 550
421 436
422 482
422 600
422 495
422 422
422 429
422 461
423 552
423 445
423 469
423 557
424 525
424 527
424 424
424 470
425 524
425 582
425 425
425 456
425 426
425 475
425 465
426 552
426 474
426 507
426 549
426 453
427 538
427 489
427 427
427 473
428 584
428 567
428 568
428 497
429 495
429 575
430 438
430 508
430 568
430 450
430 581
431 517
431 528
431 511
431 468
431 554
431 440
431 441
431 478
432 568
432 598
432 579
432 438
432 577
433 518
433 501
433 433
433 559
434 589
434 524
434 583
434 456
435 599
435 551
435 584
435 443
436 476
436 547
436 550
436 590
436 571
437 525
437 437
437 502
438 556
438 484
439 537
439 561
439 576
439 485
439 587
439 481
440 441
440 440
440 504
441 468
441 511
441 504
441 506
442 581
442 544
442 442
442 443
444 596
444 491
444 467
444 449
444 506
445 536
445 453
446 446
447 548
447 599
447 494
447 520
448 524
448 582
448 574
448 463
448 591
449 564
449 588
450 579
451 539
451 493
451 466
451 498
452 543
452 562
452 570
453 469
453 507
453 453
453 535
454 529
454 532
454 564
454 588
455 540
455 477
455 488
455 471
456 582
456 524
456 583
457 600
457 495
458 507
458 536
459 549
460 515
460 513
461 516
461 522
461 523
461 465
462 527
462 462
463 574
464 539
464 493
464 595
464 578
464 583
464 565
465 522
465 523
465 465
466 519
466 500
466 595
467 596
468 568
468 511
468 566
470 470
470 496
472 515
473 558
473 489
475 524
476 479
477 488
478 517
478 478
479 593
480 526
481 542
481 545
481 485
482 553
483 495
483 550
484 566
484 556
484 577
484 598
484 497
485 535
485 561
486 529
486 569
486 532
486 486
487 520
487 573
488 540
489 558
489 589
489 501
490 515
491 506
492 578
492 595
492 500
493 519
493 498
494 502
497 568
497 567
497 513
498 539
498 583
498 500
498 595
498 584
499 509
499 521
499 536
499 499
500 595
501 567
501 518
501 559
501 563
501 522
502 527
502 548
503 596
504 532
504 511
505 540
507 552
508 544
508 508
509 559
509 534
510 514
510 550
510 571
511 528
511 554
512 558
512 538
514 566
514 590
514 550
514 514
516 533
516 555
516 597
516 522
517 517
517 528
518 518
518 546
518 561
519 539
519 578
519 595
520 562
520 573
520 543
520 570
521 536
522 555
522 522
523 555
523 523
523 533
523 541
524 524
524 589
524 594
525 527
525 531
526 585
526 574
528 554
529 588
529 564
530 541
530 530
532 569
533 597
534 546
535 545
535 542
535 537
537 545
537 587
537 542
537 560
537 561
538 538
539 578
539 595
539 583
539 571
541 564
541 541
542 587
542 561
542 560
543 570
543 543
543 573
543 585
543 562
544 598
544 581
544 579
545 587
546 546
547 547
547 566
547 571
547 590
547 574
548 551
550 571
550 590
551 599
551 551
553 600
553 575
554 554
556 556
556 567
557 558
559 559
560 576
560 587
562 562
562 573
562 592
563 592
563 580
563 572
565 586
566 566
566 590
567 568
568 596
569 588
577 598
577 584
578 578
579 579
580 585
580 586
580 580
580 592
582 594
582 582
583 583
583 595
585 591
586 586
586 592
587 587
588 593
600 600
