600 3680
1 128
1 385
1 248
1 160
1 351
1 1
1 113
1 97
1 374
1 23
1 421
1 346
1 477
1 112
1 132
2 488
2 141
2 32
2 248
2 246
2 259
2 258
2 346
2 112
2 318
2 135
2 539
2 425
2 90
2 584
3 50
3 173
3 156
3 217
3 558
3 432
3 193
3 116
3 102
3 30
3 544
3 546
3 35
4 6
4 452
4 84
4 177
4 175
4 549
4 39
4 307
4 555
4 80
4 34
4 171
4 81
5 576
5 364
5 463
5 225
5 261
5 146
5 115
5 44
5 443
5 173
5 18
5 186
5 448
5 325
5 199
5 323
6 567
6 84
6 103
6 452
6 250
6 549
6 358
6 34
6 292
6 175
6 177
6 17
7 7
7 26
7 496
7 221
7 33
7 508
7 534
7 542
7 587
7 281
7 282
7 159
7 170
8 288
8 182
8 468
8 569
8 540
8 202
8 595
8 60
8 577
8 504
8 520
8 27
8 566
8 313
8 205
8 87
8 359
8 109
9 418
9 138
9 596
9 265
9 95
9 264
9 521
9 329
9 406
9 483
9 442
9 353
10 87
10 468
10 288
10 415
10 205
10 577
10 202
10 109
10 502
10 529
10 566
10 60
11 131
11 441
11 574
11 155
11 527
11 234
11 578
11 430
11 163
11 551
11 396
11 237
11 122
12 177
12 132
12 583
12 320
12 195
12 63
12 277
12 254
12 284
12 514
12 398
12 486
12 110
13 122
13 240
13 373
13 192
13 140
13 328
13 304
13 597
13 120
13 366
13 557
13 582
13 338
13 213
13 426
13 220
14 33
14 233
14 180
14 429
14 302
14 459
14 152
14 206
14 509
14 25
14 418
14 584
14 226
14 376
14 480
15 105
15 192
15 522
15 62
15 451
15 296
15 388
15 550
15 274
15 589
15 20
15 21
15 439
15 92
15 104
15 127
16 225
16 41
16 571
16 292
16 183
16 106
16 297
16 40
16 144
16 525
16 37
16 172
16 458
16 462
16 105
16 382
17 385
17 259
17 346
17 351
17 112
17 246
17 97
17 160
17 135
17 421
17 477
18 261
18 443
18 344
18 332
18 225
18 364
18 311
18 591
18 258
18 440
18 186
18 199
18 463
19 399
19 564
19 444
19 411
19 393
19 405
19 72
19 438
19 204
19 334
19 148
19 469
19 149
19 338
20 592
20 104
20 436
20 300
20 220
20 495
20 590
20 92
20 69
20 21
20 550
21 522
21 104
21 339
21 220
21 388
21 370
21 274
21 588
21 296
21 176
21 439
21 127
22 149
22 337
22 424
22 374
22 243
22 305
22 321
22 560
22 387
22 143
22 157
22 568
22 371
22 27
22 45
23 467
23 425
23 113
23 141
23 385
23 160
23 421
23 128
23 169
23 539
23 32
23 90
23 351
23 560
24 269
24 316
24 80
24 330
24 326
24 61
24 64
24 470
24 229
24 135
24 423
24 461
24 145
25 348
25 134
25 267
25 273
25 283
25 227
25 350
25 188
25 446
25 128
25 56
25 67
25 507
26 281
26 279
26 26
26 129
26 368
26 252
26 447
26 513
26 290
26 366
26 276
27 520
27 202
27 168
27 577
27 313
27 502
27 566
27 483
27 359
28 404
28 169
28 417
28 35
28 54
28 433
28 530
28 173
28 50
28 583
28 156
28 546
28 426
28 174
28 217
28 102
29 395
29 531
29 517
29 312
29 394
29 43
29 262
29 333
29 275
29 204
30 521
30 407
30 485
30 215
30 216
30 403
30 265
30 30
30 267
30 167
31 517
31 394
31 42
31 383
31 312
31 367
31 531
31 244
31 285
31 133
31 164
31 450
32 437
32 259
32 539
32 351
32 128
32 97
32 141
32 340
32 425
32 477
32 112
32 113
33 279
33 287
33 170
33 159
33 542
33 282
33 410
33 366
33 221
33 496
33 508
34 84
34 599
34 171
34 452
34 175
34 245
34 519
34 429
34 549
34 177
34 81
34 478
34 224
35 572
35 404
35 193
35 433
35 54
35 426
35 342
35 371
35 432
35 50
35 82
36 390
36 263
36 201
36 554
36 475
36 469
36 422
36 331
36 53
36 45
36 434
36 190
36 491
36 236
36 375
36 425
37 322
37 535
37 341
37 587
37 37
37 105
37 571
37 118
37 40
37 462
37 382
38 279
38 410
38 282
38 542
38 170
38 366
38 159
38 287
38 290
38 359
38 496
39 519
39 84
39 171
39 250
39 224
39 177
39 175
39 498
39 55
39 307
40 532
40 543
40 535
40 93
40 571
40 144
40 381
40 525
40 172
40 183
41 106
41 381
41 543
41 535
41 297
41 292
41 458
41 462
41 57
41 209
42 496
42 262
42 270
42 412
42 43
42 517
42 538
42 333
42 266
42 312
43 255
43 270
43 285
43 164
43 244
43 367
43 517
43 237
43 312
44 261
44 186
44 440
44 225
44 576
44 115
44 44
44 454
44 448
44 325
44 199
44 332
45 407
45 406
45 291
45 215
45 181
45 264
45 329
45 442
45 200
45 216
46 72
46 143
46 323
46 598
46 318
46 355
46 315
46 203
46 197
46 358
46 88
47 524
47 150
47 556
47 187
47 317
47 357
47 98
47 471
47 249
47 292
47 465
47 210
47 340
47 481
48 547
48 430
48 242
48 574
48 589
48 578
48 48
48 238
48 570
48 600
48 348
48 234
48 289
49 396
49 537
49 152
49 418
49 380
49 180
49 459
49 206
49 94
49 530
49 345
49 118
49 509
50 215
50 530
50 417
50 546
50 558
50 173
50 446
50 193
50 594
50 102
50 450
51 148
51 101
51 152
51 277
51 284
51 63
51 254
51 251
51 195
51 177
51 583
51 486
51 111
51 570
52 418
52 428
52 429
52 206
52 380
52 180
52 584
52 118
52 510
52 204
52 94
52 284
53 263
53 422
53 298
53 554
53 457
53 352
53 475
53 420
53 219
53 190
53 201
53 469
53 484
53 493
54 73
54 404
54 544
54 546
54 426
54 173
54 54
54 217
55 525
55 142
55 148
55 564
55 444
55 393
55 472
55 438
55 379
55 377
55 72
55 241
56 267
56 400
56 273
56 409
56 286
56 283
56 322
56 408
56 405
56 100
56 497
57 397
57 419
57 293
57 499
57 598
57 349
57 588
57 504
57 517
57 315
57 197
57 88
57 501
57 377
58 526
58 541
58 294
58 308
58 384
58 581
58 506
58 573
58 516
58 246
58 335
59 423
59 570
59 378
59 77
59 82
59 490
59 563
59 586
59 162
59 443
59 196
59 68
59 482
60 566
60 182
60 415
60 109
60 126
60 313
60 202
60 331
60 595
61 133
61 316
61 354
61 423
61 326
61 66
61 487
61 269
61 409
61 461
61 80
61 229
62 217
62 456
62 388
62 389
62 274
62 451
62 439
62 220
62 511
63 267
63 277
63 284
63 194
63 456
63 327
63 511
63 457
63 494
64 386
64 131
64 189
64 575
64 354
64 423
64 108
64 460
64 112
64 66
64 229
65 559
65 140
65 191
65 192
65 256
65 338
65 454
65 79
65 120
65 309
65 580
65 585
65 597
65 363
66 423
66 269
66 316
66 461
66 470
66 460
66 123
66 409
66 326
66 212
66 108
67 134
67 400
67 286
67 289
67 188
67 445
67 267
67 322
67 287
67 227
68 449
68 196
68 117
68 551
68 536
68 482
68 219
68 586
68 426
68 490
69 513
69 516
69 526
69 294
69 435
69 384
69 69
69 335
69 453
69 464
69 506
70 259
70 427
70 305
70 314
70 157
70 321
70 387
70 243
70 149
70 170
71 515
71 271
71 548
71 75
71 136
71 99
71 145
71 232
71 71
71 218
71 596
71 404
71 417
72 148
72 411
72 142
72 241
72 438
72 379
72 525
72 204
72 255
72 211
73 157
73 520
73 540
73 415
73 288
73 566
73 313
73 595
73 502
73 126
73 315
73 312
74 515
74 514
74 136
74 528
74 154
74 561
74 232
74 271
74 130
74 504
74 75
74 214
74 218
74 247
74 81
75 130
75 145
75 158
75 562
75 528
75 529
75 154
75 537
75 411
75 526
75 120
75 125
76 198
76 242
76 122
76 348
76 600
76 76
76 527
76 163
76 481
76 169
77 89
77 137
77 165
77 551
77 449
77 482
77 117
77 77
77 86
78 229
78 420
78 185
78 190
78 201
78 434
78 298
78 334
78 475
78 568
79 201
79 582
79 139
79 192
79 505
79 191
79 363
79 338
79 168
80 391
80 316
80 330
80 460
80 229
80 108
80 470
80 385
80 405
80 429
81 175
81 307
81 519
81 103
81 498
81 84
81 361
81 599
82 416
82 563
82 449
82 165
82 536
82 570
82 482
82 117
83 517
83 394
83 538
83 285
83 164
83 333
83 480
83 312
83 383
83 304
83 474
83 235
84 549
84 567
84 555
84 272
84 286
84 599
85 422
85 268
85 146
85 443
85 448
85 463
85 225
85 476
85 332
85 156
85 342
86 137
86 536
86 449
86 196
86 162
86 91
86 378
86 500
86 284
87 288
87 182
87 202
87 566
87 483
87 502
87 87
88 315
88 318
88 276
88 588
88 293
88 222
88 466
88 512
88 89
88 377
89 143
89 419
89 323
89 203
89 588
89 504
89 499
89 257
89 349
89 355
89 501
90 385
90 141
90 346
90 421
90 112
90 160
90 248
90 310
90 97
91 137
91 165
91 196
91 223
91 219
91 162
91 91
91 579
91 500
92 388
92 389
92 550
92 300
92 590
92 522
92 592
92 336
93 532
93 565
93 184
93 571
93 543
93 458
93 587
93 462
93 222
93 406
94 302
94 180
94 459
94 402
94 280
94 206
94 324
94 293
94 233
95 521
95 138
95 278
95 407
95 406
95 200
95 216
95 265
95 435
95 320
96 556
96 455
96 210
96 479
96 503
96 512
96 208
96 553
96 96
96 98
97 259
97 421
97 248
97 539
97 113
97 408
98 524
98 553
98 187
98 465
98 310
98 479
98 503
98 183
98 228
98 512
99 528
99 529
99 214
99 232
99 99
99 548
99 514
99 151
99 356
99 171
99 349
100 409
100 227
100 124
100 431
100 289
100 151
100 134
100 446
100 530
100 453
101 529
101 218
101 387
101 518
101 401
101 149
101 166
101 424
101 157
101 576
102 530
102 404
102 546
102 169
102 426
102 173
102 309
103 272
103 555
103 171
103 549
103 358
103 250
103 245
103 324
103 361
104 274
104 296
104 207
104 127
104 439
104 339
104 600
105 571
105 209
105 532
105 535
105 458
105 105
105 382
106 535
106 543
106 172
106 565
106 458
106 382
106 144
106 169
107 299
107 306
107 564
107 438
107 411
107 147
107 525
107 142
107 405
107 238
107 474
108 133
108 575
108 460
108 212
108 487
108 108
108 413
109 168
109 569
109 595
109 359
109 577
109 483
109 163
110 132
110 398
110 453
110 111
110 511
110 284
110 125
110 253
110 148
111 533
111 486
111 195
111 583
111 511
111 125
111 266
111 251
111 289
111 253
112 258
112 141
112 160
112 324
113 578
113 539
113 421
113 425
113 141
113 440
114 487
114 150
114 556
114 310
114 317
114 471
114 114
114 340
114 199
115 261
115 576
115 325
115 463
115 344
115 332
115 591
115 230
116 362
116 317
116 530
116 546
116 336
116 342
116 433
116 417
116 498
117 416
117 219
117 223
117 449
117 137
117 165
117 493
118 428
118 302
118 345
118 584
118 180
118 537
118 510
118 373
119 534
119 282
119 542
119 290
119 447
119 496
119 252
119 366
119 508
119 480
119 257
120 256
120 140
120 454
120 338
120 585
120 120
121 142
121 399
121 147
121 488
121 411
121 309
121 405
121 472
121 444
121 225
122 527
122 179
122 578
122 589
122 198
122 242
122 574
122 366
123 386
123 189
123 354
123 326
123 461
123 470
123 391
123 460
123 555
123 138
124 134
124 400
124 151
124 286
124 188
124 322
124 497
124 372
124 242
124 586
125 205
125 132
125 398
125 277
125 284
125 195
125 251
125 254
126 166
126 520
126 566
126 205
126 595
126 502
126 168
126 374
127 309
127 558
127 416
127 300
127 451
127 388
127 138
128 271
128 385
128 135
128 160
128 421
128 467
128 346
129 281
129 170
129 534
129 410
129 282
129 230
129 287
129 366
129 542
129 509
129 392
129 279
129 496
129 508
130 414
130 548
130 514
130 136
130 529
130 161
130 158
130 260
130 341
130 271
130 561
131 386
131 487
131 423
131 212
131 330
131 354
131 391
131 133
131 316
131 575
132 555
132 253
132 132
132 486
132 251
132 453
132 398
132 533
132 195
132 456
133 386
133 487
133 212
133 575
133 269
133 391
133 170
133 326
133 470
133 156
133 495
134 289
134 446
134 134
134 445
134 227
134 453
134 273
134 151
134 283
134 507
134 592
135 477
135 135
135 425
135 467
135 346
135 420
135 141
135 539
135 421
136 515
136 260
136 154
136 414
136 232
136 514
136 548
136 345
137 563
137 551
137 165
137 196
137 536
137 416
137 590
137 219
138 521
138 265
138 523
138 264
138 200
138 181
138 167
138 329
138 596
138 485
139 250
139 310
139 363
139 585
139 304
139 328
139 360
139 213
139 256
139 364
139 140
139 557
139 597
139 473
140 303
140 373
140 557
140 585
140 191
140 580
140 240
140 423
140 304
140 192
140 454
141 258
141 246
141 477
141 141
141 556
141 539
141 467
141 501
141 500
142 204
142 411
142 299
142 393
142 405
142 438
142 255
142 378
142 399
142 148
142 241
143 276
143 143
143 499
143 501
143 315
143 357
143 419
143 588
143 222
143 355
144 356
144 376
144 587
144 458
144 462
144 292
144 535
144 543
144 184
144 554
144 532
144 381
145 529
145 514
145 158
145 515
145 548
145 414
145 561
145 271
146 258
146 576
146 325
146 146
146 231
146 344
146 390
147 399
147 438
147 306
147 472
147 148
147 309
147 564
147 255
147 166
147 405
147 411
147 363
148 399
148 309
148 564
148 204
148 411
148 472
148 241
148 401
149 268
149 401
149 545
149 560
149 413
149 157
149 337
149 301
149 305
149 176
150 524
150 150
150 556
150 208
150 228
150 340
150 479
150 233
150 317
150 455
150 210
150 365
151 319
151 267
151 350
151 497
151 227
151 372
151 217
151 408
151 446
151 325
152 537
152 380
152 280
152 428
152 376
152 226
152 302
152 324
152 180
152 459
152 233
152 412
153 513
153 526
153 552
153 506
153 319
153 492
153 437
153 384
153 153
153 435
154 260
154 271
154 528
154 548
154 414
154 161
154 154
154 214
154 247
154 382
155 396
155 242
155 600
155 578
155 163
155 239
155 295
155 234
155 558
155 179
155 574
155 237
155 278
156 281
156 594
156 156
156 544
156 217
156 169
156 336
157 518
157 413
157 157
157 314
157 427
157 301
157 545
157 371
158 515
158 260
158 514
158 271
158 247
158 529
158 205
158 356
158 430
158 434
158 364
159 281
159 410
159 534
159 392
159 279
159 366
159 252
159 447
159 468
159 200
160 385
160 259
160 539
160 346
160 412
160 467
160 351
161 326
161 515
161 528
161 414
161 561
161 260
161 562
161 468
161 548
161 214
161 356
161 381
162 307
162 395
162 536
162 416
162 500
162 563
162 490
162 162
162 242
162 219
162 347
163 348
163 179
163 547
163 163
163 527
163 237
163 181
163 295
163 430
163 574
163 589
163 600
163 440
164 275
164 333
164 531
164 285
164 517
164 450
164 245
165 236
165 538
165 551
165 536
165 570
165 490
165 501
165 196
165 482
166 387
166 518
166 413
166 243
166 314
166 166
166 301
166 568
167 316
167 508
167 265
167 167
167 278
167 181
167 592
167 442
167 215
167 256
168 520
168 415
168 595
168 577
168 566
168 540
168 288
168 232
168 569
168 502
168 206
169 261
169 174
169 193
169 336
169 426
169 594
170 567
170 534
170 281
170 542
170 482
170 368
170 508
171 519
171 549
171 567
171 478
171 498
171 177
171 452
171 302
172 297
172 543
172 571
172 381
172 532
172 341
172 371
172 183
172 462
173 246
173 426
173 404
173 193
173 217
173 472
173 174
173 432
173 342
174 543
174 530
174 404
174 417
174 558
174 342
174 570
175 175
175 250
175 245
175 466
175 358
176 262
176 522
176 495
176 590
176 550
176 296
176 300
176 339
176 451
176 592
177 599
177 361
177 567
177 358
178 399
178 513
178 541
178 552
178 581
178 526
178 335
178 384
178 464
178 448
178 435
178 308
178 506
179 295
179 572
179 239
179 198
179 600
179 527
179 570
179 441
179 574
179 348
180 428
180 280
180 459
180 206
180 510
180 435
180 345
181 247
181 368
181 264
181 523
181 278
181 406
181 329
181 353
182 460
182 241
182 520
182 288
182 577
182 468
182 196
182 205
182 502
183 382
183 292
183 381
183 571
183 341
183 266
183 458
183 587
184 186
184 297
184 532
184 209
184 381
184 292
184 535
184 378
184 458
185 390
185 420
185 422
185 298
185 236
185 263
185 434
185 475
185 349
186 325
186 443
186 332
186 344
186 448
186 369
186 591
187 540
187 310
187 228
187 357
187 317
187 481
187 187
187 208
187 465
187 340
187 471
187 479
188 351
188 286
188 227
188 273
188 446
188 408
188 311
188 322
189 391
189 269
189 212
189 386
189 575
189 487
189 326
189 504
189 354
190 375
190 457
190 236
190 434
190 493
190 362
190 499
190 352
191 304
191 582
191 213
191 505
191 328
191 454
191 473
191 471
191 580
191 363
191 373
192 304
192 597
192 473
192 192
192 338
192 585
192 505
193 544
193 432
193 193
193 556
193 342
194 297
194 266
194 398
194 533
194 277
194 320
194 453
194 253
194 306
194 456
195 266
195 284
195 511
195 327
195 453
195 516
195 456
196 219
196 536
196 551
196 276
196 586
196 223
197 504
197 315
197 318
197 588
197 397
197 276
197 257
197 537
197 222
198 396
198 527
198 547
198 574
198 348
198 430
198 242
198 525
198 239
199 579
199 225
199 199
199 369
199 345
199 557
200 521
200 265
200 278
200 485
200 211
200 406
200 216
201 420
201 554
201 434
201 362
201 491
201 475
201 493
202 595
202 288
202 359
202 540
202 512
203 375
203 257
203 203
203 499
203 293
203 466
203 261
203 588
203 222
203 501
204 411
204 306
204 241
204 488
204 399
204 408
204 472
204 255
205 569
205 468
205 415
205 288
205 595
206 331
206 280
206 418
206 428
206 584
206 376
207 388
207 389
207 296
207 590
207 592
207 339
207 274
207 522
207 312
208 553
208 357
208 481
208 465
208 249
208 455
208 479
208 474
208 340
208 512
209 532
209 565
209 458
209 535
209 381
209 341
209 241
210 553
210 310
210 357
210 503
210 210
210 303
210 471
210 365
210 249
211 438
211 598
211 278
211 442
211 264
211 265
211 353
211 329
212 423
212 326
212 330
212 354
212 223
212 229
212 468
213 580
213 582
213 597
213 473
213 213
213 402
214 515
214 528
214 529
214 562
214 232
214 374
214 247
214 485
215 521
215 523
215 278
215 264
215 406
215 596
216 523
216 407
216 291
216 442
216 403
216 471
217 404
217 546
217 433
218 260
218 271
218 529
218 232
218 548
218 561
218 514
218 388
219 489
219 600
219 416
219 557
219 347
219 223
220 388
220 550
220 300
220 592
220 389
220 590
221 282
221 221
221 279
221 447
221 410
221 508
221 462
221 360
222 397
222 318
222 466
222 499
222 285
223 416
223 449
223 378
223 490
223 533
223 500
224 272
224 452
224 478
224 245
224 498
224 224
224 568
225 344
225 476
225 364
226 428
226 429
226 226
226 537
226 345
226 418
226 559
227 528
227 267
227 408
227 286
227 236
227 497
228 317
228 455
228 479
228 465
228 524
228 556
228 262
228 432
229 391
229 269
229 423
229 386
230 534
230 287
230 290
230 230
230 410
230 542
230 368
230 391
230 366
230 496
231 311
231 579
231 591
231 476
231 443
231 231
231 261
231 284
232 514
232 562
232 247
232 471
232 361
233 402
233 280
233 428
233 459
233 509
233 375
233 376
234 396
234 430
234 572
234 237
234 600
234 239
234 592
235 291
235 517
235 538
235 244
235 412
235 312
235 395
235 474
235 274
236 420
236 334
236 362
236 236
236 491
237 547
237 430
237 441
237 572
237 589
237 448
238 245
238 527
238 547
238 572
238 578
238 589
238 600
238 284
239 441
239 242
239 239
239 589
239 252
240 565
240 571
240 585
240 240
240 256
240 505
240 411
241 438
241 488
241 399
241 411
241 568
242 396
242 547
242 295
242 430
242 578
242 589
242 348
242 251
243 516
243 413
243 303
243 305
243 518
243 424
243 395
243 374
244 353
244 262
244 270
244 275
244 538
244 450
244 333
245 549
245 567
245 498
245 358
245 452
246 258
246 259
246 425
246 351
246 539
247 561
247 562
247 356
247 528
248 258
248 421
248 351
248 539
248 248
249 310
249 340
249 481
249 455
249 249
249 335
249 512
250 519
250 272
250 307
250 567
250 555
251 533
251 277
251 320
251 456
251 494
252 392
252 281
252 287
252 290
252 496
252 424
252 296
253 398
253 320
253 327
253 254
253 284
253 448
254 320
254 494
254 254
254 511
254 489
255 405
255 306
255 488
255 444
255 309
255 355
256 304
256 454
256 582
256 373
256 338
257 575
257 377
257 466
257 397
257 504
257 419
257 355
257 588
257 293
257 318
257 323
258 351
258 259
258 258
258 539
258 477
259 259
259 385
260 515
260 356
260 528
260 271
260 472
260 514
260 529
260 414
261 364
261 311
261 576
261 443
261 369
261 448
261 579
261 463
261 344
261 476
262 459
262 463
262 474
262 383
262 262
262 394
262 395
262 538
263 390
263 484
263 422
263 420
263 469
263 457
263 362
263 593
263 298
263 434
263 531
263 482
264 278
264 265
264 596
264 353
264 291
264 521
264 485
264 407
264 301
264 403
264 329
265 596
265 485
265 406
265 442
265 291
265 360
265 353
266 456
266 511
266 398
266 583
266 266
266 457
266 327
266 494
267 409
267 445
267 289
267 283
267 372
267 400
267 322
267 350
268 301
268 413
268 321
268 268
268 337
268 424
268 560
269 316
269 330
269 386
269 423
269 487
269 470
269 577
269 575
269 326
270 394
270 474
270 367
270 395
270 270
270 456
270 531
270 412
270 285
270 312
271 561
271 271
271 528
271 529
271 356
272 307
272 358
272 361
272 549
272 567
272 478
272 387
272 555
273 400
273 283
273 350
273 446
273 445
273 431
273 563
273 289
273 322
273 370
274 590
274 550
274 439
274 451
274 495
274 448
274 296
274 436
275 394
275 395
275 383
275 367
275 480
275 517
275 538
275 349
275 412
275 449
276 397
276 588
276 466
276 293
276 349
276 598
276 499
276 323
276 377
277 533
277 398
277 486
277 420
277 320
278 523
278 291
278 442
278 596
279 534
279 447
279 287
279 410
279 282
279 542
279 374
279 290
280 380
280 302
280 459
280 418
280 509
280 510
280 580
280 537
280 428
280 345
281 447
281 282
281 534
281 368
282 392
282 368
282 430
282 290
282 366
283 483
283 400
283 283
283 445
283 339
283 286
283 289
283 446
284 533
284 494
284 453
284 320
284 456
284 327
285 517
285 394
285 412
285 333
285 383
285 526
286 409
286 350
286 445
286 372
286 553
286 289
287 392
287 410
287 542
287 290
287 476
288 290
288 520
288 415
288 569
288 467
288 313
288 483
289 400
289 497
289 372
289 431
289 446
290 392
290 542
290 597
291 294
291 521
291 523
291 403
291 329
291 596
292 566
292 332
292 532
292 297
292 535
292 519
292 382
293 349
293 588
293 466
293 504
293 318
293 371
293 323
294 516
294 581
294 559
294 343
294 492
294 435
294 319
294 437
294 464
294 505
295 396
295 547
295 295
295 441
295 528
295 574
295 589
296 389
296 296
296 339
296 590
297 532
297 297
297 587
297 381
297 565
298 331
298 484
298 362
298 298
298 554
298 339
298 434
298 334
298 375
298 400
299 393
299 525
299 309
299 444
299 438
299 299
299 505
299 547
300 550
300 436
300 495
300 300
300 513
300 370
301 371
301 518
301 424
301 321
301 560
301 499
301 305
302 402
302 537
302 418
302 509
302 324
303 525
303 492
303 387
303 518
303 401
303 413
303 427
303 560
303 314
304 557
304 585
304 582
304 505
304 486
304 454
304 597
304 363
305 518
305 305
305 374
305 553
305 321
305 371
306 393
306 399
306 405
306 411
306 438
306 380
306 309
307 519
307 549
307 358
307 452
307 599
308 541
308 552
308 559
308 526
308 492
308 384
308 308
308 573
308 581
308 343
309 393
309 399
309 405
309 444
309 379
309 472
310 524
310 465
310 357
310 317
310 471
311 325
311 364
311 440
311 344
311 332
311 513
311 463
311 476
312 531
312 412
312 480
312 517
312 474
312 383
313 313
313 359
313 415
313 483
313 406
313 569
313 577
314 387
314 401
314 337
314 427
314 568
314 315
314 374
315 419
315 397
315 504
315 588
315 466
316 386
316 391
316 470
316 460
316 354
316 575
316 561
317 556
317 357
317 471
317 455
318 323
318 504
318 397
318 570
318 598
318 349
318 355
319 541
319 573
319 506
319 489
319 552
319 492
319 435
319 581
319 593
320 398
320 327
320 494
320 583
321 387
321 427
321 413
321 401
321 321
322 431
322 322
322 445
323 501
323 598
323 504
324 402
324 537
324 418
324 429
324 584
324 445
324 510
325 573
325 576
325 369
326 423
326 330
327 435
327 456
327 327
328 498
328 557
328 454
328 582
328 473
328 338
328 402
329 403
329 407
329 406
329 398
329 353
330 460
330 423
330 354
330 344
330 461
330 593
331 554
331 434
331 420
331 484
331 331
331 491
331 469
331 352
332 440
332 369
332 579
332 443
332 364
332 344
332 458
332 550
333 395
333 538
333 531
333 394
333 551
334 515
334 457
334 554
334 484
334 334
334 558
335 552
335 435
335 573
335 506
335 437
335 526
335 396
335 343
335 590
336 379
336 530
336 433
336 336
336 417
336 397
336 594
337 552
337 401
337 424
337 545
337 337
338 557
338 473
338 505
338 360
338 546
339 386
339 522
339 451
339 465
339 370
340 479
340 340
340 365
340 584
340 481
341 587
341 571
341 341
341 527
342 343
342 530
342 558
342 432
343 552
343 437
343 593
343 516
343 573
343 384
344 418
344 476
345 589
345 584
345 459
345 537
345 594
345 380
346 385
346 421
346 410
347 535
347 536
347 563
347 378
347 570
347 416
347 551
347 450
348 396
348 572
348 600
348 477
349 588
349 466
349 501
349 355
349 377
350 518
350 408
350 372
350 446
350 525
350 507
351 467
352 554
352 422
352 493
352 475
352 375
352 434
352 470
352 491
353 523
353 403
353 485
353 517
354 461
354 379
355 542
355 419
355 504
356 528
356 414
356 562
356 515
357 553
357 455
357 465
357 481
357 522
358 519
358 549
358 555
358 452
358 433
358 361
358 507
359 415
359 483
359 569
359 540
359 488
360 384
360 557
360 580
360 582
360 360
360 363
361 519
361 567
361 478
361 549
361 498
361 484
361 462
362 390
362 457
362 475
362 375
362 520
362 473
363 373
363 557
363 454
364 443
364 579
364 463
365 564
365 524
365 553
365 455
365 465
365 471
365 422
365 512
366 392
366 534
366 403
367 517
367 394
367 531
367 412
367 480
367 537
368 392
368 496
368 542
368 534
369 431
369 440
369 591
369 476
369 499
370 388
370 522
370 436
370 439
370 370
371 387
371 401
371 545
371 518
371 374
371 472
372 408
372 409
372 431
372 518
373 580
373 585
373 597
373 498
374 413
374 392
374 466
375 457
375 493
375 375
376 537
376 428
376 510
376 376
377 397
377 598
377 466
377 436
378 536
378 563
378 449
378 586
379 525
379 564
379 438
379 379
380 402
380 537
380 459
380 543
381 532
381 544
382 565
382 571
382 543
383 395
383 538
383 383
384 552
384 573
384 581
385 385
385 421
385 425
385 576
385 539
385 467
385 402
386 487
386 386
386 461
386 470
386 428
387 424
387 545
387 557
387 401
388 550
388 590
388 495
388 522
388 436
388 439
388 592
389 530
389 495
389 550
389 389
389 505
390 472
390 457
390 491
390 434
390 493
390 441
391 423
391 461
391 460
391 537
391 487
392 534
392 508
392 447
392 503
393 411
393 399
393 525
393 444
393 564
393 393
393 488
393 591
393 582
394 517
394 531
394 508
394 450
394 480
395 480
395 531
395 517
395 450
395 474
396 589
396 547
396 430
396 572
397 574
397 397
397 598
397 561
398 583
398 501
399 525
399 438
399 444
400 431
400 507
400 445
400 439
401 518
401 424
401 427
402 429
402 418
402 402
402 509
402 584
403 444
403 524
403 521
403 485
403 403
403 523
403 407
403 442
404 530
404 417
404 544
405 564
405 405
406 407
406 406
406 485
407 596
407 485
407 432
408 408
408 445
408 446
408 434
408 409
408 431
408 512
409 497
409 586
409 431
409 445
410 534
410 447
410 410
410 508
411 444
411 438
411 472
411 488
411 599
411 443
412 531
412 538
412 517
412 474
413 518
413 545
413 427
413 455
413 579
413 588
414 514
414 562
414 561
414 461
415 520
415 540
415 577
415 595
415 551
415 569
415 483
416 570
416 416
417 558
417 433
417 530
417 417
417 594
418 428
418 509
418 584
419 466
419 419
419 531
419 563
420 464
420 457
420 422
420 493
420 513
420 434
420 484
421 539
421 558
422 475
422 457
422 434
422 493
422 469
423 460
424 518
424 424
424 438
424 568
425 477
425 425
425 502
426 544
426 433
426 530
426 432
426 594
427 518
427 427
427 480
427 568
428 510
429 513
429 537
429 510
429 584
430 589
430 600
430 441
430 574
431 446
431 497
432 544
432 433
432 546
433 595
433 546
433 465
434 491
434 469
434 484
435 541
435 492
435 437
435 552
435 489
435 446
435 503
436 495
436 592
436 590
436 482
436 451
437 552
437 541
437 489
437 593
437 526
439 553
439 439
439 495
440 475
440 576
440 448
440 591
440 583
441 547
441 600
441 572
441 570
441 578
442 521
442 523
442 551
443 556
443 591
443 476
444 525
444 488
444 448
445 576
445 507
445 465
446 507
447 534
447 542
447 447
448 479
448 576
448 591
449 536
449 551
449 500
449 586
450 538
450 450
450 474
451 522
451 451
451 489
452 555
452 478
452 488
453 454
453 533
453 486
453 511
454 580
454 597
454 585
455 524
455 465
455 556
455 481
456 533
457 493
457 487
458 535
458 543
459 537
459 584
459 587
460 575
460 470
461 487
461 575
461 521
462 532
462 543
462 565
463 467
463 579
464 513
464 516
464 573
464 541
464 464
465 553
465 471
466 501
467 539
467 477
468 540
468 595
468 569
469 554
469 475
469 491
470 470
471 556
471 593
471 512
471 509
472 472
472 581
473 557
473 580
473 505
474 569
475 554
475 491
476 476
477 539
478 519
478 498
478 567
478 497
479 481
479 512
479 503
480 517
481 503
481 539
482 536
482 586
482 500
482 490
483 540
483 569
483 520
483 566
484 484
484 491
486 533
486 494
486 525
487 514
488 525
488 564
489 573
489 581
489 552
489 489
489 526
489 492
489 494
490 500
490 570
490 536
490 526
491 561
492 513
492 559
492 581
492 506
492 493
493 554
494 494
495 592
496 534
496 496
497 507
497 582
498 519
498 567
498 599
499 578
500 536
500 570
501 598
501 504
502 540
502 566
502 511
503 541
503 524
503 553
503 537
504 551
505 582
506 541
506 559
506 599
506 577
507 507
508 542
509 537
510 584
510 587
511 511
512 556
513 552
513 559
513 516
513 581
513 532
514 515
514 561
514 548
514 562
515 562
516 573
516 593
516 526
516 559
516 541
517 517
517 538
518 518
518 560
518 545
518 585
519 555
519 533
519 599
520 540
520 569
521 562
521 596
522 590
522 592
522 550
523 596
523 523
524 524
525 525
526 573
526 526
526 559
526 593
527 572
527 527
527 600
527 574
527 569
527 547
528 529
528 548
529 561
530 594
531 548
531 538
532 535
532 571
532 543
533 583
533 597
534 554
535 535
535 587
535 565
535 543
536 586
536 536
536 563
537 594
539 556
540 577
540 566
541 541
541 559
541 573
542 549
543 565
544 544
544 558
544 594
545 545
545 560
545 546
546 558
547 572
547 578
548 561
551 551
552 593
553 556
554 554
555 555
555 599
557 585
559 593
559 580
560 560
560 568
562 562
562 593
563 563
565 587
568 568
570 586
572 578
575 575
576 579
579 591
579 579
580 597
581 593
583 583
585 597
591 591
598 598
