600 6998
1 405
1 475
1 296
1 242
1 390
1 339
1 92
1 27
1 81
1 230
1 135
1 23
1 1
1 394
1 372
1 122
1 546
1 269
1 232
1 3
1 389
1 282
2 177
2 110
2 168
2 175
2 362
2 253
2 352
2 459
2 213
2 148
2 2
2 324
2 88
2 307
2 596
2 267
2 164
2 313
2 285
2 414
2 178
2 568
2 332
2 102
2 121
2 388
3 3
3 97
3 84
3 546
3 23
3 79
3 83
3 135
3 591
3 389
3 90
3 282
3 230
3 394
3 372
3 122
3 373
3 420
3 390
3 81
3 324
4 162
4 4
4 331
4 215
4 463
4 161
4 404
4 303
4 181
4 125
4 216
4 237
4 95
4 587
4 469
4 103
4 585
4 69
4 61
4 431
4 432
4 64
4 333
4 462
4 480
5 117
5 341
5 359
5 297
5 346
5 492
5 551
5 5
5 100
5 351
5 284
5 517
5 291
5 19
5 220
5 474
5 499
5 216
5 563
5 520
5 393
5 325
5 458
5 589
5 241
5 426
6 371
6 355
6 481
6 560
6 328
6 276
6 384
6 78
6 532
6 403
6 139
6 201
6 224
6 510
6 599
6 582
6 274
6 6
6 107
6 45
6 68
6 367
6 352
6 147
6 417
6 515
7 380
7 328
7 29
7 384
7 560
7 403
7 139
7 582
7 78
7 201
7 371
7 276
7 599
7 160
7 355
7 532
7 68
7 367
7 209
7 308
7 274
7 481
7 510
8 392
8 231
8 295
8 539
8 313
8 36
8 301
8 66
8 117
8 409
8 477
8 496
8 211
8 319
8 37
8 236
8 353
8 370
8 345
8 169
8 536
8 184
8 185
8 344
8 201
8 271
8 520
9 370
9 88
9 178
9 324
9 102
9 177
9 568
9 168
9 307
9 145
9 121
9 253
9 175
9 9
9 352
9 332
9 362
9 387
9 285
9 267
9 414
9 164
9 459
9 478
10 387
10 350
10 365
10 17
10 207
10 475
10 33
10 10
10 537
10 513
10 523
10 338
10 249
10 471
10 124
10 594
10 208
10 60
10 269
10 140
10 22
10 592
10 98
10 357
10 529
10 205
11 261
11 518
11 440
11 142
11 48
11 305
11 309
11 497
11 405
11 91
11 173
11 227
11 11
11 180
11 77
11 73
11 247
11 100
11 294
11 159
11 456
11 72
11 89
11 495
12 392
12 231
12 12
12 295
12 301
12 370
12 117
12 37
12 313
12 353
12 319
12 536
12 36
12 553
12 539
12 236
12 409
12 403
12 547
12 184
12 66
12 344
12 477
12 497
12 586
12 508
12 174
12 189
13 554
13 386
13 133
13 262
13 268
13 270
13 26
13 285
13 559
13 488
13 85
13 60
13 272
13 150
13 348
13 131
13 588
13 524
13 497
13 51
13 21
13 578
13 233
14 130
14 101
14 527
14 143
14 127
14 30
14 277
14 502
14 222
14 14
14 379
14 134
14 120
14 93
14 240
14 228
14 534
14 403
14 510
14 51
14 308
14 221
14 484
14 252
15 514
15 206
15 113
15 558
15 428
15 39
15 96
15 457
15 20
15 500
15 219
15 489
15 566
15 53
15 430
15 15
15 368
15 496
15 426
15 290
15 421
15 44
15 74
16 89
16 432
16 259
16 147
16 24
16 443
16 76
16 279
16 275
16 16
16 503
16 375
16 396
16 336
16 137
16 167
16 294
16 572
16 425
16 533
16 406
16 153
16 286
16 419
16 293
16 56
16 446
16 220
17 523
17 207
17 435
17 537
17 124
17 17
17 140
17 594
17 98
17 410
17 208
17 350
17 471
17 513
17 22
17 365
17 482
17 197
17 592
17 338
17 452
17 585
17 528
17 46
17 290
18 516
18 519
18 399
18 529
18 111
18 467
18 466
18 115
18 18
18 402
18 204
18 401
18 340
18 452
18 323
18 38
18 454
18 494
18 371
18 165
18 487
19 260
19 388
19 517
19 520
19 393
19 284
19 515
19 351
19 492
19 342
19 297
19 220
19 474
19 551
19 341
19 346
19 325
19 231
19 507
19 458
19 241
19 499
20 514
20 457
20 500
20 566
20 245
20 219
20 39
20 428
20 191
20 368
20 238
20 113
20 74
20 430
20 118
20 558
20 96
20 422
20 338
20 421
20 44
20 53
20 206
20 489
21 386
21 131
21 262
21 524
21 268
21 588
21 150
21 21
21 400
21 285
21 194
21 60
21 233
21 348
21 85
21 272
21 514
21 205
21 559
21 317
21 578
21 488
21 411
22 523
22 140
22 124
22 350
22 98
22 22
22 435
22 592
22 369
22 338
22 387
22 365
22 471
22 410
22 537
22 477
22 540
22 208
22 594
22 475
22 249
23 389
23 390
23 135
23 122
23 230
23 97
23 32
23 372
23 394
23 242
23 79
23 282
23 109
23 90
23 81
23 84
23 326
23 583
23 27
23 339
23 83
23 92
23 192
23 411
24 584
24 552
24 354
24 259
24 137
24 396
24 533
24 406
24 279
24 446
24 24
24 294
24 275
24 286
24 147
24 423
24 168
24 440
24 152
24 419
24 293
24 76
24 375
25 563
25 138
25 144
25 411
25 156
25 413
25 540
25 329
25 182
25 25
25 485
25 28
25 311
25 557
25 547
25 478
25 190
25 174
25 202
25 420
25 312
25 577
26 584
26 386
26 131
26 133
26 262
26 268
26 270
26 272
26 150
26 285
26 488
26 588
26 194
26 348
26 317
26 578
26 400
26 137
26 221
26 559
26 441
26 233
27 431
27 189
27 389
27 390
27 135
27 394
27 242
27 97
27 339
27 109
27 84
27 92
27 546
27 591
27 372
27 81
27 423
27 489
27 79
27 83
27 90
28 68
28 376
28 138
28 144
28 413
28 411
28 190
28 311
28 478
28 547
28 501
28 244
28 182
28 555
28 557
28 312
28 329
28 422
28 94
28 577
29 38
29 535
29 296
29 274
29 403
29 276
29 582
29 160
29 29
29 371
29 78
29 367
29 532
29 560
29 599
29 68
29 339
29 152
29 328
29 201
29 384
30 115
30 364
30 130
30 134
30 143
30 277
30 534
30 252
30 502
30 504
30 101
30 228
30 507
30 34
30 527
30 379
30 127
30 358
30 290
30 51
30 120
30 221
30 93
30 484
30 240
30 203
30 96
31 180
31 264
31 535
31 412
31 542
31 461
31 445
31 108
31 186
31 575
31 210
31 472
31 335
31 345
31 470
31 573
31 436
31 349
31 515
31 405
31 556
31 326
31 512
31 448
32 303
32 216
32 389
32 135
32 372
32 79
32 390
32 591
32 90
32 84
32 32
32 242
32 92
32 394
32 81
32 230
32 158
32 523
32 546
32 83
32 109
32 122
33 495
33 513
33 387
33 523
33 140
33 537
33 410
33 357
33 98
33 471
33 208
33 592
33 435
33 249
33 33
33 338
33 239
33 132
33 594
33 207
33 475
33 575
34 130
34 134
34 527
34 143
34 534
34 507
34 221
34 379
34 308
34 51
34 222
34 484
34 504
34 502
34 127
34 252
34 277
34 317
34 225
34 240
34 145
35 417
35 382
35 522
35 473
35 67
35 424
35 129
35 166
35 199
35 202
35 437
35 531
35 525
35 248
35 444
35 415
35 35
35 508
35 289
35 564
35 476
35 106
36 392
36 536
36 539
36 66
36 370
36 211
36 553
36 184
36 117
36 496
36 37
36 295
36 185
36 344
36 36
36 452
36 98
36 301
36 319
36 231
36 236
36 371
37 536
37 409
37 295
37 344
37 353
37 185
37 211
37 392
37 539
37 477
37 319
37 66
37 496
37 37
37 40
37 405
37 553
37 301
37 231
37 236
37 518
37 324
37 286
37 374
38 516
38 519
38 399
38 529
38 402
38 401
38 165
38 126
38 487
38 452
38 111
38 323
38 250
38 204
38 467
38 251
38 340
38 42
38 454
38 466
38 115
39 542
39 225
39 285
39 290
39 421
39 39
39 514
39 457
39 238
39 368
39 489
39 500
39 245
39 191
39 219
39 231
39 267
39 430
39 74
39 118
40 141
40 280
40 157
40 289
40 561
40 315
40 449
40 562
40 381
40 46
40 447
40 528
40 188
40 373
40 226
40 255
40 47
40 329
40 466
40 304
40 234
41 52
41 391
41 398
41 163
41 170
41 356
41 581
41 583
41 567
41 300
41 116
41 479
41 128
41 41
41 343
41 464
41 455
41 415
41 417
41 426
41 363
41 374
42 530
42 151
42 187
42 318
42 322
42 107
42 433
42 235
42 189
42 448
42 55
42 42
42 427
42 43
42 71
42 50
42 327
42 99
42 174
42 176
42 195
42 217
42 482
42 360
42 105
43 463
43 408
43 530
43 151
43 427
43 187
43 195
43 189
43 55
43 334
43 254
43 322
43 433
43 448
43 235
43 176
43 50
43 456
43 271
43 71
43 217
43 482
43 107
43 49
43 110
43 424
44 529
44 306
44 514
44 290
44 421
44 428
44 219
44 245
44 500
44 558
44 457
44 430
44 113
44 368
44 191
44 118
44 295
44 252
44 53
44 238
45 491
45 139
45 403
45 276
45 532
45 160
45 45
45 328
45 274
45 599
45 380
45 371
45 384
45 367
45 68
45 224
45 292
45 142
45 560
45 481
45 355
45 581
46 141
46 528
46 155
46 157
46 119
46 234
46 453
46 61
46 289
46 373
46 447
46 509
46 315
46 562
46 46
46 255
46 334
46 47
46 561
46 188
46 381
46 65
47 252
47 141
47 528
47 280
47 155
47 157
47 289
47 188
47 304
47 509
47 449
47 447
47 373
47 255
47 315
47 453
47 396
47 576
47 234
47 119
47 381
47 194
47 580
47 385
48 261
48 142
48 405
48 173
48 48
48 305
48 584
48 358
48 456
48 180
48 309
48 247
48 89
48 440
48 73
48 91
48 111
48 553
48 77
48 227
48 497
48 537
48 318
48 222
48 260
48 342
49 257
49 263
49 136
49 521
49 271
49 330
49 490
49 366
49 511
49 49
49 483
49 434
49 87
49 86
49 378
49 563
49 306
49 587
49 569
49 576
49 579
49 597
49 256
49 578
49 253
49 550
50 530
50 151
50 427
50 174
50 187
50 195
50 318
50 254
50 217
50 433
50 360
50 55
50 448
50 105
50 482
50 189
50 343
50 511
50 322
50 71
50 334
50 235
50 582
50 60
51 130
51 134
51 527
51 143
51 277
51 534
51 93
51 502
51 507
51 101
51 221
51 228
51 484
51 120
51 252
51 357
51 312
51 182
52 258
52 149
52 407
52 550
52 172
52 580
52 451
52 69
52 354
52 192
52 314
52 347
52 203
52 565
52 590
52 545
52 486
52 62
52 494
52 442
52 63
52 337
53 544
53 533
53 514
53 290
53 421
53 428
53 558
53 206
53 191
53 96
53 430
53 500
53 566
53 219
53 238
53 158
53 231
54 265
54 544
54 416
54 549
54 422
54 298
54 571
54 296
54 287
54 99
54 327
54 438
54 154
54 75
54 450
54 243
54 70
54 425
54 233
54 200
54 494
54 524
55 440
55 383
55 530
55 151
55 176
55 433
55 189
55 360
55 55
55 482
55 174
55 187
55 254
55 448
55 308
55 214
55 195
55 71
55 334
55 217
56 149
56 259
56 137
56 275
56 533
56 406
56 279
56 152
56 423
56 167
56 293
56 396
56 375
56 443
56 76
56 294
56 446
56 264
56 573
57 465
57 385
57 269
57 526
57 283
57 288
57 292
57 548
57 439
57 429
57 468
57 278
57 59
57 57
57 183
57 114
57 572
57 489
57 282
57 193
57 460
57 377
58 462
58 372
58 385
58 281
58 288
58 299
58 548
58 58
58 59
58 183
58 439
58 283
58 593
58 292
58 114
58 278
58 198
58 565
58 476
58 572
58 193
58 460
58 415
59 87
59 385
59 269
59 526
59 278
59 281
59 283
59 548
59 429
59 183
59 468
59 377
59 299
59 460
59 59
59 491
59 395
59 198
59 114
59 413
60 386
60 133
60 524
60 272
60 400
60 559
60 441
60 131
60 268
60 317
60 270
60 85
60 233
60 348
60 262
60 505
60 194
60 588
60 419
61 142
61 574
61 379
61 141
61 528
61 280
61 155
61 304
61 561
61 509
61 453
61 373
61 188
61 61
61 562
61 412
61 243
61 447
61 394
62 425
62 494
62 561
62 149
62 407
62 545
62 442
62 192
62 465
62 565
62 62
62 314
62 347
62 203
62 580
62 258
62 107
62 431
62 63
62 451
62 69
62 590
62 337
62 600
62 354
62 505
63 149
63 545
63 550
63 172
63 565
63 314
63 442
63 590
63 407
63 465
63 258
63 486
63 600
63 63
63 337
63 556
63 501
63 192
63 354
63 239
63 346
64 404
64 431
64 303
64 181
64 215
64 64
64 95
64 480
64 103
64 331
64 216
64 237
64 161
64 463
64 469
64 162
64 169
64 475
64 585
64 587
64 333
64 125
65 224
65 437
65 473
65 391
65 543
65 163
65 426
65 567
65 363
65 65
65 343
65 455
65 356
65 302
65 595
65 374
65 581
65 228
65 464
65 212
66 536
66 553
66 301
66 184
66 185
66 319
66 370
66 477
66 539
66 496
66 66
66 211
66 353
66 522
66 429
66 236
66 515
67 129
67 260
67 522
67 525
67 146
67 531
67 166
67 564
67 202
67 223
67 415
67 106
67 444
67 248
67 67
67 437
67 504
67 298
67 199
67 473
67 123
67 382
67 341
67 320
68 174
68 532
68 160
68 560
68 582
68 403
68 599
68 328
68 481
68 384
68 367
68 139
68 201
68 276
68 218
68 503
69 397
69 149
69 545
69 550
69 172
69 314
69 192
69 451
69 354
69 580
69 600
69 347
69 407
69 442
69 258
69 447
69 209
69 337
69 239
70 154
70 287
70 544
70 416
70 549
70 422
70 296
70 425
70 298
70 438
70 450
70 571
70 243
70 94
70 554
70 70
70 184
70 126
70 82
70 99
70 494
70 112
71 335
71 151
71 174
71 176
71 433
71 189
71 195
71 448
71 318
71 105
71 530
71 360
71 235
71 322
71 398
71 558
71 482
71 254
71 118
71 564
72 261
72 405
72 305
72 180
72 309
72 440
72 584
72 456
72 247
72 358
72 73
72 91
72 518
72 173
72 89
72 495
72 77
72 229
72 187
72 227
72 497
72 485
73 518
73 405
73 159
73 173
73 305
73 180
73 309
73 584
73 456
73 80
73 497
73 227
73 358
73 247
73 73
73 92
73 89
73 91
74 152
74 514
74 290
74 421
74 428
74 558
74 430
74 566
74 74
74 96
74 191
74 118
74 245
74 489
74 198
74 386
74 238
74 368
74 525
75 265
75 422
75 171
75 298
75 438
75 450
75 296
75 554
75 416
75 327
75 494
75 549
75 99
75 82
75 112
75 425
75 154
75 439
75 518
75 243
75 122
75 332
75 197
76 214
76 275
76 533
76 406
76 153
76 419
76 293
76 446
76 286
76 396
76 147
76 259
76 279
76 423
76 137
76 346
76 179
76 336
76 503
76 589
77 518
77 142
77 405
77 173
77 305
77 180
77 440
77 584
77 261
77 91
77 77
77 227
77 309
77 495
77 168
77 581
77 80
77 89
77 328
77 443
77 170
78 139
78 403
78 276
78 532
78 582
78 274
78 224
78 384
78 160
78 328
78 481
78 380
78 367
78 560
78 355
78 197
78 113
78 599
78 196
79 211
79 389
79 390
79 135
79 81
79 339
79 90
79 92
79 109
79 97
79 84
79 372
79 230
79 122
79 228
79 508
79 591
79 83
79 568
80 261
80 518
80 142
80 159
80 305
80 180
80 309
80 584
80 227
80 173
80 497
80 89
80 91
80 495
80 358
80 247
80 270
80 453
80 519
80 587
80 299
80 152
81 412
81 135
81 282
81 546
81 591
81 122
81 390
81 242
81 83
81 109
81 339
81 92
81 393
81 471
81 90
81 97
82 265
82 154
82 287
82 416
82 549
82 296
82 554
82 171
82 438
82 571
82 327
82 450
82 94
82 422
82 298
82 112
82 578
82 289
82 99
82 243
82 119
83 390
83 394
83 282
83 546
83 339
83 84
83 242
83 90
83 591
83 97
83 372
83 135
83 515
83 511
83 92
83 150
84 139
84 135
84 282
84 546
84 591
84 339
84 242
84 97
84 389
84 84
84 109
84 154
84 539
84 90
84 122
84 131
85 305
85 387
85 131
85 524
85 270
85 272
85 150
85 285
85 441
85 317
85 194
85 578
85 268
85 85
85 168
85 515
85 202
86 453
86 263
86 136
86 271
86 563
86 179
86 569
86 576
86 579
86 330
86 256
86 257
86 597
86 86
86 366
86 521
86 175
86 542
86 378
87 155
87 263
87 136
87 563
87 569
87 576
87 579
87 597
87 330
87 511
87 273
87 179
87 378
87 306
87 87
87 483
87 476
87 490
87 294
88 496
88 267
88 145
88 148
88 414
88 164
88 168
88 175
88 177
88 178
88 307
88 568
88 332
88 596
88 352
88 102
88 95
88 468
88 362
89 261
89 518
89 159
89 440
89 456
89 89
89 180
89 173
89 358
89 405
89 142
89 147
89 495
90 409
90 389
90 135
90 394
90 591
90 339
90 372
90 109
90 390
90 97
90 465
90 198
91 142
91 405
91 159
91 180
91 440
91 584
91 495
91 261
91 358
91 247
91 227
91 497
91 280
91 496
91 141
91 289
91 122
91 391
92 394
92 282
92 230
92 390
92 546
92 339
92 122
92 389
92 109
92 242
92 113
92 472
92 372
92 284
93 482
93 527
93 277
93 534
93 222
93 252
93 143
93 502
93 134
93 379
93 127
93 221
93 507
93 101
93 240
93 383
93 531
93 484
93 228
94 249
94 154
94 549
94 296
94 554
94 171
94 438
94 450
94 422
94 494
94 327
94 416
94 287
94 298
94 544
94 243
94 151
94 137
94 484
94 223
95 161
95 162
95 552
95 432
95 303
95 181
95 316
95 585
95 331
95 333
95 215
95 216
95 404
95 469
95 95
95 351
95 561
95 480
95 472
96 518
96 561
96 194
96 514
96 290
96 421
96 558
96 566
96 191
96 206
96 118
96 500
96 430
96 113
96 138
96 238
96 245
97 124
97 273
97 546
97 591
97 389
97 339
97 390
97 135
97 109
97 242
97 345
97 218
97 230
97 372
97 122
98 247
98 513
98 387
98 140
98 537
98 410
98 592
98 208
98 594
98 338
98 475
98 523
98 98
98 428
98 357
98 463
98 511
98 167
99 154
99 544
99 416
99 296
99 425
99 298
99 571
99 450
99 243
99 265
99 554
99 422
99 549
99 327
99 124
99 400
99 105
99 543
100 179
100 388
100 517
100 520
100 393
100 284
100 297
100 325
100 589
100 342
100 241
100 220
100 341
100 100
100 458
100 574
100 456
101 541
101 130
101 134
101 277
101 308
101 221
101 101
101 120
101 228
101 507
101 502
101 379
101 252
101 390
101 595
101 240
101 504
101 560
101 272
101 325
102 563
102 267
102 148
102 164
102 177
102 307
102 568
102 324
102 332
102 596
102 414
102 175
102 213
102 459
102 253
102 439
102 194
103 115
103 404
103 161
103 162
103 552
103 431
103 432
103 316
103 331
103 587
103 215
103 103
103 181
103 216
103 480
103 189
103 400
103 125
104 266
104 408
104 158
104 418
104 169
104 574
104 209
104 229
104 541
104 205
104 246
104 395
104 104
104 383
104 218
104 508
104 397
104 183
104 200
104 562
104 270
104 444
105 445
105 530
105 151
105 427
105 433
105 187
105 189
105 318
105 448
105 322
105 195
105 217
105 482
105 254
105 176
105 396
105 442
105 203
106 233
106 522
106 525
106 146
106 415
106 417
106 166
106 424
106 564
106 199
106 202
106 223
106 123
106 444
106 473
106 106
106 170
106 505
106 382
107 301
107 151
107 427
107 174
107 176
107 433
107 187
107 189
107 448
107 322
107 334
107 235
107 107
107 482
107 530
107 591
107 302
107 362
107 396
108 236
108 365
108 535
108 538
108 412
108 542
108 310
108 575
108 586
108 461
108 335
108 210
108 472
108 349
108 108
108 186
108 352
108 198
108 512
108 433
109 373
109 274
109 389
109 390
109 135
109 591
109 339
109 230
109 394
109 435
109 126
109 122
110 125
110 267
110 145
110 164
110 175
110 177
110 568
110 459
110 332
110 596
110 213
110 362
110 324
110 168
110 148
110 352
110 307
110 281
110 121
110 253
111 516
111 132
111 519
111 399
111 529
111 402
111 401
111 165
111 323
111 454
111 204
111 466
111 493
111 487
111 340
111 131
111 460
111 126
111 453
112 265
112 154
112 287
112 544
112 549
112 296
112 425
112 171
112 298
112 438
112 450
112 554
112 571
112 494
112 422
112 507
112 360
112 243
113 402
113 250
113 349
113 262
113 290
113 421
113 566
113 206
113 219
113 489
113 245
113 514
113 132
113 278
114 269
114 278
114 281
114 283
114 292
114 548
114 183
114 572
114 193
114 460
114 593
114 377
114 114
114 198
114 298
114 453
115 516
115 132
115 399
115 529
115 402
115 454
115 340
115 598
115 487
115 204
115 323
115 493
115 165
115 519
115 467
115 466
115 250
115 126
115 175
116 358
116 399
116 139
116 560
116 391
116 398
116 543
116 163
116 426
116 300
116 302
116 583
116 455
116 464
116 595
116 212
116 479
116 178
116 367
116 374
116 128
116 190
116 329
117 539
117 553
117 184
117 185
117 313
117 353
117 236
117 496
117 301
117 295
117 370
117 409
117 536
117 319
117 477
117 213
117 369
117 308
118 309
118 421
118 428
118 558
118 430
118 566
118 191
118 457
118 245
118 489
118 500
118 118
118 131
119 502
119 141
119 280
119 155
119 289
119 304
119 561
119 562
119 315
119 188
119 447
119 449
119 234
119 509
119 119
119 278
119 381
120 130
120 143
120 277
120 127
120 504
120 502
120 308
120 228
120 527
120 222
120 379
120 240
120 120
120 221
120 338
120 150
120 484
120 580
121 399
121 579
121 267
121 148
121 414
121 164
121 178
121 568
121 324
121 459
121 332
121 596
121 213
121 307
121 121
121 555
121 253
122 389
122 390
122 135
122 394
122 339
122 372
122 591
122 230
123 568
123 129
123 260
123 522
123 424
123 564
123 444
123 199
123 473
123 248
123 417
123 123
123 505
123 382
123 525
123 144
123 326
124 513
124 387
124 140
124 537
124 435
124 592
124 338
124 475
124 350
124 357
124 365
124 249
124 124
124 594
124 488
125 161
125 552
125 432
125 303
125 181
125 585
125 331
125 587
125 333
125 462
125 431
125 404
125 237
125 162
125 216
125 455
125 171
126 516
126 132
126 519
126 529
126 402
126 401
126 452
126 204
126 467
126 340
126 493
126 250
126 454
126 251
126 399
126 560
126 296
127 130
127 134
127 143
127 534
127 222
127 240
127 379
127 502
127 308
127 507
127 277
127 221
127 127
127 251
128 376
128 398
128 426
128 170
128 302
128 567
128 320
128 479
128 356
128 363
128 374
128 343
128 583
128 543
128 212
128 595
128 554
128 351
129 476
129 166
129 382
129 525
129 199
129 437
129 424
129 522
129 415
129 248
129 473
129 531
129 146
129 260
129 223
129 129
129 142
129 417
129 564
129 444
130 222
130 228
130 504
130 527
130 534
130 308
130 502
130 277
130 507
130 143
130 134
130 237
130 335
130 484
130 220
131 469
131 285
131 133
131 317
131 524
131 386
131 488
131 578
131 270
131 150
131 272
131 194
131 268
131 131
131 262
131 400
131 559
131 441
132 165
132 598
132 132
132 487
132 204
132 452
132 516
132 529
132 323
132 251
132 493
132 466
132 454
132 459
132 230
132 402
132 401
132 340
132 434
133 461
133 194
133 559
133 348
133 285
133 386
133 272
133 588
133 488
133 441
133 268
133 150
133 400
133 133
133 535
133 262
133 270
133 233
134 592
134 507
134 222
134 134
134 277
134 502
134 527
134 252
134 221
134 534
134 504
134 482
134 274
134 143
134 228
134 240
135 390
135 242
135 282
135 230
135 591
135 394
135 546
135 414
135 324
136 263
136 597
136 257
136 376
136 306
136 521
136 483
136 579
136 563
136 366
136 136
136 256
136 378
136 511
136 156
136 486
136 273
136 434
136 569
137 443
137 446
137 503
137 137
137 293
137 396
137 336
137 147
137 259
137 152
137 419
137 275
137 375
137 565
137 338
137 533
137 286
137 294
137 423
137 167
138 570
138 398
138 311
138 182
138 312
138 557
138 244
138 200
138 144
138 232
138 485
138 501
138 190
138 540
138 413
138 167
138 375
138 411
138 156
138 547
138 329
139 523
139 598
139 427
139 139
139 276
139 599
139 355
139 532
139 160
139 201
139 224
139 274
139 371
139 403
139 560
139 481
139 367
139 384
139 366
140 523
140 249
140 513
140 365
140 207
140 350
140 369
140 435
140 357
140 592
140 338
140 387
140 208
140 242
140 197
140 410
140 594
140 475
141 456
141 289
141 157
141 449
141 509
141 255
141 447
141 562
141 280
141 373
141 188
141 234
141 226
141 149
141 528
141 304
141 561
141 315
141 381
142 261
142 518
142 142
142 456
142 159
142 405
142 247
142 495
142 584
142 305
142 173
142 440
142 226
142 180
142 242
142 245
142 589
143 527
143 221
143 379
143 507
143 252
143 277
143 222
143 240
143 143
143 485
143 312
143 534
143 308
143 484
143 504
143 483
144 479
144 312
144 411
144 485
144 244
144 232
144 420
144 577
144 540
144 413
144 555
144 329
144 196
144 144
144 348
144 156
144 547
144 557
144 182
144 311
144 200
145 165
145 538
145 267
145 178
145 145
145 596
145 213
145 459
145 253
145 362
145 414
145 148
145 352
145 177
145 310
145 175
145 307
145 568
145 324
145 332
145 566
146 222
146 282
146 260
146 166
146 525
146 382
146 248
146 202
146 437
146 505
146 146
146 415
146 424
146 223
146 209
146 580
146 531
146 417
146 444
146 473
146 476
147 295
147 159
147 210
147 360
147 441
147 600
147 396
147 275
147 443
147 375
147 153
147 286
147 503
147 259
147 406
147 304
147 533
147 279
147 152
147 419
147 167
147 336
148 497
148 267
148 175
148 164
148 148
148 324
148 168
148 253
148 307
148 362
148 414
148 178
148 273
148 508
148 177
148 568
148 459
148 342
149 322
149 258
149 580
149 149
149 550
149 314
149 337
149 354
149 590
149 172
149 486
149 545
149 208
149 407
149 565
149 442
149 203
149 465
149 347
149 248
150 235
150 262
150 268
150 272
150 488
150 441
150 233
150 270
150 348
150 400
150 386
150 556
150 194
150 564
151 360
151 318
151 217
151 189
151 530
151 187
151 334
151 427
151 482
151 195
151 564
151 324
151 174
151 433
151 322
151 254
151 286
152 259
152 396
152 275
152 406
152 279
152 286
152 153
152 443
152 294
152 336
152 423
152 375
152 533
152 293
152 446
152 359
153 480
153 259
153 275
153 533
153 406
153 279
153 446
153 294
153 503
153 153
153 336
153 396
153 375
153 390
153 511
153 286
153 419
153 293
153 423
153 167
153 443
154 495
154 357
154 265
154 554
154 171
154 327
154 422
154 494
154 416
154 296
154 154
154 298
154 525
154 236
154 287
154 425
154 571
154 450
154 157
154 489
154 351
155 528
155 304
155 449
155 561
155 315
155 155
155 381
155 373
155 255
155 226
155 234
155 453
155 509
155 169
155 157
155 289
155 562
155 447
155 259
156 557
156 501
156 420
156 196
156 547
156 555
156 200
156 311
156 190
156 312
156 156
156 413
156 540
156 322
156 490
156 182
156 577
156 478
156 485
156 244
157 509
157 188
157 447
157 304
157 226
157 453
157 528
157 373
157 562
157 561
157 280
157 255
157 449
157 537
157 381
158 250
158 266
158 397
158 541
158 229
158 246
158 205
158 570
158 364
158 214
158 383
158 574
158 408
158 209
158 361
158 498
158 418
158 546
158 166
158 169
158 218
158 430
158 190
159 261
159 247
159 518
159 358
159 405
159 495
159 173
159 497
159 440
159 159
159 305
159 233
159 309
159 584
159 227
159 315
159 415
160 556
160 274
160 481
160 201
160 224
160 276
160 560
160 599
160 380
160 328
160 355
160 582
160 160
160 275
160 248
161 404
161 303
161 331
161 162
161 462
161 431
161 587
161 552
161 463
161 216
161 480
161 469
161 181
161 237
161 592
161 471
161 432
161 585
162 323
162 404
162 585
162 462
162 333
162 162
162 469
162 587
162 303
162 463
162 431
162 181
162 216
162 168
162 268
162 432
162 316
162 215
162 237
162 304
163 391
163 398
163 300
163 356
163 363
163 302
163 212
163 479
163 170
163 455
163 583
163 567
163 426
163 581
163 464
163 255
163 494
163 320
163 595
163 374
164 390
164 568
164 352
164 459
164 324
164 253
164 596
164 307
164 213
164 332
164 168
164 193
164 265
164 175
165 594
165 516
165 519
165 402
165 401
165 323
165 487
165 454
165 529
165 399
165 598
165 493
165 340
165 251
165 570
165 204
165 466
165 467
165 250
165 273
165 389
165 567
166 340
166 576
166 307
166 525
166 531
166 415
166 417
166 476
166 199
166 473
166 444
166 437
166 369
166 474
166 564
166 248
167 275
167 293
167 294
167 423
167 419
167 443
167 286
167 167
167 406
167 259
167 446
167 533
167 348
168 384
168 414
168 324
168 307
168 178
168 267
168 596
168 362
168 352
168 332
168 408
168 445
168 175
168 459
168 253
169 523
169 266
169 395
169 397
169 408
169 418
169 541
169 229
169 218
169 214
169 364
169 361
169 383
169 205
169 543
169 521
169 570
169 574
169 225
169 491
169 506
169 508
170 230
170 391
170 374
170 581
170 212
170 595
170 464
170 300
170 320
170 343
170 363
170 567
170 170
170 541
170 455
170 356
171 265
171 287
171 544
171 549
171 422
171 296
171 425
171 554
171 494
171 327
171 171
171 450
171 285
171 298
171 438
171 571
171 226
172 416
172 258
172 545
172 550
172 486
172 203
172 580
172 565
172 192
172 465
172 451
172 314
172 600
172 442
172 331
172 514
172 590
172 347
172 239
172 374
173 261
173 518
173 358
173 173
173 495
173 405
173 456
173 180
173 440
173 309
173 497
173 423
173 327
173 584
173 541
173 517
174 530
174 427
174 187
174 235
174 334
174 433
174 254
174 318
174 322
174 176
174 174
174 360
174 189
174 280
175 333
175 267
175 568
175 332
175 596
175 253
175 178
175 177
175 352
175 405
175 324
175 213
175 362
176 184
176 530
176 427
176 195
176 318
176 254
176 334
176 433
176 235
176 448
176 482
176 360
176 547
176 410
176 224
177 461
177 267
177 414
177 362
177 178
177 596
177 253
177 307
177 568
177 332
177 386
177 299
177 324
177 213
177 193
178 205
178 267
178 568
178 307
178 332
178 362
178 213
178 178
178 345
178 518
178 459
178 596
179 257
179 273
179 306
179 511
179 576
179 378
179 179
179 521
179 579
179 376
179 263
179 490
179 434
179 330
179 366
179 483
179 502
179 256
180 518
180 305
180 456
180 309
180 358
180 227
180 497
180 261
180 405
180 490
180 584
180 495
180 247
180 420
181 404
181 552
181 303
181 215
181 316
181 480
181 587
181 331
181 463
181 333
181 181
181 540
181 287
181 585
181 462
181 216
181 283
182 411
182 555
182 478
182 196
182 577
182 557
182 312
182 182
182 311
182 190
182 232
182 329
182 381
183 385
183 278
183 281
183 283
183 197
183 288
183 377
183 593
183 460
183 526
183 198
183 468
183 439
183 183
183 339
183 395
183 572
184 392
184 536
184 409
184 295
184 301
184 496
184 231
184 539
184 370
184 211
184 553
184 353
184 313
184 271
184 185
184 319
184 344
184 236
184 569
185 392
185 536
185 409
185 539
185 295
185 553
185 211
185 185
185 319
185 353
185 370
185 420
185 226
185 313
185 344
185 231
185 496
185 348
185 199
186 264
186 535
186 412
186 542
186 556
186 436
186 310
186 512
186 575
186 586
186 461
186 349
186 186
186 210
186 573
186 326
186 432
186 302
186 445
186 335
186 470
186 472
186 345
186 596
186 259
187 530
187 427
187 360
187 187
187 482
187 195
187 433
187 235
187 583
187 594
187 318
187 254
187 221
187 378
188 445
188 243
188 280
188 226
188 528
188 449
188 381
188 509
188 447
188 234
188 289
188 373
188 378
188 235
188 453
188 255
189 235
189 482
189 318
189 433
189 530
189 448
189 322
189 427
189 217
189 254
189 274
189 414
189 474
190 594
190 411
190 413
190 547
190 555
190 312
190 420
190 478
190 485
190 557
190 329
190 501
190 311
190 196
191 477
191 471
191 432
191 500
191 206
191 421
191 368
191 430
191 566
191 290
191 191
191 293
191 533
191 457
191 219
191 245
192 258
192 407
192 550
192 314
192 442
192 565
192 486
192 203
192 580
192 192
192 465
192 354
192 546
192 337
192 347
193 385
193 278
193 283
193 288
193 292
193 548
193 439
193 197
193 468
193 593
193 429
193 299
193 269
193 377
193 511
193 198
193 460
194 210
194 262
194 524
194 268
194 270
194 400
194 578
194 285
194 194
194 588
194 488
194 233
195 433
195 318
195 322
195 334
195 217
195 360
195 482
195 530
195 254
195 598
195 522
195 235
195 403
196 350
196 527
196 411
196 413
196 540
196 547
196 555
196 577
196 200
196 557
196 478
196 420
196 485
196 244
196 252
196 232
197 310
197 269
197 526
197 278
197 281
197 283
197 292
197 299
197 429
197 572
197 377
197 548
197 468
197 228
198 385
198 283
198 288
198 548
198 429
198 572
198 299
198 439
198 526
198 281
198 593
198 278
198 448
198 431
199 358
199 327
199 256
199 260
199 522
199 525
199 564
199 444
199 248
199 382
199 476
199 223
199 425
199 202
199 473
200 321
200 582
200 337
200 413
200 555
200 311
200 478
200 244
200 420
200 547
200 557
200 501
200 567
200 423
201 512
201 298
201 509
201 276
201 532
201 328
201 384
201 371
201 510
201 403
201 582
201 481
201 442
201 224
201 293
202 586
202 446
202 522
202 415
202 564
202 437
202 473
202 202
202 476
202 382
202 444
202 424
202 520
202 223
202 505
203 494
203 258
203 407
203 545
203 550
203 565
203 314
203 465
203 354
203 337
203 442
203 580
203 239
203 600
203 468
204 516
204 519
204 402
204 323
204 250
204 399
204 454
204 529
204 401
204 340
204 467
204 251
204 449
204 448
204 466
204 493
204 219
205 266
205 395
205 408
205 418
205 570
205 209
205 498
205 218
205 229
205 246
205 508
205 214
205 364
205 383
205 361
205 574
205 225
205 491
205 284
206 593
206 290
206 421
206 428
206 558
206 457
206 500
206 219
206 368
206 430
206 238
206 489
206 270
206 531
206 297
207 513
207 387
207 523
207 537
207 410
207 435
207 208
207 207
207 350
207 592
207 365
207 471
207 369
207 367
207 366
207 357
207 442
208 513
208 435
208 592
208 523
208 410
208 249
208 350
208 537
208 338
208 369
208 357
208 231
208 263
208 594
208 365
208 354
209 410
209 402
209 266
209 395
209 397
209 408
209 541
209 570
209 418
209 498
209 218
209 574
209 508
209 361
209 383
209 261
209 257
209 214
209 225
209 246
209 506
209 522
210 535
210 538
210 412
210 556
210 326
210 461
210 575
210 573
210 321
210 472
210 335
210 349
210 586
210 345
210 310
210 470
211 392
211 536
211 409
211 539
211 295
211 553
211 319
211 496
211 370
211 236
211 313
211 353
211 429
211 344
211 477
211 214
211 229
212 391
212 300
212 302
212 320
212 581
212 583
212 567
212 343
212 426
212 479
212 464
212 374
212 595
212 398
212 303
212 292
213 261
213 316
213 310
213 267
213 332
213 596
213 459
213 213
213 253
213 246
213 368
214 397
214 408
214 541
214 570
214 574
214 508
214 364
214 361
214 225
214 506
214 266
214 246
214 214
214 229
214 491
214 498
214 388
215 404
215 552
215 432
215 303
215 316
215 585
215 587
215 333
215 469
215 331
215 215
215 304
215 264
215 216
215 573
216 404
216 431
216 432
216 585
216 587
216 333
216 462
216 463
216 469
216 480
216 303
216 395
216 237
216 498
216 281
217 404
217 530
217 433
217 322
217 334
217 254
217 360
217 482
217 448
217 427
217 282
217 467
217 407
218 266
218 395
218 541
218 361
218 418
218 383
218 508
218 491
218 397
218 364
218 574
218 246
218 498
218 408
218 569
218 288
218 225
218 229
218 506
219 514
219 290
219 421
219 428
219 558
219 566
219 219
219 245
219 368
219 415
219 500
220 591
220 500
220 388
220 517
220 291
220 551
220 297
220 325
220 589
220 341
220 474
220 351
220 458
220 515
220 241
220 520
220 499
221 527
221 277
221 534
221 308
221 504
221 379
221 507
221 252
221 222
221 502
221 394
221 240
221 241
222 527
222 534
222 308
222 240
222 379
222 504
222 252
222 484
222 502
222 228
222 280
223 260
223 522
223 525
223 531
223 444
223 476
223 505
223 417
223 437
223 564
223 415
223 382
223 594
224 326
224 276
224 532
224 599
224 367
224 371
224 380
224 481
224 510
224 274
224 224
224 355
224 384
224 458
225 395
225 397
225 418
225 574
225 541
225 266
225 508
225 225
225 408
225 229
225 361
225 383
225 494
225 491
225 498
226 528
226 289
226 304
226 561
226 234
226 315
226 226
226 255
226 447
226 509
226 548
226 381
227 261
227 518
227 405
227 305
227 309
227 440
227 584
227 456
227 495
227 467
227 325
227 247
227 591
228 361
228 277
228 308
228 252
228 504
228 228
228 484
228 502
228 379
228 516
228 454
228 240
229 456
229 266
229 395
229 397
229 408
229 541
229 574
229 361
229 364
229 246
229 383
229 356
229 491
229 506
230 389
230 390
230 394
230 282
230 546
230 591
230 230
230 242
230 509
230 372
231 392
231 536
231 295
231 319
231 477
231 344
231 231
231 236
231 301
231 409
231 370
231 467
231 396
232 435
232 411
232 540
232 547
232 420
232 311
232 577
232 329
232 557
232 232
232 478
232 555
232 549
232 489
233 436
233 438
233 262
233 524
233 268
233 272
233 317
233 348
233 233
233 572
233 377
234 528
234 280
234 304
234 561
234 449
234 453
234 381
234 255
234 373
234 289
234 399
234 558
234 355
235 530
235 427
235 433
235 318
235 448
235 322
235 334
235 482
235 415
235 245
236 409
236 539
236 295
236 553
236 313
236 344
236 496
236 236
236 577
236 240
236 439
237 552
237 316
237 331
237 333
237 463
237 469
237 432
237 237
237 404
237 480
237 431
237 587
237 399
237 386
238 514
238 421
238 430
238 566
238 457
238 290
238 428
238 368
238 489
238 238
238 266
238 341
239 507
239 407
239 550
239 314
239 442
239 451
239 580
239 590
239 465
239 600
239 354
239 258
239 239
239 386
240 277
240 308
240 484
240 534
240 252
240 507
240 323
240 504
241 385
241 388
241 291
241 551
241 458
241 589
241 341
241 342
241 359
241 284
241 241
241 520
241 393
241 502
241 499
242 389
242 394
242 282
242 591
242 339
242 372
242 344
243 544
243 416
243 549
243 425
243 554
243 298
243 438
243 450
243 287
243 265
243 296
243 413
243 375
243 531
244 423
244 413
244 540
244 420
244 557
244 329
244 485
244 411
244 478
244 312
244 555
244 577
244 425
244 285
245 592
245 506
245 514
245 290
245 428
245 566
245 489
245 457
245 421
246 266
246 408
246 541
246 570
246 361
246 491
246 498
246 246
246 574
246 397
246 448
246 450
246 506
246 276
247 261
247 518
247 309
247 584
247 456
247 305
247 497
247 495
247 393
247 292
247 489
248 522
248 525
248 424
248 564
248 437
248 444
248 476
248 248
248 473
248 505
249 513
249 387
249 523
249 537
249 350
249 357
249 365
249 471
249 338
249 249
249 592
249 560
250 405
250 516
250 399
250 401
250 452
250 454
250 598
250 493
250 519
250 467
250 466
250 487
250 250
250 251
250 535
251 516
251 519
251 399
251 529
251 452
251 466
251 467
251 340
251 493
251 402
251 401
251 251
251 376
251 347
252 534
252 502
252 507
252 484
252 504
252 308
252 549
253 267
253 414
253 568
253 596
253 332
253 362
253 503
253 499
254 427
254 433
254 322
254 334
254 360
254 318
254 590
254 284
255 528
255 280
255 304
255 562
255 449
255 453
255 509
255 381
255 373
255 569
255 417
256 425
256 257
256 263
256 521
256 273
256 434
256 569
256 576
256 490
256 376
256 511
256 378
256 330
256 579
256 296
257 355
257 273
257 330
257 306
257 490
257 576
257 257
257 263
257 569
257 563
257 366
257 511
257 483
257 515
257 278
257 521
257 271
257 434
257 267
257 545
258 407
258 486
258 337
258 258
258 590
258 354
258 550
258 580
258 347
258 451
258 314
258 565
258 563
258 432
258 442
258 465
258 600
259 408
259 278
259 406
259 294
259 503
259 533
259 396
259 419
259 279
259 286
259 423
259 293
259 336
260 539
260 576
260 444
260 417
260 260
260 531
260 564
260 525
260 522
260 476
260 424
260 437
261 518
261 261
261 456
261 440
261 309
261 358
261 405
261 504
261 305
261 495
261 497
262 386
262 268
262 441
262 348
262 317
262 559
262 588
262 488
262 262
262 314
262 270
262 272
262 400
262 285
263 306
263 521
263 597
263 483
263 263
263 579
263 330
263 271
263 490
263 576
263 274
263 557
263 273
263 563
263 378
263 486
264 470
264 264
264 586
264 326
264 556
264 535
264 461
264 538
264 349
264 335
264 542
264 310
264 412
264 436
264 316
264 580
264 445
264 573
264 321
264 512
265 454
265 416
265 450
265 554
265 571
265 438
265 287
265 265
265 327
265 422
265 296
265 598
265 590
265 544
265 549
265 298
265 494
265 600
266 544
266 364
266 498
266 506
266 574
266 395
266 570
266 508
266 491
266 383
266 450
266 528
266 397
266 541
266 418
267 267
267 352
267 307
267 459
267 362
267 489
267 324
267 596
268 285
268 441
268 317
268 400
268 348
268 559
268 588
268 386
268 576
268 416
268 272
268 578
269 385
269 468
269 572
269 460
269 292
269 281
269 288
269 439
269 429
269 299
269 269
269 389
269 515
269 526
269 278
269 351
270 431
270 386
270 524
270 317
270 285
270 588
270 578
270 348
270 488
270 400
270 390
270 272
270 559
270 441
271 450
271 511
271 376
271 378
271 569
271 579
271 271
271 330
271 366
271 306
271 483
271 388
271 273
271 563
271 597
271 490
271 446
272 491
272 386
272 524
272 348
272 317
272 578
272 441
272 298
272 400
272 285
272 559
272 588
273 521
273 483
273 579
273 378
273 490
273 576
273 366
273 597
273 563
273 511
273 376
273 569
273 434
273 306
274 371
274 532
274 403
274 380
274 384
274 355
274 328
274 367
274 276
274 560
274 510
274 582
274 430
274 426
275 396
275 286
275 406
275 443
275 275
275 279
275 503
275 294
275 502
275 430
275 533
275 419
275 423
275 336
276 403
276 371
276 367
276 582
276 532
276 560
276 599
276 380
276 328
276 375
276 481
276 510
276 474
277 527
277 277
277 484
277 502
277 308
277 359
277 535
277 534
277 379
278 369
278 385
278 526
278 429
278 283
278 281
278 572
278 468
278 548
278 593
278 505
278 292
278 299
279 373
279 396
279 533
279 406
279 294
279 286
279 423
279 279
279 446
279 503
279 361
279 359
279 419
279 443
279 336
280 561
280 528
280 381
280 562
280 289
280 453
280 373
280 280
280 315
280 449
280 509
280 458
281 521
281 414
281 385
281 526
281 283
281 572
281 460
281 439
281 593
281 429
281 328
281 288
281 292
281 548
281 299
282 333
282 389
282 390
282 546
282 394
282 282
282 301
282 339
282 363
283 526
283 292
283 377
283 299
283 460
283 385
283 439
283 548
283 468
283 491
283 288
283 429
283 572
283 593
284 552
284 388
284 517
284 393
284 341
284 284
284 589
284 515
284 346
284 551
284 325
284 492
284 291
284 342
284 474
285 365
285 395
285 524
285 488
285 441
285 400
285 588
285 290
285 559
285 317
285 348
286 396
286 336
286 533
286 406
286 375
286 294
286 419
286 286
286 423
286 443
286 446
286 503
287 296
287 571
287 416
287 494
287 544
287 450
287 287
287 554
287 298
287 549
287 489
287 454
287 422
287 425
287 438
287 327
288 385
288 526
288 292
288 593
288 288
288 377
288 299
288 468
288 439
288 346
288 425
289 528
289 562
289 289
289 449
289 373
289 447
289 304
289 561
289 315
289 467
289 599
290 500
290 421
290 514
290 558
290 457
290 430
290 526
290 566
291 520
291 589
291 517
291 351
291 346
291 341
291 359
291 458
291 325
291 492
291 551
291 474
291 499
291 388
291 496
291 450
291 297
291 342
292 526
292 385
292 468
292 299
292 548
292 593
292 572
292 439
292 446
292 460
293 533
293 406
293 375
293 503
293 294
293 446
293 423
293 443
293 293
293 429
293 500
294 406
294 419
294 443
294 336
294 533
294 446
294 332
294 503
294 375
294 505
295 392
295 536
295 409
295 496
295 539
295 353
295 301
295 553
295 370
295 369
295 313
295 319
295 344
295 477
295 345
295 557
296 422
296 327
296 296
296 438
296 494
296 571
296 416
296 554
296 298
296 450
296 548
296 522
297 471
297 331
297 366
297 515
297 517
297 393
297 551
297 341
297 388
297 297
297 474
297 359
297 489
297 589
297 342
297 492
298 319
298 416
298 422
298 425
298 554
298 549
298 571
298 488
298 494
299 332
299 526
299 548
299 299
299 429
299 468
299 439
299 385
299 355
299 377
300 486
300 391
300 398
300 426
300 300
300 543
300 479
300 363
300 583
300 374
300 320
300 455
300 560
300 470
300 567
301 392
301 536
301 409
301 539
301 553
301 319
301 370
301 496
301 301
301 344
301 532
301 313
301 377
301 437
302 467
302 364
302 352
302 398
302 543
302 426
302 343
302 581
302 583
302 391
302 363
302 455
302 434
302 454
302 567
302 320
302 464
302 595
302 356
303 404
303 431
303 432
303 331
303 303
303 463
303 316
303 480
303 585
303 500
303 462
304 487
304 335
304 373
304 562
304 304
304 554
304 561
305 405
305 440
305 497
305 456
305 584
305 309
305 358
305 390
305 495
305 588
306 434
306 330
306 563
306 306
306 521
306 597
306 569
306 378
306 490
306 483
306 577
306 366
306 511
306 565
307 414
307 459
307 596
307 324
307 352
307 568
307 307
308 308
308 534
308 504
308 507
308 484
308 379
308 530
308 502
309 518
309 405
309 358
309 584
309 497
309 495
309 380
309 509
310 538
310 412
310 542
310 556
310 436
310 345
310 573
310 335
310 321
310 470
310 461
310 349
310 586
310 512
310 535
310 445
310 575
310 326
310 527
310 443
310 551
310 557
311 457
311 411
311 413
311 547
311 557
311 311
311 478
311 420
311 501
311 600
311 460
311 312
312 567
312 411
312 413
312 540
312 420
312 555
312 557
312 547
312 386
312 531
312 329
312 478
312 485
313 392
313 409
313 553
313 496
313 353
313 344
313 319
313 477
313 313
313 581
313 562
314 550
314 565
314 337
314 314
314 354
314 580
314 590
314 343
314 581
314 442
314 465
314 600
315 504
315 528
315 561
315 562
315 315
315 453
315 373
315 381
315 509
315 557
315 447
316 404
316 552
316 431
316 432
316 585
316 469
316 333
316 587
316 463
316 462
316 316
316 331
316 547
317 400
317 559
317 441
317 578
317 588
317 524
317 377
317 453
317 343
318 470
318 530
318 427
318 433
318 322
318 448
318 318
318 342
318 334
318 482
318 360
319 392
319 409
319 477
319 536
319 496
319 370
319 340
319 347
320 588
320 407
320 341
320 391
320 398
320 543
320 567
320 583
320 455
320 464
320 426
320 320
320 581
320 595
321 535
321 538
321 412
321 542
321 556
321 436
321 445
321 573
321 575
321 321
321 512
321 326
321 349
321 470
321 472
321 570
321 335
321 450
322 427
322 433
322 448
322 482
322 360
322 565
323 516
323 529
323 402
323 487
323 452
323 519
323 340
323 401
323 467
323 454
323 323
323 352
323 493
323 549
323 422
324 568
324 352
324 362
324 414
324 459
325 388
325 517
325 520
325 551
325 341
325 359
325 492
325 499
325 515
325 458
325 589
325 404
325 342
326 535
326 412
326 542
326 556
326 436
326 573
326 575
326 345
326 445
326 512
326 470
326 538
326 514
326 461
326 335
326 349
327 392
327 544
327 416
327 549
327 425
327 571
327 422
327 327
327 450
327 526
328 409
328 338
328 532
328 582
328 599
328 371
328 384
328 367
328 403
328 560
328 542
328 481
328 355
328 510
329 400
329 590
329 540
329 420
329 555
329 577
329 547
329 413
329 554
329 478
330 434
330 576
330 579
330 511
330 330
330 378
330 563
330 521
330 376
330 483
330 394
330 426
330 597
331 392
331 585
331 462
331 463
331 587
331 480
331 552
331 431
331 428
331 333
331 482
331 543
332 538
332 403
332 414
332 459
332 352
333 404
333 432
333 585
333 480
333 431
333 463
333 552
333 469
333 397
333 386
334 530
334 433
334 482
334 334
334 427
334 486
334 588
334 360
335 538
335 542
335 556
335 436
335 445
335 586
335 461
335 573
335 412
335 335
335 345
335 459
335 362
336 419
336 423
336 443
336 446
336 503
336 533
336 375
336 498
336 481
337 578
337 407
337 545
337 550
337 451
337 347
337 337
337 442
337 498
337 600
337 439
338 513
338 387
338 523
338 537
338 410
338 592
338 471
338 475
338 338
338 440
338 357
338 476
339 591
339 339
339 372
339 389
339 546
339 558
339 598
339 459
339 391
339 413
340 516
340 402
340 401
340 452
340 454
340 466
340 467
340 519
340 399
340 578
340 598
340 504
341 515
341 517
341 520
341 458
341 589
341 474
341 388
341 551
341 346
341 342
341 499
341 577
342 515
342 517
342 551
342 458
342 346
342 393
342 351
342 589
342 499
342 474
342 359
342 398
343 391
343 398
343 426
343 595
343 374
343 363
343 343
343 567
343 479
343 455
343 368
344 392
344 536
344 409
344 539
344 370
344 553
344 344
344 390
344 353
344 496
344 542
345 535
345 412
345 542
345 556
345 436
345 586
345 470
345 472
345 345
345 349
345 463
346 469
346 451
346 388
346 517
346 520
346 458
346 589
346 551
346 351
346 515
346 507
346 474
347 550
347 565
347 451
347 580
347 347
347 442
347 600
347 407
347 596
348 386
348 524
348 400
348 559
348 578
348 588
348 591
349 535
349 538
349 542
349 436
349 445
349 573
349 575
349 586
349 412
349 556
349 411
350 513
350 387
350 523
350 410
350 592
350 471
350 475
350 357
350 365
350 350
350 368
351 528
351 515
351 388
351 517
351 458
351 474
351 492
351 589
351 520
351 351
352 481
352 568
352 459
352 596
352 362
353 392
353 539
353 477
353 370
353 409
353 353
353 507
353 427
353 380
354 394
354 407
354 545
354 442
354 451
354 580
354 465
354 486
355 481
355 510
355 384
355 582
355 532
355 599
355 380
355 355
355 367
356 543
356 567
356 455
356 464
356 581
356 479
356 391
356 374
356 356
356 363
356 518
356 577
357 513
357 523
357 435
357 594
357 475
357 410
357 592
357 369
357 462
357 365
357 534
358 440
358 497
358 456
358 358
358 518
358 495
359 515
359 517
359 520
359 589
359 359
359 458
359 551
359 388
359 492
359 488
360 530
360 427
360 482
360 399
360 501
361 395
361 397
361 408
361 418
361 574
361 508
361 506
361 570
361 383
361 376
362 414
362 459
362 596
362 362
363 571
363 398
363 543
363 595
363 479
363 455
363 374
363 363
363 590
364 397
364 418
364 574
364 491
364 498
364 506
364 395
364 570
364 383
364 364
364 526
365 387
365 523
365 537
365 410
365 435
365 592
365 471
365 475
365 369
366 498
366 521
366 434
366 563
366 569
366 597
366 483
366 378
366 579
367 560
367 582
367 403
367 510
367 532
367 437
367 451
368 441
368 514
368 421
368 428
368 457
368 368
368 500
368 380
369 513
369 537
369 410
369 592
369 594
369 471
369 475
369 387
369 523
369 369
370 392
370 536
370 553
370 477
370 370
370 449
371 403
371 582
371 599
371 384
371 380
371 481
371 371
371 595
372 389
372 394
372 546
372 390
372 547
373 528
373 562
373 449
373 453
373 447
373 381
373 559
374 426
374 567
374 583
374 595
374 479
374 543
374 391
375 404
375 488
375 396
375 419
375 375
375 544
375 421
376 434
376 563
376 576
376 579
376 376
376 483
376 378
376 511
376 521
377 385
377 548
377 429
377 468
377 460
377 526
377 593
377 439
378 521
378 569
378 579
378 597
378 511
378 513
378 389
379 527
379 484
379 507
379 534
379 504
379 490
379 526
380 467
380 484
380 403
380 560
380 582
380 599
380 481
380 510
380 418
381 561
381 453
381 447
381 562
381 565
381 494
382 522
382 531
382 415
382 417
382 564
382 437
382 473
382 476
382 505
382 592
382 462
383 553
383 397
383 408
383 570
383 506
383 383
383 403
384 403
384 582
384 481
384 510
384 560
384 478
385 593
385 468
385 439
385 572
385 429
385 526
385 460
385 548
385 531
386 386
386 441
386 578
386 488
386 400
386 524
386 588
386 559
386 535
387 513
387 387
387 594
387 410
387 537
387 471
387 475
387 592
387 392
387 523
387 435
387 406
388 515
388 551
388 458
388 492
388 388
388 520
388 499
388 393
388 517
388 589
389 389
389 390
389 591
389 394
390 591
390 394
390 546
390 408
390 514
391 476
391 479
391 426
391 595
391 455
391 391
391 581
391 464
391 398
391 567
391 583
392 539
392 536
392 553
392 477
392 409
392 417
393 496
393 465
393 515
393 517
393 520
393 458
393 474
393 589
393 551
393 393
393 574
393 499
394 394
394 591
395 401
395 408
395 397
395 541
395 506
395 498
395 395
395 574
395 545
395 418
395 491
395 488
395 548
396 524
396 406
396 446
396 533
396 503
396 443
396 423
396 540
397 418
397 397
397 541
397 508
397 506
397 491
397 570
397 574
397 498
398 479
398 455
398 464
398 398
398 595
398 543
398 581
398 583
399 516
399 519
399 487
399 466
399 454
399 493
399 402
399 598
399 399
399 452
399 467
399 401
399 534
400 524
400 559
400 588
400 578
400 441
400 531
400 488
400 485
401 519
401 493
401 401
401 516
401 529
401 466
401 598
401 402
401 485
401 424
402 516
402 519
402 529
402 487
402 466
402 493
402 467
402 402
402 452
402 598
403 481
403 560
403 582
403 510
403 455
404 431
404 552
404 469
404 480
404 463
404 585
404 462
404 432
404 492
405 518
405 497
405 584
405 405
405 495
405 440
405 456
405 449
406 423
406 533
406 503
406 406
406 463
406 419
407 550
407 565
407 580
407 545
407 600
407 451
407 407
407 486
407 465
408 408
408 508
408 418
408 498
408 570
408 541
408 574
408 491
408 506
409 409
409 496
409 477
409 553
409 539
409 501
410 513
410 523
410 435
410 537
410 594
410 475
410 410
410 592
410 471
411 420
411 411
411 485
411 557
411 555
411 577
411 540
411 501
412 535
412 538
412 512
412 445
412 542
412 461
412 412
412 556
412 591
412 575
412 429
413 413
413 555
413 501
413 478
413 547
413 420
414 414
414 596
414 568
414 459
415 415
415 522
415 525
415 476
415 417
415 473
415 531
415 505
415 444
415 437
416 544
416 425
416 571
416 422
416 494
416 549
416 554
416 416
416 450
416 593
417 466
417 522
417 525
417 531
417 564
417 444
417 505
417 473
417 476
417 424
417 437
418 541
418 574
418 570
418 508
418 506
418 498
418 491
418 530
418 557
419 533
419 443
419 419
419 430
419 446
419 503
420 547
420 557
420 501
420 478
420 555
420 420
420 445
420 485
421 514
421 428
421 457
421 500
421 557
421 430
421 566
422 544
422 549
422 554
422 422
422 450
422 438
422 425
422 463
422 464
423 423
423 443
423 520
423 446
424 433
424 566
424 522
424 525
424 531
424 505
424 473
424 424
424 444
425 544
425 549
425 425
425 494
425 571
425 554
425 438
425 450
426 599
426 543
426 581
426 464
426 567
426 595
426 583
426 455
426 479
427 448
427 530
427 427
427 433
428 514
428 558
428 566
428 430
428 500
428 472
428 477
428 457
428 489
428 595
428 540
429 548
429 460
429 593
429 468
429 429
429 592
430 434
430 514
430 558
430 430
430 457
430 489
431 452
431 552
431 480
431 463
431 587
431 432
431 431
431 469
432 552
432 480
432 469
432 462
432 587
433 530
434 481
434 521
434 511
434 434
434 579
434 576
434 569
434 597
434 563
434 490
435 513
435 523
435 537
435 435
435 471
435 475
435 512
435 592
436 535
436 538
436 573
436 461
436 512
436 470
436 556
436 586
436 542
436 597
436 445
436 575
437 457
437 522
437 525
437 531
437 564
437 476
437 444
437 505
438 544
438 549
438 554
438 450
438 494
438 571
438 530
439 451
439 526
439 548
439 439
439 593
439 460
439 572
440 518
440 584
440 440
440 535
440 456
440 497
441 524
441 441
441 578
442 562
442 559
442 545
442 565
442 550
442 580
442 451
442 590
443 533
443 503
443 551
444 525
444 564
444 444
444 473
444 531
444 587
444 499
445 536
445 535
445 538
445 556
445 470
445 512
445 586
445 472
445 573
445 575
445 461
446 493
447 480
447 561
447 562
447 509
447 453
447 447
447 580
447 478
447 449
447 555
448 530
448 448
448 482
448 549
449 528
449 561
449 562
449 509
450 554
450 571
450 494
450 544
450 547
451 570
451 545
451 550
451 600
451 580
451 465
451 590
452 519
452 529
452 452
452 598
452 466
452 467
452 454
452 487
453 512
453 528
453 562
453 561
453 509
454 519
454 516
454 598
454 529
454 466
454 467
454 487
454 527
455 543
455 583
455 464
455 479
455 567
455 557
455 595
456 584
456 456
456 518
456 598
457 566
457 514
457 457
457 500
458 565
458 515
458 474
458 551
458 589
458 492
458 499
459 568
460 519
460 526
460 572
460 593
460 502
460 501
460 577
461 535
461 538
461 556
461 573
461 470
461 575
461 472
462 552
462 463
462 585
462 462
462 480
462 578
462 469
462 470
463 552
463 587
463 480
463 469
463 546
463 583
464 520
464 543
464 567
464 583
464 464
464 495
465 550
465 600
465 486
465 565
465 545
466 519
466 529
466 487
466 598
466 467
466 577
466 493
467 519
467 598
467 493
467 487
468 532
468 526
468 468
469 552
469 585
469 587
469 480
469 469
470 535
470 542
470 556
470 573
470 586
470 472
470 512
471 523
471 594
471 475
471 471
471 513
472 585
472 535
472 538
472 542
472 573
472 586
472 472
472 512
472 508
472 517
473 505
473 525
473 473
473 564
473 492
474 508
474 551
474 589
474 517
474 515
474 492
475 523
475 594
475 513
475 590
476 597
476 525
476 531
476 564
477 536
477 539
477 553
477 477
477 500
477 597
478 555
478 577
478 501
478 547
478 576
478 485
479 567
479 595
479 581
479 583
479 479
480 552
480 585
480 587
481 532
481 582
481 560
482 507
483 539
483 521
483 563
483 569
483 576
483 579
483 483
484 527
484 534
484 484
484 507
484 504
484 525
485 577
485 485
485 540
485 547
486 574
486 565
486 580
486 590
486 486
486 545
487 519
487 529
487 598
487 487
487 516
487 545
488 524
488 559
488 588
488 578
489 596
489 566
489 489
489 558
490 521
490 563
490 576
490 579
490 490
490 600
490 593
491 541
491 570
491 574
491 498
491 508
491 506
492 515
492 520
492 492
492 589
492 499
492 521
493 536
493 516
493 529
493 493
493 519
493 539
494 571
494 554
494 549
495 497
495 518
496 536
496 539
496 553
496 556
497 518
497 584
498 541
498 574
498 506
498 508
499 530
499 515
499 517
499 520
499 499
500 514
500 558
501 510
501 569
501 555
501 557
501 577
501 547
502 534
502 527
502 502
502 555
503 533
503 510
504 516
504 527
504 504
505 522
505 531
505 505
505 525
506 541
506 570
506 546
507 527
507 534
507 507
508 541
508 570
508 574
509 575
509 528
509 562
510 532
510 560
510 582
510 510
510 599
510 550
511 521
511 563
511 576
511 511
512 516
512 538
512 573
512 575
512 586
513 537
513 592
513 594
513 513
513 524
513 565
514 566
514 540
515 551
515 515
515 520
516 529
516 519
516 516
516 598
517 520
517 517
517 551
518 584
518 518
518 530
519 598
519 529
519 583
520 520
520 551
520 589
521 549
521 521
521 597
521 563
521 587
521 569
521 545
522 553
522 525
523 592
523 537
523 594
524 524
524 578
524 559
524 588
525 525
525 531
526 573
526 593
526 526
526 548
526 572
527 527
527 534
528 561
528 528
529 529
529 598
530 530
531 531
532 560
532 599
532 532
532 546
533 546
533 572
533 533
533 593
533 540
534 534
535 575
535 586
535 542
535 573
536 553
536 539
537 537
537 594
537 543
537 571
538 586
538 556
538 542
538 573
538 575
539 553
539 539
539 558
540 557
540 547
540 540
541 541
541 570
542 556
542 542
542 573
542 586
543 581
543 583
543 595
543 567
543 543
544 571
544 544
544 554
544 549
545 580
545 590
545 600
545 545
545 565
546 546
547 577
547 547
547 555
547 557
548 593
548 548
549 549
549 571
549 554
550 550
550 582
550 580
550 590
550 600
551 551
551 589
552 552
552 587
553 581
554 554
554 597
554 579
555 557
555 577
556 556
556 575
556 586
558 566
558 558
559 578
560 582
560 599
561 562
562 562
563 579
563 563
563 569
564 564
565 580
565 565
566 566
567 581
567 567
567 595
569 576
570 574
571 571
572 572
572 593
573 575
573 586
574 574
575 586
575 575
576 597
576 579
579 587
579 597
579 579
580 590
580 600
581 581
581 583
582 599
583 595
585 585
585 587
589 589
590 590
592 594
594 594
597 597
598 598
599 599
600 600
