600 1899
1 126
1 1
1 388
1 295
1 196
1 70
1 378
2 2
2 216
2 499
2 310
2 261
2 391
2 140
2 405
2 218
3 543
3 16
3 367
3 127
3 123
3 133
3 197
4 257
4 249
4 265
4 4
4 301
4 118
5 391
5 290
5 545
5 526
5 226
5 393
6 40
6 336
6 120
6 582
6 286
6 418
6 473
7 497
7 60
7 7
7 230
7 22
8 135
8 128
8 93
8 383
8 248
8 225
8 232
8 368
9 481
9 127
9 16
9 83
9 44
9 509
10 170
10 528
10 439
10 548
10 352
10 66
10 511
11 25
11 278
11 250
11 581
11 52
11 532
11 185
11 376
12 332
12 258
12 596
12 520
12 345
12 215
13 311
13 472
13 587
13 477
13 55
13 269
13 276
13 565
13 583
13 365
13 247
14 136
14 77
14 295
14 463
14 209
14 334
14 239
15 62
15 158
15 15
15 520
15 592
15 51
16 145
16 402
16 435
16 335
17 192
17 521
17 273
17 326
17 327
17 555
17 570
18 444
18 80
18 331
18 183
18 143
18 413
18 571
18 215
19 434
19 140
19 558
19 264
19 433
20 20
20 234
20 78
20 46
21 42
21 35
21 580
21 79
21 57
21 407
21 410
21 64
21 321
21 388
22 156
22 236
22 143
22 198
22 549
23 522
23 227
23 23
23 358
23 304
23 81
23 370
23 307
24 404
24 250
24 24
24 333
24 153
25 569
25 250
25 387
25 385
25 543
26 584
26 29
26 43
26 65
26 202
26 439
27 409
27 46
27 449
27 433
27 78
28 559
28 129
28 274
28 91
28 148
28 317
28 107
29 525
29 528
29 32
29 312
29 43
29 338
30 521
30 273
30 469
30 78
30 539
31 524
31 31
31 45
31 167
31 219
32 43
32 272
32 511
32 327
33 141
33 406
33 59
33 323
33 149
34 115
34 343
34 35
34 580
34 443
34 169
34 369
35 144
35 410
35 140
35 501
36 132
36 540
36 145
36 572
36 399
36 423
36 318
37 391
37 530
37 293
37 155
37 374
37 434
37 84
38 231
38 119
38 495
38 510
38 225
38 378
39 148
39 134
39 295
39 455
39 250
40 178
40 349
40 134
40 163
40 87
41 513
41 75
41 586
41 228
41 364
41 490
42 414
42 442
42 64
42 229
42 273
43 525
43 88
43 594
44 166
44 437
44 566
44 62
44 100
44 339
44 420
45 414
45 523
45 400
45 424
45 211
45 125
45 510
46 399
46 508
46 54
47 154
47 394
47 91
47 476
47 460
47 253
48 281
48 48
48 543
48 251
48 229
49 276
49 403
49 532
49 387
49 198
49 462
50 437
50 291
50 176
50 492
50 141
50 208
50 409
51 546
51 265
51 324
51 358
51 214
51 386
52 86
52 377
52 287
52 534
52 200
52 485
53 268
53 406
53 158
53 438
53 178
54 252
54 162
54 78
54 320
54 551
54 570
55 351
55 288
55 325
55 488
55 474
56 277
56 533
56 568
56 92
56 227
56 74
56 320
56 367
57 227
57 370
57 352
57 99
58 390
58 152
58 464
58 329
58 146
59 403
59 406
59 158
59 556
59 113
60 65
60 430
60 176
60 271
60 233
61 529
61 437
61 171
61 561
61 298
61 578
62 247
62 529
62 286
62 578
62 122
62 119
63 180
63 526
63 380
63 560
63 500
63 597
63 439
63 336
64 169
64 407
64 119
64 369
64 171
64 130
65 525
65 84
65 483
65 366
66 393
66 272
66 483
66 103
66 179
67 279
67 366
67 88
67 310
67 487
67 199
68 414
68 363
68 327
68 144
68 558
68 79
68 208
69 136
69 418
69 108
69 455
69 214
69 463
69 473
70 441
70 435
70 495
70 297
70 586
70 450
71 404
71 185
71 315
71 278
71 324
71 229
72 269
72 565
72 356
72 583
72 600
72 344
72 365
72 247
72 204
73 263
73 531
73 422
73 533
73 391
73 591
74 277
74 392
74 263
74 106
74 395
74 101
75 318
75 494
75 75
75 228
75 588
76 319
76 515
76 382
76 76
77 336
77 77
77 587
78 545
78 547
78 570
78 226
79 327
79 410
79 437
79 502
80 130
80 275
80 571
80 426
81 576
81 227
81 522
81 331
81 291
82 323
82 197
82 95
82 487
82 535
83 359
83 335
83 112
83 123
84 259
84 170
84 186
85 520
85 460
85 176
85 142
85 92
86 528
86 131
86 429
86 444
87 263
87 134
87 473
87 176
87 509
88 266
88 539
88 345
89 589
89 357
89 219
89 524
89 255
89 100
89 260
90 516
90 324
90 479
90 577
90 387
90 550
91 421
91 199
91 563
92 401
92 146
92 422
92 579
93 135
93 519
93 470
93 448
94 456
94 248
94 449
94 355
94 471
95 191
95 593
95 220
95 563
96 562
96 599
96 585
96 113
96 167
97 139
97 193
97 589
97 211
97 498
98 111
98 478
98 425
98 307
98 167
99 263
99 531
99 277
99 457
99 210
100 193
100 100
100 352
101 591
101 216
101 429
101 164
102 599
102 181
102 413
102 275
102 506
102 113
103 144
103 294
103 169
103 115
103 265
104 524
104 400
104 574
104 523
104 489
105 555
105 428
105 105
105 201
105 381
106 264
106 361
106 316
106 190
106 582
106 351
106 239
107 537
107 346
107 535
107 499
108 136
108 455
108 463
108 163
109 235
109 153
109 185
109 598
109 160
109 518
110 146
110 287
110 222
110 262
110 180
111 393
111 545
111 364
111 348
112 499
112 514
112 593
112 412
113 130
113 303
114 395
114 589
114 524
114 121
114 226
114 406
115 201
115 327
115 189
115 501
115 252
116 454
116 275
116 413
116 331
116 151
116 473
117 150
117 432
117 310
117 464
117 555
118 516
118 118
118 481
119 371
119 138
119 537
120 480
120 134
120 190
120 582
120 334
120 157
121 401
121 244
121 574
121 256
122 561
122 578
122 245
122 448
122 378
123 137
123 340
123 219
123 125
123 533
123 412
124 155
124 544
124 235
124 443
124 562
125 395
125 524
125 412
125 318
126 353
126 388
126 549
126 196
126 198
127 212
127 127
128 470
128 383
128 504
128 228
128 287
129 394
129 590
129 484
129 175
129 271
129 253
130 416
130 596
131 241
131 131
131 459
131 288
131 174
131 200
131 474
132 330
132 136
132 305
132 132
132 540
132 165
132 173
132 224
132 490
132 496
133 300
133 367
133 386
133 310
133 471
134 467
134 453
134 420
134 455
135 275
135 204
135 363
135 396
135 157
135 493
135 446
136 351
136 213
136 463
137 574
137 419
137 244
137 582
138 143
138 388
138 231
138 350
138 397
138 337
139 524
139 357
139 340
139 421
139 589
140 398
140 140
141 141
141 285
141 335
141 150
142 551
142 520
142 408
142 142
142 460
142 208
143 218
143 388
143 555
143 411
143 435
143 449
144 414
144 343
144 259
145 356
145 454
145 494
145 540
145 308
145 466
146 263
146 328
146 401
146 533
147 363
147 461
147 527
147 272
147 280
148 242
148 352
148 467
148 515
148 379
149 293
149 316
149 297
149 390
149 266
149 425
150 538
150 168
150 158
150 360
151 263
151 392
151 306
151 314
151 315
152 207
152 279
152 390
152 322
152 424
152 556
152 366
153 480
153 172
153 600
153 229
154 348
154 184
154 597
154 554
154 282
155 391
155 443
155 398
155 516
155 558
156 342
156 411
156 156
156 265
157 373
157 223
157 470
157 345
158 513
158 179
158 552
158 168
158 427
159 275
159 159
159 194
159 499
159 161
160 328
160 475
160 359
160 160
160 566
161 512
161 571
161 181
161 247
161 454
162 167
162 162
162 258
162 548
162 299
162 175
162 326
163 401
163 531
163 422
163 595
163 313
163 314
163 309
164 466
164 226
164 164
164 358
164 222
164 377
165 544
165 207
165 572
165 409
166 255
166 437
166 475
166 492
166 245
166 491
167 372
167 247
167 541
167 178
167 564
167 330
167 472
167 356
167 365
167 502
168 417
168 552
168 399
168 438
168 358
169 343
169 252
169 320
169 442
169 363
170 527
170 525
170 172
170 186
170 511
170 463
170 573
171 244
171 452
171 551
171 339
171 475
171 497
172 584
172 387
172 320
173 447
173 297
173 305
173 198
173 207
174 193
174 174
174 537
174 421
175 273
175 555
175 299
175 237
175 430
175 200
175 516
176 291
176 298
176 492
176 350
176 179
176 278
177 180
177 464
177 266
177 279
177 309
178 541
178 564
178 587
178 202
178 502
179 430
179 520
179 309
180 290
180 512
180 362
180 184
181 369
181 194
181 237
181 522
181 599
181 546
182 431
182 293
182 182
182 395
182 188
183 413
183 599
183 454
183 408
184 575
184 451
184 255
184 569
185 543
185 278
185 195
186 560
186 209
186 395
186 257
187 423
187 546
187 265
187 577
187 487
188 261
188 264
188 188
188 216
188 365
188 272
189 274
189 535
189 590
189 242
189 317
189 489
190 295
190 190
190 336
191 268
191 427
191 513
191 360
192 407
192 192
192 343
192 432
193 400
193 211
194 303
194 444
194 493
194 585
195 515
195 352
195 304
195 505
195 222
196 411
196 549
196 453
196 337
196 236
197 402
197 386
197 351
197 471
198 397
198 255
199 590
199 484
199 488
200 288
200 287
201 294
201 343
201 501
201 453
201 369
201 283
201 567
202 276
202 502
202 372
202 234
203 361
203 332
203 578
203 286
203 580
204 389
204 204
204 468
204 474
205 591
205 392
205 401
205 422
205 284
206 393
206 526
206 575
206 362
206 323
206 396
207 563
207 423
208 492
208 408
208 241
209 548
209 447
209 525
209 280
209 338
209 482
210 530
210 405
210 541
210 330
210 221
210 477
211 523
211 419
211 287
212 407
212 550
212 335
212 318
213 269
213 418
213 316
213 334
213 351
213 433
214 556
214 459
214 325
214 486
214 379
215 412
215 291
215 408
215 486
216 293
216 398
217 436
217 458
217 552
217 323
217 316
217 360
218 293
218 499
218 264
218 235
219 395
219 316
219 310
220 597
220 402
220 550
220 322
220 367
221 269
221 311
221 344
221 347
222 262
222 474
222 229
222 241
223 514
223 385
223 504
223 592
224 341
224 318
224 284
224 527
225 561
225 396
225 407
225 246
226 429
227 270
227 440
227 350
228 341
228 398
228 491
229 563
229 376
230 289
230 421
230 446
230 476
231 397
231 411
231 456
232 514
232 468
232 389
232 548
232 504
233 415
233 430
233 460
233 395
233 500
234 273
234 453
234 497
234 507
235 530
235 431
235 264
236 435
236 426
236 465
237 562
237 571
237 341
237 397
238 257
238 301
238 302
238 479
238 585
239 351
239 473
239 579
240 267
240 366
240 266
240 310
240 483
240 402
241 400
241 518
241 377
242 319
242 498
242 505
242 445
242 249
242 593
243 518
243 262
243 557
243 485
243 561
244 524
244 395
245 566
245 452
245 283
246 385
246 468
246 345
246 265
247 564
248 440
248 420
248 573
248 515
249 362
249 459
249 479
249 379
250 574
250 387
251 368
251 470
251 251
252 294
252 580
252 448
253 313
253 476
253 426
254 260
254 412
254 309
254 415
254 441
255 578
255 336
256 583
256 280
256 471
256 481
256 489
257 358
257 354
257 486
258 374
258 320
258 458
258 428
258 404
259 525
259 439
259 266
260 415
260 296
260 408
260 291
261 431
261 544
261 515
261 405
261 532
262 505
262 503
262 325
262 376
262 488
263 306
263 401
263 568
263 445
263 328
264 558
264 391
264 333
264 405
264 544
264 348
264 460
265 301
265 546
265 302
265 486
266 329
266 565
266 425
267 464
267 307
267 267
268 538
268 553
268 408
269 311
270 300
270 352
270 304
270 296
270 382
270 301
270 324
271 590
271 535
271 576
271 274
272 527
272 439
272 447
273 547
274 590
274 274
275 331
275 303
275 413
275 585
275 596
276 344
276 477
277 306
277 500
277 422
277 568
278 387
278 376
278 581
279 390
279 556
279 526
279 432
280 280
281 465
281 552
281 462
281 395
281 308
281 490
282 533
282 534
282 322
282 567
282 449
283 517
283 384
283 478
283 292
284 423
284 586
284 572
284 427
284 540
285 319
285 438
285 353
285 593
286 541
286 529
286 339
286 495
286 551
286 452
286 332
287 288
287 485
288 515
288 506
288 474
289 484
289 421
289 394
289 361
290 342
290 554
290 553
290 451
291 520
292 538
292 441
292 536
292 522
292 390
293 499
293 391
293 479
294 414
294 296
294 547
294 577
295 555
295 418
295 544
296 415
296 306
296 430
296 482
297 423
297 491
298 298
298 482
298 388
299 521
299 320
299 477
300 595
300 522
300 576
301 516
302 546
302 516
302 518
303 444
303 585
303 530
304 558
304 319
304 506
304 440
305 578
305 586
305 469
305 308
306 591
306 308
306 445
306 487
307 380
307 424
308 531
308 496
309 408
309 492
309 460
310 566
310 464
311 372
311 510
311 349
311 502
312 312
312 350
312 505
312 547
313 394
313 421
313 563
314 392
314 445
314 429
314 457
314 355
315 443
315 522
315 387
315 531
315 462
315 377
317 537
317 489
317 457
318 496
318 466
318 539
319 501
319 522
319 370
321 554
321 436
321 575
321 364
322 399
322 534
322 409
322 507
323 513
324 339
324 450
324 379
325 334
325 399
325 557
326 542
326 555
326 574
326 425
327 442
327 407
327 409
327 594
327 329
328 568
328 531
329 434
329 539
330 564
330 541
330 344
331 416
331 562
331 454
331 596
332 551
332 563
333 530
333 405
333 544
333 591
334 455
335 335
335 559
337 549
337 378
337 491
337 347
338 528
338 447
338 575
339 563
339 361
340 574
340 523
340 581
340 357
341 494
341 496
341 554
341 557
342 393
342 436
342 545
343 407
344 541
344 415
344 413
345 389
345 396
345 438
346 535
346 537
346 590
346 457
347 471
347 347
348 393
348 380
348 575
349 564
349 583
349 472
350 515
350 576
350 417
352 422
352 599
353 403
353 427
353 592
353 424
354 598
354 379
354 516
354 514
355 399
355 567
355 579
355 375
355 600
356 472
356 583
357 395
357 410
358 507
359 472
359 563
359 566
360 438
360 419
361 452
361 475
362 560
362 575
363 407
363 414
364 569
364 512
364 426
364 483
365 565
365 429
366 432
367 550
368 417
368 396
368 448
369 442
370 440
370 371
371 532
371 598
371 543
371 418
372 565
372 474
373 559
373 470
373 504
373 557
374 453
374 542
374 396
375 433
375 579
375 384
375 485
376 543
376 574
377 518
378 397
380 597
380 512
380 579
381 542
381 570
381 521
381 442
382 522
382 382
383 445
383 570
383 514
383 559
383 504
384 384
384 494
385 559
385 599
385 389
386 451
386 592
386 508
386 593
387 571
387 600
388 411
389 506
389 541
389 559
389 468
390 500
391 398
392 465
392 531
392 503
392 416
393 553
394 488
394 460
395 524
395 419
396 506
398 499
398 530
398 598
399 508
400 524
400 469
401 533
401 591
402 526
403 513
403 406
404 438
404 581
404 462
404 517
405 431
407 410
408 521
408 412
409 517
409 567
410 501
410 542
411 522
411 549
413 416
414 580
415 596
416 571
416 585
417 427
417 538
418 473
419 523
419 483
420 536
420 534
420 567
421 488
422 457
424 424
424 448
425 500
426 426
426 563
426 441
427 503
428 524
428 458
428 477
429 518
429 503
430 460
430 504
431 434
431 543
431 443
431 548
432 432
433 508
433 534
433 567
433 579
434 558
435 565
435 441
435 494
436 554
436 575
436 451
437 551
438 552
440 498
442 510
443 530
444 523
444 598
445 465
446 521
446 476
446 484
447 528
447 594
447 584
449 534
449 536
449 456
450 450
450 479
451 554
452 561
452 526
453 469
454 596
455 464
456 517
456 527
457 531
457 595
457 548
457 465
457 534
458 521
458 469
458 471
459 516
459 577
459 539
461 515
461 467
461 461
462 487
462 598
465 591
466 540
466 586
467 576
467 498
468 506
468 536
469 542
469 470
470 514
470 519
475 529
475 491
475 497
476 561
477 583
477 568
478 517
478 534
478 536
479 516
480 589
480 532
480 598
481 585
481 534
482 568
482 520
483 584
484 537
485 593
486 507
487 493
488 489
490 586
490 572
492 525
493 550
493 593
495 510
495 556
495 535
496 580
497 561
497 551
498 546
499 582
503 577
505 576
506 519
507 577
508 573
509 509
509 550
510 536
511 548
511 573
512 526
512 572
513 538
513 553
514 519
515 564
517 536
519 519
520 594
521 547
522 522
523 580
523 574
524 589
525 594
526 545
526 562
527 594
527 588
528 584
529 575
531 595
531 554
533 568
538 592
539 581
540 586
540 587
541 565
542 570
542 583
545 569
549 572
551 575
553 592
557 600
560 569
560 560
561 566
563 563
564 583
564 587
565 583
567 579
568 595
569 597
573 573
576 576
577 588
587 587
588 588
