600 5338
1 485
1 579
1 419
1 196
1 97
1 285
1 454
1 1
1 186
1 142
1 76
1 475
1 410
1 85
1 405
1 290
1 162
1 428
1 558
1 64
1 322
1 92
2 474
2 598
2 101
2 459
2 2
2 88
2 134
2 596
2 126
2 203
2 99
2 492
2 61
2 507
2 6
2 14
2 401
2 67
2 464
2 371
2 436
3 29
3 388
3 539
3 198
3 182
3 314
3 110
3 77
3 597
3 425
3 94
3 259
3 278
3 271
3 497
3 22
3 292
3 305
3 209
3 141
4 573
4 432
4 505
4 476
4 173
4 578
4 509
4 435
4 379
4 51
4 115
4 253
4 4
4 89
4 518
4 138
4 156
4 427
4 452
4 404
4 575
5 105
5 16
5 343
5 179
5 251
5 217
5 109
5 564
5 171
5 341
5 567
5 333
5 359
5 309
5 484
5 575
5 580
5 215
6 281
6 134
6 239
6 99
6 459
6 390
6 61
6 371
6 457
6 449
6 6
6 596
6 569
6 14
6 67
6 582
6 464
6 598
6 88
6 492
6 126
7 410
7 362
7 337
7 252
7 308
7 323
7 10
7 89
7 237
7 366
7 360
7 267
7 84
7 291
7 79
7 8
7 212
7 367
8 138
8 43
8 367
8 220
8 291
8 212
8 10
8 308
8 267
8 360
8 183
8 35
8 236
8 595
8 89
8 280
9 385
9 446
9 244
9 125
9 48
9 62
9 87
9 470
9 170
9 312
9 538
9 362
9 420
9 9
9 543
9 550
9 552
9 561
9 218
9 98
9 246
10 366
10 45
10 337
10 212
10 594
10 323
10 482
10 183
10 548
10 220
10 346
10 84
10 156
10 291
10 308
11 132
11 265
11 317
11 311
11 227
11 489
11 434
11 377
11 127
11 313
11 19
11 310
11 225
11 175
11 141
11 411
11 563
11 576
11 462
11 469
12 394
12 75
12 273
12 460
12 180
12 528
12 276
12 283
12 587
12 422
12 331
12 466
12 197
12 506
12 82
12 144
12 23
12 31
12 445
12 352
13 395
13 396
13 525
13 37
13 450
13 111
13 532
13 114
13 13
13 527
13 551
13 293
13 421
13 579
13 403
13 29
13 59
14 390
14 412
14 14
14 371
14 203
14 457
14 88
14 126
14 61
14 449
14 99
14 446
14 67
15 564
15 488
15 359
15 179
15 575
15 436
15 109
15 171
15 15
15 343
15 580
15 309
15 25
15 336
15 56
15 455
15 215
16 200
16 567
16 25
16 39
16 296
16 171
16 109
16 359
16 215
16 56
16 488
16 251
16 575
16 186
16 179
16 436
16 309
17 387
17 260
17 262
17 400
17 444
17 467
17 593
17 502
17 515
17 163
17 592
17 566
17 339
17 554
17 251
17 327
18 118
18 247
18 440
18 174
18 584
18 240
18 559
18 431
18 572
18 213
18 474
18 302
18 478
18 46
18 268
18 351
18 498
19 313
19 50
19 211
19 311
19 434
19 489
19 175
19 225
19 462
19 265
19 127
19 227
19 576
19 477
19 310
19 317
19 517
20 166
20 274
20 404
20 357
20 541
20 369
20 307
20 355
20 451
20 263
20 199
20 214
20 361
20 330
20 577
20 152
20 416
20 60
20 480
21 257
21 172
21 589
21 288
21 568
21 363
21 128
21 381
21 591
21 177
21 103
21 287
21 246
21 414
21 228
21 279
21 33
21 300
21 562
21 82
22 216
22 259
22 278
22 22
22 30
22 305
22 539
22 271
22 110
22 599
22 77
22 83
22 362
22 157
22 292
22 314
22 209
22 597
22 530
23 394
23 144
23 273
23 276
23 151
23 524
23 180
23 528
23 31
23 422
23 587
23 493
23 506
23 334
23 283
23 445
23 461
23 527
23 282
24 259
24 271
24 278
24 24
24 198
24 157
24 388
24 571
24 209
24 539
24 83
24 182
24 314
24 357
24 77
24 110
25 257
25 214
25 341
25 215
25 564
25 217
25 251
25 179
25 56
25 567
25 575
25 25
25 39
25 171
25 580
25 333
26 285
26 386
26 518
26 138
26 573
26 427
26 51
26 245
26 432
26 435
26 26
26 452
26 173
26 259
26 102
26 115
26 126
27 130
27 402
27 393
27 178
27 581
27 43
27 303
27 268
27 66
27 27
27 193
27 100
27 40
27 185
27 433
27 55
28 280
28 58
28 255
28 533
28 531
28 500
28 113
28 453
28 71
28 304
28 556
28 284
28 472
28 63
28 469
28 169
28 202
28 86
28 365
28 378
28 256
28 67
29 395
29 396
29 525
29 527
29 149
29 532
29 188
29 588
29 52
29 29
29 114
29 37
29 293
29 551
29 560
29 59
29 111
29 125
30 271
30 157
30 278
30 314
30 388
30 209
30 571
30 249
30 259
30 198
30 110
30 597
30 425
30 279
30 305
30 77
30 94
31 524
31 273
31 528
31 587
31 151
31 461
31 394
31 352
31 144
31 445
31 506
31 180
31 533
31 460
31 75
31 466
31 493
31 501
31 176
32 257
32 159
32 287
32 32
32 57
32 477
32 568
32 591
32 103
32 300
32 120
32 562
32 128
32 125
32 172
32 177
32 82
32 381
33 490
33 257
33 279
33 414
33 300
33 287
33 381
33 57
33 477
33 159
33 591
33 589
33 128
33 139
33 172
33 568
33 82
34 513
34 282
34 72
34 147
34 204
34 207
34 242
34 318
34 38
34 364
34 424
34 299
34 104
34 234
34 448
34 553
34 208
34 344
34 226
35 53
35 45
35 267
35 366
35 84
35 236
35 367
35 323
35 291
35 360
35 337
35 212
35 89
35 385
35 183
35 594
35 482
35 237
36 454
36 516
36 407
36 289
36 418
36 503
36 481
36 224
36 229
36 206
36 187
36 319
36 458
36 117
36 135
36 349
36 93
36 479
37 395
37 396
37 403
37 149
37 421
37 588
37 532
37 551
37 114
37 525
37 450
37 383
37 567
37 294
37 52
37 59
37 219
37 131
37 319
37 278
37 431
37 568
38 513
38 147
38 282
38 424
38 242
38 364
38 232
38 234
38 318
38 344
38 299
38 226
38 207
38 452
38 553
38 204
38 463
38 228
39 215
39 56
39 343
39 564
39 455
39 217
39 171
39 575
39 296
39 359
39 333
39 567
39 104
39 309
39 488
40 268
40 398
40 529
40 406
40 415
40 221
40 393
40 154
40 248
40 193
40 130
40 55
40 433
40 211
40 43
40 66
40 581
40 148
41 151
41 75
41 129
41 514
41 137
41 266
41 399
41 254
41 146
41 79
41 368
41 123
41 491
41 375
41 155
41 42
41 496
41 355
42 514
42 133
42 137
42 399
42 146
42 501
42 42
42 496
42 108
42 350
42 368
42 348
42 170
42 79
42 336
42 469
42 358
42 491
42 123
42 380
43 393
43 268
43 529
43 145
43 402
43 406
43 154
43 100
43 433
43 178
43 130
43 193
43 303
43 221
43 248
44 521
44 164
44 223
44 374
44 158
44 508
44 507
44 316
44 258
44 148
44 329
44 216
44 442
44 91
44 111
44 315
44 447
44 210
44 483
45 219
45 291
45 548
45 594
45 308
45 220
45 252
45 84
45 237
45 89
45 236
45 267
45 414
45 337
45 212
45 346
45 482
46 431
46 174
46 46
46 474
46 240
46 572
46 584
46 600
46 302
46 498
46 565
46 440
46 576
46 54
46 205
46 465
46 213
46 247
46 217
47 522
47 150
47 264
47 404
47 416
47 417
47 426
47 152
47 499
47 274
47 330
47 369
47 214
47 361
47 106
48 160
48 420
48 552
48 62
48 170
48 48
48 244
48 161
48 543
48 312
48 550
48 362
48 566
48 306
48 570
48 470
48 57
49 519
49 263
49 264
49 404
49 416
49 417
49 423
49 152
49 199
49 451
49 480
49 49
49 330
49 272
49 60
49 357
49 361
49 343
50 132
50 411
50 175
50 310
50 225
50 243
50 317
50 227
50 311
50 377
50 563
50 211
50 462
50 198
50 576
50 595
50 368
51 576
51 186
51 518
51 138
51 435
51 51
51 432
51 583
51 194
51 102
51 505
51 207
51 573
51 115
52 395
52 525
52 527
52 532
52 149
52 545
52 294
52 560
52 188
52 396
52 59
52 403
52 394
52 111
53 197
53 111
53 234
53 269
53 530
53 281
53 286
53 165
53 167
53 298
53 190
53 471
53 384
53 408
53 324
53 74
54 302
54 474
54 559
54 347
54 431
54 565
54 478
54 247
54 205
54 213
54 465
54 498
54 440
54 121
54 572
54 351
54 240
54 119
55 393
55 268
55 398
55 145
55 154
55 415
55 433
55 248
55 406
55 66
55 303
55 382
55 185
55 193
55 581
55 221
55 112
56 456
56 296
56 179
56 564
56 309
56 488
56 217
56 455
56 341
56 343
56 266
56 575
56 580
56 215
57 218
57 324
57 257
57 279
57 159
57 287
57 288
57 177
57 477
57 568
57 128
57 414
57 589
57 591
57 82
57 103
58 383
58 531
58 169
58 556
58 63
58 71
58 256
58 113
58 301
58 86
58 284
58 58
58 524
58 577
58 472
58 365
59 551
59 395
59 294
59 560
59 588
59 114
59 545
59 532
59 219
59 396
59 429
59 199
60 263
60 423
60 361
60 264
60 451
60 416
60 357
60 214
60 152
60 541
60 330
60 199
60 281
60 480
61 382
61 467
61 390
61 126
61 134
61 67
61 459
61 598
61 203
61 596
61 239
61 451
61 582
61 457
61 464
61 233
61 492
61 371
62 385
62 538
62 543
62 160
62 420
62 550
62 552
62 170
62 561
62 570
62 244
62 98
62 219
62 65
62 87
62 218
63 533
63 153
63 284
63 255
63 63
63 169
63 301
63 378
63 113
63 453
63 472
63 317
63 488
64 405
64 410
64 155
64 542
64 419
64 92
64 558
64 196
64 485
64 162
64 76
64 64
64 75
64 322
64 579
64 454
64 475
64 97
65 385
65 538
65 543
65 160
65 161
65 550
65 306
65 570
65 125
65 170
65 218
65 244
65 446
65 109
65 98
65 362
65 346
66 268
66 398
66 145
66 406
66 529
66 154
66 402
66 303
66 248
66 393
66 382
66 81
66 100
67 134
67 412
67 449
67 233
67 582
67 401
67 99
67 126
67 459
67 596
67 457
67 203
67 464
67 88
68 466
68 85
68 387
68 163
68 430
68 566
68 502
68 339
68 68
68 554
68 124
68 327
68 592
68 340
68 90
68 353
68 116
69 131
69 270
69 549
69 184
69 574
69 191
69 320
69 69
69 335
69 429
69 356
69 80
69 328
69 361
69 334
69 96
69 372
69 446
69 230
70 130
70 136
70 176
70 448
70 325
70 261
70 438
70 85
70 504
70 70
70 106
70 332
70 326
70 554
70 376
71 280
71 169
71 301
71 304
71 378
71 86
71 533
71 577
71 256
71 113
71 284
71 531
71 508
71 202
71 222
71 500
71 255
72 513
72 364
72 424
72 487
72 147
72 208
72 282
72 242
72 318
72 228
72 204
72 118
72 553
72 230
72 463
72 207
72 344
72 226
72 232
72 234
73 517
73 135
73 391
73 522
73 535
73 537
73 297
73 520
73 185
73 456
73 141
73 546
73 272
73 181
73 151
73 511
74 137
74 389
74 139
74 530
74 286
74 165
74 281
74 298
74 140
74 324
74 536
74 408
74 190
74 127
74 494
75 524
75 528
75 151
75 180
75 460
75 466
75 75
75 352
75 331
75 121
75 493
75 506
76 441
76 142
76 405
76 290
76 579
76 454
76 76
76 322
76 419
76 397
76 285
76 139
76 250
77 292
77 425
77 305
77 571
77 198
77 110
77 83
77 597
77 259
77 539
77 229
77 94
77 88
78 329
78 515
78 262
78 430
78 387
78 339
78 353
78 260
78 78
78 566
78 554
78 400
78 512
78 412
78 592
78 90
79 322
79 137
79 266
79 146
79 129
79 133
79 79
79 123
79 399
79 514
79 358
79 190
79 469
79 342
79 497
80 549
80 429
80 574
80 191
80 328
80 585
80 201
80 321
80 473
80 373
80 320
80 484
80 80
80 96
81 136
81 143
81 413
81 448
81 325
81 326
81 510
81 238
81 438
81 261
81 275
81 376
81 409
81 424
81 85
81 490
81 107
82 289
82 279
82 159
82 288
82 172
82 562
82 589
82 591
82 363
82 484
82 103
82 246
83 271
83 278
83 292
83 305
83 182
83 571
83 198
83 209
83 388
83 110
83 249
83 204
83 597
84 183
84 594
84 367
84 337
84 84
84 308
84 212
84 89
84 236
84 283
84 346
84 482
84 360
85 204
85 261
85 523
85 409
85 438
85 326
85 448
85 275
85 107
85 376
85 332
85 490
85 106
85 238
85 497
85 510
85 412
86 531
86 533
86 280
86 153
86 577
86 256
86 500
86 222
86 453
86 86
86 133
86 378
87 331
87 385
87 538
87 543
87 161
87 420
87 170
87 312
87 470
87 362
87 446
87 561
87 315
88 254
88 134
88 390
88 582
88 457
88 598
88 233
88 492
88 412
88 596
88 99
88 101
88 371
89 532
89 291
89 548
89 183
89 346
89 267
89 337
89 252
89 576
89 360
89 236
89 366
89 367
90 515
90 262
90 400
90 163
90 444
90 593
90 592
90 116
90 90
90 95
90 353
90 254
91 258
91 521
91 148
91 164
91 555
91 442
91 315
91 316
91 210
91 91
91 295
91 216
91 587
92 513
92 397
92 155
92 162
92 558
92 542
92 250
92 428
92 196
92 419
92 579
92 97
92 343
92 271
93 516
93 540
93 418
93 437
93 439
93 189
93 319
93 345
93 479
93 206
93 586
93 407
93 458
93 173
93 224
93 229
93 495
94 211
94 437
94 261
94 259
94 278
94 157
94 292
94 198
94 209
94 182
94 314
94 302
94 249
95 387
95 260
95 515
95 400
95 163
95 566
95 554
95 327
95 339
95 512
95 124
95 444
95 502
95 331
95 353
95 304
96 131
96 392
96 429
96 569
96 320
96 334
96 372
96 321
96 184
96 585
96 356
96 201
96 482
96 484
97 142
97 155
97 285
97 428
97 558
97 186
97 454
97 419
97 196
97 475
97 290
97 486
97 485
98 160
98 420
98 552
98 170
98 306
98 312
98 470
98 244
98 570
98 543
98 98
98 125
99 352
99 390
99 401
99 449
99 582
99 457
99 459
99 239
99 371
99 225
99 492
99 126
100 130
100 393
100 154
100 433
100 178
100 193
100 581
100 382
100 100
100 221
100 531
100 248
100 447
101 450
101 390
101 401
101 412
101 582
101 134
101 371
101 449
101 596
101 203
101 101
101 263
101 233
101 492
101 239
102 386
102 156
102 427
102 173
102 443
102 583
102 476
102 578
102 452
102 102
102 518
102 313
103 257
103 300
103 562
103 589
103 477
103 414
103 591
103 363
103 381
103 120
103 329
104 513
104 147
104 282
104 424
104 553
104 207
104 122
104 232
104 344
104 104
104 118
104 208
104 540
104 234
104 364
105 302
105 559
105 174
105 572
105 205
105 600
105 347
105 351
105 240
105 241
105 474
105 105
105 440
105 498
106 136
106 523
106 409
106 413
106 325
106 332
106 504
106 497
106 376
106 261
106 230
106 143
106 447
106 510
106 512
106 153
107 136
107 523
107 143
107 275
107 409
107 176
107 504
107 497
107 238
107 448
107 510
107 376
107 160
108 514
108 133
108 137
108 399
108 146
108 469
108 342
108 348
108 491
108 496
108 375
108 254
108 336
108 378
108 380
108 415
109 332
109 296
109 171
109 179
109 436
109 309
109 567
109 580
109 341
109 217
109 261
110 259
110 388
110 271
110 278
110 182
110 571
110 292
110 599
110 204
111 396
111 527
111 403
111 532
111 149
111 421
111 293
111 294
111 560
111 551
111 114
111 508
112 140
112 269
112 165
112 494
112 389
112 167
112 408
112 112
112 471
112 298
112 340
112 286
112 139
112 252
113 287
113 531
113 533
113 280
113 284
113 556
113 304
113 222
113 365
113 255
113 376
113 378
114 395
114 396
114 532
114 149
114 545
114 551
114 560
114 188
114 450
114 588
115 161
115 156
115 173
115 578
115 476
115 509
115 427
115 452
115 253
115 194
115 115
116 392
116 387
116 400
116 430
116 444
116 592
116 339
116 353
116 502
116 163
116 124
116 566
116 240
116 401
117 516
117 407
117 540
117 289
117 418
117 437
117 439
117 189
117 349
117 479
117 586
117 319
117 495
117 279
117 503
117 264
118 147
118 282
118 299
118 318
118 226
118 228
118 487
118 364
118 513
118 122
118 242
118 424
119 545
119 302
119 174
119 565
119 478
119 240
119 498
119 213
119 600
119 347
119 474
119 205
119 440
119 473
120 144
120 599
120 547
120 257
120 279
120 414
120 287
120 177
120 568
120 589
120 591
120 300
120 204
121 524
121 144
121 273
121 422
121 180
121 445
121 197
121 461
121 331
121 466
121 352
121 493
121 151
121 578
122 147
122 424
122 553
122 463
122 344
122 226
122 228
122 487
122 232
122 122
122 242
122 323
122 561
122 427
122 260
123 399
123 336
123 358
123 342
123 266
123 137
123 350
123 129
123 348
123 375
123 133
123 395
123 380
123 408
124 438
124 537
124 260
124 262
124 400
124 353
124 124
124 512
124 566
124 554
124 261
125 558
125 385
125 538
125 160
125 420
125 552
125 170
125 312
125 446
125 570
125 561
126 412
126 449
126 233
126 239
126 464
126 401
126 126
127 265
127 411
127 434
127 563
127 313
127 576
127 200
127 462
127 225
127 489
127 243
127 127
127 479
128 287
128 177
128 562
128 591
128 363
128 381
128 568
128 246
128 257
128 128
129 342
129 514
129 380
129 496
129 469
129 254
129 358
129 146
129 266
129 348
129 501
129 129
129 413
129 350
129 368
129 406
130 468
130 581
130 398
130 393
130 529
130 415
130 145
130 221
130 130
130 382
130 303
130 268
130 154
130 178
131 321
131 338
131 201
131 131
131 372
131 320
131 484
131 473
131 549
131 335
131 270
131 569
131 574
131 585
131 373
132 317
132 211
132 200
132 265
132 576
132 441
132 595
132 377
132 227
132 311
132 411
132 225
132 229
132 175
132 434
132 563
132 489
132 243
132 171
133 342
133 146
133 348
133 491
133 375
133 254
133 469
133 133
133 496
133 350
133 368
133 363
133 399
133 380
133 215
134 170
134 494
134 378
134 412
134 371
134 459
134 134
134 596
134 492
134 512
134 390
134 464
134 598
134 309
135 553
135 385
135 517
135 486
135 297
135 141
135 557
135 535
135 272
135 185
135 168
135 195
135 530
135 547
135 181
136 394
136 242
136 261
136 230
136 510
136 275
136 238
136 326
136 413
136 448
136 260
136 438
136 504
136 497
137 514
137 254
137 358
137 375
137 348
137 501
137 350
137 496
137 336
137 399
137 146
137 491
138 386
138 518
138 194
138 379
138 443
138 432
138 156
138 583
138 573
138 509
138 253
138 427
138 173
138 578
138 452
138 476
138 533
139 471
139 192
139 298
139 494
139 370
139 340
139 190
139 389
139 139
139 536
139 534
139 166
139 140
139 167
139 384
140 389
140 281
140 530
140 471
140 536
140 192
140 167
140 140
140 298
140 408
140 286
140 280
140 534
140 150
140 165
140 340
140 370
141 520
141 546
141 519
141 297
141 517
141 272
141 456
141 391
141 511
141 526
141 547
141 195
141 544
141 168
141 181
142 424
142 397
142 485
142 419
142 405
142 542
142 285
142 558
142 579
142 186
142 155
142 584
142 162
142 428
142 322
142 454
142 481
143 261
143 523
143 448
143 143
143 504
143 497
143 238
143 409
143 325
143 438
143 490
143 533
143 413
143 176
144 394
144 524
144 445
144 493
144 528
144 587
144 506
144 197
144 276
144 461
144 422
144 151
144 283
144 466
144 555
144 236
145 268
145 398
145 402
145 406
145 415
145 193
145 154
145 382
145 581
145 178
145 356
145 221
146 501
146 491
146 514
146 266
146 368
146 348
146 336
146 375
146 251
146 380
146 157
147 513
147 228
147 232
147 242
147 344
147 226
147 487
147 204
147 318
147 282
147 320
147 463
147 160
148 258
148 329
148 507
148 555
148 235
148 158
148 316
148 521
148 216
148 166
148 295
148 164
148 374
148 442
148 590
148 483
149 403
149 450
149 421
149 396
149 219
149 527
149 545
149 383
149 188
149 290
149 293
149 294
149 560
150 182
150 389
150 286
150 190
150 370
150 324
150 471
150 298
150 534
150 281
150 408
150 530
150 340
150 165
150 192
150 384
151 394
151 524
151 276
151 506
151 197
151 151
151 493
151 528
151 466
151 460
151 422
152 232
152 373
152 375
152 370
152 337
152 598
152 263
152 264
152 274
152 426
152 423
152 480
152 541
152 352
152 307
152 451
152 330
152 355
153 588
153 533
153 284
153 301
153 378
153 153
153 472
153 577
153 202
153 531
153 304
153 169
153 453
153 500
154 162
154 503
154 393
154 529
154 581
154 248
154 398
154 433
154 382
154 167
154 303
154 178
154 468
155 410
155 322
155 475
155 579
155 419
155 397
155 290
155 428
155 485
155 542
155 421
155 285
155 558
155 454
156 386
156 379
156 443
156 245
156 452
156 509
156 432
156 435
156 505
156 156
156 427
156 173
156 573
157 259
157 278
157 539
157 157
157 425
157 305
157 314
157 599
157 209
157 292
157 182
157 571
157 249
158 521
158 315
158 164
158 329
158 158
158 235
158 447
158 216
158 295
158 508
158 316
158 223
158 548
158 166
158 555
158 442
158 507
159 226
159 414
159 300
159 246
159 562
159 589
159 257
159 477
159 363
159 288
159 591
159 415
159 172
159 568
159 381
160 385
160 538
160 543
160 561
160 570
160 244
160 306
160 170
160 470
160 161
160 312
160 446
160 218
160 314
161 276
161 385
161 550
161 552
161 244
161 362
161 161
161 543
161 170
161 538
161 420
161 570
161 446
161 218
162 225
162 397
162 285
162 290
162 419
162 410
162 186
162 196
162 405
162 322
162 428
162 558
162 454
163 260
163 387
163 339
163 512
163 566
163 467
163 353
163 593
163 400
163 262
163 301
163 554
163 430
164 521
164 507
164 447
164 316
164 166
164 216
164 374
164 329
164 295
164 235
164 520
164 223
164 508
165 516
165 305
165 269
165 530
165 534
165 408
165 286
165 384
165 165
165 167
165 190
165 340
166 258
166 223
166 210
166 315
166 329
166 555
166 507
166 235
166 590
166 447
166 216
166 295
166 442
166 316
167 389
167 530
167 534
167 408
167 167
167 190
167 471
167 384
167 180
167 192
167 324
168 209
168 517
168 519
168 520
168 391
168 522
168 535
168 544
168 546
168 297
168 526
168 185
168 258
168 557
169 531
169 284
169 533
169 453
169 378
169 256
169 255
169 556
169 169
169 529
169 577
169 202
169 472
170 385
170 543
170 550
170 552
170 244
170 306
170 538
170 312
170 570
170 446
170 470
170 218
170 350
170 449
171 343
171 359
171 567
171 171
171 333
171 296
171 580
171 341
172 287
172 288
172 257
172 246
172 414
172 177
172 381
172 477
172 363
172 497
172 568
173 432
173 476
173 427
173 173
173 509
173 578
173 399
173 435
173 443
173 245
173 505
173 417
174 431
174 465
174 440
174 478
174 347
174 302
174 584
174 572
174 498
174 474
174 307
174 565
174 213
174 600
174 351
174 240
175 265
175 411
175 225
175 377
175 317
175 310
175 175
175 441
175 243
175 294
175 563
175 200
175 211
175 227
176 261
176 275
176 409
176 413
176 490
176 332
176 176
176 438
176 497
176 325
176 504
176 376
176 510
176 255
177 380
177 288
177 177
177 568
177 381
177 414
177 257
177 397
177 562
177 591
177 246
178 268
178 398
178 402
178 406
178 303
178 415
178 468
178 248
178 411
179 557
179 215
179 580
179 341
179 567
179 359
179 217
179 179
179 436
179 575
179 455
179 333
180 524
180 460
180 445
180 273
180 352
180 461
180 331
180 587
180 180
180 493
181 468
181 517
181 520
181 391
181 526
181 277
181 535
181 297
181 456
181 185
181 486
181 522
181 264
182 259
182 388
182 539
182 425
182 305
182 314
182 599
182 271
182 209
182 571
183 483
183 267
183 291
183 366
183 367
183 337
183 346
183 236
183 548
183 408
183 323
183 212
183 220
183 482
183 360
183 237
184 392
184 549
184 574
184 201
184 585
184 184
184 328
184 373
184 321
184 372
184 356
184 335
184 239
184 569
184 334
184 338
184 473
184 475
185 517
185 519
185 391
185 522
185 526
185 537
185 544
185 547
185 546
185 209
185 195
185 340
186 397
186 290
186 419
186 428
186 186
186 196
186 285
186 485
186 322
186 250
187 407
187 540
187 437
187 349
187 319
187 458
187 224
187 481
187 503
187 289
187 418
187 439
187 345
187 556
187 206
188 396
188 545
188 293
188 551
188 532
188 383
188 450
188 588
188 294
188 403
188 416
188 584
189 516
189 495
189 437
189 206
189 458
189 586
189 418
189 503
189 224
189 231
189 407
189 439
189 333
189 345
189 297
190 269
190 530
190 286
190 298
190 370
190 281
190 324
190 534
190 348
190 192
190 384
191 392
191 270
191 549
191 429
191 574
191 334
191 321
191 373
191 328
191 338
191 201
191 356
191 598
191 335
191 372
192 269
192 534
192 536
192 281
192 192
192 530
192 494
192 389
192 290
193 393
193 398
193 529
193 402
193 415
193 268
193 433
193 221
193 315
193 581
193 590
194 386
194 518
194 432
194 443
194 573
194 379
194 578
194 583
194 435
194 427
194 194
194 276
194 452
194 476
194 253
194 220
195 517
195 519
195 391
195 522
195 526
195 277
195 535
195 544
195 520
195 547
195 546
195 555
195 486
195 511
195 360
196 397
196 405
196 410
196 285
196 290
196 419
196 558
196 485
196 579
196 196
196 250
196 540
197 394
197 524
197 528
197 276
197 283
197 422
197 197
197 493
197 461
197 587
197 460
197 466
198 388
198 271
198 539
198 305
198 314
198 571
198 249
198 278
198 473
198 209
198 597
198 599
199 263
199 264
199 423
199 451
199 355
199 480
199 199
199 499
199 214
199 416
200 265
200 411
200 563
200 310
200 576
200 462
200 200
200 434
200 311
200 225
201 421
201 392
201 270
201 549
201 569
201 574
201 585
201 328
201 201
201 598
201 338
201 473
201 484
201 397
202 363
202 284
202 202
202 472
202 577
202 500
202 533
202 531
202 301
202 260
202 222
202 255
202 256
203 258
203 390
203 401
203 412
203 582
203 459
203 203
203 457
203 492
203 562
204 560
204 282
204 424
204 553
204 318
204 364
204 242
204 463
204 232
204 228
204 207
204 487
205 559
205 565
205 440
205 465
205 431
205 572
205 241
205 498
205 351
205 347
205 600
205 237
205 213
205 478
206 418
206 439
206 319
206 516
206 586
206 437
206 345
206 289
206 458
206 481
206 206
206 479
206 548
207 282
207 208
207 424
207 299
207 344
207 318
207 242
207 513
207 487
207 420
207 226
207 228
207 232
208 513
208 553
208 299
208 318
208 344
208 242
208 232
208 228
208 487
208 463
208 208
208 590
208 234
209 271
209 278
209 292
209 597
209 249
209 539
210 258
210 521
210 442
210 329
210 374
210 354
210 295
210 223
210 235
210 210
210 236
210 483
210 508
211 265
211 313
211 462
211 211
211 441
211 225
211 243
211 563
211 411
211 227
211 460
212 486
212 267
212 291
212 548
212 323
212 237
212 308
212 220
212 350
212 233
212 426
213 431
213 565
213 572
213 465
213 474
213 600
213 347
213 241
213 213
213 351
214 274
214 541
214 416
214 426
214 307
214 361
214 423
214 417
214 404
214 480
214 369
214 499
215 455
215 215
215 333
215 341
215 309
215 251
215 217
216 485
216 258
216 521
216 555
216 590
216 329
216 316
216 315
216 508
216 354
216 483
216 507
216 596
217 395
217 224
217 564
217 436
217 455
217 580
217 343
218 420
218 550
218 552
218 561
218 312
218 470
218 306
218 543
218 362
219 395
219 532
219 545
219 421
219 551
219 560
219 450
219 219
219 525
219 396
219 365
220 267
220 337
220 360
220 548
220 482
220 252
220 236
220 291
220 323
221 268
221 398
221 529
221 406
221 303
221 433
221 468
221 248
221 239
222 533
222 280
222 284
222 556
222 301
222 453
222 472
222 378
222 222
222 299
222 365
222 256
223 521
223 315
223 590
223 235
223 483
223 374
223 508
223 354
223 329
223 455
223 507
224 289
224 418
224 437
224 345
224 479
224 458
224 231
224 516
224 481
224 349
224 495
225 265
225 563
225 310
225 313
225 462
225 595
225 592
226 513
226 424
226 299
226 318
226 228
226 463
226 232
226 234
226 465
226 284
227 411
227 310
227 311
227 313
227 317
227 576
227 595
227 462
227 520
227 489
227 243
227 413
228 513
228 282
228 424
228 463
228 344
228 587
228 487
228 242
229 516
229 407
229 586
229 479
229 437
229 458
229 345
229 349
229 418
229 503
229 540
229 314
229 231
229 565
230 523
230 409
230 438
230 448
230 332
230 490
230 275
230 230
230 238
230 504
230 497
230 510
231 516
231 540
231 418
231 437
231 439
231 319
231 458
231 345
231 407
231 481
231 495
231 383
231 503
232 513
232 424
232 318
232 463
232 364
232 242
232 234
232 235
233 390
233 412
233 582
233 457
233 459
233 464
233 449
233 596
233 401
233 492
233 239
234 513
234 553
234 344
234 364
234 299
234 463
234 318
234 381
235 258
235 295
235 315
235 447
235 329
235 354
235 235
236 552
236 337
236 594
236 346
236 291
236 323
237 267
237 548
237 337
237 594
237 360
237 291
237 252
237 237
238 261
238 523
238 275
238 413
238 326
238 490
238 504
238 497
238 453
238 376
238 580
239 294
239 432
239 457
239 464
239 596
239 449
239 414
240 431
240 565
240 584
240 347
240 247
240 478
240 474
240 241
240 369
241 326
241 302
241 465
241 474
241 559
241 351
241 247
241 584
241 431
241 498
241 273
242 377
242 424
242 463
242 487
242 364
242 245
242 393
243 265
243 434
243 563
243 462
243 595
243 489
243 310
243 377
243 359
244 385
244 538
244 552
244 561
244 362
244 244
245 427
245 443
245 476
245 253
245 245
245 518
245 379
245 432
245 452
245 435
245 384
246 473
246 279
246 287
246 300
246 363
246 246
246 589
246 288
246 381
247 559
247 565
247 572
247 465
247 600
247 478
247 498
247 302
247 347
247 252
247 564
248 505
248 268
248 529
248 415
248 303
248 402
248 494
248 382
249 259
249 278
249 571
249 597
249 599
249 539
249 388
249 271
249 417
250 397
250 405
250 542
250 428
250 322
250 475
250 250
250 290
250 579
250 554
250 583
251 434
251 529
251 277
251 296
251 567
251 580
251 488
251 251
252 291
252 548
252 308
252 323
252 594
252 346
252 366
252 367
253 334
253 386
253 518
253 432
253 573
253 583
253 379
253 427
253 578
253 474
254 290
254 399
254 469
254 342
254 350
254 491
254 496
254 501
254 336
255 533
255 280
255 304
255 284
255 453
255 577
255 378
255 531
256 577
256 472
256 378
256 256
256 284
256 500
256 323
257 288
257 589
257 414
257 591
257 279
257 257
257 568
257 363
258 521
258 483
258 258
258 329
258 295
258 447
258 315
258 555
258 442
258 508
259 599
259 271
259 292
259 305
259 278
259 425
259 564
259 388
259 539
259 314
259 571
260 387
260 515
260 353
260 502
260 339
260 444
260 400
260 327
260 430
260 593
261 261
261 413
261 332
261 275
261 376
261 448
261 523
261 325
261 326
261 409
261 490
262 339
262 554
262 467
262 593
262 502
262 430
262 327
262 400
262 592
262 566
262 298
263 523
263 499
263 307
263 404
263 355
263 330
263 274
263 264
263 369
263 368
263 416
264 357
264 404
264 307
264 426
264 417
264 330
264 355
264 361
264 423
264 480
265 377
265 462
265 563
265 576
265 489
265 265
265 434
265 441
266 335
266 496
266 501
266 375
266 342
266 266
266 491
266 350
266 380
266 469
266 578
266 336
266 348
266 368
267 372
267 600
267 366
267 482
267 323
267 267
267 337
267 302
267 291
267 594
267 346
267 582
268 529
268 402
268 382
268 393
268 406
268 595
268 398
268 433
269 389
269 384
269 281
269 340
269 494
269 370
269 408
269 471
269 534
269 593
269 530
269 536
269 286
270 569
270 392
270 549
270 320
270 321
270 334
270 484
270 356
270 372
270 585
270 386
270 328
270 335
271 388
271 425
271 599
271 292
271 539
271 314
271 278
271 571
271 440
272 517
272 519
272 520
272 391
272 522
272 277
272 547
272 486
272 456
272 546
272 526
272 537
272 460
272 535
272 544
272 297
272 557
273 394
273 493
273 460
273 273
273 445
273 466
273 422
273 352
273 528
273 299
273 331
274 506
274 423
274 416
274 369
274 357
274 480
274 355
274 417
274 541
274 330
274 324
274 426
274 499
275 325
275 332
275 275
275 448
275 490
275 376
275 438
275 413
275 525
275 497
276 528
276 394
276 506
276 587
276 466
276 445
276 493
276 283
276 524
276 422
276 461
277 585
277 519
277 391
277 547
277 544
277 535
277 517
277 557
277 456
277 546
277 520
277 486
277 511
278 318
278 599
278 425
278 597
279 288
279 589
279 414
279 279
279 460
279 562
279 568
279 477
280 493
280 312
280 531
280 284
280 304
280 556
280 500
280 301
280 577
280 453
281 389
281 530
281 536
281 324
281 370
281 534
281 494
281 340
281 408
281 471
282 553
282 463
282 299
282 344
282 513
282 424
282 487
282 364
283 528
283 445
283 352
283 461
283 394
283 524
283 283
283 422
283 324
283 460
284 531
284 533
284 453
284 472
284 556
284 284
284 365
284 304
284 577
284 500
285 405
285 410
285 290
285 419
285 285
285 485
285 542
285 475
285 457
286 534
286 408
286 286
286 471
286 389
286 536
286 550
286 298
286 370
287 507
287 414
287 477
287 300
287 562
287 591
287 589
287 568
288 414
288 591
288 381
288 288
288 562
288 568
288 323
288 300
288 589
289 481
289 586
289 540
289 349
289 407
289 319
289 503
289 437
289 418
289 289
289 439
289 495
290 405
290 542
290 475
290 410
290 419
290 428
290 558
290 485
290 544
291 337
291 366
291 367
291 308
291 466
291 548
291 323
291 482
292 539
292 388
292 292
292 571
292 390
292 425
292 305
292 314
292 302
293 395
293 525
293 527
293 532
293 396
293 450
293 403
293 383
293 588
293 429
293 551
293 574
294 395
294 396
294 403
294 545
294 588
294 383
294 450
294 525
294 560
294 542
295 525
295 507
295 316
295 483
295 508
295 442
295 329
295 521
295 565
295 447
295 354
296 436
296 455
296 564
296 309
296 333
296 488
296 296
296 343
296 358
297 520
297 522
297 537
297 544
297 546
297 557
297 456
297 517
297 511
298 528
298 579
298 530
298 370
298 389
298 298
298 324
298 338
298 384
299 513
299 424
299 553
299 364
299 299
299 318
299 504
299 463
299 339
300 587
300 461
300 478
300 414
300 591
300 381
300 539
301 531
301 533
301 556
301 301
301 500
301 365
301 453
301 472
301 317
301 378
302 474
302 465
302 478
302 559
302 347
302 351
302 600
302 431
302 572
302 584
303 586
303 476
303 393
303 415
303 468
303 303
303 502
303 492
304 448
304 531
304 556
304 453
304 365
304 577
304 500
304 333
305 388
305 539
305 425
305 314
306 543
306 420
306 561
306 538
306 552
306 550
306 385
306 362
306 306
306 446
306 470
307 597
307 541
307 423
307 426
307 330
307 416
307 499
307 307
308 548
308 360
308 308
308 346
308 482
308 366
308 367
308 387
308 594
309 309
309 359
309 575
309 488
309 333
309 343
309 567
309 341
310 411
310 563
310 377
310 441
310 317
310 489
310 310
310 311
310 313
310 462
310 595
311 411
311 434
311 489
311 563
311 311
311 313
311 595
311 421
311 441
311 576
311 445
311 463
311 387
312 538
312 543
312 561
312 446
312 550
312 362
313 434
313 576
313 441
313 595
313 489
313 377
313 420
314 388
314 597
314 599
314 359
315 496
315 555
315 442
315 521
315 354
315 445
315 447
315 590
315 508
316 442
316 555
316 507
316 483
316 354
316 590
316 374
316 546
316 447
317 434
317 563
317 441
317 411
317 595
317 489
317 377
317 388
318 424
318 553
318 487
318 513
318 463
318 344
318 364
319 407
319 540
319 437
319 479
319 586
319 349
319 516
319 458
319 481
320 372
320 328
320 320
320 429
320 334
320 585
320 321
320 373
320 417
320 338
320 473
320 358
320 562
321 549
321 372
321 321
321 338
321 335
321 392
321 429
321 585
321 506
321 484
322 397
322 405
322 410
322 475
322 579
322 558
322 542
322 341
323 482
323 346
323 337
323 323
323 360
324 389
324 534
324 536
324 530
324 370
324 408
324 494
325 435
325 523
325 409
325 448
325 325
325 438
325 514
325 332
326 409
326 413
326 438
326 510
326 332
326 326
326 504
326 490
326 376
326 511
327 387
327 515
327 400
327 554
327 430
327 566
327 512
327 327
327 444
327 583
328 392
328 429
328 335
328 484
328 373
328 569
328 549
328 574
328 381
328 338
328 473
328 554
329 442
329 507
329 590
329 483
329 508
329 416
330 400
330 541
330 417
330 451
330 404
330 336
330 480
331 524
331 422
331 445
331 460
331 394
331 331
331 528
331 587
331 352
332 523
332 409
332 490
332 448
332 376
332 438
332 504
332 497
332 510
333 514
333 436
333 580
333 564
333 575
333 359
333 341
333 343
334 392
334 429
334 569
334 484
334 356
334 372
334 585
334 473
334 373
335 549
335 429
335 569
335 574
335 338
335 473
335 585
336 452
336 348
336 496
336 514
336 375
336 399
336 368
336 501
336 350
336 371
337 548
337 337
337 594
337 346
337 360
338 392
338 574
338 429
338 338
338 585
338 564
338 425
339 400
339 554
339 430
339 444
339 593
339 467
339 387
339 353
340 379
340 442
340 534
340 408
340 530
340 536
340 340
340 471
340 494
340 370
341 564
341 567
341 575
341 488
341 343
341 455
342 514
342 399
342 348
342 358
342 342
342 491
342 375
342 552
342 398
343 550
343 436
343 580
343 455
343 488
344 424
344 463
344 344
344 526
344 487
344 369
345 516
345 586
345 418
345 439
345 345
345 495
345 481
345 435
345 349
345 479
346 548
346 594
346 367
346 360
346 366
347 559
347 431
347 440
347 584
347 600
347 474
347 465
347 593
348 514
348 469
348 501
348 350
348 399
348 536
348 358
348 491
348 368
348 380
349 549
349 540
349 458
349 516
349 586
349 481
349 349
349 356
350 514
350 350
350 491
350 469
350 380
350 368
351 440
351 584
351 600
351 474
351 498
351 465
351 478
351 461
352 524
352 461
352 466
352 460
352 528
352 493
353 387
353 592
353 467
353 444
353 512
353 511
354 484
354 581
354 521
354 555
354 447
354 507
354 374
354 406
355 404
355 541
355 426
355 451
355 423
355 369
355 355
356 392
356 429
356 574
356 585
356 473
356 484
356 372
356 373
356 416
357 416
357 417
357 423
357 451
357 480
357 499
357 357
357 482
357 369
358 399
358 501
358 368
358 469
358 496
358 375
358 491
359 564
359 436
359 567
359 580
359 455
360 548
360 482
360 594
360 366
360 367
361 420
361 570
361 451
361 369
361 417
361 499
361 361
362 543
362 550
362 552
362 470
362 570
363 414
363 589
363 591
363 363
363 531
364 463
364 424
364 513
364 487
364 407
365 533
365 472
365 365
365 453
365 556
365 500
366 548
366 594
366 367
366 520
367 548
367 594
367 482
367 575
367 451
368 514
368 469
368 501
368 496
368 380
369 404
369 423
369 426
369 451
369 480
370 530
370 536
370 471
370 384
370 423
371 390
371 401
371 371
371 464
371 438
372 392
372 549
372 569
372 484
373 549
373 429
373 569
373 574
373 585
373 484
373 591
374 555
374 442
374 590
374 483
374 521
374 374
374 424
374 507
375 469
375 491
375 496
375 375
376 523
376 413
376 438
376 482
377 411
377 563
377 441
377 576
377 462
378 531
378 453
378 500
379 403
379 518
379 427
379 432
379 435
379 505
379 379
380 514
380 469
380 491
380 501
381 477
381 568
382 393
382 529
382 406
382 415
382 433
382 468
382 589
383 395
383 396
383 525
383 403
383 532
383 421
383 551
383 560
383 588
384 389
384 536
384 408
384 494
384 530
385 385
385 561
385 446
385 550
385 470
386 452
386 509
386 583
386 476
386 432
386 435
386 386
386 518
386 578
386 505
387 502
387 387
387 593
387 512
387 554
387 515
387 400
387 430
387 566
387 444
387 467
388 599
388 425
388 597
388 388
388 396
389 530
389 536
389 534
389 389
389 408
389 465
390 401
390 412
390 464
390 598
390 534
390 449
390 596
390 492
391 519
391 511
391 547
391 557
391 517
391 526
391 456
391 477
391 522
391 535
391 537
392 574
392 392
392 569
392 585
392 509
393 415
393 468
393 581
393 398
393 406
393 402
393 433
394 466
394 524
394 493
394 587
394 506
394 460
394 394
394 528
394 445
394 461
395 450
395 421
395 532
395 403
395 527
395 525
396 551
396 421
396 396
396 403
396 525
396 475
396 527
396 560
397 405
397 419
397 475
397 397
397 579
397 410
397 428
397 558
397 500
398 529
398 433
398 468
398 415
398 520
399 496
399 501
399 514
399 469
399 448
400 515
400 444
400 467
400 592
400 554
400 430
400 502
401 457
401 598
401 596
401 449
401 492
401 401
401 464
401 412
402 529
402 468
402 581
402 406
402 433
402 402
402 527
403 560
403 527
403 525
403 532
403 450
403 421
404 423
404 541
404 426
404 404
404 451
404 480
404 499
405 475
405 428
405 454
405 405
406 581
406 406
406 415
406 468
407 516
407 418
407 481
407 439
407 458
407 586
407 479
407 495
407 596
407 540
407 437
408 530
408 534
408 536
408 471
409 504
409 409
409 438
409 440
409 413
409 510
409 566
410 419
410 558
410 542
410 475
410 579
410 410
410 428
410 454
410 504
411 595
411 441
411 489
411 411
411 563
411 576
411 462
412 464
412 449
412 457
412 582
412 596
412 598
413 497
413 510
413 504
414 477
414 414
414 591
414 498
415 529
415 468
415 581
415 433
416 541
416 416
416 480
416 499
416 417
417 541
417 480
417 417
417 423
417 499
418 437
418 516
418 586
418 479
418 439
418 458
418 418
419 542
419 579
419 558
419 517
419 475
419 485
419 444
420 543
420 550
420 552
420 561
420 570
421 525
421 527
421 545
421 532
421 551
421 450
421 588
422 462
422 524
422 528
422 466
422 587
422 531
422 461
423 541
423 499
423 451
423 426
424 513
424 463
425 487
425 539
425 597
425 599
426 498
426 541
426 451
426 499
427 518
427 573
427 435
427 443
427 505
427 583
427 509
427 432
427 578
427 452
427 476
428 454
428 579
428 558
428 488
428 475
429 549
429 574
429 429
429 560
429 569
429 585
429 473
430 515
430 502
430 444
430 554
430 538
430 566
430 592
430 593
431 559
431 474
431 584
431 498
431 440
431 465
431 565
431 572
432 452
432 443
432 583
432 578
432 573
432 505
432 577
433 581
433 433
434 434
434 576
434 563
434 595
434 441
434 459
435 443
435 476
435 573
435 518
435 505
435 509
435 578
435 452
436 580
436 575
436 436
436 455
437 516
437 540
437 439
437 586
437 495
437 458
438 551
438 523
438 490
438 504
438 510
438 497
439 586
439 516
439 479
439 458
439 503
439 540
439 581
440 565
440 465
440 584
440 559
440 572
440 600
440 478
441 563
441 441
441 462
441 576
441 443
442 555
442 483
442 590
443 578
443 583
443 573
443 476
443 505
443 452
443 567
444 491
444 512
444 554
444 566
444 593
444 467
445 466
445 445
445 460
445 493
446 552
446 570
446 550
446 538
446 446
446 470
446 453
447 590
447 483
447 508
447 571
448 523
448 448
448 504
448 490
448 497
449 598
449 449
449 459
449 457
449 464
449 582
450 525
450 527
450 545
450 588
451 541
451 499
452 578
452 505
452 509
452 583
453 531
453 577
453 500
453 533
454 542
454 558
454 579
454 485
454 499
455 580
455 488
455 564
455 455
456 517
456 526
456 535
456 537
456 546
456 557
456 519
456 511
456 486
457 569
457 582
457 596
457 459
458 516
458 540
458 586
458 503
458 471
458 481
458 495
459 582
459 459
459 598
459 464
459 492
460 528
460 587
460 506
460 461
461 524
461 587
462 563
462 489
463 513
463 487
464 596
464 582
464 583
465 559
465 565
465 465
465 474
465 478
466 587
467 515
467 554
467 566
467 592
467 512
467 502
468 470
468 468
469 496
469 469
470 538
470 543
470 561
470 570
471 530
471 534
471 476
471 494
472 533
472 556
472 577
472 588
473 574
473 569
473 549
473 484
474 559
474 565
474 572
475 542
476 518
476 578
476 509
477 562
477 568
477 547
478 559
478 478
478 498
478 600
479 503
479 479
480 556
481 516
481 540
481 481
481 495
482 548
482 544
483 521
483 508
484 549
484 569
484 574
485 558
485 542
485 579
486 519
486 526
486 537
486 557
486 547
486 486
487 513
487 553
488 564
488 575
488 580
489 595
489 578
490 523
490 504
491 514
491 501
492 598
492 596
493 587
493 524
494 530
494 494
495 540
495 586
495 516
495 495
495 503
496 514
497 523
497 510
498 559
498 565
498 584
498 572
500 533
500 556
500 577
501 538
501 578
502 554
502 566
502 592
502 513
503 516
503 540
503 586
504 510
505 518
505 583
505 578
506 524
506 587
506 528
506 506
507 555
507 521
507 508
508 521
509 518
509 573
509 509
510 545
511 520
511 522
511 537
511 546
511 547
511 557
511 526
512 563
512 515
512 566
512 592
512 554
513 553
514 514
515 515
515 592
515 554
515 521
516 540
516 586
517 546
517 517
517 520
517 547
517 519
517 526
518 518
518 582
518 573
518 583
519 546
519 537
519 535
519 520
519 547
519 557
519 544
520 546
520 547
520 535
520 557
520 526
520 537
520 544
521 521
521 555
521 584
522 546
522 535
522 522
522 547
522 526
522 537
522 557
524 528
524 541
525 588
525 525
525 532
525 545
525 527
525 560
526 537
526 544
526 547
526 542
527 527
527 560
527 545
528 587
528 528
529 529
531 543
531 531
531 577
532 560
532 551
532 532
532 588
533 534
534 534
534 536
535 535
535 568
535 537
536 536
536 577
537 546
537 544
537 547
538 543
538 550
538 552
538 538
538 561
539 599
539 571
539 597
539 596
541 574
542 542
542 558
542 579
543 570
543 552
543 550
544 557
544 544
544 547
545 588
545 545
545 551
545 560
545 546
546 557
547 557
549 569
549 585
549 574
550 552
550 550
550 570
551 551
551 560
552 561
552 570
553 553
554 554
554 566
554 592
555 555
555 590
556 556
556 570
556 577
558 579
559 600
559 584
559 559
560 588
561 561
561 570
562 568
562 562
562 589
563 595
564 594
564 567
564 575
564 580
565 600
565 572
566 592
566 593
567 575
568 589
569 585
569 569
569 574
570 570
571 597
572 600
572 572
573 583
573 586
578 583
582 582
584 600
585 585
586 586
590 590
592 593
593 593
594 594
595 595
596 596
596 598
599 599
