600 3687
1 130
1 87
1 391
1 240
1 493
1 94
1 64
1 395
1 138
1 392
1 56
1 59
1 319
2 174
2 178
2 291
2 541
2 143
2 543
2 348
2 551
2 198
2 121
2 61
2 211
3 514
3 431
3 525
3 3
3 208
3 353
3 404
3 175
3 405
3 347
4 55
4 235
4 233
4 142
4 295
4 11
4 90
4 547
4 114
4 36
4 34
4 172
4 354
4 122
5 126
5 534
5 170
5 147
5 557
5 286
5 300
5 516
5 259
5 585
5 445
5 594
5 472
6 28
6 328
6 162
6 30
6 39
6 415
6 455
6 457
6 273
6 572
6 544
6 169
6 46
6 348
7 66
7 380
7 7
7 581
7 504
7 483
7 207
7 81
7 441
7 442
7 452
7 204
7 481
8 440
8 105
8 16
8 365
8 369
8 127
8 451
8 113
8 98
8 476
8 278
8 201
9 595
9 510
9 550
9 485
9 370
9 52
9 490
9 65
9 364
9 575
9 165
9 444
9 202
9 521
9 199
10 134
10 165
10 41
10 202
10 444
10 109
10 370
10 65
10 565
10 579
10 550
10 425
10 233
11 563
11 156
11 22
11 142
11 387
11 469
11 90
11 253
11 293
11 283
11 446
11 191
12 383
12 285
12 568
12 121
12 432
12 137
12 400
12 107
12 228
12 149
12 14
12 27
12 325
13 232
13 525
13 448
13 215
13 571
13 353
13 220
13 514
13 450
13 408
13 404
13 431
13 435
13 358
14 383
14 186
14 454
14 562
14 228
14 568
14 80
14 14
14 154
14 285
14 309
14 107
14 241
15 506
15 449
15 276
15 224
15 413
15 561
15 78
15 15
15 267
15 271
15 411
15 37
15 441
15 447
15 456
15 200
15 591
15 123
16 135
16 117
16 47
16 369
16 251
16 570
16 278
16 86
16 427
16 564
16 451
16 503
16 454
17 261
17 266
17 101
17 403
17 54
17 334
17 556
17 374
17 77
17 219
17 322
17 583
17 92
17 231
17 224
18 176
18 235
18 268
18 421
18 287
18 344
18 187
18 136
18 308
18 274
18 205
18 219
18 507
18 65
18 427
18 272
19 304
19 262
19 272
19 74
19 357
19 230
19 386
19 225
19 375
19 564
19 194
19 346
20 337
20 356
20 574
20 269
20 498
20 329
20 21
20 598
20 102
20 98
21 385
21 517
21 269
21 598
21 338
21 21
21 479
21 142
21 574
21 337
21 218
21 356
22 254
22 387
22 148
22 405
22 446
22 156
22 469
22 295
22 95
22 283
22 90
22 114
22 220
23 389
23 508
23 515
23 226
23 506
23 341
23 284
23 252
23 462
23 238
23 545
23 171
23 318
23 381
24 130
24 257
24 523
24 396
24 157
24 412
24 190
24 213
24 491
24 474
24 548
24 42
24 184
24 345
24 352
24 487
25 147
25 31
25 126
25 209
25 104
25 472
25 244
25 170
25 25
25 286
25 300
25 307
25 189
25 298
26 205
26 521
26 538
26 250
26 128
26 596
26 168
26 119
26 520
26 105
26 576
27 154
27 383
27 416
27 186
27 454
27 562
27 309
27 80
27 428
27 432
27 474
27 184
27 123
28 544
28 39
28 248
28 415
28 51
28 578
28 162
28 274
28 159
28 169
28 302
28 455
29 533
29 314
29 290
29 29
29 378
29 177
29 551
29 71
29 355
29 543
29 433
30 273
30 304
30 39
30 579
30 46
30 578
30 162
30 328
30 246
30 552
30 297
30 539
30 79
31 516
31 534
31 286
31 472
31 104
31 31
31 376
31 572
32 255
32 388
32 264
32 529
32 275
32 281
32 153
32 478
32 327
32 133
32 180
32 569
32 449
32 384
33 421
33 408
33 399
33 537
33 414
33 36
33 298
33 466
33 362
33 430
33 351
34 405
34 156
34 189
34 34
34 469
34 387
34 563
34 111
35 409
35 414
35 50
35 351
35 173
35 124
35 422
35 399
35 331
35 461
35 247
35 561
35 423
36 399
36 409
36 362
36 585
36 371
36 36
36 303
36 298
36 558
36 466
36 351
36 247
36 494
37 411
37 359
37 447
37 476
37 494
37 78
37 413
37 57
37 417
37 441
37 456
37 224
37 353
37 81
38 390
38 145
38 536
38 152
38 317
38 424
38 401
38 159
38 406
38 94
38 339
39 455
39 328
39 46
39 248
39 169
39 273
39 530
39 552
39 428
39 100
39 151
39 463
40 436
40 418
40 475
40 458
40 482
40 254
40 460
40 95
40 363
40 423
40 179
40 227
40 59
41 131
41 134
41 165
41 554
41 299
41 364
41 342
41 485
41 576
41 52
41 202
42 396
42 417
42 548
42 523
42 213
42 184
42 42
42 285
42 190
42 70
42 330
42 590
42 466
43 291
43 555
43 483
43 207
43 81
43 504
43 380
43 366
43 66
43 329
44 260
44 408
44 284
44 453
44 515
44 318
44 255
44 545
44 84
44 343
45 144
45 145
45 249
45 229
45 424
45 536
45 197
45 182
45 401
45 381
45 577
45 85
46 274
46 279
46 294
46 297
46 428
46 552
46 272
46 578
47 135
47 49
47 369
47 503
47 495
47 239
47 278
47 468
47 142
47 440
47 83
47 86
47 113
47 117
47 321
48 136
48 268
48 301
48 176
48 205
48 349
48 502
48 526
48 55
48 188
48 235
49 49
49 243
49 105
49 113
49 570
49 239
49 98
49 493
49 564
49 83
49 365
49 251
50 149
50 132
50 409
50 422
50 298
50 414
50 236
50 585
50 87
50 331
51 274
51 273
51 279
51 162
51 552
51 169
51 428
51 304
51 236
51 455
52 165
52 485
52 342
52 565
52 134
52 550
52 131
52 355
52 233
52 109
52 510
52 257
52 387
53 533
53 543
53 291
53 290
53 551
53 572
53 61
53 143
53 314
53 238
54 373
54 146
54 403
54 149
54 556
54 261
54 266
54 97
54 542
54 72
54 597
54 101
55 136
55 421
55 55
55 268
55 507
55 62
55 187
55 321
55 205
55 349
55 172
56 406
56 267
56 397
56 559
56 240
56 93
56 59
56 489
56 313
56 584
56 87
56 501
57 413
57 420
57 561
57 441
57 76
57 494
57 224
57 164
57 58
57 188
57 447
58 107
58 418
58 437
58 313
58 58
58 367
58 546
58 393
58 84
58 482
58 100
59 113
59 397
59 234
59 68
59 94
59 138
59 379
59 497
60 138
60 489
60 501
60 267
60 68
60 87
60 559
60 323
60 93
60 223
60 319
60 240
60 497
61 533
61 543
61 290
61 210
61 71
61 348
61 177
61 372
61 69
61 198
62 268
62 526
62 443
62 321
62 287
62 258
62 205
62 600
62 568
62 349
62 507
62 351
63 367
63 261
63 276
63 411
63 420
63 561
63 123
63 476
63 441
63 247
63 359
64 493
64 397
64 94
64 501
64 319
64 138
64 395
64 234
64 450
64 584
64 379
65 131
65 425
65 185
65 490
65 165
65 470
65 444
66 223
66 339
66 392
66 452
66 204
66 442
66 459
66 306
66 592
66 483
67 399
67 422
67 173
67 558
67 566
67 537
67 414
67 585
67 466
67 234
67 247
68 138
68 267
68 395
68 397
68 559
68 319
68 323
68 136
68 584
68 489
68 240
68 497
69 273
69 285
69 513
69 541
69 551
69 433
69 178
69 314
69 74
69 348
69 106
70 523
70 412
70 166
70 184
70 373
70 396
70 270
70 548
70 505
70 469
71 533
71 543
71 433
71 177
71 79
71 210
71 572
71 322
71 211
72 146
72 583
72 231
72 556
72 92
72 335
72 261
72 315
72 371
72 334
72 206
73 522
73 139
73 430
73 438
73 535
73 151
73 324
73 492
73 89
73 592
74 386
74 160
74 361
74 518
74 346
74 230
74 272
74 343
74 360
74 111
74 207
74 91
75 393
75 419
75 179
75 437
75 458
75 549
75 306
75 196
75 367
75 558
75 460
75 254
76 413
76 224
76 200
76 441
76 359
76 76
76 494
76 228
76 78
76 591
77 499
77 293
77 556
77 206
77 335
77 315
77 322
77 92
77 518
78 98
78 259
78 420
78 413
78 276
78 447
78 421
78 591
79 509
79 143
79 551
79 178
79 79
79 177
79 543
80 432
80 562
80 309
80 568
80 154
80 277
80 595
80 229
80 486
80 107
80 241
80 383
80 372
80 131
81 471
81 442
81 452
81 459
81 592
81 581
81 339
81 221
81 483
82 398
82 155
82 596
82 576
82 116
82 265
82 439
82 82
82 504
82 360
83 278
83 570
83 105
83 365
83 117
83 243
83 503
83 183
83 495
83 102
83 531
84 408
84 453
84 84
84 389
84 260
84 462
84 518
84 409
85 390
85 144
85 401
85 406
85 316
85 577
85 159
85 480
85 324
85 118
86 135
86 278
86 564
86 451
86 369
86 98
86 86
86 105
86 536
87 161
87 397
87 584
87 240
87 395
87 138
87 503
87 94
87 357
88 524
88 527
88 410
88 167
88 560
88 586
88 464
88 201
88 488
88 484
88 115
88 168
89 535
89 292
89 336
89 599
89 282
89 280
89 288
89 542
89 591
89 99
90 109
90 387
90 446
90 189
90 156
90 469
90 408
90 533
91 452
91 592
91 91
91 221
91 392
91 481
91 339
91 380
91 483
91 487
92 149
92 315
92 335
92 97
92 597
92 266
92 401
93 179
93 391
93 138
93 267
93 323
93 497
93 319
93 243
94 267
94 489
94 234
94 397
94 180
94 497
95 279
95 401
95 549
95 179
95 196
95 460
95 475
95 306
95 311
95 312
96 518
96 160
96 203
96 377
96 346
96 343
96 513
96 225
96 357
96 185
96 230
96 375
97 322
97 334
97 597
97 149
97 556
97 505
97 335
97 506
97 374
97 140
97 543
98 278
98 451
98 564
98 440
98 570
98 105
98 239
99 287
99 280
99 542
99 288
99 292
99 191
99 599
99 320
99 128
99 551
100 546
100 419
100 306
100 437
100 313
100 196
100 475
100 460
100 320
101 266
101 403
101 583
101 206
101 597
101 293
101 499
101 560
102 133
102 517
102 141
102 337
102 356
102 479
102 598
102 574
102 147
103 404
103 423
103 431
103 208
103 215
103 358
103 103
103 175
103 477
104 259
104 528
104 534
104 557
104 312
104 209
104 340
104 489
104 242
105 440
105 468
105 365
105 127
105 547
105 337
106 290
106 177
106 314
106 572
106 106
106 543
106 551
106 223
107 400
107 416
107 432
107 593
107 474
107 137
107 383
108 442
108 204
108 452
108 459
108 366
108 108
108 207
108 481
108 432
108 112
108 380
109 554
109 299
109 444
109 490
109 565
109 185
109 202
109 510
110 130
110 257
110 270
110 589
110 213
110 345
110 246
110 330
110 157
110 448
111 537
111 262
111 160
111 333
111 194
111 230
111 150
111 301
111 591
112 150
112 392
112 581
112 339
112 221
112 380
112 112
112 511
112 504
113 278
113 440
113 468
113 239
113 127
113 135
113 346
114 266
114 405
114 496
114 387
114 563
114 253
114 172
114 577
115 410
115 303
115 586
115 588
115 488
115 183
115 167
115 429
115 559
115 141
115 283
115 290
116 440
116 520
116 521
116 398
116 538
116 539
116 289
116 265
116 334
117 135
117 564
117 570
117 239
117 117
117 160
117 251
118 129
118 144
118 316
118 582
118 229
118 424
118 118
118 467
118 309
119 521
119 402
119 538
119 539
119 155
119 168
119 576
119 471
119 575
119 128
119 504
120 542
120 264
120 275
120 553
120 569
120 449
120 478
120 463
120 153
120 312
120 384
120 431
121 229
121 137
121 400
121 154
121 562
121 309
121 568
121 416
121 298
122 148
122 354
122 469
122 547
122 253
122 156
122 461
122 446
122 365
123 271
123 276
123 561
123 456
123 200
123 591
123 263
124 537
124 566
124 192
124 195
124 331
124 466
124 371
124 399
124 319
124 296
125 515
125 260
125 389
125 462
125 284
125 508
125 341
125 467
125 125
125 381
125 255
126 517
126 259
126 516
126 147
126 286
126 170
126 557
126 307
126 340
127 135
127 278
127 239
127 503
127 468
127 440
127 131
127 545
127 391
128 398
128 567
128 439
128 596
128 520
128 161
128 128
128 448
129 582
129 152
129 401
129 317
129 575
129 390
129 305
129 159
129 479
129 144
129 316
129 480
129 229
129 553
129 343
130 352
130 417
130 373
130 589
130 157
130 345
130 590
130 396
130 412
130 548
130 330
130 491
131 134
131 444
131 165
131 550
131 554
131 490
131 425
131 299
131 185
131 202
131 510
132 212
132 132
132 498
132 598
132 517
132 427
132 574
132 218
132 140
132 269
132 329
132 356
132 439
133 141
133 385
133 598
133 517
133 218
133 158
133 498
133 479
133 563
133 269
134 550
134 233
134 342
134 185
134 470
134 485
134 139
134 299
134 565
134 202
134 364
134 510
134 559
135 468
135 369
135 495
135 251
135 152
135 570
135 451
136 321
136 235
136 349
136 443
136 176
136 350
136 526
136 227
136 308
136 473
136 146
136 500
137 159
137 228
137 285
137 400
137 593
137 154
137 277
137 486
137 374
137 416
137 595
137 241
137 429
137 267
137 188
138 390
138 391
138 240
138 497
138 395
138 522
138 319
138 323
139 166
139 282
139 139
139 531
139 599
139 430
139 380
139 151
139 280
139 540
139 288
139 292
139 438
139 324
140 232
140 598
140 238
140 158
140 479
140 517
140 140
140 407
140 338
141 564
141 152
141 385
141 141
141 598
141 212
141 407
141 427
141 218
141 479
141 528
141 481
142 534
142 209
142 512
142 469
142 156
142 272
142 283
142 172
142 461
143 317
143 211
143 291
143 541
143 378
143 177
143 533
143 523
143 290
143 178
144 390
144 249
144 406
144 229
144 577
144 587
144 159
144 182
144 334
145 390
145 536
145 406
145 159
145 145
145 582
145 546
145 316
145 356
145 414
146 266
146 315
146 206
146 505
146 403
146 231
146 149
146 293
146 583
147 162
147 534
147 594
147 259
147 209
147 511
147 307
147 340
147 497
148 167
148 387
148 283
148 354
148 469
148 405
148 172
148 158
148 547
148 189
148 496
149 443
149 261
149 266
149 556
149 499
149 583
149 334
149 335
150 262
150 346
150 587
150 513
150 357
150 194
150 203
150 377
150 518
151 519
151 599
151 438
151 282
151 430
151 151
151 522
151 535
151 292
151 191
152 406
152 152
152 317
152 159
152 536
152 424
152 182
152 197
152 480
153 445
153 264
153 384
153 388
153 153
153 275
153 426
153 530
153 591
153 311
153 214
153 216
154 400
154 562
154 186
154 474
154 486
154 181
154 309
154 454
154 241
155 265
155 398
155 402
155 539
155 289
155 521
155 360
155 580
155 161
155 576
155 193
155 465
155 471
156 283
156 512
156 461
156 189
156 387
156 517
156 172
156 563
157 593
157 257
157 396
157 157
157 184
157 246
157 365
157 548
157 590
157 491
157 546
158 338
158 158
158 427
158 212
158 574
158 337
158 401
158 329
159 575
159 536
159 480
159 305
159 182
159 577
160 513
160 518
160 386
160 333
160 222
160 325
160 326
160 203
160 343
160 361
161 520
161 265
161 402
161 439
161 465
161 360
161 596
161 398
161 168
162 274
162 302
162 169
162 428
162 304
162 552
163 389
163 508
163 284
163 163
163 171
163 252
163 467
163 545
163 208
163 341
163 314
163 447
164 332
164 188
164 200
164 413
164 494
164 420
164 476
164 441
164 456
164 225
164 224
165 299
165 364
165 565
165 233
165 503
165 554
165 485
165 370
165 510
165 178
165 378
166 257
166 417
166 548
166 373
166 491
166 345
166 246
166 412
166 352
167 394
167 524
167 410
167 580
167 586
167 245
167 560
167 527
167 303
167 181
167 588
167 473
167 509
168 486
168 520
168 265
168 398
168 539
168 250
168 193
168 465
169 544
169 297
169 248
169 415
169 346
169 428
169 302
170 209
170 340
170 534
170 376
170 170
170 233
170 312
170 594
171 515
171 260
171 255
171 545
171 217
171 341
171 226
171 466
171 252
171 395
172 295
172 461
172 547
172 512
172 283
173 260
173 478
173 409
173 298
173 414
173 173
173 450
173 351
173 362
174 410
174 245
174 303
174 527
174 436
174 477
174 560
174 372
174 586
174 181
175 600
175 538
175 300
175 525
175 532
175 237
175 431
175 435
175 559
175 571
175 448
176 258
176 287
176 301
176 344
176 600
176 176
176 191
176 321
176 205
176 502
176 507
176 227
177 291
177 378
177 177
177 551
177 307
177 572
177 348
178 412
178 533
178 551
178 572
178 378
178 198
178 210
179 418
179 419
179 549
179 367
179 368
179 196
179 313
179 227
179 566
180 275
180 426
180 388
180 332
180 530
180 180
180 466
180 569
180 216
180 478
181 527
181 436
181 394
181 410
181 580
181 183
181 454
181 586
181 222
182 317
182 406
182 229
182 390
182 575
182 191
182 249
183 394
183 524
183 429
183 303
183 245
183 560
183 436
183 266
183 201
183 505
184 396
184 270
184 417
184 590
184 246
184 257
184 589
184 352
185 550
185 554
185 185
185 342
185 364
185 202
185 600
185 470
185 485
186 400
186 309
186 186
186 228
186 383
186 512
186 474
186 241
186 393
186 262
187 258
187 308
187 443
187 349
187 526
187 268
187 219
187 223
187 502
187 507
188 263
188 271
188 188
188 276
188 224
188 476
189 405
189 547
189 461
189 446
189 253
189 283
190 523
190 412
190 548
190 590
190 190
190 257
190 297
190 373
190 341
191 519
191 531
191 535
191 438
191 320
191 204
192 480
192 537
192 414
192 422
192 192
192 195
192 585
192 353
193 402
193 193
193 539
193 471
193 521
193 538
193 590
194 467
194 513
194 518
194 346
194 386
194 203
194 375
194 218
194 587
194 222
194 225
195 399
195 409
195 422
195 331
195 566
195 371
195 236
195 202
196 546
196 419
196 549
196 573
196 393
196 196
196 482
196 518
197 575
197 424
197 406
197 577
197 305
197 197
197 337
197 229
197 368
198 541
198 291
198 533
198 378
198 290
198 211
198 584
199 249
199 212
199 281
199 311
199 275
199 530
199 382
199 332
199 264
200 413
200 420
200 447
200 276
200 441
200 359
200 275
201 394
201 429
201 436
201 464
201 473
201 527
201 588
201 410
201 509
202 565
202 470
202 510
202 270
203 587
203 230
203 326
203 343
203 262
203 451
203 222
203 225
203 361
204 581
204 204
204 221
204 504
204 484
204 207
205 308
205 344
205 219
205 287
205 235
206 552
206 403
206 293
206 556
206 334
206 487
207 503
207 207
207 504
207 483
207 487
207 592
207 339
207 481
207 484
208 525
208 423
208 296
208 434
208 571
208 431
208 468
208 220
209 286
209 557
209 209
209 472
209 242
210 437
210 210
210 348
210 551
210 572
210 492
211 541
211 314
211 572
211 551
211 348
211 550
212 589
212 407
212 427
212 598
212 337
212 269
212 356
213 396
213 590
213 270
213 373
213 589
213 548
213 513
214 529
214 553
214 311
214 214
214 382
214 310
214 281
214 503
214 380
215 410
215 515
215 511
215 404
215 571
215 525
215 296
215 292
216 417
216 264
216 553
216 463
216 382
216 216
216 289
216 525
217 241
217 458
217 545
217 467
217 508
217 226
217 318
217 506
217 564
217 381
218 574
218 232
218 338
218 598
218 407
218 490
219 274
219 526
219 443
219 301
219 258
219 268
219 297
219 349
219 350
219 235
219 502
219 507
219 247
220 532
220 423
220 435
220 431
220 296
220 571
220 525
221 442
221 459
221 592
221 487
221 392
221 504
221 502
222 239
222 253
222 489
222 262
222 518
222 513
222 375
223 522
223 392
223 442
223 452
223 459
223 337
224 441
224 359
224 276
224 442
225 371
225 518
225 346
225 326
225 513
225 461
225 230
225 361
225 375
226 260
226 389
226 462
226 381
226 467
226 508
226 395
227 546
227 549
227 573
227 475
227 418
227 460
227 354
228 277
228 285
228 474
228 486
228 432
228 365
228 241
228 491
229 536
229 577
229 316
229 249
230 513
230 262
230 333
230 346
230 409
231 330
231 266
231 293
231 322
231 334
231 499
231 343
231 505
232 396
232 385
232 517
232 407
232 329
232 337
232 238
233 444
233 425
233 485
233 470
233 299
233 364
233 376
234 267
234 395
234 493
234 391
234 379
234 501
234 310
234 497
235 443
235 600
235 321
235 287
236 562
236 399
236 537
236 414
236 585
236 298
236 401
237 525
237 448
237 450
237 431
237 353
237 404
237 434
237 296
237 349
238 407
238 574
238 329
238 337
238 269
238 479
238 498
238 583
239 570
239 451
239 468
239 369
240 323
240 559
240 501
240 481
240 379
240 358
241 285
241 400
241 593
241 383
242 567
242 259
242 516
242 528
242 340
242 557
242 244
242 320
243 564
243 570
243 451
243 468
243 369
243 495
243 365
243 567
243 347
244 303
244 528
244 286
244 300
244 445
244 244
244 397
245 429
245 560
245 436
245 580
245 464
245 488
245 272
246 523
246 417
246 330
246 589
246 590
246 404
247 298
247 566
247 331
247 585
247 422
247 362
248 274
248 415
248 302
248 578
248 273
248 304
248 281
249 406
249 536
249 577
249 424
249 480
249 370
250 383
250 329
250 520
250 265
250 521
250 289
250 567
250 439
251 440
251 451
251 365
251 495
251 503
251 376
251 563
252 408
252 318
252 325
252 284
252 545
252 389
252 299
253 407
253 402
253 405
253 563
253 496
254 393
254 437
254 313
254 363
254 368
254 367
254 546
255 284
255 453
255 462
255 389
255 508
255 515
255 540
256 403
256 531
256 540
256 292
256 438
256 324
256 282
256 288
256 535
256 310
257 352
257 412
257 330
257 270
257 523
257 396
257 589
257 491
258 421
258 287
258 301
258 349
258 344
258 308
258 258
258 364
258 384
258 386
259 577
259 259
259 307
259 534
259 472
259 528
259 445
259 376
260 545
260 408
260 341
260 467
260 284
260 389
261 374
261 597
261 505
261 403
261 261
261 499
261 293
261 315
261 335
262 377
262 513
262 343
262 361
262 357
262 272
262 587
263 411
263 271
263 441
263 263
263 420
263 494
263 561
263 285
263 276
263 413
263 447
263 456
264 583
264 388
264 332
264 463
264 281
264 324
264 529
264 449
264 478
265 520
265 596
265 265
265 538
265 490
265 521
265 567
265 439
265 576
265 471
265 377
266 556
266 403
266 293
266 315
266 583
266 374
267 391
267 397
267 584
267 319
267 559
268 526
268 301
268 421
268 287
268 344
268 268
268 469
268 443
268 350
268 452
269 385
269 517
269 479
269 269
269 498
269 532
269 407
269 338
270 416
270 523
270 330
270 491
270 373
270 388
270 345
271 561
271 271
271 411
271 476
271 580
271 359
272 513
272 518
272 326
272 357
272 386
272 541
273 273
273 578
273 294
273 552
273 274
273 415
273 455
274 457
274 279
274 579
274 544
274 328
274 415
274 552
274 428
275 292
275 311
275 384
275 449
275 388
275 332
275 563
276 438
276 399
276 361
276 441
276 411
276 295
276 561
276 447
277 400
277 383
277 595
277 285
277 432
277 474
277 309
277 322
277 416
277 562
278 369
278 564
278 540
278 468
278 495
278 379
279 304
279 302
279 457
279 552
279 297
279 544
279 294
279 428
279 455
280 531
280 500
280 320
280 522
280 336
280 535
280 542
280 493
280 540
281 529
281 530
281 384
281 382
281 281
281 553
281 426
281 478
282 519
282 522
282 535
282 324
282 282
282 320
282 285
282 542
282 292
282 430
282 500
283 446
283 405
283 469
283 461
283 295
284 515
284 341
284 462
284 408
284 325
284 453
284 553
285 578
285 595
285 486
285 416
285 454
285 593
286 472
286 340
286 594
286 387
286 300
287 526
287 502
287 308
287 301
287 350
287 443
288 472
288 519
288 522
288 540
288 542
288 500
288 430
288 453
288 438
288 324
289 521
289 539
289 439
289 360
289 402
289 471
289 493
290 314
290 291
290 433
290 348
290 533
290 572
291 291
291 551
291 314
292 438
292 522
292 540
293 374
293 293
293 556
293 462
293 322
293 583
293 335
293 499
294 578
294 304
294 328
294 455
294 297
294 457
294 350
295 547
295 354
295 461
295 563
295 469
295 463
296 404
296 434
296 448
296 514
296 296
296 355
296 353
296 459
297 415
297 455
297 302
297 457
297 391
297 579
297 576
297 441
298 399
298 371
298 414
298 351
299 550
299 444
299 490
299 299
299 413
299 470
299 364
300 528
300 472
300 312
300 445
300 534
300 557
301 526
301 301
301 321
301 467
301 600
301 507
302 415
302 428
302 457
302 464
302 578
302 526
303 524
303 527
303 410
303 429
303 477
303 560
303 509
304 544
304 428
304 304
304 579
305 390
305 401
305 536
305 424
305 305
305 577
305 545
306 549
306 363
306 482
306 368
306 546
306 458
306 437
306 573
306 526
307 312
307 472
307 528
307 340
307 557
307 363
307 594
308 526
308 421
308 321
308 429
308 600
309 416
309 486
309 568
309 593
310 530
310 426
310 384
310 553
310 332
310 382
310 388
310 428
310 327
310 463
310 478
311 388
311 311
311 449
311 535
311 569
311 327
312 528
312 534
312 472
312 516
312 594
312 445
312 376
312 571
313 570
313 419
313 418
313 549
313 437
313 482
313 399
313 368
314 551
314 433
315 556
315 403
315 315
315 335
315 421
315 583
315 334
315 381
315 569
316 390
316 577
316 536
316 575
316 480
316 391
316 317
317 401
317 424
317 536
317 582
318 408
318 515
318 467
318 318
318 545
318 366
318 381
319 397
319 319
319 559
319 588
320 432
320 535
320 531
320 542
320 540
320 336
320 492
321 502
321 321
321 600
321 344
321 547
322 544
322 556
322 505
322 403
322 351
323 559
323 584
323 395
323 323
324 522
324 542
324 599
324 336
324 429
325 574
325 515
325 408
325 453
325 381
325 508
325 341
325 462
325 506
326 397
326 375
326 518
326 513
326 333
326 326
326 597
327 388
327 553
327 332
327 382
327 327
327 532
328 578
328 579
328 428
328 328
328 599
329 385
329 427
329 574
329 338
329 356
330 548
330 417
330 396
330 491
330 589
330 590
331 352
331 558
331 537
331 566
331 377
331 362
332 529
332 530
332 553
333 386
333 333
333 361
333 343
333 381
333 346
333 375
334 597
334 583
335 556
335 335
336 385
336 519
336 430
336 500
336 535
336 357
336 492
337 517
337 407
338 574
338 498
338 598
338 479
338 496
339 596
339 442
339 504
339 392
339 339
340 524
340 516
340 343
341 515
341 545
341 467
341 506
342 495
342 425
342 565
342 444
342 470
342 455
343 388
343 361
343 377
344 421
344 349
344 350
344 370
344 581
345 417
345 396
345 548
345 412
345 476
345 352
345 516
346 513
346 361
346 377
347 424
347 532
347 555
347 435
347 450
347 404
347 353
347 434
348 433
348 572
349 600
349 426
349 405
350 526
350 350
350 558
351 409
351 566
351 585
352 412
352 548
352 417
353 404
353 423
353 555
353 435
354 563
354 405
354 354
354 547
354 496
355 394
355 525
355 404
355 431
355 450
355 355
356 574
356 598
356 356
356 557
357 425
357 386
357 518
357 359
358 573
358 525
358 555
358 450
358 448
358 434
358 435
359 456
359 561
359 447
360 521
360 402
360 538
360 465
360 539
360 557
361 518
362 414
362 422
362 566
362 362
362 510
363 546
363 437
363 482
363 419
363 368
363 393
363 388
364 565
364 425
365 564
365 570
365 365
365 514
366 392
366 452
366 483
366 366
366 592
366 396
367 393
367 546
367 573
367 418
367 549
367 475
367 368
368 393
368 549
368 573
369 451
369 495
369 597
369 503
370 554
370 470
370 485
370 550
370 565
370 392
371 537
371 414
371 422
371 566
372 524
372 527
372 586
372 410
372 429
372 560
372 372
373 548
373 589
373 417
373 584
373 587
374 403
374 556
374 597
374 402
374 505
374 476
375 386
375 377
375 577
376 516
376 594
376 557
376 528
376 511
377 513
377 386
378 533
378 541
378 378
379 395
379 559
379 584
379 391
379 501
380 460
380 459
380 484
381 506
381 467
382 388
382 530
382 463
382 475
382 384
383 400
384 426
384 529
384 411
385 598
385 427
385 574
385 517
386 502
386 513
386 386
386 518
387 547
387 446
387 387
387 405
387 461
388 426
388 569
388 553
388 449
389 408
389 389
389 508
389 592
390 582
390 390
390 401
390 406
390 586
391 489
391 391
391 559
391 493
391 497
392 592
392 392
392 452
392 484
392 581
393 393
393 458
393 437
393 460
393 549
393 496
394 477
394 436
394 473
394 527
394 560
394 488
394 509
395 395
395 489
395 497
396 417
396 590
396 548
397 584
397 489
397 493
397 559
398 520
398 398
398 521
398 434
398 471
399 585
399 566
399 409
400 400
400 434
400 562
400 568
400 593
401 480
401 424
401 406
401 582
401 484
402 465
402 539
402 538
402 576
403 499
403 597
404 532
404 555
405 547
405 512
406 575
406 424
406 582
407 427
407 498
407 517
408 508
408 515
408 545
408 453
408 462
408 506
409 430
409 558
410 527
410 477
410 488
410 464
410 588
410 473
411 451
411 413
411 420
411 447
412 523
412 412
412 491
413 420
413 456
413 547
414 537
414 558
414 566
414 466
415 457
415 579
415 425
416 416
416 595
416 486
417 491
417 589
418 419
418 573
418 546
418 460
418 549
418 423
418 453
419 549
419 482
419 419
419 460
419 562
419 573
420 476
420 425
420 441
420 591
420 494
421 421
421 600
421 502
421 507
422 537
422 466
422 584
422 566
423 450
423 532
423 571
423 555
423 435
424 536
424 424
424 577
424 485
425 550
425 425
425 490
425 510
426 560
426 530
426 526
426 463
427 498
427 574
428 484
429 524
429 464
429 509
429 586
430 519
430 522
430 540
431 470
431 548
431 479
431 514
431 434
431 571
432 454
432 568
432 593
432 474
432 572
433 533
433 551
433 433
433 547
434 532
434 555
434 434
434 559
435 514
435 435
435 448
435 471
436 524
436 509
436 588
436 580
436 464
436 586
436 473
436 488
437 458
437 475
437 573
437 519
438 522
438 500
438 519
438 492
439 520
439 539
439 439
439 576
440 564
440 503
440 440
440 570
440 495
441 561
441 494
442 452
442 481
442 484
442 581
443 526
443 502
444 554
444 550
444 490
444 565
444 561
444 485
445 594
445 445
445 511
446 446
446 512
446 478
446 461
446 514
447 447
448 582
448 532
448 450
449 529
449 530
449 553
450 508
450 514
450 522
451 468
451 495
451 503
452 484
452 481
452 487
453 508
453 453
454 486
454 454
454 595
454 593
455 544
455 556
456 561
456 456
457 544
457 579
457 537
458 475
458 549
458 458
459 523
459 581
459 484
459 483
459 481
460 546
460 573
460 475
461 512
461 569
462 467
462 462
463 530
463 569
463 478
464 580
464 464
464 550
465 520
465 538
465 465
465 558
466 537
467 515
467 545
468 468
469 547
469 529
470 554
470 490
471 567
471 596
471 538
472 511
473 580
473 586
473 477
473 524
473 509
474 568
474 486
474 474
475 580
475 546
475 596
476 501
477 527
477 588
477 477
477 587
477 488
478 530
479 488
479 598
480 536
480 577
480 582
481 590
481 592
481 483
482 546
482 549
482 539
483 566
483 484
484 504
485 565
487 565
487 490
487 581
487 592
488 588
488 580
488 586
489 584
490 550
490 565
492 554
492 540
492 599
492 519
492 492
493 597
493 559
493 494
493 501
494 561
495 564
495 503
496 547
496 496
496 563
498 588
498 517
499 597
499 505
499 535
500 540
500 599
500 522
500 542
501 559
501 501
502 526
502 507
505 556
505 594
506 545
506 508
507 531
509 524
509 527
510 554
510 519
511 516
511 528
511 534
511 511
512 563
512 512
513 518
514 575
514 525
514 571
514 555
515 545
515 515
516 534
516 594
518 587
519 542
519 535
519 522
520 538
520 596
520 531
521 567
521 539
522 535
522 531
522 542
523 589
523 548
524 560
525 532
526 600
527 560
527 527
527 580
527 588
528 568
528 534
528 594
529 553
529 569
529 530
530 569
530 554
531 531
531 542
531 599
532 579
532 555
533 541
533 543
533 572
534 557
535 535
536 575
536 536
537 566
538 567
538 539
538 576
539 567
540 540
541 541
541 543
542 599
543 543
544 579
546 546
547 563
549 598
550 560
551 551
551 572
552 552
555 555
556 597
556 558
556 583
557 557
558 558
560 586
562 562
562 593
566 585
566 592
567 596
568 595
568 593
571 571
575 575
575 582
576 596
577 582
578 579
579 579
580 580
580 588
581 581
584 584
585 585
587 587
591 591
595 595
599 599
