600 5332
1 376
1 594
1 291
1 470
1 309
1 1
1 449
1 210
1 492
1 392
1 414
1 94
1 132
1 195
1 407
1 435
1 179
1 581
1 215
1 573
2 339
2 169
2 403
2 76
2 168
2 159
2 20
2 303
2 112
2 418
2 144
2 73
2 544
2 294
2 477
2 419
2 165
2 367
3 386
3 371
3 119
3 574
3 228
3 452
3 19
3 113
3 361
3 101
3 126
3 467
3 338
3 57
3 268
3 396
3 404
3 431
3 588
3 460
3 342
3 293
4 257
4 522
4 318
4 84
4 162
4 539
4 233
4 201
4 584
4 433
4 10
4 568
4 464
4 41
4 209
4 410
4 556
4 349
4 105
5 50
5 394
5 226
5 109
5 36
5 170
5 224
5 27
5 402
5 350
5 340
5 5
5 158
5 228
5 141
5 472
5 479
5 242
6 118
6 299
6 321
6 54
6 196
6 163
6 512
6 332
6 369
6 573
6 298
6 205
6 43
6 324
6 314
6 422
6 177
6 69
6 72
7 104
7 171
7 96
7 302
7 140
7 562
7 320
7 49
7 167
7 355
7 428
7 61
7 552
7 229
7 192
7 416
7 178
7 70
7 511
7 534
8 133
8 519
8 585
8 388
8 354
8 197
8 370
8 567
8 65
8 335
8 248
8 587
8 393
8 13
8 9
8 525
8 325
9 412
9 266
9 250
9 474
9 145
9 125
9 188
9 440
9 83
9 9
9 591
9 390
9 18
9 524
9 269
9 270
9 411
9 290
9 34
9 483
10 257
10 522
10 420
10 162
10 105
10 41
10 464
10 568
10 201
10 88
10 457
10 10
10 514
10 551
10 556
10 433
10 318
11 180
11 514
11 513
11 139
11 491
11 599
11 11
11 375
11 129
11 75
11 287
11 33
11 108
11 215
11 528
11 146
11 285
11 463
11 465
11 176
11 372
11 216
12 114
12 323
12 330
12 255
12 284
12 462
12 451
12 272
12 510
12 42
12 127
12 275
12 156
12 571
12 548
12 289
12 301
12 448
12 453
12 95
13 133
13 519
13 208
13 200
13 525
13 325
13 197
13 230
13 335
13 116
13 587
13 107
13 388
13 404
13 567
14 535
14 267
14 397
14 154
14 164
14 459
14 381
14 135
14 494
14 38
14 311
14 274
14 56
14 531
14 185
14 277
14 29
14 481
15 140
15 300
15 134
15 263
15 97
15 150
15 487
15 366
15 232
15 260
15 596
15 137
15 28
15 395
15 237
15 282
15 595
15 238
16 521
16 268
16 351
16 220
16 247
16 327
16 307
16 213
16 430
16 306
16 209
16 586
16 278
16 22
16 488
16 442
16 68
17 172
17 561
17 55
17 251
17 81
17 555
17 408
17 239
17 80
17 565
17 417
17 348
17 499
17 231
17 407
18 516
18 259
18 271
18 214
18 99
18 509
18 212
18 240
18 218
18 432
18 296
18 337
18 469
18 508
18 283
18 548
18 237
19 386
19 57
19 338
19 460
19 588
19 119
19 53
19 478
19 404
19 228
19 486
19 574
19 452
19 400
19 431
19 467
19 342
19 388
19 397
20 165
20 403
20 20
20 73
20 144
20 367
20 545
20 418
20 39
20 235
20 112
20 339
20 448
20 159
20 168
20 46
20 303
20 76
20 501
21 394
21 27
21 141
21 31
21 244
21 123
21 40
21 36
21 472
21 224
21 50
21 158
21 503
21 402
21 39
21 170
21 340
21 350
21 226
21 109
22 520
22 336
22 312
22 220
22 22
22 68
22 493
22 306
22 211
22 442
22 247
22 521
22 506
22 430
22 586
22 213
22 372
22 358
23 364
23 398
23 374
23 74
23 413
23 489
23 600
23 359
23 455
23 51
23 276
23 281
23 589
23 121
23 408
23 543
23 319
23 79
23 254
23 99
24 148
24 151
24 541
24 358
24 383
24 441
24 62
24 52
24 166
24 249
24 161
24 582
24 30
24 157
24 339
24 26
24 546
24 436
24 438
24 454
24 480
25 353
25 399
25 406
25 536
25 293
25 314
25 246
25 280
25 373
25 328
25 71
25 35
25 192
25 203
25 79
25 553
25 427
25 322
25 204
26 130
26 151
26 438
26 148
26 592
26 249
26 358
26 454
26 436
26 52
26 540
26 166
26 30
26 514
26 157
26 161
26 546
26 480
26 91
27 331
27 186
27 394
27 402
27 221
27 123
27 109
27 472
27 50
27 479
27 244
27 224
27 450
27 31
27 340
27 350
28 374
28 268
28 548
28 137
28 400
28 409
28 263
28 150
28 595
28 232
28 87
28 115
28 461
28 317
28 97
28 366
29 135
29 264
29 267
29 274
29 277
29 38
29 381
29 484
29 295
29 164
29 29
29 447
29 466
29 304
29 311
29 481
30 157
30 148
30 546
30 151
30 582
30 569
30 592
30 480
30 383
30 62
30 358
30 436
30 45
30 541
30 161
30 52
30 454
30 249
31 402
31 221
31 36
31 394
31 244
31 226
31 340
31 44
31 50
31 31
31 472
31 110
31 40
31 170
31 350
32 108
32 405
32 538
32 534
32 583
32 429
32 490
32 560
32 498
32 47
32 443
32 184
32 444
32 423
32 233
32 305
32 566
32 100
33 129
33 514
33 516
33 527
33 146
33 285
33 287
33 75
33 331
33 139
33 491
33 292
33 465
33 71
33 92
33 225
33 482
33 406
34 390
34 266
34 145
34 290
34 288
34 187
34 473
34 488
34 591
34 183
34 524
34 270
34 250
34 283
34 440
34 188
35 399
35 536
35 280
35 293
35 373
35 507
35 246
35 110
35 314
35 406
35 203
35 572
35 35
35 446
35 192
35 322
35 204
36 141
36 402
36 109
36 36
36 242
36 50
36 224
36 226
36 170
36 221
36 561
36 350
36 244
37 125
37 261
37 363
37 103
37 380
37 598
37 265
37 421
37 91
37 468
37 356
37 186
37 37
37 43
37 175
37 563
37 308
37 346
37 241
38 135
38 138
38 397
38 274
38 531
38 164
38 154
38 277
38 304
38 494
38 82
38 447
38 302
38 557
38 381
39 144
39 403
39 159
39 544
39 418
39 419
39 294
39 367
39 76
39 339
39 300
39 112
39 545
39 83
39 169
39 270
39 257
39 551
39 537
40 141
40 242
40 44
40 350
40 40
40 123
40 340
40 244
40 226
40 402
40 158
40 520
40 170
40 479
40 224
41 443
41 357
41 257
41 522
41 410
41 539
41 420
41 551
41 464
41 252
41 349
41 88
41 266
41 433
41 450
41 555
42 275
42 284
42 289
42 571
42 451
42 323
42 301
42 272
42 462
42 127
42 255
42 117
42 114
42 61
42 45
42 330
42 341
42 95
43 92
43 389
43 298
43 297
43 332
43 437
43 205
43 299
43 69
43 72
43 324
43 64
43 196
43 107
43 177
43 207
43 500
44 96
44 394
44 141
44 170
44 402
44 479
44 158
44 50
44 123
44 44
44 472
44 351
44 244
44 503
45 471
45 533
45 156
45 330
45 323
45 275
45 451
45 114
45 571
45 127
45 448
45 341
45 558
45 301
45 462
45 117
45 510
46 236
46 403
46 159
46 544
46 545
46 165
46 168
46 554
46 300
46 76
46 367
46 144
46 419
46 319
46 303
46 52
47 326
47 273
47 405
47 279
47 538
47 160
47 423
47 558
47 583
47 434
47 305
47 490
47 444
47 333
47 445
47 501
48 416
48 428
48 173
48 302
48 93
48 198
48 171
48 167
48 562
48 61
48 49
48 178
48 552
48 96
48 424
48 466
48 373
49 140
49 167
49 552
49 171
49 428
49 173
49 416
49 229
49 562
49 96
49 511
49 178
49 90
49 61
49 70
49 362
49 530
50 593
50 349
50 141
50 402
50 158
50 170
50 242
50 479
50 198
50 221
51 276
51 174
51 176
51 51
51 79
51 254
51 589
51 455
51 319
51 352
51 495
51 543
51 130
51 600
51 489
51 121
51 544
52 492
52 130
52 148
52 151
52 157
52 541
52 161
52 166
52 441
52 582
52 569
52 438
52 62
52 454
53 386
53 396
53 574
53 452
53 361
53 431
53 118
53 126
53 228
53 588
53 460
53 478
53 53
53 338
53 342
53 101
53 371
54 429
54 163
54 298
54 437
54 332
54 512
54 500
54 54
54 207
54 573
54 205
54 422
54 102
54 64
54 72
54 597
54 387
55 408
55 564
55 565
55 378
55 348
55 191
55 379
55 561
55 526
55 499
55 231
55 81
55 555
55 142
55 234
55 239
55 496
55 251
56 264
56 267
56 531
56 277
56 164
56 557
56 304
56 311
56 154
56 459
56 295
56 397
56 484
56 73
56 447
57 549
57 396
57 404
57 478
57 371
57 118
57 460
57 574
57 486
57 467
57 431
57 113
57 134
57 338
57 342
57 101
57 361
57 126
58 533
58 155
58 415
58 181
58 508
58 570
58 458
58 456
58 193
58 85
58 143
58 424
58 502
58 58
58 316
58 579
58 216
58 347
59 131
59 529
59 535
59 547
59 425
59 180
59 353
59 382
59 222
59 542
59 86
59 326
59 63
59 549
59 394
59 317
59 104
60 131
60 529
60 153
60 286
60 549
60 550
60 142
60 382
60 63
60 60
60 547
60 104
60 223
60 152
60 317
60 577
60 326
61 140
61 552
61 171
61 173
61 302
61 562
61 511
61 70
61 61
61 362
61 240
61 320
61 198
61 229
61 269
62 198
62 130
62 540
62 541
62 161
62 436
62 441
62 358
62 249
62 592
62 62
62 480
62 383
62 204
63 142
63 529
63 535
63 542
63 549
63 425
63 223
63 104
63 222
63 382
63 153
63 578
63 269
63 178
63 110
64 389
64 297
64 299
64 332
64 369
64 64
64 196
64 177
64 72
64 437
64 324
64 256
64 512
65 525
65 401
65 567
65 354
65 519
65 248
65 230
65 133
65 197
65 335
65 587
65 107
65 116
65 593
65 325
65 590
65 476
66 407
66 414
66 291
66 435
66 309
66 492
66 475
66 334
66 470
66 439
66 215
66 202
66 210
66 392
66 263
66 594
66 106
67 385
67 517
67 262
67 518
67 412
67 195
67 377
67 206
67 504
67 236
67 364
67 253
67 329
67 124
67 160
67 593
67 471
67 360
67 256
68 521
68 430
68 307
68 442
68 493
68 213
68 586
68 327
68 209
68 520
68 122
68 306
68 553
68 211
69 389
69 297
69 177
69 299
69 597
69 369
69 298
69 69
69 500
69 332
69 196
69 274
69 512
70 140
70 552
70 302
70 562
70 320
70 416
70 511
70 198
70 355
70 93
70 466
70 459
70 96
70 229
71 406
71 536
71 280
71 553
71 427
71 314
71 446
71 328
71 293
71 572
71 199
71 204
71 250
71 246
72 389
72 163
72 297
72 299
72 573
72 500
72 324
72 207
72 72
72 329
73 144
73 544
73 294
73 169
73 300
73 159
73 554
73 76
73 418
73 168
73 73
73 467
73 501
73 251
74 398
74 276
74 281
74 543
74 174
74 176
74 319
74 580
74 455
74 79
74 352
74 359
74 532
74 205
74 77
75 129
75 514
75 527
75 287
75 292
75 491
75 516
75 528
75 108
75 146
75 75
75 413
75 463
75 90
75 328
76 144
76 545
76 419
76 169
76 300
76 303
76 339
76 418
76 403
76 313
76 235
77 532
77 543
77 495
77 121
77 174
77 589
77 77
77 489
77 580
77 359
77 276
77 374
77 295
77 600
78 418
78 261
78 265
78 175
78 563
78 576
78 194
78 368
78 598
78 363
78 78
78 308
78 91
78 585
78 468
78 356
78 103
78 120
79 398
79 276
79 174
79 176
79 455
79 589
79 352
79 543
79 495
79 532
79 374
79 484
79 600
79 359
79 254
80 561
80 81
80 564
80 526
80 348
80 191
80 231
80 555
80 379
80 477
80 378
80 80
80 272
80 102
80 234
80 239
80 496
81 356
81 555
81 172
81 561
81 564
81 565
81 239
81 417
81 408
81 378
81 231
81 363
81 477
81 102
81 251
82 135
82 264
82 138
82 267
82 397
82 531
82 154
82 164
82 304
82 295
82 447
82 459
82 274
82 323
82 481
83 514
83 266
83 269
83 270
83 411
83 288
83 290
83 183
83 185
83 474
83 488
83 344
83 546
83 125
84 257
84 162
84 420
84 556
84 318
84 457
84 252
84 450
84 233
84 433
84 84
84 568
84 367
85 389
85 143
85 149
85 570
85 193
85 579
85 85
85 181
85 533
85 155
85 508
85 458
85 361
85 343
85 216
85 227
86 529
86 535
86 153
86 542
86 286
86 180
86 317
86 578
86 326
86 382
86 425
86 86
86 329
86 222
87 137
87 559
87 461
87 595
87 87
87 400
87 409
87 134
87 263
87 596
87 282
87 98
87 374
87 487
87 232
87 115
88 257
88 522
88 556
88 568
88 450
88 233
88 410
88 551
88 162
88 584
88 539
88 349
88 195
88 105
88 402
89 385
89 258
89 517
89 262
89 391
89 593
89 217
89 364
89 471
89 124
89 360
89 253
89 518
89 89
89 111
89 192
90 129
90 139
90 527
90 285
90 331
90 599
90 513
90 463
90 375
90 491
90 292
90 92
90 465
90 255
90 225
90 482
90 108
90 359
90 156
91 265
91 175
91 308
91 576
91 468
91 598
91 241
91 421
91 380
91 333
91 505
91 243
91 356
91 103
92 514
92 516
92 139
92 527
92 146
92 331
92 463
92 599
92 287
92 108
92 129
92 482
92 225
92 375
93 578
93 167
93 171
93 173
93 302
93 562
93 313
93 198
93 355
93 416
93 320
93 362
93 382
94 132
94 291
94 179
94 309
94 439
94 581
94 202
94 334
94 435
94 594
94 475
94 392
94 492
94 212
95 107
95 469
95 156
95 289
95 315
95 571
95 451
95 323
95 453
95 117
95 147
95 255
95 130
95 510
96 416
96 167
96 552
96 171
96 313
96 198
96 466
96 302
96 96
96 355
97 260
97 134
97 137
97 400
97 152
97 282
97 595
97 190
97 232
97 150
97 596
97 98
97 493
97 487
97 238
98 345
98 109
98 260
98 263
98 395
98 400
98 150
98 461
98 596
98 409
98 238
98 152
98 223
98 232
98 366
99 515
99 259
99 136
99 548
99 426
99 212
99 99
99 214
99 337
99 509
99 469
99 506
99 237
99 421
100 405
100 534
100 279
100 538
100 160
100 434
100 566
100 583
100 429
100 357
100 184
100 498
100 182
100 130
101 396
101 404
101 431
101 574
101 452
101 342
101 126
101 460
101 486
101 478
101 588
101 102
101 118
101 155
102 589
102 526
102 555
102 172
102 561
102 564
102 102
102 417
102 379
102 563
102 234
102 499
103 261
103 265
103 563
103 308
103 576
103 194
103 333
103 356
103 120
103 468
103 380
103 225
103 363
104 131
104 535
104 286
104 549
104 550
104 317
104 577
104 142
104 326
104 180
104 353
105 522
105 410
105 539
105 420
105 433
105 568
105 318
105 584
105 464
105 162
105 233
105 550
106 435
106 179
106 334
106 475
106 376
106 414
106 132
106 581
106 594
106 202
106 449
106 215
106 530
106 116
106 492
107 388
107 133
107 525
107 567
107 325
107 197
107 200
107 587
107 590
107 476
107 208
107 354
107 370
108 513
108 139
108 527
108 146
108 285
108 292
108 463
108 599
108 331
108 516
108 532
109 141
109 170
109 340
109 472
109 221
109 224
109 394
109 244
109 242
109 226
110 399
110 406
110 280
110 314
110 572
110 192
110 322
110 328
110 507
110 204
110 427
110 553
110 373
111 258
111 517
111 518
111 195
111 593
111 217
111 364
111 377
111 262
111 385
111 471
111 497
111 391
111 495
112 144
112 159
112 544
112 418
112 168
112 169
112 235
112 367
112 419
112 554
112 112
112 440
113 386
113 396
113 431
113 486
113 361
113 452
113 574
113 467
113 228
113 478
113 118
113 119
113 167
113 265
114 275
114 289
114 315
114 453
114 330
114 462
114 301
114 451
114 323
114 127
114 571
114 185
114 117
114 510
115 134
115 263
115 395
115 400
115 595
115 238
115 596
115 366
115 152
115 190
115 409
115 559
115 372
116 388
116 133
116 519
116 393
116 525
116 567
116 325
116 587
116 335
116 476
116 116
116 167
117 272
117 275
117 147
117 315
117 448
117 156
117 510
117 289
117 330
117 284
117 134
118 452
118 338
118 478
118 228
118 371
118 396
118 588
118 342
118 118
119 452
119 588
119 338
119 467
119 361
119 119
119 478
119 404
119 386
119 396
119 548
120 261
120 186
120 576
120 333
120 598
120 363
120 243
120 265
120 421
120 356
120 175
120 308
120 254
120 456
121 580
121 489
121 398
121 374
121 359
121 276
121 532
121 319
121 589
121 176
121 352
121 449
121 254
121 315
122 132
122 520
122 268
122 430
122 442
122 336
122 209
122 485
122 247
122 493
122 312
122 327
122 122
123 162
123 394
123 141
123 340
123 221
123 226
123 242
123 479
123 350
123 402
123 183
124 466
124 258
124 517
124 262
124 195
124 593
124 364
124 377
124 391
124 253
124 518
124 471
124 509
124 458
125 390
125 288
125 183
125 187
125 188
125 474
125 483
125 266
125 344
125 524
125 591
125 411
125 246
126 452
126 588
126 338
126 467
126 478
126 361
126 486
126 396
126 126
126 465
127 407
127 272
127 147
127 448
127 453
127 330
127 462
127 341
127 323
127 289
127 580
128 399
128 537
128 427
128 322
128 199
128 203
128 293
128 507
128 373
128 204
128 246
128 406
128 128
128 423
129 528
129 465
129 513
129 375
129 491
129 516
129 225
129 285
129 146
129 527
129 292
129 398
129 514
129 599
130 338
130 166
130 540
130 148
130 592
130 582
130 383
130 157
130 438
130 452
130 151
130 161
130 546
130 436
130 441
130 569
131 180
131 382
131 286
131 535
131 131
131 317
131 222
131 542
131 153
131 550
131 592
131 529
131 547
131 549
131 223
132 202
132 179
132 291
132 439
132 470
132 407
132 392
132 594
132 581
132 334
132 449
132 376
132 414
133 200
133 370
133 248
133 525
133 133
133 388
133 587
133 230
133 519
133 368
133 567
133 585
133 590
133 354
133 435
134 231
134 596
134 595
134 134
134 282
134 461
134 487
134 559
134 548
134 137
134 395
134 400
134 150
134 152
135 295
135 164
135 397
135 531
135 267
135 447
135 274
135 459
135 135
135 381
135 537
135 264
135 557
135 494
136 259
136 245
136 310
136 469
136 237
136 240
136 296
136 548
136 345
136 506
136 515
136 575
136 214
136 450
136 283
136 432
136 365
137 152
137 238
137 400
137 137
137 232
137 260
137 190
137 461
137 263
137 147
137 395
137 150
137 487
137 366
138 484
138 274
138 459
138 264
138 267
138 494
138 557
138 481
138 397
138 164
138 311
138 277
138 388
138 154
138 295
138 304
138 381
139 514
139 513
139 287
139 285
139 465
139 146
139 292
139 463
139 491
139 225
139 449
139 527
139 528
139 599
139 417
139 384
140 362
140 178
140 466
140 140
140 167
140 173
140 428
140 416
140 511
140 562
140 313
140 198
140 329
140 148
141 305
141 157
141 402
141 479
141 503
141 226
141 472
141 510
141 224
142 577
142 353
142 222
142 542
142 578
142 326
142 142
142 550
142 549
142 382
142 223
142 547
142 449
142 529
142 535
142 153
142 286
142 317
143 387
143 502
143 181
143 424
143 384
143 189
143 216
143 193
143 316
143 533
143 219
143 347
143 570
143 188
143 415
144 367
144 545
144 544
144 303
144 339
144 300
144 294
144 554
144 168
144 459
144 419
144 169
144 501
144 284
145 222
145 266
145 524
145 269
145 270
145 145
145 473
145 411
145 288
145 390
145 474
145 472
145 290
145 183
145 185
145 187
145 344
145 464
146 514
146 516
146 528
146 292
146 482
146 287
146 463
146 146
146 599
146 375
146 227
147 453
147 448
147 301
147 341
147 451
147 289
147 315
147 330
147 571
147 275
147 284
147 156
147 191
147 462
147 395
148 480
148 166
148 454
148 249
148 441
148 569
148 161
148 540
148 358
148 592
148 582
148 541
148 546
149 570
149 579
149 193
149 415
149 219
149 347
149 387
149 216
149 149
149 343
149 502
149 456
149 558
149 533
149 155
149 424
149 181
149 458
149 384
150 260
150 400
150 150
150 238
150 366
150 263
150 282
150 190
150 395
150 300
150 152
150 487
150 232
151 540
151 441
151 151
151 569
151 436
151 480
151 157
151 249
151 592
151 589
151 166
151 438
151 582
151 454
151 365
152 428
152 248
152 395
152 400
152 487
152 595
152 232
152 559
152 238
152 220
152 409
152 190
152 461
153 529
153 425
153 382
153 542
153 180
153 550
153 549
153 286
153 317
153 547
153 321
153 222
153 223
153 353
154 264
154 267
154 274
154 277
154 494
154 304
154 484
154 481
154 459
154 154
154 219
154 572
154 508
155 570
155 216
155 387
155 415
155 193
155 458
155 384
155 347
155 189
155 456
155 533
155 508
155 316
156 313
156 272
156 275
156 156
156 255
156 451
156 330
156 448
156 510
156 301
156 571
156 323
156 461
157 486
157 540
157 454
157 436
157 480
157 541
157 358
157 157
157 438
157 441
157 249
158 325
158 402
158 226
158 221
158 224
158 340
158 472
158 158
158 479
158 503
158 196
158 170
159 403
159 339
159 235
159 419
159 554
159 544
159 303
159 545
159 501
159 266
159 418
159 294
159 300
159 367
159 565
160 273
160 405
160 534
160 279
160 566
160 443
160 160
160 434
160 184
160 423
160 446
160 215
161 541
161 438
161 441
161 546
161 161
161 569
161 420
161 426
162 257
162 410
162 539
162 464
162 584
162 551
162 457
162 349
162 568
162 233
162 450
162 420
162 433
163 389
163 437
163 299
163 324
163 512
163 369
163 597
163 500
163 298
163 422
163 573
163 293
164 264
164 397
164 304
164 557
164 447
164 277
164 459
164 375
164 295
164 503
165 588
165 403
165 419
165 235
165 418
165 545
165 169
165 168
165 554
165 165
165 483
165 294
165 300
165 501
165 446
166 540
166 541
166 546
166 569
166 592
166 441
166 582
166 249
166 488
166 436
166 438
166 596
167 416
167 428
167 313
167 320
167 171
167 167
167 511
167 215
167 552
167 173
167 302
167 178
167 290
168 478
168 171
168 403
168 544
168 545
168 168
168 300
168 272
168 169
168 501
169 544
169 545
169 367
169 303
169 294
169 235
169 206
169 554
170 394
170 479
170 244
170 350
170 221
170 237
170 340
170 503
171 552
171 313
171 320
171 355
171 362
171 302
171 416
171 178
171 562
171 229
172 527
172 212
172 523
172 526
172 417
172 239
172 561
172 565
172 499
172 251
172 378
172 559
172 564
172 477
172 234
173 416
173 428
173 552
173 562
173 355
173 229
173 198
173 466
173 311
173 178
173 320
174 398
174 543
174 600
174 489
174 580
174 495
174 254
174 532
174 281
174 413
174 352
174 376
174 319
174 455
174 245
175 467
175 421
175 368
175 241
175 186
175 346
175 598
175 380
175 308
175 261
175 363
175 538
175 563
175 333
175 243
176 532
176 276
176 543
176 495
176 398
176 600
176 359
176 281
176 254
176 176
176 319
176 580
176 455
176 352
176 374
177 297
177 324
177 389
177 321
177 177
177 205
177 332
177 512
177 299
177 369
177 496
177 437
177 196
177 448
178 552
178 302
178 466
178 229
178 198
178 416
178 355
178 313
178 320
178 419
179 530
179 414
179 291
179 435
179 449
179 215
179 470
179 439
179 210
179 309
179 312
179 581
179 475
179 318
180 180
180 286
180 353
180 326
180 578
180 550
180 577
180 222
180 425
181 362
181 415
181 424
181 193
181 181
181 579
181 384
181 502
181 216
181 219
181 300
181 316
181 189
181 456
181 458
181 347
181 227
182 206
182 273
182 534
182 538
182 429
182 558
182 560
182 305
182 434
182 566
182 444
182 445
182 498
182 490
182 390
182 184
182 443
182 357
182 250
182 263
183 266
183 269
183 288
183 270
183 591
183 473
183 185
183 411
183 440
183 188
183 220
183 474
184 429
184 560
184 434
184 498
184 445
184 583
184 423
184 273
184 357
184 184
184 207
184 443
185 269
185 290
185 488
185 411
185 524
185 266
185 250
185 188
185 185
185 409
185 187
185 344
186 261
186 265
186 421
186 563
186 308
186 363
186 368
186 346
186 186
186 468
186 576
186 356
186 505
186 380
187 390
187 266
187 269
187 290
187 473
187 474
187 270
187 250
187 524
187 288
187 271
187 188
188 390
188 266
188 440
188 270
188 188
188 483
188 269
188 492
189 361
189 415
189 424
189 343
189 387
189 456
189 219
189 189
189 316
189 533
189 240
189 193
189 227
190 260
190 395
190 409
190 282
190 190
190 596
190 366
190 595
190 487
190 400
190 510
190 461
191 195
191 575
191 243
191 523
191 526
191 408
191 417
191 561
191 565
191 499
191 379
191 231
191 477
191 276
191 239
192 217
192 344
192 406
192 536
192 537
192 293
192 427
192 373
192 446
192 322
192 204
193 387
193 458
193 456
193 502
193 384
193 193
193 562
193 343
193 219
194 292
194 265
194 421
194 563
194 308
194 576
194 380
194 598
194 333
194 363
194 368
194 241
194 331
194 346
194 505
195 385
195 258
195 517
195 262
195 518
195 471
195 593
195 504
195 206
195 497
195 256
195 360
195 364
196 197
196 539
196 389
196 422
196 297
196 298
196 299
196 437
196 573
196 597
196 333
196 512
197 388
197 519
197 393
197 525
197 567
197 590
197 585
197 587
197 476
197 370
197 354
198 313
198 320
198 362
198 302
198 416
198 562
198 511
198 310
199 399
199 536
199 537
199 280
199 553
199 314
199 572
199 204
199 199
199 446
199 507
199 322
199 468
199 246
200 388
200 393
200 567
200 587
200 248
200 230
200 335
200 354
200 525
200 476
200 208
200 202
200 590
201 465
201 281
201 539
201 551
201 318
201 450
201 584
201 349
201 252
201 410
201 522
201 433
201 566
201 233
201 462
202 530
202 407
202 291
202 435
202 581
202 414
202 202
202 594
202 309
202 499
202 470
202 475
202 492
203 406
203 536
203 572
203 314
203 204
203 322
203 507
203 328
203 537
203 399
203 203
203 242
204 399
204 406
204 536
204 293
204 553
204 572
204 328
204 314
204 246
205 422
205 297
205 298
205 299
205 573
205 321
205 389
205 332
205 205
205 500
206 258
206 517
206 262
206 391
206 412
206 236
206 256
206 518
206 253
206 504
206 217
206 385
206 593
206 319
207 556
207 422
207 298
207 437
207 573
207 332
207 369
207 297
207 512
207 321
207 384
207 597
208 388
208 519
208 567
208 325
208 587
208 590
208 335
208 476
208 230
208 525
208 393
208 248
208 295
208 249
208 238
209 268
209 307
209 312
209 213
209 278
209 493
209 430
209 336
209 220
209 442
209 586
209 429
209 211
209 351
210 392
210 439
210 215
210 376
210 475
210 435
210 334
210 594
210 581
210 414
210 291
210 265
210 470
211 521
211 430
211 312
211 586
211 327
211 220
211 442
211 520
211 307
211 211
211 488
211 247
212 371
212 312
212 515
212 259
212 271
212 426
212 310
212 548
212 509
212 432
212 296
212 469
212 345
212 218
213 520
213 430
213 306
213 307
213 312
213 327
213 521
213 485
213 586
213 268
213 216
213 220
213 372
214 259
214 575
214 337
214 469
214 245
214 426
214 432
214 310
214 214
214 296
214 365
214 449
214 345
215 302
215 545
215 530
215 407
215 291
215 439
215 334
215 376
215 475
215 492
216 533
216 415
216 219
216 387
216 456
216 570
216 458
216 347
216 227
216 508
217 385
217 517
217 391
217 518
217 471
217 236
217 593
217 256
217 253
217 364
217 497
217 360
218 438
218 259
218 548
218 426
218 310
218 337
218 296
218 575
218 345
218 509
218 283
218 365
218 585
219 525
219 387
219 533
219 579
219 343
219 227
219 458
219 242
220 520
220 268
220 586
220 336
220 521
220 327
220 278
220 493
220 368
221 402
221 340
221 221
221 226
221 244
221 528
221 350
221 224
221 242
221 503
222 529
222 547
222 549
222 550
222 353
222 326
222 578
222 382
222 494
222 522
223 542
223 286
223 547
223 425
223 578
223 326
223 223
223 550
223 471
224 402
224 479
224 350
224 472
224 242
224 365
225 513
225 516
225 287
225 599
225 225
225 527
225 331
225 514
225 299
225 482
225 332
225 232
226 503
226 394
226 472
226 340
226 242
226 415
226 244
227 308
227 387
227 424
227 570
227 458
227 343
227 347
227 316
227 533
227 384
228 431
228 452
228 588
228 342
228 371
228 460
228 486
228 338
228 404
228 361
228 269
229 416
229 302
229 562
229 313
229 355
229 466
229 320
229 286
229 511
230 393
230 525
230 401
230 567
230 325
230 476
230 370
230 590
230 230
231 529
231 523
231 526
231 417
231 564
231 477
231 378
231 379
231 496
231 239
232 282
232 559
232 461
232 366
232 595
232 400
233 493
233 522
233 420
233 556
233 450
233 457
233 464
233 252
233 278
233 597
234 468
234 523
234 526
234 408
234 417
234 561
234 348
234 234
234 379
234 312
234 239
234 496
234 499
234 301
235 385
235 403
235 545
235 418
235 419
235 294
235 554
235 303
235 338
236 385
236 262
236 391
236 412
236 329
236 360
236 471
236 497
236 504
236 236
236 377
236 256
236 306
236 337
237 423
237 259
237 283
237 296
237 426
237 432
237 469
237 345
237 365
237 310
237 515
237 595
237 245
238 260
238 263
238 366
238 596
238 487
238 409
238 395
239 523
239 408
239 348
239 561
239 565
239 251
239 516
239 379
240 311
240 591
240 432
240 310
240 575
240 240
240 506
240 469
240 509
240 345
240 596
240 245
240 526
241 552
241 261
241 421
241 563
241 308
241 468
241 346
241 356
241 368
241 363
241 543
241 243
241 505
241 424
242 394
242 402
242 340
242 350
242 503
242 289
243 261
243 421
243 308
243 333
243 563
243 243
243 363
243 380
243 346
243 505
244 394
244 350
244 479
244 402
244 386
245 450
245 515
245 259
245 310
245 469
245 432
245 245
245 506
245 283
245 536
246 406
246 536
246 537
246 446
246 328
246 507
246 427
246 572
246 314
247 520
247 278
247 430
247 306
247 307
247 312
247 442
247 351
247 493
247 372
247 533
248 388
248 519
248 525
248 401
248 325
248 587
248 590
248 476
248 370
249 454
249 383
249 436
249 541
249 480
249 438
250 431
250 266
250 411
250 290
250 344
250 473
250 474
250 440
250 269
250 524
251 526
251 417
251 555
251 348
251 378
251 477
251 523
251 379
251 496
252 560
252 327
252 257
252 522
252 539
252 420
252 551
252 556
252 433
252 318
252 450
252 349
253 258
253 517
253 518
253 412
253 593
253 471
253 360
253 377
253 256
253 508
254 281
254 543
254 580
254 589
254 455
254 352
254 398
254 600
254 270
255 264
255 275
255 284
255 289
255 301
255 315
255 272
255 571
255 462
255 583
256 258
256 412
256 329
256 377
256 256
256 471
256 391
256 390
257 287
257 556
257 522
257 420
257 539
257 464
257 584
257 410
257 433
257 568
258 404
258 364
258 504
258 329
258 412
258 385
258 391
258 366
258 517
258 392
259 515
259 337
259 575
259 506
259 345
259 296
259 503
259 271
259 283
259 432
260 393
260 437
260 282
260 395
260 366
260 263
260 596
260 409
260 260
260 400
260 559
261 421
261 576
261 356
261 363
261 346
261 368
261 261
261 265
261 563
261 308
262 385
262 517
262 518
262 329
262 497
262 391
262 471
262 262
262 412
262 593
262 377
262 427
263 520
263 366
263 409
263 263
263 395
263 596
263 559
263 282
264 494
264 557
264 311
264 274
264 481
264 397
264 484
264 459
264 267
264 277
265 370
265 468
265 265
265 346
265 598
265 421
265 308
265 333
265 505
266 266
266 483
266 524
266 390
266 377
266 269
266 411
266 290
266 440
266 488
266 571
267 311
267 295
267 267
267 447
267 557
267 506
267 531
267 481
267 381
267 383
268 493
268 327
268 351
268 268
268 521
268 372
268 430
268 336
268 278
268 307
268 312
268 442
268 586
268 485
269 269
269 488
269 270
269 591
269 288
269 290
269 473
269 441
270 396
270 474
270 591
270 290
270 270
270 390
270 411
270 288
270 344
270 473
271 515
271 548
271 296
271 506
271 365
271 337
271 509
271 575
271 283
271 310
271 507
271 426
271 432
271 469
271 341
272 585
272 291
272 502
272 284
272 462
272 323
272 330
272 448
272 418
272 275
272 301
272 510
273 583
273 443
273 405
273 305
273 534
273 490
273 444
273 566
273 273
273 429
273 598
273 538
273 434
273 307
273 321
274 397
274 381
274 484
274 481
274 447
274 304
274 277
274 307
274 531
274 557
274 311
274 459
275 284
275 330
275 289
275 341
275 275
275 510
275 354
275 301
275 315
275 571
275 451
275 323
275 453
276 398
276 276
276 489
276 374
276 413
276 455
276 352
276 359
276 532
276 420
276 589
276 600
277 397
277 304
277 484
277 295
277 381
277 459
277 447
277 596
277 311
277 494
278 386
278 520
278 372
278 307
278 306
278 586
278 327
278 493
278 351
278 521
278 430
278 579
278 442
279 405
279 534
279 444
279 560
279 566
279 498
279 558
279 445
279 423
279 538
279 357
279 421
279 305
279 363
280 454
280 537
280 507
280 446
280 399
280 553
280 373
280 536
280 314
280 563
280 293
280 572
280 322
281 398
281 281
281 589
281 495
281 319
281 374
281 543
281 532
281 352
281 413
282 409
282 559
282 596
282 461
282 282
282 410
282 487
283 426
283 509
283 283
283 296
283 337
283 310
283 365
283 513
283 548
283 469
284 391
284 341
284 323
284 462
284 453
284 451
284 330
284 315
284 301
284 571
285 375
285 285
285 331
285 516
285 491
285 292
285 482
285 566
285 463
285 432
286 529
286 535
286 550
286 542
286 326
286 382
286 578
286 378
286 549
286 425
286 317
286 577
286 455
287 514
287 516
287 528
287 292
287 482
287 375
287 331
287 599
287 465
287 336
287 598
288 381
288 524
288 411
288 390
288 344
288 288
288 474
288 507
288 473
288 483
288 488
288 340
289 453
289 451
289 289
289 330
289 510
289 448
289 301
289 315
289 462
290 524
290 591
290 440
290 483
290 344
290 488
291 425
291 392
291 449
291 334
291 492
291 470
291 439
291 435
291 581
291 594
291 475
292 514
292 513
292 491
292 375
292 516
292 528
292 465
293 399
293 293
293 536
293 328
293 507
293 427
293 322
293 553
293 314
293 572
293 446
293 373
294 294
294 303
294 554
294 367
294 419
294 418
294 484
295 397
295 447
295 494
295 557
295 381
295 531
295 546
295 311
296 548
296 310
296 296
296 509
296 575
296 515
296 506
296 348
296 432
297 540
297 389
297 422
297 321
297 332
297 597
297 437
297 324
297 354
297 299
297 573
298 422
298 324
298 298
298 332
298 597
298 512
298 525
298 369
299 422
299 389
299 332
299 324
299 597
299 497
299 437
299 573
299 369
299 505
300 403
300 545
300 544
300 367
300 418
300 339
300 303
300 501
301 451
301 510
301 571
301 448
301 453
301 330
301 462
301 341
302 552
302 428
302 302
302 355
302 562
302 313
302 466
302 600
303 403
303 545
303 418
303 554
303 544
303 389
304 397
304 531
304 311
304 447
304 494
304 513
305 405
305 423
305 498
305 490
305 445
305 538
305 429
305 357
305 583
306 521
306 520
306 586
306 493
306 372
306 306
306 430
306 485
306 336
307 521
307 520
307 372
307 586
307 351
307 336
308 363
308 333
308 356
308 505
308 598
309 392
309 407
309 435
309 439
309 470
309 492
309 309
309 581
309 594
309 328
309 449
309 376
310 515
310 548
310 432
310 509
310 337
310 506
310 345
311 557
311 459
311 447
311 481
311 381
312 430
312 372
312 351
312 327
312 521
312 485
312 336
313 416
313 428
313 511
313 320
313 355
314 399
314 536
314 537
314 427
314 406
314 322
314 366
314 572
315 543
315 315
315 341
315 330
315 510
315 453
316 387
316 533
316 424
316 570
316 458
316 502
316 316
316 456
316 343
316 532
317 529
317 547
317 549
317 326
317 578
317 577
317 512
318 522
318 410
318 539
318 420
318 551
318 568
318 433
318 464
318 584
318 349
319 398
319 413
319 543
319 495
319 455
319 589
319 319
319 580
319 600
319 359
320 416
320 552
320 428
320 355
320 562
320 320
320 338
320 466
320 511
321 594
321 437
321 573
321 422
321 369
321 332
321 324
321 321
321 512
322 354
322 399
322 406
322 553
322 427
322 373
322 409
323 485
323 448
323 323
323 571
323 367
323 330
324 573
324 332
324 512
324 500
324 389
324 358
325 388
325 393
325 525
325 401
325 354
325 567
325 590
325 580
326 535
326 542
326 547
326 577
326 353
326 550
326 326
327 442
327 521
327 520
327 430
327 586
327 372
327 351
327 336
327 485
328 449
328 536
328 537
328 553
328 373
328 427
328 572
329 385
329 517
329 412
329 364
329 391
329 504
329 497
329 471
330 594
330 462
330 341
331 516
331 599
331 482
331 465
331 514
331 528
331 331
331 513
331 463
331 375
332 422
332 437
332 512
332 500
333 421
333 356
333 505
333 368
333 380
333 375
333 468
333 598
334 583
334 407
334 435
334 594
334 449
334 492
334 334
334 373
334 376
335 388
335 519
335 525
335 401
335 585
335 393
335 335
335 360
335 354
335 370
336 520
336 521
336 430
336 442
336 485
336 493
337 515
337 548
337 337
337 345
337 575
337 426
337 469
338 431
338 588
338 460
338 404
338 361
338 396
338 371
338 538
339 544
339 545
339 418
339 419
339 554
339 339
339 359
339 501
340 394
340 402
340 503
341 571
341 451
341 462
341 341
342 386
342 396
342 574
342 588
342 467
342 361
342 431
342 486
342 531
342 478
343 533
343 415
343 424
343 570
343 579
343 343
343 458
343 524
343 384
344 567
344 390
344 474
344 473
344 411
344 440
344 524
344 483
344 488
345 515
345 548
345 509
345 345
345 432
345 365
345 496
346 513
346 421
346 563
346 576
346 468
346 346
346 582
346 356
347 387
347 456
347 458
347 384
347 347
347 508
347 406
348 523
348 408
348 564
348 417
348 378
348 496
348 526
348 477
348 571
348 379
349 376
349 522
349 410
349 551
349 464
349 420
349 584
349 380
349 523
350 405
350 472
350 394
350 479
350 350
351 520
351 442
351 586
351 493
351 351
351 435
351 485
352 398
352 532
352 455
352 589
352 374
352 495
352 580
352 516
353 529
353 535
353 542
353 549
353 425
353 577
353 353
354 519
354 393
354 401
354 585
354 587
354 476
354 590
354 370
354 595
355 552
355 428
355 466
355 472
355 362
356 576
356 356
356 368
356 363
357 429
357 566
357 443
357 444
357 534
357 490
357 498
357 538
357 405
357 430
358 541
358 436
358 438
358 441
358 569
358 454
358 480
358 383
359 532
359 580
359 455
359 589
359 600
359 495
359 413
359 489
359 374
359 433
360 391
360 471
360 593
360 412
360 385
360 377
360 504
360 360
360 497
360 499
361 404
361 478
361 574
361 386
361 452
362 416
362 552
362 428
362 562
362 466
362 362
363 491
363 563
363 368
363 505
364 385
364 518
364 391
364 517
364 471
364 497
365 548
365 426
365 575
365 515
365 509
365 432
365 506
365 559
366 559
366 461
366 595
366 391
367 403
367 418
367 554
367 544
367 579
368 421
368 576
368 598
368 563
368 588
368 505
369 389
369 437
369 573
369 422
369 369
369 500
370 401
370 585
370 393
370 567
370 590
370 525
371 404
371 574
371 588
371 460
371 478
371 431
371 396
371 486
372 528
372 521
372 442
372 372
372 485
373 406
373 553
373 427
373 572
373 446
374 377
374 532
374 413
374 580
374 455
374 600
375 513
375 528
375 527
375 491
375 516
375 436
376 392
376 530
376 594
376 439
376 376
377 385
377 517
377 471
377 497
377 391
377 504
377 518
378 523
378 526
378 565
378 477
378 499
378 496
378 378
379 523
379 565
379 417
379 555
379 408
379 561
379 490
380 444
380 468
380 505
380 380
380 421
381 484
381 447
381 397
381 557
381 400
382 542
382 547
382 549
382 550
382 578
382 597
382 553
383 541
383 480
383 582
383 592
383 383
383 546
383 454
384 533
384 456
384 458
384 579
384 502
385 593
385 497
385 504
385 517
385 471
385 518
386 574
386 467
386 404
386 431
386 386
386 460
386 486
386 452
387 416
387 481
387 424
387 570
387 458
387 502
387 579
387 415
387 456
388 476
388 393
388 388
388 525
388 585
388 401
388 590
389 422
389 500
389 389
389 597
389 437
389 573
390 483
390 474
390 524
390 591
390 411
390 488
390 473
390 459
390 440
391 504
391 391
391 497
391 471
391 593
391 412
391 518
392 392
392 594
392 470
392 439
392 449
392 414
392 581
392 530
392 435
392 408
392 570
393 519
393 525
393 401
393 476
393 393
393 590
394 503
394 479
394 472
394 402
394 553
395 568
395 569
395 595
395 559
395 400
395 409
396 404
396 486
396 396
396 467
396 431
396 478
396 574
396 452
396 561
397 447
397 481
397 494
397 484
397 541
398 489
398 413
398 543
398 398
398 407
398 532
398 589
398 411
398 546
399 554
399 399
399 427
399 446
399 472
399 406
399 537
399 553
400 559
400 596
400 409
400 461
401 519
401 401
401 585
401 476
401 525
401 546
401 495
402 479
402 503
403 419
403 403
403 501
403 541
403 545
404 588
404 404
404 478
404 460
404 486
404 431
404 574
405 423
405 434
405 566
405 534
405 583
405 558
405 444
405 538
406 553
406 406
406 537
406 446
407 530
407 449
407 414
407 475
407 470
407 594
407 439
408 408
408 477
408 565
408 561
408 555
408 499
408 564
408 496
409 500
409 487
409 596
409 559
409 461
409 473
409 595
410 420
410 568
410 464
410 450
410 584
410 410
410 521
410 551
410 556
410 457
411 524
411 488
411 473
411 440
411 411
412 577
412 517
412 518
412 471
412 497
412 436
413 518
413 532
413 589
413 543
413 455
413 600
413 495
413 440
413 580
413 489
414 449
414 439
414 414
414 475
414 492
414 530
414 470
414 462
414 435
415 424
415 579
415 502
415 570
415 416
416 428
416 552
416 466
416 511
416 562
417 561
417 565
417 523
417 417
417 477
417 526
417 499
417 555
417 496
418 501
418 544
418 545
418 554
418 419
418 531
419 545
419 419
419 554
419 470
420 584
420 433
420 464
420 460
420 568
420 450
420 422
421 563
421 505
421 468
422 547
422 437
422 422
422 500
422 597
423 452
423 534
423 490
423 444
423 558
423 443
423 445
423 560
423 429
424 579
424 570
424 533
424 502
424 508
425 535
425 542
425 547
425 549
425 550
425 529
425 425
425 577
426 548
426 509
426 575
426 506
426 432
426 515
426 469
427 536
427 537
427 553
427 507
427 572
428 552
428 466
428 511
429 538
429 490
429 445
429 434
429 498
429 566
429 444
429 560
429 558
429 583
430 474
430 521
430 493
430 485
431 467
431 574
431 478
431 486
431 452
431 460
432 582
432 548
432 575
432 432
433 539
433 433
433 464
433 522
433 568
433 450
433 457
433 515
434 534
434 538
434 558
434 434
434 560
434 461
434 566
435 530
435 581
435 492
435 470
435 475
435 512
436 546
436 438
436 592
436 569
436 441
437 597
437 500
438 540
438 541
438 480
438 569
438 582
439 530
439 581
439 449
439 594
439 515
439 475
439 507
440 524
440 488
440 474
440 440
440 591
440 483
441 540
441 582
441 454
441 480
442 520
442 493
442 521
442 575
442 485
443 558
443 498
443 583
443 445
443 534
443 444
443 490
444 538
444 566
444 560
444 490
445 534
445 558
445 538
445 498
445 490
445 583
445 584
446 542
446 536
446 537
446 572
446 507
446 553
447 557
447 494
447 521
447 481
448 448
448 453
449 530
449 581
449 475
449 492
450 522
450 539
450 551
450 457
450 464
450 584
451 571
451 451
451 483
451 453
452 574
452 486
452 588
452 467
452 519
453 571
453 462
453 564
454 569
454 582
454 454
454 592
455 532
455 489
456 570
456 579
456 502
456 458
457 539
457 551
457 556
457 584
457 457
457 522
457 458
457 592
458 533
458 579
458 508
458 502
459 531
459 557
459 597
460 478
460 460
460 486
460 588
460 582
460 467
461 487
462 510
463 513
463 516
463 527
463 528
463 599
463 482
463 589
463 465
463 491
464 522
464 551
464 556
465 514
465 513
465 527
465 491
465 482
465 516
466 466
466 562
467 478
467 467
467 486
468 563
468 468
468 576
468 472
469 515
469 506
469 469
470 581
470 594
471 518
471 504
471 579
472 479
472 503
473 591
473 483
473 473
474 524
474 591
474 488
474 479
475 530
475 581
475 493
476 590
476 519
476 585
476 553
477 523
477 526
477 561
477 555
477 527
477 496
478 574
478 588
479 503
480 592
480 582
480 540
480 514
481 531
481 484
481 494
482 528
482 513
482 491
482 482
483 524
483 591
483 488
483 497
484 531
484 484
484 575
484 494
485 558
485 521
485 586
485 493
486 588
487 559
487 487
487 530
488 524
488 571
489 600
489 589
489 489
489 496
490 534
490 538
490 558
490 560
490 583
491 513
491 516
491 527
492 530
493 586
494 531
495 532
495 580
495 600
496 523
496 526
496 555
496 561
497 517
497 518
497 593
497 520
498 538
498 558
498 560
498 534
498 577
499 523
499 526
499 565
499 564
500 500
500 564
501 544
501 545
501 501
502 533
502 570
502 508
504 562
504 518
504 593
504 504
505 563
505 598
505 576
506 575
506 589
507 536
507 537
507 572
508 599
508 570
508 533
508 579
509 586
509 515
509 548
509 575
510 571
510 566
511 552
511 511
512 597
513 528
513 516
513 599
513 527
514 514
514 599
514 527
514 516
515 515
515 575
516 599
516 516
516 528
516 566
517 574
517 518
517 593
518 593
519 519
519 590
519 567
519 585
520 586
520 520
520 521
521 521
521 586
521 540
522 584
522 556
522 551
522 568
523 523
523 555
523 561
523 564
523 565
524 587
524 591
524 524
524 583
525 585
525 567
526 555
526 526
526 565
526 564
527 599
527 528
528 599
528 528
529 577
529 547
529 535
529 578
530 594
530 530
531 531
532 580
532 543
532 532
532 600
532 589
533 533
533 570
533 579
534 560
534 566
534 538
534 558
535 547
535 549
535 577
535 578
536 536
536 537
536 572
538 583
538 560
539 539
539 568
539 556
540 540
540 582
540 569
540 592
541 592
541 546
542 542
542 550
542 547
543 543
543 600
543 580
544 554
544 544
544 576
545 554
546 582
546 592
547 550
547 578
549 550
549 577
550 578
550 550
550 577
551 568
551 584
552 562
553 572
555 564
555 555
555 565
555 561
556 568
556 584
557 557
557 566
558 558
558 566
558 560
558 583
559 595
559 596
560 566
560 560
561 564
563 576
563 563
564 565
564 564
565 565
566 583
567 585
567 590
569 569
569 582
573 597
574 574
574 576
576 576
577 577
578 578
580 589
580 600
581 594
581 581
584 591
585 585
585 587
587 587
587 590
588 588
590 599
591 591
595 595
596 596
598 598
