600 5329
1 311
1 215
1 100
1 452
1 391
1 325
1 351
1 84
1 1
1 138
1 134
1 9
1 334
1 493
1 262
1 156
1 168
1 329
1 80
1 465
1 466
1 237
2 390
2 62
2 228
2 224
2 519
2 486
2 471
2 98
2 93
2 573
2 22
2 208
2 2
2 438
2 187
2 368
3 221
3 590
3 508
3 456
3 482
3 600
3 525
3 3
3 529
3 343
3 10
3 322
3 487
3 203
3 396
3 524
4 337
4 501
4 127
4 119
4 222
4 574
4 195
4 538
4 4
4 213
4 105
4 6
4 37
4 27
4 544
4 69
5 258
5 259
5 587
5 567
5 475
5 448
5 446
5 421
5 513
5 131
5 147
5 583
5 246
5 435
5 224
5 17
5 167
5 561
5 57
6 392
6 211
6 337
6 401
6 105
6 538
6 584
6 267
6 111
6 580
6 195
6 37
6 574
6 184
6 69
6 490
6 158
7 590
7 386
7 558
7 472
7 170
7 256
7 412
7 146
7 350
7 301
7 347
7 336
7 296
7 254
7 395
7 13
7 527
7 29
7 242
8 27
8 183
8 551
8 133
8 16
8 251
8 581
8 159
8 328
8 200
8 38
8 165
8 48
8 8
8 174
8 438
8 89
9 135
9 134
9 262
9 391
9 84
9 156
9 452
9 351
9 325
9 125
9 466
9 237
9 329
9 152
9 138
9 168
9 169
9 196
9 362
10 158
10 210
10 524
10 590
10 525
10 343
10 109
10 67
10 420
10 508
10 322
10 399
10 333
10 565
10 396
10 529
10 600
11 107
11 444
11 514
11 505
11 244
11 234
11 124
11 450
11 509
11 582
11 578
11 458
11 95
11 298
11 331
11 418
11 553
11 318
12 265
12 467
12 496
12 493
12 272
12 354
12 151
12 163
12 143
12 478
12 492
12 19
12 295
12 521
12 419
12 31
12 547
12 498
12 383
13 386
13 264
13 301
13 170
13 412
13 212
13 296
13 404
13 336
13 256
13 254
13 536
13 242
13 514
13 527
13 146
13 29
13 558
14 67
14 220
14 518
14 26
14 217
14 166
14 250
14 83
14 398
14 154
14 598
14 273
14 245
14 365
14 33
14 225
14 370
15 270
15 144
15 506
15 387
15 361
15 355
15 278
15 507
15 25
15 512
15 99
15 128
15 114
15 374
15 45
15 532
15 302
15 238
16 528
16 260
16 328
16 165
16 38
16 200
16 417
16 86
16 551
16 314
16 48
16 555
16 16
16 27
16 174
16 183
16 581
17 258
17 259
17 57
17 567
17 102
17 475
17 17
17 448
17 583
17 513
17 171
17 216
17 236
17 147
17 167
17 317
17 95
18 145
18 371
18 32
18 414
18 585
18 238
18 248
18 539
18 268
18 388
18 190
18 592
18 197
18 381
18 531
18 34
18 571
18 185
18 594
18 382
19 470
19 130
19 354
19 467
19 521
19 492
19 287
19 547
19 31
19 294
19 369
19 478
19 120
19 359
19 151
19 360
20 484
20 284
20 149
20 236
20 283
20 338
20 85
20 255
20 20
20 591
20 162
20 277
20 126
20 332
20 177
20 309
20 207
20 90
20 103
20 247
20 118
20 256
21 406
21 135
21 137
21 394
21 398
21 273
21 271
21 92
21 217
21 370
21 598
21 411
21 356
21 154
21 488
21 26
21 365
21 159
22 407
22 172
22 390
22 98
22 380
22 546
22 409
22 471
22 531
22 228
22 519
22 208
22 488
22 355
22 413
22 349
22 93
22 253
22 199
23 410
23 338
23 284
23 123
23 126
23 103
23 236
23 283
23 113
23 23
23 90
23 79
23 177
23 455
23 162
23 591
23 207
23 484
24 515
24 516
24 520
24 266
24 140
24 500
24 206
24 364
24 372
24 142
24 157
24 473
24 497
24 376
24 54
24 282
24 461
24 596
25 405
25 408
25 278
25 361
25 144
25 503
25 355
25 507
25 374
25 128
25 302
25 512
25 270
25 252
25 101
25 114
25 506
25 510
26 75
26 518
26 137
26 271
26 398
26 154
26 292
26 394
26 30
26 26
26 365
26 182
26 166
26 598
26 370
27 464
27 260
27 528
27 159
27 183
27 86
27 38
27 581
27 48
27 200
27 251
27 484
27 165
27 555
27 174
27 89
28 139
28 530
28 203
28 241
28 499
28 54
28 464
28 332
28 451
28 436
28 480
28 597
28 204
28 118
28 523
28 58
28 68
28 462
29 386
29 264
29 404
29 536
29 242
29 170
29 481
29 375
29 472
29 412
29 212
29 350
29 70
29 296
29 336
29 256
30 135
30 394
30 271
30 518
30 217
30 92
30 273
30 30
30 292
30 365
30 411
30 398
30 114
30 598
30 250
31 272
31 496
31 383
31 354
31 287
31 151
31 493
31 143
31 369
31 521
31 467
31 294
31 391
31 295
31 478
31 120
32 426
32 388
32 268
32 145
32 539
32 594
32 585
32 32
32 248
32 91
32 382
32 381
32 438
32 571
32 190
32 64
32 197
32 220
32 353
33 157
33 517
33 279
33 152
33 378
33 300
33 129
33 108
33 504
33 243
33 331
33 523
33 141
33 33
33 175
33 439
33 77
33 485
33 104
33 511
34 268
34 145
34 406
34 539
34 197
34 414
34 381
34 585
34 91
34 34
34 594
34 190
34 313
34 571
34 64
34 382
35 286
35 418
35 578
35 298
35 198
35 514
35 505
35 450
35 553
35 95
35 434
35 116
35 444
35 244
35 496
35 199
35 78
35 124
36 397
36 416
36 160
36 545
36 541
36 180
36 560
36 469
36 427
36 189
36 74
36 440
36 426
36 36
36 565
36 319
36 494
36 112
37 401
37 538
37 544
37 119
37 263
37 213
37 69
37 267
37 337
37 37
37 105
37 59
37 574
37 330
37 211
37 222
37 98
38 260
38 133
38 165
38 251
38 328
38 89
38 555
38 86
38 183
38 48
38 200
38 544
38 174
39 269
39 76
39 575
39 39
39 455
39 577
39 559
39 240
39 316
39 47
39 178
39 182
39 303
39 419
39 552
39 41
39 428
39 305
39 570
39 321
39 121
40 148
40 533
40 150
40 407
40 534
40 535
40 543
40 161
40 459
40 82
40 564
40 43
40 299
40 566
40 162
40 437
40 310
40 441
40 230
41 275
41 44
41 402
41 552
41 559
41 51
41 218
41 182
41 455
41 76
41 178
41 305
41 428
41 497
41 556
41 303
41 577
41 321
42 522
42 422
42 424
42 588
42 191
42 363
42 474
42 586
42 373
42 42
42 367
42 209
42 593
42 85
42 52
42 324
42 339
42 96
42 239
42 384
43 148
43 150
43 407
43 534
43 535
43 533
43 566
43 437
43 543
43 502
43 214
43 564
43 161
43 320
43 310
43 572
43 345
43 400
43 278
43 121
44 415
44 289
44 554
44 117
44 219
44 226
44 44
44 306
44 433
44 479
44 589
44 308
44 227
44 429
44 45
44 49
44 56
44 59
44 202
44 572
44 340
45 289
45 554
45 75
45 229
45 45
45 46
45 226
45 479
45 56
45 61
45 59
45 415
45 105
45 308
45 589
45 227
45 459
45 458
46 306
46 56
46 75
46 289
46 61
46 229
46 46
46 49
46 433
46 227
46 53
46 308
46 589
46 572
46 59
46 202
46 457
47 424
47 434
47 402
47 552
47 556
47 428
47 269
47 47
47 575
47 577
47 570
47 447
47 517
47 303
47 121
48 260
48 417
48 165
48 551
48 528
48 133
48 159
48 86
48 314
48 251
48 494
48 438
48 320
48 193
48 89
49 415
49 289
49 554
49 429
49 49
49 477
49 229
49 479
49 53
49 202
49 227
49 96
49 56
49 61
49 75
49 589
49 219
50 385
50 389
50 153
50 173
50 430
50 66
50 107
50 50
50 357
50 231
50 274
50 342
50 470
50 404
50 55
50 599
50 366
51 56
51 329
51 269
51 552
51 556
51 303
51 316
51 76
51 577
51 240
51 305
51 447
51 428
51 364
51 218
52 281
52 540
52 593
52 373
52 367
52 327
52 324
52 474
52 339
52 588
52 422
52 209
52 115
52 75
52 96
53 289
53 554
53 433
53 308
53 59
53 477
53 61
53 75
53 56
53 306
53 227
53 53
53 202
53 219
53 445
53 374
54 139
54 568
54 489
54 241
54 464
54 72
54 118
54 68
54 569
54 203
54 462
54 58
54 204
54 555
54 451
54 70
54 332
54 499
55 385
55 274
55 153
55 548
55 430
55 66
55 323
55 107
55 460
55 470
55 389
55 366
55 55
55 65
55 326
55 352
55 231
56 415
56 554
56 75
56 59
56 227
56 479
56 306
56 226
56 202
56 61
56 477
57 147
57 171
57 311
57 567
57 513
57 587
57 57
57 475
57 246
57 259
57 446
57 73
57 448
57 583
57 216
57 191
57 245
58 139
58 530
58 568
58 569
58 499
58 464
58 451
58 204
58 241
58 489
58 203
58 201
58 131
58 68
58 72
58 462
58 480
58 118
59 415
59 433
59 306
59 308
59 61
59 429
59 479
59 589
59 554
59 419
59 226
59 229
60 537
60 557
60 184
60 443
60 457
60 510
60 110
60 579
60 304
60 87
60 88
60 136
60 449
60 261
60 276
60 194
60 335
60 483
61 554
61 429
61 306
61 308
61 61
61 75
61 202
61 358
61 219
61 477
61 229
61 342
61 175
61 108
61 504
62 265
62 390
62 519
62 531
62 290
62 187
62 132
62 409
62 349
62 486
62 368
62 380
62 228
62 559
62 471
62 93
62 224
62 98
62 253
63 476
63 257
63 526
63 285
63 288
63 550
63 432
63 563
63 186
63 348
63 122
63 562
63 454
63 291
63 515
63 215
63 358
63 232
64 268
64 145
64 539
64 185
64 238
64 406
64 592
64 353
64 371
64 190
64 381
64 414
64 587
65 385
65 274
65 173
65 323
65 389
65 366
65 548
65 153
65 352
65 491
65 430
65 326
65 599
65 356
65 357
65 231
66 385
66 389
66 297
66 430
66 274
66 107
66 342
66 323
66 357
66 231
66 153
66 460
66 105
66 366
67 153
67 396
67 158
67 420
67 576
67 529
67 600
67 431
67 482
67 590
67 315
67 210
67 343
67 333
68 226
68 139
68 530
68 568
68 68
68 72
68 203
68 241
68 332
68 201
68 166
68 204
68 462
68 595
68 597
69 267
69 544
69 195
69 538
69 263
69 111
69 501
69 211
69 330
69 105
69 337
69 423
69 584
69 490
70 436
70 568
70 451
70 204
70 462
70 203
70 597
70 241
70 139
70 201
70 480
70 72
70 464
70 518
70 595
71 136
71 537
71 304
71 179
71 194
71 579
71 510
71 184
71 280
71 73
71 335
71 87
71 233
71 344
71 289
71 483
72 530
72 436
72 568
72 569
72 332
72 72
72 595
72 203
72 480
72 179
72 201
72 499
73 261
73 280
73 557
73 179
73 510
73 443
73 483
73 110
73 73
73 579
73 344
73 516
74 397
74 541
74 160
74 419
74 549
74 426
74 172
74 189
74 319
74 312
74 205
74 427
74 560
74 229
74 469
74 163
75 415
75 433
75 308
75 306
75 289
75 229
75 226
75 117
75 589
75 365
76 541
76 269
76 552
76 428
76 305
76 316
76 447
76 577
76 321
76 575
76 556
76 538
76 218
77 129
77 276
77 279
77 300
77 307
77 188
77 108
77 141
77 511
77 94
77 104
77 504
77 485
77 590
77 243
77 378
77 164
78 388
78 298
78 444
78 450
78 582
78 199
78 286
78 458
78 418
78 198
78 124
78 192
78 318
78 561
78 505
79 275
79 277
79 149
79 410
79 283
79 177
79 309
79 591
79 236
79 85
79 123
79 103
79 126
79 520
79 484
79 539
80 262
80 391
80 156
80 452
80 196
80 169
80 329
80 237
80 340
80 100
80 134
80 403
80 138
80 274
80 84
81 437
81 155
81 377
81 257
81 291
81 550
81 432
81 442
81 453
81 563
81 526
81 252
81 285
81 288
81 179
81 215
81 89
82 149
82 148
82 533
82 150
82 407
82 535
82 543
82 161
82 299
82 564
82 249
82 459
82 502
82 105
83 137
83 271
83 154
83 518
83 398
83 250
83 370
83 411
83 356
83 92
83 217
83 365
83 394
83 382
83 598
84 134
84 391
84 334
84 325
84 340
84 351
84 403
84 100
84 465
84 362
84 196
84 126
84 237
84 303
85 410
85 162
85 177
85 85
85 149
85 277
85 236
85 484
85 275
85 255
85 309
85 327
85 90
85 113
85 247
85 261
85 493
86 219
86 496
86 260
86 528
86 159
86 417
86 551
86 174
86 183
86 581
86 367
86 89
86 305
87 576
87 261
87 136
87 537
87 557
87 579
87 344
87 280
87 194
87 179
87 377
87 457
87 489
87 88
87 233
88 160
88 537
88 457
88 579
88 443
88 557
88 179
88 377
88 110
88 280
88 88
88 408
88 233
89 314
89 193
89 159
89 551
89 417
89 438
89 555
89 174
89 251
90 410
90 284
90 309
90 484
90 277
90 149
90 177
90 247
90 207
90 338
90 236
90 352
91 145
91 406
91 414
91 571
91 592
91 585
91 268
91 220
91 539
91 371
91 91
91 501
91 353
91 382
91 474
91 553
92 518
92 394
92 271
92 154
92 411
92 166
92 217
92 135
92 92
92 137
92 487
92 356
92 245
93 267
93 390
93 531
93 413
93 290
93 349
93 488
93 187
93 98
93 93
93 230
93 224
93 228
93 368
94 276
94 279
94 307
94 439
94 188
94 331
94 129
94 104
94 300
94 359
94 108
94 152
94 94
94 485
95 499
95 538
95 514
95 418
95 298
95 434
95 444
95 318
95 192
95 582
95 199
95 244
95 116
96 540
96 424
96 425
96 209
96 339
96 223
96 474
96 522
96 384
96 327
96 239
96 112
96 363
96 115
96 373
96 287
96 380
97 515
97 516
97 520
97 266
97 400
97 155
97 313
97 476
97 473
97 497
97 364
97 206
97 372
97 97
97 500
98 235
98 285
98 132
98 390
98 409
98 413
98 546
98 290
98 187
98 488
99 395
99 144
99 405
99 408
99 445
99 346
99 387
99 506
99 355
99 512
99 101
99 278
99 532
99 559
99 503
100 347
100 138
100 403
100 169
100 334
100 196
100 156
100 325
100 100
100 351
100 198
100 125
101 195
101 387
101 395
101 270
101 445
101 512
101 507
101 355
101 101
101 405
101 532
101 330
101 235
101 374
101 503
101 128
102 258
102 259
102 147
102 167
102 435
102 181
102 513
102 567
102 421
102 311
102 216
102 583
102 317
102 494
102 246
103 277
103 283
103 177
103 309
103 207
103 123
103 162
103 275
103 338
103 591
103 113
103 329
103 236
103 247
103 126
103 331
104 129
104 517
104 523
104 175
104 439
104 485
104 511
104 504
104 359
104 152
104 331
104 559
104 243
105 263
105 574
105 195
105 584
105 330
105 337
105 211
105 222
105 490
105 111
106 386
106 264
106 527
106 146
106 404
106 412
106 558
106 212
106 472
106 481
106 301
106 347
106 336
106 170
106 499
106 242
106 575
107 389
107 153
107 323
107 326
107 460
107 470
107 352
107 430
107 548
107 357
107 393
107 523
108 129
108 523
108 141
108 152
108 300
108 307
108 188
108 485
108 517
108 279
108 378
108 243
108 504
108 151
108 518
109 524
109 529
109 158
109 420
109 431
109 315
109 576
109 456
109 590
109 343
109 109
109 399
109 325
110 261
110 537
110 304
110 443
110 449
110 457
110 335
110 344
110 483
110 194
110 184
110 149
111 392
111 401
111 580
111 584
111 330
111 211
111 213
111 490
111 195
111 337
111 267
111 472
112 416
112 160
112 545
112 549
112 427
112 560
112 180
112 440
112 469
112 379
112 112
112 419
112 394
113 275
113 277
113 410
113 284
113 149
113 255
113 247
113 123
113 113
113 338
113 491
113 211
113 232
113 182
114 387
114 395
114 405
114 278
114 408
114 355
114 532
114 144
114 361
114 346
114 512
114 302
114 344
114 374
114 503
115 424
115 324
115 586
115 588
115 593
115 474
115 425
115 540
115 327
115 373
115 191
115 281
115 555
115 384
116 514
116 418
116 298
116 578
116 582
116 124
116 192
116 444
116 116
116 199
116 234
116 258
116 509
117 415
117 289
117 429
117 433
117 202
117 589
117 477
117 479
117 227
117 117
117 226
117 393
117 543
118 569
118 451
118 201
118 464
118 480
118 203
118 489
118 597
118 139
118 118
118 334
119 267
119 401
119 544
119 195
119 580
119 584
119 213
119 222
119 490
119 501
119 337
119 392
119 189
119 248
119 537
119 125
120 299
120 130
120 360
120 493
120 467
120 143
120 295
120 354
120 120
120 383
120 272
120 249
121 481
121 178
121 316
121 577
121 240
121 428
121 321
121 552
121 570
121 556
121 559
121 218
122 257
122 288
122 291
122 164
122 442
122 454
122 468
122 215
122 348
122 453
122 358
122 432
122 563
122 315
123 149
123 284
123 162
123 309
123 207
123 338
123 236
123 591
123 283
123 126
123 273
123 255
123 152
123 552
124 221
124 514
124 553
124 434
124 444
124 458
124 505
124 418
124 298
124 318
124 593
124 509
125 134
125 262
125 138
125 403
125 156
125 168
125 169
125 465
125 466
125 351
125 362
125 340
126 275
126 149
126 283
126 162
126 309
126 591
126 236
126 126
126 441
127 263
127 392
127 538
127 544
127 584
127 330
127 337
127 213
127 574
127 195
127 127
127 401
127 510
128 387
128 270
128 144
128 405
128 278
128 408
128 302
128 346
128 355
128 361
128 374
128 258
128 577
129 564
129 141
129 517
129 307
129 359
129 276
129 279
129 175
129 523
129 188
129 439
129 297
129 495
129 504
130 521
130 547
130 143
130 478
130 130
130 294
130 498
130 163
130 369
130 265
130 467
130 434
130 360
130 492
131 258
131 259
131 446
131 167
131 171
131 181
131 587
131 513
131 147
131 421
131 317
131 475
131 157
131 561
131 435
131 311
131 246
131 560
132 524
132 454
132 208
132 187
132 368
132 409
132 471
132 290
132 224
132 132
132 488
132 573
132 460
132 390
132 486
132 380
132 253
133 320
133 251
133 193
133 159
133 438
133 528
133 133
133 328
133 551
133 417
133 260
133 314
133 439
133 555
133 183
133 581
134 323
134 386
134 169
134 329
134 168
134 334
134 340
134 325
134 196
134 262
134 199
134 156
134 465
135 370
135 411
135 250
135 273
135 135
135 137
135 154
135 271
135 518
135 356
135 292
135 394
135 325
136 297
136 261
136 377
136 280
136 510
136 557
136 449
136 136
136 483
136 304
136 335
136 243
136 179
136 443
136 579
136 457
137 408
137 518
137 217
137 292
137 245
137 365
137 166
137 598
137 411
137 225
137 215
137 398
137 273
137 250
137 417
138 301
138 391
138 329
138 138
138 262
138 156
138 403
138 325
138 340
138 268
138 168
138 452
138 196
138 334
139 489
139 499
139 204
139 568
139 139
139 203
139 597
139 530
139 201
139 255
139 451
139 462
139 595
140 515
140 520
140 266
140 140
140 372
140 463
140 516
140 313
140 376
140 497
140 596
140 400
140 178
140 142
140 282
140 155
140 206
140 364
140 225
141 517
141 485
141 300
141 188
141 359
141 141
141 279
141 495
141 331
141 307
141 523
141 478
141 152
141 243
141 378
141 511
141 398
142 520
142 461
142 500
142 155
142 372
142 364
142 516
142 400
142 596
142 473
142 142
142 293
142 252
142 282
142 313
142 376
143 359
143 265
143 360
143 547
143 493
143 478
143 143
143 492
143 521
143 287
143 369
143 437
143 151
143 163
143 295
144 387
144 395
144 361
144 355
144 507
144 346
144 235
144 144
144 270
144 408
144 425
144 302
144 374
145 388
145 220
145 381
145 185
145 585
145 238
145 190
145 248
145 592
145 400
145 406
145 197
145 594
145 382
146 386
146 264
146 404
146 170
146 212
146 412
146 527
146 301
146 146
146 296
146 323
146 481
146 290
147 513
147 258
147 259
147 435
147 421
147 567
147 446
147 311
147 246
147 465
147 561
147 317
147 583
147 475
148 564
148 230
148 566
148 534
148 299
148 310
148 214
148 345
148 535
148 161
148 423
148 355
148 543
148 459
148 502
148 249
149 275
149 277
149 309
149 283
149 591
149 149
149 255
149 338
149 247
149 410
149 548
150 533
150 502
150 161
150 441
150 407
150 459
150 214
150 437
150 564
150 566
150 150
150 534
150 535
150 230
151 265
151 521
151 272
151 383
151 151
151 360
151 163
151 287
151 294
151 369
151 354
151 496
152 202
152 279
152 504
152 276
152 485
152 523
152 300
152 307
152 359
152 495
152 511
152 175
152 378
153 385
153 389
153 599
153 491
153 326
153 352
153 173
153 297
153 357
153 342
153 460
153 323
153 231
154 518
154 394
154 271
154 398
154 245
154 217
154 166
154 365
154 591
154 292
154 598
155 520
155 266
155 400
155 596
155 206
155 461
155 476
155 372
155 473
155 500
155 282
155 293
156 431
156 262
156 466
156 391
156 465
156 362
156 351
156 237
156 455
156 169
157 516
157 266
157 376
157 372
157 157
157 476
157 463
157 206
157 293
157 596
157 282
157 461
157 473
157 364
157 497
158 274
158 396
158 524
158 399
158 529
158 210
158 600
158 333
158 158
158 487
158 431
158 576
158 292
159 260
159 328
159 320
159 581
159 183
159 159
159 551
159 193
159 200
159 417
159 165
159 174
159 438
160 541
160 416
160 427
160 440
160 560
160 494
160 172
160 545
160 180
160 319
160 565
160 419
160 549
160 426
160 341
161 407
161 534
161 543
161 572
161 535
161 533
161 230
161 214
161 249
161 441
161 342
161 310
161 566
161 459
161 502
162 277
162 410
162 283
162 284
162 207
162 338
162 484
162 247
162 309
162 251
162 213
163 521
163 272
163 287
163 496
163 383
163 369
163 354
163 467
163 547
163 265
163 294
164 285
164 542
164 562
164 232
164 252
164 164
164 288
164 563
164 550
164 526
164 215
164 186
164 432
164 348
165 165
165 438
165 251
165 260
165 581
165 555
165 200
165 348
165 320
165 193
165 240
166 344
166 273
166 292
166 166
166 250
166 217
166 518
166 216
166 365
166 370
167 258
167 421
167 587
167 216
167 513
167 181
167 246
167 435
167 446
167 317
167 380
167 171
167 311
167 448
167 300
168 382
168 262
168 403
168 196
168 465
168 169
168 329
168 466
168 362
168 202
169 565
169 262
169 452
169 196
169 351
169 465
169 340
169 466
169 404
169 329
170 591
170 173
170 527
170 404
170 536
170 481
170 242
170 412
170 212
170 386
170 421
170 558
171 513
171 421
171 435
171 171
171 246
171 216
171 258
171 587
171 181
171 394
171 311
171 567
171 448
171 264
172 473
172 541
172 545
172 419
172 549
172 440
172 319
172 494
172 180
172 379
172 560
172 312
172 565
172 205
173 389
173 393
173 274
173 297
173 323
173 342
173 430
173 385
173 352
173 599
173 366
173 326
173 470
173 588
174 528
174 417
174 551
174 174
174 200
174 320
174 581
174 343
174 438
174 183
175 517
175 359
175 243
175 279
175 439
175 495
175 331
175 188
175 511
175 307
175 378
176 410
176 494
176 279
176 526
176 285
176 542
176 288
176 291
176 432
176 563
176 186
176 454
176 550
176 232
176 384
176 442
176 453
176 348
177 277
177 410
177 283
177 284
177 236
177 591
177 484
177 207
177 338
177 449
177 589
178 402
178 552
178 321
178 575
178 269
178 316
178 303
178 182
178 447
178 178
179 557
179 510
179 184
179 194
179 179
179 483
179 280
179 377
179 457
179 561
179 579
180 397
180 541
180 419
180 426
180 180
180 312
180 440
180 416
180 545
180 340
181 513
181 258
181 259
181 561
181 475
181 421
181 181
181 216
181 446
181 265
181 311
181 567
181 317
181 583
181 587
181 262
182 433
182 516
182 556
182 428
182 305
182 303
182 240
182 455
182 321
182 552
182 570
182 316
183 358
183 260
183 528
183 551
183 328
183 251
183 490
183 314
183 193
184 310
184 378
184 261
184 280
184 557
184 304
184 457
184 579
184 483
184 233
184 194
184 406
184 335
184 377
185 385
185 388
185 539
185 414
185 353
185 585
185 190
185 371
185 382
185 268
185 406
185 336
185 197
185 238
186 313
186 550
186 562
186 563
186 454
186 291
186 348
186 257
186 442
186 232
186 215
186 378
186 453
186 358
186 521
187 519
187 208
187 486
187 531
187 413
187 488
187 380
187 349
187 546
187 471
187 351
187 573
188 517
188 523
188 276
188 300
188 307
188 439
188 243
188 511
188 221
188 359
188 495
189 416
189 426
189 440
189 312
189 205
189 189
189 469
189 319
189 549
189 560
189 206
189 341
189 485
190 388
190 268
190 406
190 539
190 414
190 371
190 381
190 585
190 248
190 241
190 220
190 276
190 349
191 566
191 522
191 281
191 540
191 422
191 424
191 425
191 327
191 223
191 239
191 588
191 209
191 324
191 586
191 367
191 373
192 514
192 286
192 418
192 298
192 434
192 553
192 198
192 192
192 509
192 505
192 244
192 234
192 457
192 582
193 260
193 528
193 551
193 555
193 193
193 328
193 581
193 386
193 444
194 497
194 261
194 280
194 557
194 304
194 443
194 449
194 483
194 344
194 233
194 543
194 335
195 534
195 538
195 544
195 574
195 213
195 267
195 490
195 211
195 392
195 580
195 584
195 501
196 262
196 391
196 403
196 340
196 196
196 465
196 452
196 589
196 329
196 466
197 388
197 268
197 406
197 414
197 238
197 197
197 220
197 382
197 320
197 592
197 353
198 514
198 286
198 418
198 553
198 298
198 444
198 318
198 582
198 578
198 234
198 450
198 384
198 509
199 453
199 298
199 434
199 444
199 582
199 505
199 418
199 450
199 458
199 509
199 234
199 244
200 443
200 260
200 528
200 551
200 555
200 438
200 314
200 320
200 328
201 597
201 332
201 489
201 201
201 241
201 569
201 436
201 441
202 289
202 554
202 429
202 308
202 589
202 226
202 477
202 219
203 436
203 569
203 204
203 480
203 241
203 203
203 565
203 462
204 530
204 569
204 451
204 332
204 241
204 489
204 597
204 427
204 462
205 541
205 545
205 427
205 565
205 440
205 494
205 312
205 319
205 560
205 341
205 205
206 345
206 516
206 520
206 400
206 282
206 313
206 515
206 293
206 206
206 340
206 596
206 473
206 476
206 500
206 376
207 275
207 410
207 283
207 247
207 338
207 591
207 207
207 596
207 484
207 255
207 369
208 399
208 519
208 531
208 413
208 546
208 573
208 390
208 409
208 471
208 488
208 210
208 349
208 380
209 522
209 281
209 540
209 327
209 593
209 474
209 425
209 384
209 209
209 301
209 339
209 363
209 239
210 396
210 525
210 420
210 315
210 590
210 431
210 508
210 600
210 482
210 210
210 323
210 343
211 263
211 392
211 267
211 401
211 544
211 574
211 330
211 337
211 501
212 386
212 264
212 527
212 404
212 301
212 336
212 347
212 254
212 350
212 430
212 481
212 242
212 555
212 318
213 267
213 544
213 580
213 330
213 213
213 574
213 401
214 533
214 407
214 534
214 535
214 423
214 564
214 310
214 437
214 572
214 299
214 465
214 502
214 249
215 526
215 285
215 542
215 288
215 432
215 562
215 257
215 358
215 563
216 513
216 258
216 259
216 311
216 435
216 216
216 567
216 561
216 414
216 246
217 483
217 411
217 518
217 292
217 217
217 560
217 370
218 373
218 552
218 570
218 575
218 321
218 556
218 447
218 577
218 305
218 218
218 495
219 415
219 289
219 554
219 429
219 227
219 306
219 433
219 308
219 226
220 539
220 594
220 571
220 388
220 220
220 406
220 371
220 248
220 238
221 396
221 525
221 524
221 399
221 420
221 431
221 576
221 322
221 590
221 600
221 315
221 456
221 333
221 487
222 267
222 401
222 544
222 584
222 330
222 337
222 574
222 580
222 490
222 501
222 264
223 515
223 522
223 281
223 540
223 422
223 593
223 339
223 474
223 324
223 363
223 367
223 425
223 416
224 390
224 531
224 546
224 471
224 290
224 228
224 409
224 573
224 349
224 487
225 518
225 394
225 398
225 411
225 292
225 245
225 356
225 370
225 273
225 225
225 250
225 269
226 429
226 479
226 229
226 415
226 308
226 554
226 433
226 519
226 244
227 415
227 289
227 554
227 229
227 227
227 273
228 568
228 519
228 531
228 471
228 409
228 253
228 488
228 380
228 413
228 549
228 368
229 306
229 308
229 477
229 479
229 229
229 484
229 263
229 468
230 407
230 534
230 535
230 437
230 310
230 441
230 502
230 345
230 543
230 423
230 452
230 392
230 501
231 393
231 274
231 548
231 297
231 323
231 326
231 599
231 357
231 352
231 382
232 257
232 542
232 288
232 291
232 442
232 468
232 563
232 562
232 454
232 285
233 339
233 280
233 537
233 443
233 449
233 579
233 335
233 233
233 281
233 510
234 412
234 418
234 434
234 318
234 578
234 582
234 450
234 234
234 514
234 460
235 241
235 270
235 532
235 405
235 408
235 361
235 346
235 387
235 235
235 395
235 355
236 284
236 591
236 309
236 410
236 338
236 572
237 284
237 600
237 329
237 334
237 340
237 262
237 325
237 403
237 391
237 282
238 475
238 341
238 388
238 268
238 406
238 414
238 571
238 594
238 371
238 335
238 551
239 422
239 424
239 425
239 363
239 522
239 239
239 339
239 586
239 373
239 400
239 288
240 269
240 402
240 556
240 428
240 559
240 570
240 316
240 447
240 455
240 303
241 436
241 569
241 464
241 595
241 489
241 332
242 264
242 527
242 404
242 350
242 481
242 336
242 301
242 256
242 326
242 254
242 581
243 276
243 279
243 439
243 359
243 485
243 517
243 495
243 251
243 504
243 378
244 514
244 286
244 418
244 298
244 434
244 318
244 244
244 444
244 509
245 394
245 271
245 398
245 411
245 292
245 370
245 245
245 518
245 362
246 513
246 258
246 421
246 311
246 448
246 561
246 465
246 324
247 275
247 283
247 309
247 591
247 247
247 378
247 550
248 268
248 406
248 571
248 585
248 592
248 371
248 539
248 381
248 594
249 533
249 543
249 423
249 299
249 310
249 566
249 572
249 459
249 345
249 502
249 349
249 561
250 394
250 271
250 273
250 411
250 356
250 292
250 398
250 264
251 492
251 417
251 551
251 555
251 314
252 285
252 542
252 291
252 550
252 432
252 562
252 453
252 468
252 348
252 358
252 253
253 520
253 390
253 519
253 409
253 486
253 368
253 290
253 573
253 349
253 333
254 404
254 296
254 558
254 336
254 347
254 350
254 375
254 481
254 256
254 472
254 273
255 277
255 283
255 484
255 284
255 591
255 255
255 309
255 280
255 549
255 526
256 327
256 386
256 264
256 536
256 301
256 472
256 350
256 375
256 336
257 348
257 285
257 288
257 358
257 454
257 563
257 468
257 453
257 542
257 526
257 516
257 550
257 562
258 259
258 435
258 567
258 317
258 448
258 488
258 561
258 311
258 587
259 446
259 259
259 421
259 475
259 583
259 443
259 561
259 435
259 311
259 448
260 438
260 551
260 260
260 328
260 555
260 413
260 314
260 320
260 402
261 261
261 483
261 344
261 304
261 510
261 537
261 280
261 443
261 457
261 377
262 262
262 452
262 334
262 340
262 325
262 465
262 362
263 267
263 501
263 337
263 538
263 330
263 574
263 392
263 544
263 584
263 263
263 401
264 347
264 375
264 301
264 404
264 386
264 558
264 527
264 536
264 412
264 481
265 492
265 467
265 383
265 295
265 360
265 265
265 496
265 498
265 521
265 287
265 294
266 516
266 520
266 372
266 376
266 476
266 473
266 313
266 293
266 400
266 340
266 461
266 596
266 364
266 497
266 500
266 422
266 351
267 401
267 574
267 392
267 501
267 580
267 267
267 538
267 330
267 337
268 583
268 388
268 268
268 592
268 382
268 414
268 460
268 539
268 571
268 585
268 594
268 353
268 371
269 477
269 435
269 312
269 467
269 575
269 552
269 303
269 556
269 428
269 305
269 402
269 559
269 570
269 447
269 321
270 395
270 278
270 507
270 532
270 445
270 506
270 346
270 405
270 355
270 270
270 302
270 374
271 518
271 398
271 273
271 292
271 271
271 460
271 411
271 598
272 521
272 467
272 383
272 478
272 492
272 493
272 369
272 360
272 496
272 354
272 325
272 547
272 294
272 295
273 292
273 518
273 356
273 365
273 366
273 411
273 598
274 393
274 342
274 274
274 297
274 599
274 491
274 430
274 352
274 385
274 323
274 357
274 547
275 484
275 275
275 410
275 338
275 309
275 283
275 591
275 284
275 529
276 517
276 523
276 300
276 495
276 439
276 307
276 378
276 359
276 511
276 331
276 485
277 484
277 410
277 338
277 283
277 309
277 284
277 297
278 387
278 532
278 405
278 408
278 503
278 507
278 278
278 361
278 512
278 445
279 517
279 331
279 495
279 279
279 439
279 485
279 300
279 504
279 378
280 302
280 280
280 443
280 304
280 377
280 537
280 531
280 449
280 457
280 344
280 510
281 586
281 588
281 593
281 327
281 367
281 324
281 422
281 424
281 281
281 436
281 540
281 425
282 400
282 376
282 497
282 313
282 293
282 473
282 372
282 463
282 520
282 282
283 338
283 309
283 442
283 591
283 484
283 567
284 410
284 284
284 591
284 484
284 295
285 526
285 348
285 454
285 442
285 453
285 291
285 563
285 468
285 542
286 514
286 509
286 286
286 434
286 505
286 418
286 444
286 458
286 553
286 332
286 298
286 318
286 582
287 493
287 496
287 547
287 492
287 498
287 287
287 478
287 295
287 354
288 453
288 563
288 348
288 468
288 550
288 442
288 358
288 542
288 291
288 562
289 415
289 433
289 306
289 289
289 308
289 546
289 429
289 589
289 477
289 479
290 409
290 413
290 471
290 390
290 380
290 290
290 488
290 349
290 368
290 573
290 486
291 526
291 562
291 454
291 563
291 432
291 442
291 468
291 356
292 421
292 398
292 411
292 356
292 365
292 370
293 516
293 400
293 520
293 515
293 372
293 313
293 461
293 463
293 364
293 493
293 476
293 497
294 521
294 498
294 493
294 294
294 383
294 354
294 326
294 295
294 478
294 360
294 369
295 393
295 521
295 547
295 354
295 478
295 496
295 383
295 498
296 366
296 386
296 527
296 412
296 472
296 481
296 536
296 301
296 296
296 336
296 375
297 308
297 389
297 393
297 297
297 460
297 385
297 323
297 470
297 357
298 514
298 578
298 505
298 450
298 592
298 582
299 407
299 423
299 310
299 535
299 572
299 543
299 502
299 564
299 437
299 566
299 345
299 558
300 535
300 523
300 307
300 300
300 511
300 439
300 359
300 495
300 375
301 386
301 527
301 404
301 536
301 412
301 481
301 472
301 347
301 375
302 395
302 532
302 355
302 346
302 512
302 387
302 506
302 445
302 361
302 507
303 402
303 305
303 559
303 575
303 428
303 570
303 556
303 316
303 577
304 557
304 377
304 483
304 579
304 335
304 537
304 304
304 449
305 446
305 593
305 552
305 556
305 575
305 559
305 455
305 570
305 577
306 554
306 429
306 433
306 415
306 477
306 306
306 589
306 470
306 308
307 523
307 511
307 439
307 307
307 504
307 378
308 554
308 429
308 433
308 589
308 317
309 410
309 338
309 580
309 591
309 592
310 407
310 534
310 535
310 437
310 564
310 572
310 345
311 561
311 421
311 567
311 446
312 338
312 580
312 541
312 545
312 419
312 426
312 560
312 565
312 341
312 469
312 397
312 494
313 400
313 515
313 516
313 497
313 364
313 476
313 372
313 461
313 463
313 473
314 417
314 555
314 438
314 320
314 314
314 406
314 578
315 396
315 525
315 529
315 431
315 333
315 590
315 322
315 420
315 508
315 315
315 600
315 370
315 576
315 482
316 330
316 402
316 552
316 559
316 455
316 447
316 398
316 577
316 321
317 513
317 421
317 561
317 435
317 567
317 317
317 446
317 587
317 475
318 553
318 434
318 450
318 318
318 578
318 514
318 418
318 509
319 397
319 541
319 416
319 560
319 440
319 341
319 469
319 545
319 427
319 480
319 379
320 528
320 328
320 320
320 428
321 428
321 575
321 577
321 570
321 552
321 321
322 396
322 525
322 524
322 399
322 529
322 431
322 322
322 420
322 343
322 391
322 456
322 333
323 548
323 357
323 491
323 342
323 323
323 460
324 422
324 424
324 425
324 339
324 363
324 588
324 586
324 384
324 522
324 367
324 373
325 391
325 403
325 452
325 362
325 340
325 334
325 465
325 329
325 466
326 385
326 430
326 460
326 548
326 393
326 470
326 357
326 389
326 589
326 342
326 532
327 352
327 522
327 540
327 422
327 424
327 425
327 327
327 339
327 586
327 588
327 593
327 384
328 528
328 417
328 551
328 438
328 376
329 391
329 362
329 340
329 334
329 466
330 401
330 574
330 580
330 584
330 538
330 337
331 517
331 511
331 331
331 495
331 378
331 439
331 359
331 485
331 504
332 568
332 569
332 464
332 499
332 597
332 462
332 595
332 574
332 439
333 396
333 524
333 529
333 420
333 508
333 333
333 487
333 600
333 344
333 343
333 336
334 557
334 403
334 340
334 351
334 362
335 557
335 443
335 449
335 457
335 335
335 510
336 386
336 536
336 558
336 336
336 412
336 481
336 347
336 375
337 392
337 584
337 580
337 490
337 474
337 501
338 591
338 338
339 422
339 586
339 593
339 522
339 367
339 373
339 540
339 474
340 403
340 362
341 397
341 416
341 419
341 549
341 426
341 560
341 565
341 341
341 442
342 385
342 389
342 393
342 548
342 430
342 460
342 470
342 366
342 353
343 420
343 576
343 456
343 600
343 525
343 396
343 482
343 535
344 557
344 443
344 449
344 579
344 344
344 377
344 510
345 534
345 535
345 543
345 423
345 459
345 572
345 502
345 564
345 407
346 387
346 395
346 532
346 507
346 512
346 445
346 408
346 346
346 521
347 527
347 558
347 350
347 481
347 536
347 412
347 347
348 526
348 550
348 454
348 453
348 562
348 583
349 519
349 409
349 413
349 368
349 380
349 390
349 471
350 386
350 527
350 404
350 536
350 558
350 472
350 375
350 358
351 479
351 391
351 403
351 452
351 466
351 465
352 389
352 393
352 548
352 430
352 460
352 470
352 599
352 491
353 388
353 406
353 539
353 414
353 571
353 585
353 592
353 594
353 381
354 460
354 547
354 467
354 493
354 360
354 578
354 471
355 408
355 512
355 445
355 374
355 361
355 507
355 524
355 503
356 518
356 398
356 411
356 370
356 470
356 403
357 385
357 393
357 548
357 460
357 430
357 599
357 550
357 491
358 526
358 432
358 562
358 454
358 468
358 550
358 453
359 439
359 485
359 523
359 511
359 495
359 504
360 521
360 547
360 360
360 493
360 369
360 381
360 492
361 395
361 408
361 445
361 387
361 532
361 512
361 528
361 374
361 503
362 391
362 452
362 362
363 540
363 425
363 586
363 424
363 422
363 367
363 522
363 384
363 592
363 373
363 413
364 423
364 515
364 520
364 596
364 463
364 364
364 500
364 376
365 394
365 411
365 398
365 598
365 370
366 385
366 393
366 548
366 430
366 599
366 366
366 460
366 545
367 422
367 593
367 424
367 474
367 588
367 586
367 533
368 531
368 573
368 488
368 409
368 486
368 413
368 530
369 379
369 478
369 496
369 492
369 383
370 518
370 406
371 388
371 539
371 381
371 406
371 594
371 383
371 382
372 520
372 463
372 596
372 461
372 460
373 424
373 425
373 588
373 384
373 474
374 387
374 395
374 408
374 512
374 445
375 412
375 375
375 472
375 404
375 536
376 515
376 516
376 476
376 497
376 461
376 376
377 557
377 579
377 483
377 537
377 443
377 510
378 495
378 523
379 416
379 419
379 549
379 426
379 565
379 541
379 397
379 379
379 494
379 427
379 562
380 390
380 531
380 409
380 413
380 486
381 388
381 406
381 539
381 585
381 592
381 563
382 571
382 585
382 592
382 594
383 498
383 467
383 547
383 452
384 540
384 422
384 425
384 586
384 474
384 593
384 560
385 599
385 385
385 548
385 389
385 393
385 430
385 460
385 470
385 491
386 558
386 386
386 536
386 412
387 387
387 405
387 506
387 507
387 532
387 395
387 591
387 408
387 503
388 539
388 388
388 414
388 594
389 389
389 393
389 599
389 470
389 523
389 460
389 491
389 451
390 486
390 573
390 531
390 409
390 413
390 454
390 471
391 403
391 466
391 460
392 530
392 490
392 401
392 580
392 544
392 501
392 392
392 574
392 584
393 393
393 430
393 548
393 460
393 599
393 491
394 598
394 518
394 411
394 590
395 512
395 506
395 532
395 405
395 599
395 408
395 445
395 503
396 529
396 508
396 456
396 524
396 600
396 408
396 399
396 420
396 576
396 590
396 487
397 419
397 541
397 427
397 545
397 565
397 416
397 549
397 560
397 469
397 431
398 518
398 398
398 411
398 598
399 513
399 487
399 525
399 420
399 508
399 576
399 482
399 600
399 456
399 529
399 431
399 590
400 516
400 520
400 473
400 461
400 500
400 463
400 476
401 544
401 490
401 584
401 538
401 497
401 501
402 570
402 455
402 428
402 402
402 447
402 577
402 552
402 559
403 403
403 465
403 466
404 527
404 472
404 422
404 412
405 532
405 445
405 512
405 503
405 506
405 428
405 507
406 594
406 406
406 414
406 571
406 539
406 585
407 533
407 423
407 437
407 441
407 502
407 534
407 566
407 572
407 556
408 532
408 445
408 503
408 506
408 507
409 498
409 519
409 486
409 409
409 488
409 460
409 413
409 546
410 591
410 508
411 442
411 598
412 536
412 527
412 558
412 412
412 472
412 570
413 471
413 413
413 573
413 546
413 486
414 592
414 539
414 594
414 532
414 571
414 428
415 479
415 554
415 589
415 415
415 498
415 429
415 595
416 545
416 416
416 560
416 469
416 427
416 528
416 419
416 565
416 440
416 494
417 551
417 581
417 417
417 438
418 514
418 434
418 450
418 444
418 458
418 513
418 553
418 505
419 440
419 549
419 545
419 494
419 569
419 427
419 560
419 469
420 533
420 525
420 482
420 529
420 590
420 595
420 431
420 487
421 435
421 446
421 421
421 587
421 475
421 561
421 567
421 448
422 522
422 474
422 586
422 588
422 593
423 484
423 543
423 441
423 423
423 459
423 437
423 572
423 535
424 522
424 540
424 425
424 588
424 593
424 586
424 474
425 522
425 588
425 540
425 474
425 457
425 586
425 593
426 541
426 545
426 549
426 494
426 426
427 541
427 549
427 565
427 560
427 427
427 595
428 552
428 556
428 570
428 575
428 455
429 554
429 429
429 549
429 477
430 548
430 599
430 470
430 580
431 524
431 529
431 482
431 487
431 525
431 508
431 456
432 542
432 550
432 563
432 442
432 562
432 526
432 481
432 546
433 554
433 479
433 589
433 433
433 477
434 553
434 444
434 458
434 514
434 578
434 509
435 513
435 448
435 583
435 435
436 499
436 436
436 595
436 480
436 462
436 530
436 451
436 597
436 511
436 568
436 559
437 533
437 543
437 564
437 502
437 572
437 459
437 535
437 566
438 555
438 490
438 581
439 517
439 495
439 511
439 485
440 544
440 541
440 545
440 469
440 565
440 524
441 572
441 564
441 459
441 543
441 441
441 545
442 526
442 550
442 562
442 563
442 468
442 453
443 537
443 557
443 579
443 449
443 483
444 553
444 458
444 505
444 578
444 450
445 506
445 503
445 445
445 532
446 561
446 567
446 475
446 587
446 448
446 583
447 469
447 511
447 556
447 559
447 575
447 552
447 472
448 513
448 587
448 561
448 494
448 583
449 463
449 537
449 557
449 575
449 457
450 563
450 553
450 578
450 505
450 450
450 582
450 455
451 530
451 568
451 480
451 489
451 464
451 595
451 462
451 597
452 456
452 517
452 466
452 465
452 559
453 526
453 563
453 454
453 562
453 550
453 468
454 526
454 542
454 468
454 550
455 556
455 570
455 559
455 514
456 525
456 529
456 456
456 508
456 482
456 524
456 487
456 590
456 600
456 478
457 574
457 537
457 557
457 579
457 483
457 510
458 587
458 553
458 582
458 505
458 509
458 458
459 533
459 534
459 543
459 535
459 566
460 491
460 470
461 515
461 520
461 596
461 500
461 461
461 519
461 536
462 569
462 464
462 489
462 516
462 499
463 516
463 515
463 500
463 476
463 473
463 463
463 507
464 530
464 499
464 480
464 597
464 568
464 595
464 489
465 557
466 466
467 569
467 521
467 547
467 498
467 496
467 467
467 493
468 542
468 550
468 526
469 549
469 565
469 541
469 545
470 548
470 491
471 546
471 573
471 488
472 527
472 558
472 481
472 472
473 515
473 500
473 516
473 476
474 522
474 586
474 588
475 513
475 587
475 475
476 515
476 516
476 596
477 477
477 479
478 490
478 540
478 493
478 496
478 498
479 554
479 589
480 569
480 595
480 499
480 568
480 489
480 581
481 536
482 554
482 524
482 576
482 529
482 482
482 487
483 483
484 484
484 522
485 485
485 495
486 519
486 531
486 546
486 486
487 529
487 576
487 590
487 524
487 497
488 519
488 546
488 573
489 530
489 568
489 569
489 595
489 523
490 584
490 544
490 490
490 501
491 548
491 599
491 518
492 547
492 493
492 498
492 492
492 496
493 521
493 496
494 549
494 541
494 560
494 545
495 517
495 523
495 554
496 521
496 498
497 515
497 516
497 520
497 500
498 521
498 547
499 530
499 569
499 499
500 515
500 520
500 514
501 538
501 574
502 535
502 564
502 515
503 506
503 512
503 588
504 517
504 504
505 553
505 578
505 562
506 507
506 512
506 506
506 594
507 532
508 525
508 529
508 576
508 590
508 524
509 582
509 514
509 553
509 591
510 537
512 532
513 567
513 513
513 583
513 561
514 531
514 582
514 553
514 514
514 578
515 596
515 515
515 516
516 596
517 517
517 523
518 518
518 582
519 531
519 573
519 546
520 586
521 521
522 540
522 522
522 588
522 593
523 596
523 523
524 525
524 524
524 600
524 576
525 600
525 576
525 525
525 540
525 529
526 542
526 563
526 550
526 562
527 536
527 573
527 558
528 555
528 581
528 556
529 576
529 590
530 569
530 595
530 530
530 568
530 597
531 598
531 573
531 546
532 532
533 543
533 535
533 534
533 572
533 533
533 564
534 566
534 543
535 566
535 535
536 536
536 558
537 537
538 574
538 544
538 538
538 584
538 580
539 592
539 571
539 573
540 540
540 586
540 593
541 560
541 541
541 545
542 563
542 550
542 542
543 564
543 543
544 574
544 580
544 579
545 545
546 546
546 573
547 547
548 548
548 599
549 565
550 562
550 563
552 552
552 556
552 559
552 570
553 578
554 589
555 581
556 559
556 575
556 570
557 579
559 584
559 575
559 570
559 577
560 560
561 567
561 583
561 587
562 562
564 572
564 564
566 572
566 566
567 567
567 587
568 597
568 568
568 595
569 595
569 569
570 577
571 592
571 571
571 585
575 577
578 582
579 579
580 580
583 583
583 587
584 585
585 592
585 594
586 588
590 600
592 594
595 597
597 597
598 598
599 599
