600 3689
1 245
1 177
1 402
1 243
1 543
1 264
1 40
1 90
1 28
1 522
1 186
1 582
1 455
2 100
2 95
2 141
2 197
2 340
2 2
2 343
2 209
2 139
2 398
2 14
2 27
2 546
2 310
2 351
3 361
3 399
3 269
3 386
3 512
3 415
3 412
3 17
3 395
3 242
3 137
3 285
3 288
3 202
4 216
4 534
4 166
4 31
4 492
4 4
4 581
4 151
4 240
4 155
4 41
4 315
4 448
4 70
4 122
4 470
5 496
5 278
5 552
5 153
5 303
5 41
5 122
5 534
5 342
5 398
5 31
5 166
5 315
5 581
5 70
5 225
6 239
6 253
6 590
6 269
6 211
6 371
6 18
6 226
6 6
6 46
7 369
7 35
7 328
7 397
7 172
7 25
7 212
7 102
7 370
7 195
7 522
7 524
7 275
7 99
7 112
7 300
7 289
7 254
8 261
8 489
8 589
8 268
8 521
8 217
8 8
8 247
8 192
8 547
8 420
8 37
8 220
8 232
8 252
9 123
9 571
9 286
9 23
9 488
9 244
9 473
9 9
9 22
9 139
9 33
9 554
9 68
9 89
9 117
9 508
10 505
10 406
10 502
10 290
10 356
10 175
10 159
10 53
10 464
10 488
10 283
10 163
10 174
10 567
10 64
10 12
11 389
11 199
11 62
11 11
11 223
11 325
11 411
11 92
11 231
11 282
11 83
11 341
11 374
12 126
12 523
12 590
12 253
12 371
12 239
12 12
12 580
12 211
13 118
13 389
13 542
13 119
13 185
13 234
13 427
13 544
13 133
13 411
13 498
14 114
14 525
14 446
14 384
14 84
14 343
14 571
14 27
14 229
14 173
14 310
14 443
14 476
15 134
15 130
15 17
15 15
15 550
15 545
15 285
15 288
15 222
15 326
15 241
15 246
16 439
16 258
16 524
16 474
16 35
16 593
16 370
16 115
16 212
16 324
16 172
16 99
16 112
17 130
17 137
17 145
17 386
17 412
17 512
17 246
17 84
17 285
17 415
17 162
17 419
17 38
17 241
18 25
18 523
18 47
18 462
18 239
18 211
18 392
18 97
18 546
18 463
18 226
19 265
19 238
19 281
19 205
19 495
19 203
19 598
19 19
19 169
19 26
19 536
19 584
19 349
20 131
20 460
20 510
20 129
20 105
20 184
20 314
20 586
20 76
20 255
20 551
20 583
20 483
20 228
20 126
21 274
21 263
21 401
21 556
21 575
21 436
21 134
21 276
21 519
21 366
21 563
21 569
21 344
21 244
22 389
22 236
22 383
22 591
22 411
22 325
22 341
22 221
22 233
22 67
22 282
22 199
22 92
22 230
22 457
22 427
22 468
22 547
23 135
23 527
23 577
23 508
23 139
23 89
23 23
23 376
23 554
23 382
24 57
24 265
24 280
24 238
24 468
24 205
24 597
24 387
24 312
24 582
25 258
25 35
25 172
25 524
25 231
25 102
25 99
25 369
25 212
25 115
26 513
26 520
26 487
26 598
26 536
26 26
26 265
26 183
26 468
26 238
26 254
27 525
27 481
27 571
27 446
27 398
27 95
27 321
27 487
27 546
28 402
28 582
28 245
28 592
28 224
28 417
28 461
28 90
28 55
28 543
28 423
28 429
28 562
28 186
28 459
28 206
28 218
28 354
29 127
29 282
29 259
29 133
29 346
29 362
29 451
29 427
29 30
29 443
29 542
29 544
29 376
30 273
30 259
30 133
30 542
30 317
30 376
30 337
30 304
30 84
30 324
30 498
30 81
31 147
31 31
31 552
31 122
31 41
31 496
31 260
31 164
31 342
31 492
31 497
31 434
31 80
32 113
32 279
32 537
32 235
32 352
32 120
32 377
32 67
32 596
32 179
32 559
32 435
32 441
32 319
32 348
32 523
33 362
33 135
33 527
33 444
33 488
33 117
33 286
33 577
33 426
33 421
33 305
33 68
33 81
33 89
33 479
33 244
34 413
34 349
34 48
34 165
34 150
34 60
34 354
34 94
34 161
34 538
34 71
35 275
35 231
35 328
35 258
35 370
35 524
35 282
35 96
35 101
35 115
36 138
36 532
36 36
36 313
36 193
36 51
36 181
36 424
36 587
36 198
36 201
36 91
36 137
37 518
37 396
37 547
37 232
37 261
37 111
37 482
37 247
37 205
37 364
37 379
37 252
38 137
38 162
38 412
38 415
38 288
38 545
38 246
38 365
38 152
38 550
39 515
39 131
39 292
39 576
39 399
39 309
39 322
39 189
39 82
39 358
39 308
39 180
39 63
40 579
40 264
40 40
40 455
40 582
40 90
40 461
40 125
40 178
40 459
41 153
41 303
41 225
41 166
41 278
41 122
41 162
41 581
41 70
41 492
42 260
42 143
42 393
42 262
42 42
42 54
42 200
42 271
42 534
42 430
42 416
42 458
43 83
43 516
43 266
43 401
43 276
43 207
43 301
43 75
43 434
43 100
43 563
43 372
44 535
44 540
44 566
44 93
44 539
44 506
44 182
44 74
44 179
44 126
44 588
44 336
45 558
45 537
45 293
45 435
45 596
45 237
45 377
45 559
45 67
45 392
45 457
46 564
46 392
46 523
46 269
46 251
46 226
46 47
46 253
46 140
46 463
46 87
46 97
46 359
46 116
47 189
47 330
47 378
47 116
47 523
47 359
47 462
47 72
47 580
47 211
47 87
47 251
48 161
48 55
48 354
48 94
48 350
48 214
48 158
48 165
48 348
48 60
48 452
48 485
49 129
49 438
49 510
49 184
49 553
49 296
49 460
49 586
49 298
49 560
49 314
49 483
49 179
50 453
50 229
50 586
50 205
50 589
50 408
50 452
50 555
50 335
50 207
50 71
50 350
51 138
51 570
51 51
51 311
51 100
51 127
51 380
51 223
51 73
51 241
52 294
52 167
52 428
52 407
52 572
52 375
52 56
52 579
52 257
52 342
52 106
52 124
53 174
53 290
53 53
53 486
53 465
53 406
53 163
53 347
53 316
53 458
53 490
54 260
54 541
54 143
54 170
54 499
54 467
54 381
54 213
54 346
54 587
54 118
55 344
55 149
55 150
55 560
55 432
55 165
55 214
55 536
55 350
56 199
56 257
56 407
56 431
56 472
56 66
56 388
56 339
56 100
56 572
56 445
56 185
57 272
57 404
57 168
57 565
57 509
57 176
57 530
57 515
57 229
57 191
57 500
58 279
58 307
58 58
58 537
58 437
58 348
58 441
58 125
58 451
58 319
58 477
58 237
58 120
58 561
58 326
59 525
59 546
59 310
59 571
59 173
59 384
59 59
59 197
59 391
59 476
59 351
59 95
59 277
60 385
60 175
60 161
60 555
60 485
60 447
60 432
60 61
60 335
60 214
61 282
61 62
61 391
61 221
61 374
61 504
61 383
61 325
61 233
61 276
61 591
61 92
61 297
62 484
62 282
62 199
62 323
62 83
62 411
62 389
62 558
62 341
62 92
62 503
63 402
63 423
63 309
63 600
63 274
63 82
63 320
63 507
63 542
63 108
63 123
64 152
64 159
64 174
64 502
64 486
64 465
64 290
64 449
64 498
65 384
65 556
65 357
65 80
65 535
65 74
65 347
65 539
65 218
65 475
65 93
66 407
66 297
66 428
66 445
66 533
66 431
66 375
66 339
66 354
66 164
66 111
67 573
67 300
67 437
67 441
67 319
67 352
67 239
67 235
67 125
68 328
68 135
68 286
68 444
68 473
68 554
68 508
68 261
68 81
68 89
68 117
69 136
69 270
69 144
69 154
69 196
69 373
69 157
69 110
69 594
69 496
69 585
69 368
69 128
70 448
70 151
70 70
70 497
70 534
70 577
71 116
71 408
71 354
71 158
71 485
71 161
71 349
71 293
72 400
72 528
72 531
72 403
72 327
72 548
72 529
72 72
72 310
73 570
73 198
73 201
73 439
73 532
73 91
73 380
73 132
73 85
73 219
73 100
74 95
74 535
74 440
74 539
74 471
74 80
74 182
74 132
74 355
75 334
75 263
75 401
75 276
75 434
75 569
75 183
75 134
75 415
75 207
75 117
76 200
76 318
76 460
76 302
76 131
76 129
76 184
76 296
76 106
76 105
76 597
77 427
77 324
77 259
77 77
77 185
77 234
77 544
77 107
77 375
77 248
78 306
78 528
78 414
78 291
78 338
78 514
78 400
78 410
78 549
78 311
78 358
78 195
79 260
79 393
79 171
79 430
79 79
79 109
79 200
79 256
79 238
79 467
79 213
79 499
79 118
79 121
79 381
80 299
80 409
80 422
80 566
80 578
80 347
80 471
81 157
81 527
81 421
81 454
81 139
81 286
81 117
81 473
81 526
82 418
82 308
82 189
82 507
82 600
82 292
82 442
82 115
82 190
83 282
83 323
83 199
83 591
83 374
83 341
83 221
83 223
83 230
83 503
83 504
83 383
83 166
84 106
84 141
84 546
84 571
84 209
84 525
84 340
84 481
84 582
84 95
85 518
85 547
85 247
85 364
85 345
85 396
85 111
85 252
85 407
86 517
86 530
86 404
86 169
86 573
86 191
86 469
86 86
86 244
86 509
86 387
87 513
87 392
87 269
87 463
87 211
87 239
87 87
87 97
87 116
88 388
88 142
88 294
88 428
88 445
88 472
88 88
88 106
88 134
88 562
88 110
89 421
89 305
89 454
89 244
89 479
89 245
89 335
90 543
90 177
90 568
90 402
90 417
90 243
90 425
90 224
91 424
91 439
91 311
91 204
91 100
91 453
91 181
91 503
92 389
92 411
92 325
92 236
92 223
92 387
92 535
93 409
93 540
93 295
93 578
93 588
93 355
93 179
93 530
93 506
94 555
94 432
94 452
94 165
94 350
94 413
94 161
94 253
94 354
95 446
95 114
95 95
95 197
96 258
96 275
96 284
96 208
96 474
96 370
96 369
96 99
96 596
96 101
96 231
96 103
97 467
97 269
97 462
97 523
97 251
97 116
97 357
98 516
98 387
98 280
98 312
98 203
98 513
98 425
98 597
98 584
98 359
99 397
99 284
99 101
99 258
99 522
99 160
99 521
100 181
100 439
100 570
100 453
100 132
100 484
100 494
100 498
100 462
100 253
101 258
101 474
101 397
101 231
101 112
101 208
101 114
101 235
102 397
102 284
102 172
102 328
102 208
102 102
102 141
102 231
102 331
103 140
103 270
103 148
103 299
103 557
103 194
103 103
103 196
103 250
104 532
104 385
104 514
104 390
104 528
104 410
104 291
104 549
104 599
104 363
105 131
105 553
105 306
105 460
105 586
105 184
105 314
105 324
105 224
106 142
106 533
106 472
106 167
106 375
106 445
106 579
106 113
107 259
107 542
107 185
107 190
107 544
107 304
107 107
107 363
107 498
108 192
108 146
108 418
108 322
108 216
108 308
108 222
108 366
108 422
108 123
109 393
109 143
109 541
109 430
109 334
109 200
109 381
109 467
109 409
109 499
109 118
109 338
110 136
110 299
110 194
110 450
110 433
110 270
110 154
110 373
111 521
111 268
111 227
111 247
111 547
111 232
111 396
112 522
112 328
112 474
112 524
112 212
112 593
112 573
113 388
113 142
113 156
113 431
113 428
113 294
113 533
113 167
114 525
114 209
114 351
114 310
114 173
114 443
114 408
115 397
115 172
115 370
115 212
115 275
115 115
115 551
115 141
116 392
116 526
116 580
116 330
116 378
117 305
117 577
117 286
117 255
117 421
117 382
117 359
118 430
118 456
118 334
118 587
118 118
118 172
119 213
119 196
119 436
119 185
119 324
119 337
119 119
119 267
119 376
120 279
120 559
120 435
120 307
120 477
120 537
120 377
120 306
120 429
121 170
121 171
121 430
121 587
121 467
121 456
121 499
121 213
121 389
122 151
122 552
122 448
122 475
122 581
122 590
122 443
123 146
123 309
123 442
123 320
123 507
123 600
123 576
124 257
124 388
124 142
124 533
124 407
124 167
124 445
124 572
124 242
125 293
125 559
125 437
125 125
125 300
125 352
125 317
125 263
126 131
126 296
126 553
126 558
126 438
126 510
126 306
126 551
126 308
126 412
127 147
127 532
127 311
127 313
127 201
127 484
127 439
127 494
127 143
127 267
128 144
128 157
128 187
128 196
128 250
128 148
128 433
128 128
128 478
129 167
129 302
129 483
129 228
129 551
129 298
129 586
129 184
129 150
129 273
129 314
129 318
129 459
129 238
130 145
130 326
130 267
130 367
130 137
130 162
130 415
130 260
130 545
130 550
130 241
131 298
131 314
131 510
131 583
131 131
131 553
131 558
131 318
131 483
132 181
132 198
132 311
132 204
132 570
132 201
132 219
132 494
132 380
132 471
132 193
132 453
132 301
133 259
133 190
133 346
133 376
133 133
133 234
133 421
133 544
133 427
133 304
133 185
133 324
133 337
133 240
133 498
134 516
134 333
134 569
134 519
134 556
134 276
134 563
134 575
134 470
134 344
135 255
135 421
135 135
135 286
135 554
135 455
135 527
136 585
136 140
136 433
136 154
136 557
136 144
136 594
136 489
136 299
136 194
136 368
136 501
137 410
137 386
137 365
137 415
137 285
137 395
137 545
137 162
138 453
138 193
138 204
138 484
138 439
138 532
138 201
138 346
138 147
138 424
138 219
138 494
138 504
139 139
139 454
139 488
139 286
139 305
139 577
139 437
139 527
139 473
140 433
140 450
140 148
140 157
140 187
140 154
140 557
140 479
140 270
140 299
140 194
140 373
140 529
141 430
141 310
141 141
141 340
141 173
141 443
141 446
141 197
141 209
141 476
141 351
141 384
141 512
142 564
142 156
142 572
142 257
142 339
142 422
142 294
142 278
143 480
143 213
143 171
143 262
143 143
143 170
143 271
143 541
143 499
143 256
144 381
144 177
144 196
144 187
144 194
144 561
144 220
144 148
144 299
144 250
145 345
145 412
145 288
145 395
145 202
145 162
145 545
145 161
145 419
145 550
146 189
146 274
146 507
146 600
146 322
146 418
146 309
146 191
146 576
146 331
146 466
146 222
146 342
147 313
147 424
147 193
147 439
147 204
147 532
147 380
147 240
148 270
148 188
148 450
148 196
148 154
148 557
148 331
148 373
148 390
149 349
149 158
149 413
149 335
149 408
149 485
149 165
149 555
149 544
149 150
149 161
150 585
150 447
150 408
150 161
150 165
150 350
150 373
150 413
151 534
151 155
151 210
151 496
151 225
151 475
151 342
151 356
151 153
151 164
151 166
151 315
152 406
152 316
152 465
152 490
152 152
152 505
152 486
152 341
152 416
152 163
152 449
152 356
153 480
153 581
153 155
153 497
153 225
153 166
153 340
153 303
153 448
154 303
154 270
154 368
154 154
154 366
154 187
154 188
154 250
155 278
155 210
155 497
155 534
155 303
155 315
155 555
155 448
156 388
156 407
156 257
156 375
156 156
156 579
156 526
156 428
156 431
157 552
157 299
157 557
157 433
157 373
157 585
157 187
157 531
158 598
158 165
158 350
158 214
158 452
158 349
158 560
158 161
158 221
158 555
158 447
159 289
159 406
159 159
159 175
159 465
159 505
159 366
159 163
159 316
159 486
159 502
160 448
160 514
160 529
160 403
160 405
160 414
160 338
160 327
160 209
160 358
160 217
161 284
161 408
161 432
161 558
161 555
161 452
162 415
162 365
162 326
162 386
162 263
162 367
162 241
163 283
163 490
163 505
163 465
163 353
163 174
163 164
163 567
163 458
164 278
164 303
164 581
164 475
164 210
164 164
164 166
164 497
165 413
165 485
165 165
165 452
165 343
165 432
165 335
166 534
166 448
166 492
166 552
166 210
166 225
167 223
167 407
167 339
167 431
167 564
167 572
167 579
167 428
168 242
168 573
168 530
168 511
168 249
168 168
168 272
168 252
168 426
168 565
168 407
168 554
169 515
169 394
169 272
169 500
169 169
169 493
169 242
169 506
169 565
169 511
170 260
170 262
170 587
170 381
170 541
170 170
170 379
170 456
170 480
170 247
171 262
171 480
171 334
171 271
171 260
171 381
171 372
171 430
171 456
171 587
172 370
172 328
172 275
172 474
172 208
173 398
173 209
173 476
173 343
173 384
173 321
173 546
173 593
173 340
173 351
174 406
174 289
174 290
174 416
174 283
174 174
174 567
174 465
174 353
174 578
175 310
175 406
175 416
175 175
175 464
175 502
175 490
176 515
176 272
176 242
176 511
176 426
176 469
176 493
176 573
176 530
176 520
176 565
176 191
176 546
177 242
177 543
177 402
177 423
177 592
177 206
177 429
177 459
178 429
178 206
178 186
178 592
178 543
178 423
178 178
178 433
179 535
179 409
179 540
179 295
179 218
179 355
179 182
179 588
180 274
180 308
180 222
180 399
180 216
180 507
180 180
180 432
180 320
180 287
180 566
181 439
181 219
181 532
181 313
181 424
181 484
181 397
181 590
181 355
182 535
182 540
182 422
182 578
182 295
182 218
182 336
182 541
183 516
183 263
183 301
183 434
183 436
183 574
183 207
183 276
183 183
183 569
184 273
184 296
184 558
184 302
184 306
184 438
184 455
184 261
185 259
185 427
185 337
185 451
185 190
185 248
185 234
185 498
186 264
186 543
186 459
186 582
186 243
186 429
186 342
186 206
186 363
187 299
187 561
187 194
187 585
187 500
187 594
187 574
188 258
188 433
188 585
188 270
188 450
188 561
188 368
188 252
188 373
189 399
189 418
189 442
189 322
189 576
189 600
189 466
189 216
189 539
190 237
190 542
190 304
190 317
190 362
190 240
190 248
191 515
191 394
191 573
191 500
191 565
191 426
191 333
191 242
191 511
191 491
191 316
192 517
192 272
192 530
192 565
192 509
192 493
192 469
192 192
193 439
193 311
193 424
193 198
193 532
193 580
193 204
193 219
194 594
194 450
194 585
194 194
195 527
195 286
195 554
195 421
195 479
195 255
195 195
195 290
196 557
196 450
196 594
196 299
196 270
196 368
196 373
197 546
197 310
197 443
197 446
197 340
197 384
197 227
197 481
198 424
198 570
198 439
198 380
198 204
198 255
198 219
198 353
198 595
199 426
199 391
199 323
199 223
199 236
199 221
199 233
199 446
200 262
200 393
200 271
200 200
200 430
200 499
200 587
200 334
200 480
200 381
201 532
201 313
201 570
201 484
201 442
202 395
202 412
202 386
202 285
202 367
202 550
202 365
202 413
203 265
203 538
203 584
203 513
203 425
203 478
203 281
203 352
203 468
204 570
204 313
204 453
204 429
204 494
204 380
205 513
205 536
205 312
205 254
205 205
205 597
205 478
206 500
206 402
206 582
206 363
206 562
206 556
206 224
206 245
207 519
207 401
207 563
207 575
207 263
207 207
207 470
207 344
207 372
208 524
208 258
208 328
208 593
208 369
208 212
208 357
208 479
209 446
209 340
209 476
209 571
209 579
209 351
209 384
210 278
210 303
210 315
210 552
210 496
210 521
211 219
211 594
211 269
211 526
211 440
211 251
212 522
212 369
212 275
212 212
212 504
212 409
213 260
213 262
213 393
213 271
213 334
213 587
213 480
213 499
213 450
214 371
214 560
214 432
214 447
214 555
214 595
215 403
215 521
215 547
215 589
215 595
215 227
215 217
215 379
215 364
215 574
215 345
215 220
216 582
216 309
216 576
216 366
216 308
216 507
216 548
217 481
217 261
217 518
217 396
217 268
217 595
217 364
218 528
218 379
218 409
218 539
218 422
218 295
219 311
219 380
219 453
219 494
220 572
220 268
220 345
220 396
220 518
220 232
220 375
221 325
221 341
221 504
221 361
221 389
221 429
221 383
222 298
222 308
222 309
222 442
222 600
222 507
222 576
222 316
222 366
223 391
223 323
223 282
223 389
223 230
223 361
224 423
224 455
224 245
224 562
224 459
224 582
224 425
225 303
225 342
225 278
225 497
225 513
226 483
226 523
226 330
226 590
226 463
226 526
226 267
226 359
227 521
227 589
227 595
227 268
227 379
227 518
227 532
228 558
228 318
228 583
228 551
228 510
228 483
228 302
228 495
228 358
229 517
229 394
229 530
229 332
229 249
229 242
229 404
229 565
230 391
230 411
230 383
230 374
230 233
230 341
230 545
230 361
231 275
231 284
231 474
231 397
231 468
232 261
232 518
232 345
232 489
232 247
232 589
232 301
233 389
233 391
233 323
233 361
233 233
233 503
233 383
234 537
234 240
234 362
234 317
234 346
234 421
235 537
235 300
235 457
235 596
235 235
235 237
236 391
236 411
236 323
236 361
236 341
236 503
236 346
237 537
237 300
237 457
237 596
237 360
237 441
238 474
238 280
238 312
238 468
238 425
238 495
239 568
239 462
239 392
239 463
239 402
240 304
240 324
240 362
240 317
240 259
240 376
241 419
241 365
241 412
241 512
241 386
242 515
242 426
242 565
242 469
242 511
243 459
243 363
243 543
243 568
243 243
243 437
243 245
244 305
244 444
244 479
244 488
244 382
244 508
245 417
245 461
245 264
245 582
245 256
246 386
246 267
246 415
246 419
246 326
246 412
246 459
247 486
247 518
247 595
247 268
248 317
248 346
248 248
248 498
248 544
248 398
248 362
249 515
249 394
249 530
249 426
249 469
249 332
249 404
249 396
249 377
250 433
250 585
250 557
250 450
250 561
250 541
251 523
251 590
251 253
251 359
251 378
251 274
252 455
252 589
252 547
252 364
252 596
253 523
253 269
253 590
253 462
253 371
254 576
254 513
254 387
254 468
254 536
254 584
254 425
255 286
255 577
255 473
255 488
255 508
255 382
256 271
256 541
256 381
256 430
256 256
256 393
256 277
257 431
257 445
257 339
257 407
257 564
257 533
257 388
257 551
258 522
258 370
258 474
258 593
258 369
258 524
259 427
259 542
259 324
259 259
259 304
260 541
260 587
260 334
260 430
260 561
260 262
260 271
260 456
261 482
261 521
261 261
261 589
261 518
261 547
261 345
262 430
262 393
262 262
262 545
262 499
263 351
263 519
263 569
263 574
263 556
263 333
263 401
263 563
263 575
264 562
264 264
264 461
264 417
264 363
264 543
264 321
264 402
264 429
264 568
264 582
264 455
264 286
265 592
265 513
265 387
265 598
265 281
265 536
265 459
265 538
265 312
265 555
266 276
266 372
266 563
266 329
266 574
266 344
266 266
266 476
266 556
266 575
266 470
267 367
267 386
267 550
267 326
267 412
267 395
267 545
267 419
267 365
268 332
268 379
268 345
268 482
268 521
268 439
268 547
268 420
269 323
269 580
269 526
269 413
270 594
270 585
270 561
270 450
270 484
271 467
271 541
271 456
271 381
271 393
271 272
271 305
272 515
272 394
272 565
272 530
272 573
272 350
272 431
273 551
273 302
273 583
273 298
273 306
273 318
273 296
274 293
274 399
274 576
274 274
274 308
274 331
274 292
274 320
274 466
275 524
275 474
275 369
275 370
275 397
275 395
275 284
276 434
276 563
276 301
276 470
276 597
276 344
276 372
277 581
277 385
277 390
277 400
277 403
277 599
277 501
277 291
277 410
277 548
278 534
278 496
278 278
278 475
278 342
279 360
279 307
279 596
279 300
279 441
279 348
279 387
279 537
279 559
279 457
280 387
280 425
280 495
280 536
280 597
280 513
280 502
280 281
280 538
280 478
281 520
281 387
281 487
281 425
281 598
281 281
281 538
281 584
281 478
282 391
282 323
282 341
282 325
282 437
283 505
283 464
283 567
283 458
283 356
283 416
283 316
283 450
283 290
284 524
284 328
284 370
284 369
284 593
284 596
285 454
285 386
285 365
285 288
285 326
285 598
285 512
286 527
286 444
286 454
286 473
287 539
287 540
287 409
287 506
287 566
287 295
287 471
287 355
287 588
287 347
287 432
288 512
288 288
288 415
288 386
288 504
288 550
289 511
289 406
289 490
289 353
289 464
289 290
289 567
289 458
290 316
290 449
290 505
290 353
290 567
291 514
291 528
291 403
291 410
291 338
291 291
291 327
292 399
292 331
292 308
292 418
292 507
292 600
292 320
292 554
292 442
293 437
293 435
293 537
293 457
293 348
293 477
293 300
293 307
293 352
294 339
294 375
294 572
294 297
294 579
294 294
294 564
294 472
295 493
295 488
295 535
295 409
295 506
295 569
295 578
295 347
295 355
296 551
296 302
296 510
296 306
296 438
296 553
296 452
297 533
297 407
297 579
297 431
297 445
297 297
297 572
297 472
298 551
298 438
298 302
298 306
298 510
298 583
298 314
298 318
298 489
299 561
299 450
300 537
300 307
300 441
300 596
300 457
301 401
301 556
301 301
301 372
301 574
301 329
301 333
302 551
302 553
302 306
302 483
302 525
302 314
302 586
303 600
303 475
303 342
304 544
304 317
304 346
304 427
304 521
304 498
305 544
305 554
305 508
305 527
305 473
305 479
306 460
306 483
306 510
306 583
306 586
307 435
307 307
307 457
307 562
307 477
307 360
308 442
308 600
308 331
308 399
308 322
308 466
309 418
309 320
309 576
309 555
309 442
309 331
309 600
309 366
310 525
310 310
310 398
310 321
310 481
311 453
311 311
311 315
311 570
311 484
311 494
312 387
312 468
312 487
312 598
312 426
312 584
312 597
313 424
313 484
313 532
313 313
313 570
313 374
314 551
314 314
314 538
314 583
314 483
315 534
315 475
315 315
315 456
315 581
315 342
315 492
316 416
316 458
316 353
316 449
316 464
316 550
317 544
317 317
317 427
317 492
317 324
317 498
318 553
318 558
318 438
318 445
318 502
318 386
319 537
319 437
319 441
319 348
319 352
319 457
319 551
319 476
320 442
320 466
320 366
320 399
320 471
321 352
321 546
321 571
321 343
321 481
321 345
322 399
322 322
322 507
322 388
323 389
323 411
323 391
323 591
323 374
324 348
324 376
325 389
325 325
325 472
325 559
326 412
326 365
326 415
326 512
327 385
327 529
327 403
327 548
327 390
327 549
327 568
328 380
328 522
328 524
329 401
329 574
329 470
329 333
329 372
329 434
329 329
330 392
330 580
330 359
330 526
330 330
330 373
330 371
331 399
331 418
331 331
331 466
332 565
332 515
332 517
332 500
332 426
332 509
332 394
332 573
332 469
333 516
333 574
333 333
333 551
333 422
334 393
334 456
334 587
334 467
335 495
335 347
335 413
335 432
335 349
336 540
336 357
336 336
336 588
336 578
336 535
336 567
337 414
337 544
337 451
337 542
337 362
337 553
337 346
337 376
338 400
338 414
338 548
338 403
338 410
338 390
338 358
338 491
338 501
339 388
339 428
339 339
340 525
340 571
340 343
340 385
340 351
341 391
341 591
341 504
341 409
342 552
343 366
343 398
343 546
343 443
343 571
343 446
344 556
344 563
344 574
344 470
345 420
345 595
345 482
345 364
346 544
346 364
347 539
347 422
347 440
347 357
348 537
348 437
348 441
348 457
348 370
348 477
348 496
348 392
349 408
349 413
349 432
349 350
350 413
350 447
350 596
350 354
351 481
351 398
352 494
352 472
352 437
352 596
352 360
352 377
353 416
353 449
353 465
353 486
353 356
353 490
354 560
354 485
354 413
355 440
355 539
355 506
355 535
356 406
356 458
356 502
356 416
356 419
357 566
357 540
357 440
357 409
357 448
358 405
358 390
358 410
358 403
358 414
359 526
359 359
359 371
359 560
360 559
360 477
360 377
360 537
360 596
360 561
361 391
361 383
361 361
361 503
362 503
362 544
362 427
362 451
362 444
363 565
363 417
363 429
363 562
363 455
363 532
364 396
364 589
364 420
364 497
364 379
365 401
365 419
365 366
365 367
366 441
366 418
366 466
366 507
366 452
367 386
367 412
367 550
367 395
367 543
367 512
368 450
368 368
368 561
368 526
369 522
369 524
369 514
369 465
370 522
370 524
370 474
371 392
371 523
371 463
371 378
372 569
372 575
372 407
373 561
373 557
373 482
374 389
374 411
374 391
374 504
374 375
375 533
375 407
375 431
375 579
375 575
376 542
376 427
376 515
377 559
377 435
377 477
377 596
377 497
378 449
378 392
378 526
378 590
378 463
378 462
378 461
379 396
379 547
379 489
380 570
380 484
380 447
381 499
381 445
382 454
382 508
382 444
382 473
382 421
382 483
383 391
383 411
383 489
383 405
383 540
384 398
384 443
384 571
385 599
385 501
385 528
385 385
385 390
385 531
385 414
385 549
386 386
386 545
386 415
387 513
387 487
387 425
387 478
388 388
388 564
388 405
388 533
388 472
388 519
389 389
390 514
390 531
390 528
390 491
390 599
390 403
390 410
390 549
390 501
391 503
391 438
392 523
392 590
392 463
393 456
393 467
393 393
393 480
394 509
394 394
394 426
394 471
394 493
395 545
395 419
395 512
395 412
395 593
395 415
396 482
396 518
396 595
396 489
396 511
397 522
397 474
397 524
397 593
397 566
397 527
398 433
398 446
398 546
398 443
398 547
398 571
398 481
399 576
399 600
399 466
399 418
400 414
400 400
400 410
400 405
400 549
400 510
400 529
401 516
401 470
401 519
401 434
401 436
401 584
402 423
402 417
402 402
402 592
403 414
403 405
403 549
404 515
404 517
404 493
404 500
404 404
404 426
404 423
404 469
404 466
405 531
405 528
405 599
405 529
405 548
405 549
405 501
406 458
406 486
406 505
406 464
406 468
406 416
406 567
407 431
407 445
407 472
407 599
408 541
408 435
408 560
408 432
408 484
409 535
409 539
409 540
410 529
410 548
410 599
410 514
410 491
410 501
411 411
411 591
411 503
412 550
413 447
414 529
414 528
414 501
414 548
414 491
415 471
415 550
416 505
416 464
416 567
416 449
416 458
416 502
417 593
417 543
417 592
417 461
417 542
417 429
417 568
417 538
418 576
418 418
419 545
419 594
420 521
420 518
420 547
420 589
420 595
420 420
420 497
421 527
421 454
421 577
421 594
421 554
422 569
422 539
422 471
422 566
422 440
422 578
422 588
423 543
423 562
423 592
423 461
423 582
423 568
424 453
424 532
424 494
424 460
424 484
425 536
425 538
425 425
425 597
425 584
426 515
426 530
426 493
426 573
427 542
428 579
428 572
428 445
428 567
429 568
429 459
430 467
430 480
431 472
431 564
431 579
431 557
432 555
433 450
433 561
433 557
433 585
434 519
434 556
434 434
434 569
434 574
435 537
435 559
435 437
436 556
436 516
436 563
436 470
436 436
437 559
437 596
437 477
437 441
438 553
438 586
438 597
439 532
439 453
439 494
439 461
440 577
440 535
440 539
440 471
440 486
440 578
441 537
441 441
441 457
441 482
442 576
442 600
442 502
443 481
443 525
443 476
444 444
444 479
444 577
444 488
444 508
445 572
446 571
446 476
447 530
447 560
447 447
447 485
448 475
448 448
448 581
448 497
449 567
449 505
449 464
449 486
450 594
450 585
451 544
451 498
451 451
451 519
452 499
452 560
453 532
453 570
453 453
453 484
453 494
454 488
454 577
454 479
455 543
455 459
455 592
456 541
456 587
456 536
456 591
456 533
458 502
458 505
459 562
459 461
460 583
460 510
460 483
460 551
460 592
461 543
461 568
462 473
462 526
462 580
462 590
462 463
463 523
463 463
464 465
464 597
464 486
465 475
465 502
465 486
465 490
466 507
466 576
467 541
467 587
467 518
468 543
468 513
468 584
469 565
469 515
469 500
469 538
469 511
470 516
470 588
471 535
471 539
471 578
473 527
473 554
474 567
475 534
475 552
476 509
476 525
477 596
477 581
478 524
478 584
478 520
478 495
479 527
479 488
480 480
481 546
482 583
482 589
482 489
483 583
484 563
485 485
485 577
486 490
487 490
487 520
487 538
487 584
487 598
488 527
489 518
489 547
490 505
491 529
491 531
491 491
491 599
492 534
492 496
492 497
492 492
492 580
493 517
493 530
493 509
495 520
495 536
495 597
495 538
496 552
496 581
496 534
497 552
497 545
499 499
500 517
500 573
500 530
501 531
501 548
503 504
504 570
504 591
506 540
506 566
506 588
506 537
508 554
508 568
509 573
509 509
510 553
511 530
511 515
511 565
511 525
512 536
513 549
513 584
513 520
514 529
514 528
514 549
514 514
515 573
515 530
516 569
516 519
516 575
517 573
517 517
517 539
518 518
519 522
519 563
519 519
519 574
520 536
520 597
520 584
520 573
521 595
522 593
523 580
523 526
524 593
525 525
525 546
526 580
527 577
527 554
528 529
528 548
529 531
531 549
531 548
531 599
532 532
533 572
533 533
533 564
534 553
534 534
535 578
535 540
535 566
538 598
538 584
539 539
540 578
541 541
542 592
543 568
547 595
549 599
551 553
551 586
551 558
551 583
552 552
553 586
555 560
556 575
557 594
557 557
558 558
561 561
562 562
562 592
562 568
562 582
563 575
564 564
566 566
566 588
568 582
569 574
571 587
578 588
579 579
583 586
585 594
588 588
589 595
591 591
593 593
598 598
599 599
