700 8154
1 302
1 385
1 61
1 23
1 10
1 59
1 564
1 331
1 441
1 651
1 650
1 576
1 686
1 363
1 296
1 569
1 57
1 424
1 467
1 481
1 520
1 408
1 281
2 227
2 288
2 514
2 50
2 2
2 470
2 174
2 292
2 420
2 411
2 100
2 484
2 313
2 626
2 3
2 464
2 436
2 427
2 289
2 417
2 421
2 494
2 252
2 22
3 71
3 514
3 252
3 679
3 680
3 464
3 50
3 100
3 494
3 313
3 695
3 626
3 470
3 174
3 292
3 421
3 112
3 561
3 233
3 411
3 417
3 683
3 307
3 484
3 163
3 352
4 159
4 41
4 4
4 104
4 344
4 364
4 188
4 376
4 578
4 462
4 429
4 309
4 422
4 571
4 265
4 609
4 94
4 143
4 343
4 516
4 267
4 176
4 587
4 592
5 438
5 83
5 461
5 27
5 107
5 244
5 56
5 666
5 40
5 425
5 675
5 560
5 85
5 407
5 71
5 430
5 180
5 6
5 82
5 639
5 692
5 453
5 46
5 380
5 490
6 146
6 274
6 27
6 430
6 453
6 40
6 244
6 675
6 560
6 126
6 6
6 425
6 666
6 621
6 407
6 180
6 362
6 335
6 692
6 56
6 461
6 340
6 99
6 79
7 240
7 15
7 608
7 182
7 691
7 54
7 382
7 96
7 199
7 241
7 300
7 7
7 521
7 380
7 197
7 685
7 632
7 269
7 415
7 67
7 336
7 91
7 628
7 243
7 191
8 636
8 144
8 181
8 13
8 522
8 293
8 471
8 8
8 305
8 148
8 75
8 431
8 186
8 338
8 524
8 428
8 109
8 382
8 78
8 55
8 314
8 456
8 588
8 351
8 376
8 333
9 175
9 402
9 580
9 346
9 439
9 596
9 562
9 549
9 219
9 152
9 73
9 674
9 636
9 169
9 396
9 442
9 149
9 319
9 383
9 19
9 268
9 546
9 552
9 558
9 337
9 20
10 229
10 601
10 520
10 231
10 501
10 39
10 576
10 408
10 569
10 686
10 564
10 331
10 363
10 10
10 450
10 650
10 29
10 375
10 281
10 424
10 296
10 441
10 57
11 616
11 159
11 652
11 409
11 580
11 11
11 151
11 164
11 445
11 488
11 667
11 29
11 326
11 458
11 529
11 493
11 530
11 228
11 455
11 406
11 668
11 158
11 414
11 653
11 545
11 626
12 517
12 393
12 395
12 644
12 12
12 492
12 482
12 684
12 487
12 479
12 468
12 203
12 66
12 404
12 497
12 234
12 354
12 238
12 296
12 165
12 83
12 97
12 229
12 530
13 472
13 226
13 181
13 351
13 524
13 75
13 314
13 522
13 431
13 428
13 212
13 662
13 456
13 293
13 148
13 109
13 471
13 217
13 62
13 657
13 305
13 588
13 195
13 457
14 644
14 395
14 468
14 482
14 354
14 497
14 479
14 487
14 393
14 404
14 356
14 229
14 14
14 684
14 117
14 165
14 97
14 623
14 400
14 203
14 234
15 237
15 386
15 632
15 624
15 241
15 608
15 336
15 521
15 691
15 76
15 197
15 240
15 332
15 67
15 54
15 15
15 358
15 482
15 685
15 182
15 199
15 91
15 628
16 394
16 266
16 365
16 566
16 687
16 448
16 528
16 161
16 208
16 247
16 438
16 658
16 559
16 595
16 253
16 58
16 681
16 239
16 657
16 599
16 49
16 218
16 242
17 255
17 90
17 17
17 185
17 478
17 469
17 446
17 38
17 122
17 435
17 383
17 42
17 325
17 359
17 225
17 505
17 30
17 132
17 160
17 669
17 416
17 329
18 102
18 385
18 260
18 389
18 274
18 24
18 473
18 196
18 345
18 581
18 372
18 381
18 399
18 544
18 18
18 647
18 526
18 297
18 520
18 282
18 550
18 697
18 574
19 559
19 361
19 572
19 369
19 186
19 390
19 392
19 138
19 270
19 655
19 682
19 200
19 195
19 118
19 177
19 480
19 163
19 654
19 410
19 543
19 290
19 418
19 551
19 192
19 463
19 490
20 650
20 532
20 57
20 59
20 408
20 424
20 569
20 39
20 520
20 20
20 23
20 501
20 281
20 686
20 296
20 231
20 363
20 448
20 441
20 450
21 258
21 259
21 517
21 134
21 401
21 519
21 139
21 555
21 166
21 21
21 629
21 256
21 312
21 451
21 110
21 232
21 108
21 478
21 101
21 538
21 162
21 308
21 184
21 230
21 605
22 570
22 264
22 656
22 273
22 210
22 536
22 433
22 88
22 207
22 278
22 22
22 106
22 279
22 352
22 688
22 214
22 594
22 167
22 606
23 616
23 520
23 651
23 59
23 331
23 39
23 501
23 231
23 569
23 650
23 441
23 424
23 564
23 408
23 686
23 363
23 557
23 453
23 281
23 296
23 576
23 450
24 385
24 515
24 389
24 526
24 399
24 274
24 381
24 140
24 581
24 24
24 282
24 345
24 697
24 604
24 196
24 647
24 56
24 264
24 473
24 233
24 116
24 572
24 456
25 97
25 103
25 315
25 415
25 84
25 432
25 671
25 78
25 44
25 347
25 294
25 61
25 557
25 486
25 603
25 238
25 25
25 586
25 115
25 539
25 47
25 593
25 87
25 413
25 587
26 188
26 224
26 114
26 391
26 648
26 137
26 397
26 145
26 28
26 190
26 248
26 511
26 673
26 610
26 477
26 333
26 121
26 86
26 552
26 588
26 454
26 341
26 377
27 407
27 666
27 56
27 461
27 425
27 621
27 560
27 180
27 244
27 107
27 675
27 340
27 465
27 128
27 126
27 27
27 132
27 692
27 453
27 71
27 375
27 661
27 440
27 478
28 526
28 257
28 643
28 391
28 648
28 137
28 397
28 145
28 454
28 377
28 248
28 477
28 28
28 333
28 659
28 198
28 235
28 410
28 673
28 610
29 530
29 406
29 151
29 667
29 445
29 652
29 164
29 458
29 580
29 409
29 326
29 158
29 350
29 159
29 179
29 670
29 316
29 269
29 477
29 616
29 488
29 493
29 462
30 381
30 567
30 645
30 466
30 649
30 154
30 329
30 225
30 325
30 80
30 90
30 311
30 185
30 435
30 446
30 38
30 122
30 452
30 127
30 42
30 434
30 359
31 402
31 515
31 116
31 73
31 130
31 285
31 64
31 31
31 343
31 37
31 545
31 677
31 242
31 508
31 586
31 700
31 288
31 143
31 57
31 160
31 295
31 43
31 556
32 282
32 233
32 129
32 642
32 136
32 243
32 213
32 320
32 483
32 221
32 447
32 591
32 147
32 633
32 48
32 449
32 694
32 220
32 564
32 338
32 423
32 51
32 585
32 92
32 325
33 156
33 157
33 287
33 101
33 127
33 167
33 607
33 306
33 601
33 131
33 235
33 366
33 46
33 269
33 211
33 255
33 459
33 384
33 59
33 365
33 298
33 570
33 279
34 356
34 413
34 542
34 355
34 472
34 568
34 444
34 124
34 105
34 291
34 602
34 513
34 531
34 583
34 437
34 620
34 600
34 34
34 246
34 183
34 209
34 503
34 267
35 259
35 139
35 401
35 162
35 256
35 451
35 629
35 538
35 312
35 108
35 308
35 519
35 134
35 537
35 184
35 230
35 35
35 216
35 119
35 166
35 555
35 110
35 245
35 378
36 400
36 533
36 153
36 410
36 155
36 284
36 324
36 637
36 622
36 630
36 276
36 170
36 41
36 398
36 322
36 271
36 527
36 678
36 226
36 147
36 690
36 495
36 104
36 301
37 160
37 677
37 72
37 79
37 285
37 508
37 509
37 130
37 700
37 43
37 295
37 343
37 586
37 37
37 556
37 317
37 373
37 455
37 53
37 215
37 440
38 627
38 698
38 352
38 669
38 548
38 122
38 416
38 505
38 38
38 154
38 446
38 469
38 42
38 435
38 90
38 676
38 381
38 311
38 185
38 80
38 478
39 493
39 85
39 138
39 88
39 520
39 650
39 651
39 532
39 686
39 424
39 569
39 39
39 441
39 57
39 374
39 539
39 450
39 231
39 363
40 530
40 666
40 675
40 692
40 425
40 40
40 244
40 85
40 621
40 340
40 560
40 126
40 461
40 430
40 99
40 336
40 240
40 180
40 56
40 453
40 465
40 128
40 191
40 467
41 555
41 398
41 400
41 271
41 276
41 153
41 410
41 284
41 678
41 297
41 155
41 95
41 369
41 527
41 495
41 324
41 170
41 615
41 322
41 637
42 201
42 154
42 416
42 548
42 122
42 225
42 478
42 329
42 185
42 469
42 443
42 42
42 80
42 434
42 612
42 498
42 435
42 446
42 325
42 90
43 675
43 540
43 285
43 160
43 545
43 242
43 79
43 215
43 130
43 317
43 72
43 43
43 295
43 357
43 677
43 670
43 490
43 64
43 586
43 343
43 508
44 261
44 539
44 671
44 289
44 294
44 44
44 84
44 47
44 432
44 603
44 78
44 103
44 315
44 554
44 371
44 557
44 216
44 373
44 61
44 593
44 87
44 486
44 238
45 402
45 664
45 535
45 412
45 541
45 299
45 173
45 178
45 625
45 573
45 189
45 249
45 665
45 102
45 339
45 52
45 74
45 172
45 107
45 307
45 460
45 474
45 125
45 619
45 586
45 79
45 51
46 283
46 269
46 156
46 167
46 570
46 601
46 287
46 223
46 131
46 306
46 384
46 298
46 598
46 81
46 459
46 101
46 561
46 540
46 211
46 235
46 366
46 127
47 353
47 261
47 539
47 289
47 294
47 554
47 557
47 371
47 47
47 103
47 87
47 238
47 603
47 486
47 84
47 605
47 668
47 315
47 593
47 347
48 663
48 84
48 129
48 642
48 136
48 147
48 423
48 426
48 585
48 320
48 220
48 693
48 449
48 51
48 243
48 213
48 633
48 65
48 256
48 447
48 591
48 57
48 547
49 394
49 658
49 528
49 161
49 559
49 687
49 681
49 253
49 208
49 438
49 58
49 448
49 206
49 247
49 175
49 239
49 266
49 145
49 451
49 566
49 474
49 204
49 628
49 413
49 124
49 695
50 573
50 411
50 417
50 680
50 683
50 464
50 679
50 112
50 174
50 470
50 436
50 695
50 100
50 494
50 252
50 420
50 250
50 567
50 307
51 653
51 132
51 429
51 129
51 642
51 136
51 147
51 423
51 426
51 591
51 447
51 220
51 585
51 221
51 92
51 475
51 646
51 320
51 449
51 77
51 483
51 243
51 450
51 80
52 402
52 663
52 664
52 535
52 541
52 299
52 173
52 178
52 460
52 419
52 60
52 52
52 339
52 125
52 474
52 189
52 133
52 371
52 573
52 102
52 625
52 690
52 55
53 537
53 670
53 465
53 640
53 285
53 160
53 545
53 556
53 242
53 130
53 357
53 700
53 343
53 509
53 288
53 72
53 53
53 307
53 317
53 586
53 79
53 508
54 300
54 691
54 182
54 76
54 240
54 624
54 91
54 199
54 96
54 197
54 382
54 632
54 241
54 386
54 336
54 521
54 138
54 160
54 332
54 447
55 663
55 522
55 524
55 657
55 662
55 428
55 305
55 338
55 351
55 186
55 431
55 212
55 55
55 314
55 293
55 75
55 654
55 456
55 471
55 109
56 666
56 675
56 425
56 560
56 180
56 692
56 128
56 407
56 244
56 71
56 99
56 465
56 107
56 164
56 424
56 453
56 85
56 621
56 504
56 673
57 106
57 520
57 532
57 424
57 686
57 441
57 231
57 281
57 59
57 576
57 408
57 501
57 331
57 538
58 394
58 266
58 658
58 161
58 681
58 553
58 302
58 559
58 566
58 438
58 687
58 247
58 595
58 239
58 528
58 365
58 465
58 126
58 448
58 206
58 253
58 661
59 667
59 181
59 514
59 655
59 520
59 424
59 564
59 569
59 231
59 363
59 281
59 650
59 408
59 501
59 246
59 392
60 402
60 663
60 664
60 535
60 541
60 419
60 172
60 173
60 189
60 665
60 60
60 412
60 249
60 299
60 625
60 178
60 206
60 516
60 573
60 74
60 460
60 474
60 102
60 373
60 403
61 261
61 539
61 671
61 415
61 289
61 294
61 554
61 84
61 103
61 593
61 238
61 432
61 78
61 61
61 635
61 649
61 347
61 603
61 291
62 491
62 518
62 263
62 135
62 142
62 275
62 283
62 567
62 617
62 113
62 330
62 572
62 62
62 334
62 605
62 254
62 168
62 475
62 278
62 476
62 237
62 370
62 127
62 346
62 682
63 538
63 230
63 282
63 516
63 265
63 267
63 422
63 429
63 689
63 188
63 63
63 176
63 462
63 578
63 309
63 94
63 592
63 626
63 140
63 344
63 104
63 120
64 130
64 540
64 285
64 288
64 160
64 677
64 556
64 700
64 317
64 586
64 357
64 509
64 295
64 343
64 79
64 64
64 532
64 508
64 578
65 141
65 525
65 272
65 146
65 405
65 672
65 187
65 318
65 204
65 699
65 201
65 623
65 353
65 485
65 349
65 378
65 328
65 584
65 507
65 554
65 627
65 483
66 393
66 395
66 404
66 165
66 684
66 229
66 479
66 497
66 487
66 468
66 97
66 203
66 117
66 492
66 361
66 582
66 482
66 421
66 637
66 354
67 685
67 691
67 182
67 382
67 380
67 336
67 332
67 521
67 241
67 624
67 91
67 76
67 199
67 96
67 240
67 386
67 477
67 196
67 197
67 628
67 632
67 449
67 198
68 699
68 403
68 676
68 440
68 575
68 698
68 217
68 115
68 277
68 98
68 68
68 323
68 498
68 455
68 452
68 466
68 631
68 94
68 164
68 510
69 687
69 155
69 622
69 280
69 301
69 563
69 191
69 193
69 224
69 335
69 634
69 504
69 362
69 496
69 660
69 388
69 228
69 457
69 334
69 424
69 114
69 374
70 497
70 286
70 304
70 303
70 565
70 579
70 502
70 639
70 646
70 653
70 202
70 619
70 638
70 574
70 119
70 321
70 360
70 89
70 598
70 159
70 205
70 93
70 606
70 225
71 407
71 666
71 430
71 180
71 692
71 465
71 621
71 461
71 107
71 340
71 560
71 675
71 71
71 425
71 577
71 128
72 350
72 499
72 130
72 540
72 285
72 288
72 545
72 295
72 556
72 700
72 317
72 79
72 160
72 509
72 242
72 479
72 363
72 343
72 194
73 239
73 268
73 396
73 149
73 674
73 546
73 549
73 552
73 319
73 636
73 346
73 227
73 337
73 596
73 439
73 613
73 590
73 522
73 219
73 170
73 441
74 663
74 665
74 541
74 419
74 173
74 178
74 189
74 573
74 402
74 412
74 249
74 125
74 339
74 74
74 102
74 400
74 224
75 444
75 522
75 657
75 662
75 428
75 305
75 181
75 186
75 456
75 293
75 148
75 524
75 379
75 109
75 588
75 688
75 248
75 338
75 471
75 421
75 252
76 521
76 300
76 685
76 199
76 332
76 240
76 197
76 691
76 624
76 380
76 386
76 182
76 608
76 76
76 131
76 311
76 91
76 96
76 628
76 632
76 382
76 411
77 109
77 543
77 200
77 642
77 136
77 423
77 693
77 694
77 449
77 585
77 475
77 77
77 221
77 92
77 447
77 591
77 359
77 473
77 483
78 487
78 261
78 671
78 415
78 289
78 294
78 432
78 371
78 84
78 557
78 635
78 103
78 315
78 238
78 603
78 111
78 205
78 593
78 87
78 486
79 150
79 540
79 295
79 556
79 700
79 586
79 242
79 215
79 288
79 130
79 343
79 160
79 285
79 311
79 198
80 565
80 367
80 154
80 669
80 416
80 311
80 185
80 446
80 443
80 505
80 122
80 434
80 225
80 548
80 359
80 360
81 566
81 339
81 269
81 157
81 287
81 167
81 306
81 601
81 211
81 607
81 223
81 598
81 570
81 131
81 81
81 459
81 215
81 449
81 327
82 516
82 265
82 429
82 689
82 571
82 188
82 587
82 462
82 344
82 422
82 309
82 94
82 364
82 376
82 176
82 592
82 609
82 192
82 139
82 104
83 644
83 165
83 582
83 361
83 492
83 482
83 497
83 468
83 479
83 354
83 395
83 83
83 404
83 487
83 684
83 229
83 545
83 356
84 261
84 415
84 289
84 554
84 557
84 315
84 593
84 84
84 432
84 238
84 371
84 603
84 606
84 87
84 347
84 635
84 509
85 407
85 666
85 425
85 430
85 560
85 692
85 465
85 340
85 461
85 621
85 126
85 453
85 244
85 128
85 180
85 691
85 99
85 439
85 456
86 539
86 257
86 643
86 391
86 648
86 397
86 659
86 454
86 477
86 145
86 618
86 610
86 190
86 511
86 198
86 512
86 121
86 233
86 550
87 539
87 671
87 415
87 289
87 294
87 554
87 315
87 593
87 635
87 486
87 347
87 371
87 103
87 473
87 577
87 364
88 394
88 159
88 238
88 113
88 264
88 649
88 656
88 273
88 278
88 536
88 207
88 214
88 352
88 688
88 88
88 106
88 191
88 606
88 614
88 111
88 251
88 341
89 534
89 286
89 303
89 574
89 321
89 579
89 202
89 119
89 375
89 360
89 304
89 639
89 502
89 638
89 499
89 653
89 89
89 545
89 348
89 93
89 611
90 351
90 686
90 669
90 416
90 548
90 434
90 435
90 311
90 185
90 446
90 329
90 325
90 505
90 122
90 536
90 214
90 478
90 359
91 638
91 521
91 691
91 199
91 336
91 386
91 624
91 197
91 380
91 332
91 96
91 608
91 182
91 233
91 571
91 628
91 632
91 494
92 299
92 271
92 129
92 642
92 136
92 147
92 447
92 585
92 475
92 220
92 423
92 591
92 633
92 243
92 693
92 547
92 577
92 483
93 653
93 534
93 286
93 303
93 321
93 579
93 93
93 638
93 499
93 304
93 611
93 205
93 646
93 348
93 375
93 361
93 287
93 360
93 288
93 278
94 681
94 267
94 176
94 689
94 309
94 188
94 592
94 571
94 376
94 104
94 94
94 364
94 516
94 232
94 632
94 120
95 398
95 527
95 400
95 276
95 533
95 153
95 284
95 322
95 678
95 489
95 297
95 630
95 369
95 410
95 155
95 622
95 324
95 249
95 119
96 135
96 386
96 300
96 685
96 691
96 182
96 241
96 197
96 332
96 96
96 521
96 336
96 427
96 111
96 624
96 240
96 628
97 644
97 395
97 404
97 165
97 684
97 479
97 468
97 97
97 393
97 203
97 117
97 482
97 492
97 582
97 225
97 354
97 487
97 497
97 557
97 536
98 641
98 387
98 133
98 277
98 698
98 575
98 323
98 452
98 455
98 217
98 115
98 498
98 645
98 132
98 676
98 98
98 560
98 194
98 368
98 631
98 510
98 433
98 221
99 515
99 196
99 675
99 425
99 430
99 692
99 180
99 453
99 340
99 126
99 461
99 107
99 621
99 465
99 648
99 301
99 244
99 128
99 366
100 409
100 461
100 588
100 514
100 411
100 307
100 695
100 484
100 470
100 292
100 679
100 112
100 252
100 494
100 683
100 612
100 546
100 176
101 415
101 131
101 269
101 156
101 298
101 561
101 211
101 598
101 601
101 223
101 607
101 255
101 306
101 235
101 101
101 363
101 384
101 470
102 664
102 665
102 535
102 541
102 299
102 172
102 173
102 339
102 125
102 402
102 573
102 178
102 189
102 460
102 560
102 249
103 539
103 415
103 554
103 557
103 432
103 593
103 371
103 635
103 486
103 603
103 261
103 289
103 420
103 462
104 412
104 516
104 265
104 267
104 176
104 571
104 578
104 587
104 609
104 104
104 250
104 592
104 344
104 467
104 364
105 144
105 531
105 291
105 342
105 600
105 503
105 661
105 209
105 124
105 583
105 602
105 413
105 640
105 183
105 513
105 105
105 433
105 143
105 185
106 486
106 216
106 264
106 649
106 656
106 273
106 279
106 433
106 327
106 207
106 594
106 214
106 606
106 481
106 278
106 352
106 196
106 251
107 407
107 666
107 675
107 425
107 430
107 560
107 180
107 461
107 340
107 453
107 244
107 465
107 537
107 216
107 621
107 128
108 259
108 134
108 519
108 139
108 401
108 538
108 308
108 230
108 555
108 162
108 108
108 256
108 232
108 312
108 258
108 115
108 467
108 110
108 245
109 419
109 524
109 662
109 431
109 305
109 181
109 456
109 351
109 186
109 109
109 212
109 588
109 657
109 179
109 213
110 258
110 134
110 519
110 401
110 537
110 538
110 166
110 555
110 308
110 312
110 184
110 230
110 139
110 629
110 517
110 354
110 590
110 256
110 558
110 331
110 643
111 649
111 656
111 273
111 536
111 279
111 594
111 599
111 606
111 481
111 614
111 688
111 433
111 327
111 264
111 506
111 180
111 647
112 697
112 579
112 514
112 417
112 420
112 292
112 421
112 679
112 680
112 174
112 436
112 695
112 464
112 494
112 470
112 658
112 589
112 512
113 518
113 263
113 135
113 262
113 142
113 654
113 275
113 168
113 427
113 567
113 572
113 330
113 334
113 216
113 605
113 237
113 476
113 472
113 527
113 313
113 267
114 128
114 386
114 388
114 280
114 547
114 171
114 563
114 194
114 228
114 362
114 191
114 301
114 496
114 114
114 457
114 224
114 240
114 374
114 634
115 358
115 641
115 645
115 676
115 440
115 698
115 323
115 452
115 455
115 498
115 115
115 387
115 217
115 540
115 485
115 120
116 389
116 647
116 140
116 526
116 399
116 274
116 544
116 473
116 233
116 500
116 372
116 515
116 282
116 116
116 385
116 196
116 264
116 329
117 644
117 393
117 395
117 404
117 165
117 684
117 582
117 203
117 356
117 487
117 361
117 234
117 468
117 354
117 479
117 198
117 602
118 452
118 392
118 138
118 543
118 290
118 418
118 551
118 192
118 589
118 615
118 367
118 163
118 490
118 177
118 200
118 463
118 236
118 247
118 346
119 653
119 286
119 304
119 303
119 574
119 202
119 205
119 348
119 611
119 360
119 619
119 375
119 119
119 534
119 225
119 293
119 504
120 568
120 265
120 267
120 422
120 429
120 176
120 309
120 571
120 587
120 592
120 462
120 578
120 364
120 376
120 188
120 689
120 217
120 250
121 680
121 257
121 391
121 648
121 137
121 397
121 659
121 198
121 512
121 511
121 377
121 121
121 190
121 145
121 618
121 476
121 196
121 248
122 611
122 346
122 578
122 154
122 669
122 434
122 185
122 443
122 446
122 469
122 478
122 225
122 359
122 229
123 380
123 387
123 133
123 132
123 277
123 440
123 698
123 323
123 452
123 466
123 641
123 510
123 403
123 645
123 123
123 217
123 455
123 296
123 187
123 498
123 631
124 144
124 531
124 661
124 413
124 291
124 437
124 183
124 577
124 583
124 209
124 342
124 600
124 355
124 620
124 472
124 568
124 452
124 478
125 402
125 663
125 535
125 412
125 541
125 299
125 172
125 189
125 573
125 339
125 625
125 664
125 665
125 419
125 697
125 152
125 453
125 163
126 407
126 666
126 675
126 425
126 430
126 560
126 453
126 461
126 465
126 692
126 340
126 180
126 603
126 457
126 128
126 549
127 401
127 254
127 269
127 167
127 298
127 561
127 306
127 366
127 570
127 607
127 255
127 223
127 459
127 131
127 157
127 384
127 568
127 585
127 220
127 224
128 407
128 675
128 430
128 692
128 340
128 621
128 425
128 128
128 180
128 673
128 314
129 693
129 220
129 633
129 147
129 129
129 483
129 221
129 136
129 585
129 475
129 213
129 591
129 447
129 505
129 557
129 694
129 320
129 449
130 184
130 550
130 288
130 540
130 357
130 700
130 130
130 509
130 677
130 215
130 317
130 160
130 242
130 508
130 463
130 271
130 545
130 295
130 343
130 522
131 684
131 652
131 381
131 287
131 211
131 131
131 167
131 306
131 607
131 601
131 570
131 223
131 366
131 384
131 157
131 255
131 492
131 408
131 269
131 156
131 298
131 459
131 300
132 497
132 641
132 387
132 133
132 645
132 132
132 217
132 368
132 277
132 466
132 507
132 440
132 452
132 575
132 631
132 428
132 676
132 698
132 323
132 510
133 641
133 387
133 466
133 631
133 323
133 403
133 498
133 510
133 452
133 217
133 507
133 698
133 455
133 277
133 242
133 174
134 258
134 232
134 134
134 139
134 162
134 538
134 245
134 166
134 451
134 259
134 308
134 256
134 184
134 401
134 357
134 343
134 555
134 312
134 230
134 629
134 458
134 157
134 483
135 272
135 518
135 216
135 572
135 476
135 330
135 654
135 370
135 254
135 427
135 567
135 262
135 263
135 283
135 237
135 246
135 378
135 142
135 275
135 334
135 617
135 513
135 640
136 475
136 213
136 423
136 220
136 585
136 449
136 642
136 320
136 221
136 426
136 591
136 447
136 649
136 603
136 147
137 257
137 643
137 391
137 648
137 477
137 673
137 618
137 659
137 198
137 333
137 512
137 511
137 397
137 377
137 454
137 360
137 139
137 145
137 190
137 341
138 316
138 392
138 143
138 551
138 270
138 192
138 418
138 543
138 655
138 200
138 480
138 463
138 236
138 390
138 615
138 298
138 177
138 490
138 481
138 426
139 259
139 537
139 555
139 451
139 401
139 258
139 312
139 166
139 538
139 162
139 232
139 184
139 519
139 517
139 256
139 566
139 560
139 629
139 301
140 178
140 515
140 260
140 389
140 647
140 140
140 345
140 473
140 381
140 604
140 697
140 274
140 372
140 544
140 581
140 233
140 254
140 307
140 526
140 399
140 282
140 196
140 149
140 608
141 523
141 328
141 187
141 378
141 491
141 405
141 627
141 623
141 141
141 584
141 525
141 201
141 485
141 353
141 310
141 146
141 493
141 654
141 272
141 672
141 699
141 318
141 390
141 576
142 681
142 179
142 263
142 262
142 617
142 254
142 334
142 216
142 654
142 283
142 373
142 572
142 370
142 275
142 605
142 152
142 210
142 567
143 353
143 269
143 390
143 392
143 655
143 682
143 290
143 551
143 177
143 195
143 480
143 200
143 589
143 163
143 270
143 597
143 466
143 543
143 418
143 463
143 490
143 236
144 513
144 600
144 183
144 144
144 602
144 342
144 531
144 209
144 577
144 355
144 661
144 413
144 437
144 620
144 444
144 161
144 542
144 568
144 472
145 575
145 257
145 643
145 391
145 397
145 377
145 198
145 341
145 648
145 659
145 190
145 673
145 145
145 237
145 461
145 454
145 248
145 511
145 512
146 204
146 187
146 405
146 623
146 272
146 491
146 672
146 349
146 146
146 699
146 696
146 353
146 318
146 310
146 328
146 352
147 323
147 642
147 585
147 220
147 693
147 694
147 243
147 447
147 221
147 320
147 483
147 475
147 593
147 497
147 633
147 563
148 630
148 524
148 657
148 305
148 212
148 588
148 471
148 662
148 293
148 431
148 148
148 314
148 186
148 522
148 351
148 629
148 360
148 226
149 349
149 268
149 396
149 636
149 546
149 590
149 439
149 219
149 319
149 442
149 227
149 562
149 169
149 549
149 346
149 152
149 317
149 674
149 552
149 337
149 596
149 358
149 182
150 350
150 523
150 525
150 272
150 405
150 699
150 328
150 201
150 150
150 485
150 627
150 204
150 187
150 353
150 584
150 491
150 623
150 535
150 672
150 310
150 696
150 378
150 377
151 529
151 530
151 406
151 159
151 151
151 409
151 458
151 326
151 667
151 493
151 616
151 445
151 179
151 350
151 652
151 395
151 473
151 668
151 316
151 168
151 602
151 242
151 510
152 629
152 268
152 396
152 596
152 558
152 319
152 590
152 674
152 613
152 358
152 442
152 169
152 549
152 346
152 602
152 668
152 546
152 552
152 337
152 219
152 227
152 636
152 637
153 398
153 527
153 400
153 276
153 369
153 271
153 155
153 533
153 630
153 324
153 297
153 637
153 170
153 153
153 663
153 469
153 410
153 622
153 443
154 359
154 435
154 329
154 443
154 505
154 383
154 469
154 311
154 669
154 548
154 478
154 446
154 154
154 457
154 171
154 416
154 185
154 325
155 206
155 396
155 398
155 527
155 271
155 276
155 533
155 410
155 489
155 495
155 678
155 284
155 690
155 630
155 369
155 322
155 524
155 170
155 324
156 269
156 211
156 156
156 366
156 598
156 255
156 384
156 459
156 298
156 223
156 235
156 607
156 561
156 604
156 473
156 157
156 287
156 306
157 306
157 384
157 287
157 255
157 570
157 607
157 598
157 601
157 235
157 167
157 211
157 459
157 157
157 387
157 561
157 366
158 652
158 530
158 406
158 667
158 668
158 670
158 164
158 529
158 488
158 414
158 179
158 493
158 326
158 616
158 458
158 445
158 336
158 628
158 159
158 316
158 600
159 668
159 670
159 406
159 409
159 530
159 164
159 445
159 326
159 316
159 529
159 580
159 652
159 458
159 667
159 414
159 488
159 188
160 375
160 540
160 285
160 288
160 357
160 343
160 317
160 556
160 586
160 508
160 700
160 470
160 505
160 677
160 242
160 344
161 394
161 658
161 528
161 448
161 566
161 218
161 687
161 595
161 266
161 559
161 681
161 247
161 253
161 553
161 302
161 346
161 332
161 175
161 206
161 239
162 258
162 517
162 401
162 537
162 538
162 312
162 451
162 308
162 555
162 232
162 259
162 166
162 230
162 245
162 182
162 351
162 184
162 256
163 405
163 285
163 464
163 390
163 270
163 543
163 682
163 490
163 589
163 290
163 392
163 418
163 367
163 615
163 195
163 655
163 551
163 177
163 463
164 652
164 529
164 406
164 409
164 667
164 668
164 414
164 493
164 326
164 616
164 445
164 164
164 179
164 594
164 450
164 215
165 644
165 393
165 482
165 356
165 361
165 684
165 492
165 487
165 468
165 229
165 479
165 203
165 692
165 615
165 582
165 234
165 497
165 366
166 258
166 259
166 519
166 401
166 537
166 232
166 166
166 538
166 629
166 451
166 184
166 613
166 367
166 308
166 245
167 517
167 389
167 526
167 287
167 255
167 306
167 601
167 561
167 167
167 211
167 598
167 189
167 688
167 298
167 459
167 235
167 366
168 518
168 262
168 654
168 275
168 283
168 373
168 263
168 330
168 572
168 370
168 605
168 334
168 567
168 427
168 246
168 168
168 225
168 216
168 476
168 617
168 237
168 254
168 556
168 174
169 268
169 546
169 552
169 549
169 346
169 396
169 613
169 439
169 219
169 442
169 596
169 319
169 562
169 558
169 674
169 194
169 310
169 337
169 630
170 295
170 527
170 410
170 678
170 495
170 324
170 637
170 322
170 630
170 489
170 369
170 690
170 398
170 622
170 614
170 341
171 566
171 660
171 280
171 547
171 612
171 374
171 171
171 228
171 496
171 457
171 388
171 194
171 222
171 335
171 504
171 193
171 499
171 415
171 563
171 191
171 467
171 224
171 634
172 402
172 664
172 665
172 535
172 412
172 419
172 474
172 178
172 541
172 173
172 249
172 573
172 299
172 339
172 172
172 667
172 460
173 664
173 535
173 412
173 419
173 299
173 189
173 339
173 173
173 249
173 541
173 573
173 495
173 395
173 460
173 304
174 531
174 514
174 417
174 420
174 292
174 679
174 680
174 683
174 695
174 174
174 411
174 626
174 313
174 470
174 627
174 307
174 436
174 464
174 484
174 494
174 252
175 394
175 266
175 528
175 681
175 553
175 302
175 175
175 206
175 566
175 448
175 239
175 218
175 247
175 365
175 253
175 368
175 438
175 595
175 298
175 464
175 362
175 496
176 664
176 516
176 265
176 429
176 267
176 571
176 462
176 587
176 578
176 188
176 364
176 689
176 309
176 609
176 558
176 344
177 390
177 392
177 270
177 655
177 290
177 551
177 682
177 480
177 367
177 589
177 543
177 490
177 192
177 200
177 275
177 425
177 195
177 463
178 402
178 663
178 664
178 665
178 535
178 541
178 419
178 299
178 189
178 625
178 412
178 339
178 573
178 460
178 392
178 474
178 696
178 307
179 652
179 530
179 406
179 667
179 668
179 670
179 414
179 616
179 316
179 580
179 326
179 350
179 493
179 409
179 423
179 693
180 407
180 666
180 425
180 560
180 675
180 465
180 621
180 180
180 453
180 340
180 284
180 497
181 522
181 657
181 662
181 428
181 431
181 305
181 379
181 181
181 338
181 524
181 471
181 456
181 212
181 340
181 186
181 314
181 588
181 210
182 328
182 386
182 521
182 300
182 691
182 382
182 241
182 632
182 336
182 624
182 628
182 197
182 457
182 199
182 332
182 240
182 420
182 481
183 373
183 590
183 291
183 437
183 661
183 583
183 355
183 503
183 542
183 640
183 413
183 620
183 602
183 183
183 651
183 499
183 577
183 501
183 335
184 259
184 517
184 519
184 401
184 537
184 555
184 312
184 629
184 451
184 184
184 487
184 230
184 539
184 633
185 249
185 434
185 669
185 469
185 435
185 416
185 359
185 505
185 225
185 548
185 609
185 446
185 478
186 468
186 522
186 662
186 293
186 428
186 431
186 305
186 524
186 456
186 186
186 338
186 657
186 357
186 314
186 588
186 212
186 471
187 525
187 272
187 310
187 696
187 201
187 378
187 623
187 485
187 584
187 204
187 328
187 672
187 349
187 187
187 451
187 318
187 499
187 690
188 516
188 265
188 267
188 422
188 429
188 571
188 609
188 309
188 364
188 689
188 578
188 587
188 344
188 462
188 376
189 402
189 665
189 535
189 412
189 541
189 419
189 299
189 339
189 474
189 625
189 664
189 459
189 219
189 573
189 259
189 214
189 320
189 243
190 412
190 672
190 643
190 391
190 377
190 198
190 610
190 511
190 648
190 190
190 257
190 397
190 477
190 673
190 596
190 536
190 333
190 618
190 248
191 608
191 280
191 547
191 301
191 191
191 193
191 194
191 467
191 496
191 634
191 597
191 228
191 388
191 504
191 335
192 655
192 290
192 551
192 418
192 270
192 200
192 480
192 615
192 367
192 543
192 463
192 589
192 390
192 682
192 550
192 473
193 647
193 473
193 388
193 280
193 547
193 301
193 504
193 660
193 228
193 374
193 634
193 362
193 193
193 496
193 432
193 406
193 335
193 224
193 612
194 654
194 700
194 388
194 660
194 280
194 228
194 362
194 496
194 504
194 374
194 597
194 467
194 563
194 382
194 457
194 222
194 612
195 670
195 275
195 390
195 392
195 655
195 290
195 418
195 682
195 490
195 589
195 551
195 270
195 236
195 463
195 357
195 200
196 668
196 515
196 260
196 389
196 526
196 399
196 544
196 550
196 473
196 647
196 500
196 697
196 274
196 581
196 385
196 504
196 345
196 590
196 514
197 584
197 340
197 518
197 386
197 300
197 691
197 685
197 380
197 197
197 624
197 632
197 241
197 217
197 631
197 199
197 332
197 336
197 240
197 628
197 693
198 305
198 257
198 643
198 648
198 673
198 397
198 248
198 391
198 610
198 618
198 454
198 341
198 377
198 512
199 386
199 521
199 300
199 685
199 624
199 336
199 632
199 240
199 382
199 241
199 333
199 591
199 608
200 468
200 390
200 655
200 543
200 290
200 418
200 367
200 682
200 615
200 551
200 480
200 200
201 523
201 405
201 310
201 696
201 699
201 584
201 328
201 349
201 491
201 623
201 353
201 485
201 201
201 325
202 646
202 653
202 534
202 286
202 304
202 303
202 565
202 574
202 579
202 619
202 499
202 502
202 202
202 639
202 542
202 592
202 205
202 348
202 611
202 360
202 338
203 644
203 395
203 404
203 684
203 582
203 356
203 468
203 487
203 234
203 497
203 361
203 354
203 482
203 623
203 634
203 479
203 605
203 597
204 523
204 525
204 672
204 310
204 696
204 699
204 584
204 491
204 318
204 349
204 378
204 627
204 328
204 405
204 512
204 485
205 646
205 653
205 534
205 303
205 574
205 321
205 579
205 639
205 502
205 499
205 619
205 286
205 348
205 638
205 360
205 597
205 338
205 370
206 394
206 266
206 658
206 528
206 553
206 302
206 687
206 566
206 208
206 595
206 247
206 559
206 253
206 438
206 599
206 365
206 239
206 482
206 212
206 387
206 273
207 485
207 649
207 656
207 273
207 688
207 433
207 614
207 352
207 606
207 264
207 599
207 327
207 481
207 279
207 210
207 298
207 253
207 594
207 214
207 251
207 571
208 658
208 528
208 681
208 302
208 448
208 553
208 687
208 218
208 253
208 438
208 266
208 208
208 365
208 595
208 227
208 601
208 239
208 247
208 522
209 354
209 513
209 531
209 661
209 413
209 291
209 437
209 444
209 577
209 542
209 342
209 640
209 209
209 355
209 559
209 644
209 472
209 600
209 602
209 556
210 332
210 428
210 264
210 656
210 273
210 278
210 279
210 327
210 536
210 214
210 506
210 688
210 614
210 599
210 594
210 615
210 606
210 352
211 269
211 306
211 598
211 601
211 211
211 255
211 607
211 384
211 287
211 328
211 637
211 223
211 235
211 228
212 529
212 524
212 657
212 293
212 431
212 305
212 314
212 338
212 456
212 226
212 588
212 379
212 662
212 394
213 421
213 277
213 642
213 423
213 693
213 694
213 447
213 449
213 585
213 591
213 220
213 320
213 475
213 426
213 580
213 221
213 243
214 500
214 278
214 536
214 433
214 327
214 594
214 688
214 599
214 656
214 264
214 649
214 214
214 369
214 352
214 251
215 360
215 540
215 285
215 545
215 295
215 556
215 317
215 586
215 677
215 288
215 343
215 508
215 357
215 335
215 242
216 518
216 263
216 275
216 283
216 246
216 370
216 373
216 605
216 254
216 262
216 567
216 682
216 476
216 617
216 237
216 384
217 303
217 645
217 403
217 698
217 575
217 466
217 510
217 631
217 507
217 452
217 368
217 277
217 217
217 495
217 591
218 394
218 528
218 681
218 553
218 302
218 687
218 559
218 566
218 438
218 448
218 247
218 253
218 595
218 218
218 334
218 685
218 648
219 647
219 268
219 674
219 546
219 549
219 562
219 439
219 346
219 552
219 227
219 396
219 219
219 411
219 613
219 642
220 426
220 693
220 447
220 320
220 585
220 475
220 220
220 591
220 642
220 483
220 291
220 243
220 633
220 643
221 636
221 685
221 642
221 423
221 693
221 694
221 449
221 591
221 475
221 447
221 320
221 615
222 330
222 246
222 657
222 323
222 426
222 388
222 547
222 301
222 563
222 467
222 457
222 634
222 224
222 228
222 496
222 504
222 414
222 277
222 612
222 374
223 582
223 409
223 269
223 287
223 298
223 561
223 570
223 459
223 601
223 306
223 607
223 235
223 270
223 373
223 366
224 403
224 388
224 660
224 280
224 547
224 563
224 457
224 467
224 335
224 496
224 224
224 374
224 612
224 362
225 548
225 434
225 311
225 443
225 446
225 329
225 383
225 416
225 669
225 452
226 495
226 522
226 524
226 657
226 662
226 293
226 428
226 431
226 305
226 456
226 588
226 351
226 379
226 471
226 336
226 463
227 448
227 268
227 396
227 674
227 546
227 549
227 552
227 558
227 562
227 439
227 442
227 337
227 227
227 613
227 358
227 470
227 506
228 388
228 660
228 280
228 563
228 457
228 335
228 467
228 597
228 612
228 504
228 454
228 496
228 374
228 446
229 644
229 404
229 468
229 354
229 393
229 361
229 497
229 582
229 356
229 482
229 684
229 229
229 474
229 234
230 258
230 259
230 517
230 519
230 537
230 538
230 555
230 312
230 232
230 629
230 245
230 659
230 231
231 520
231 532
231 408
231 424
231 686
231 441
231 450
231 331
231 651
231 569
231 650
231 564
231 381
231 501
232 258
232 259
232 519
232 555
232 451
232 256
232 537
232 232
232 517
232 401
232 538
232 439
232 379
232 629
232 245
233 385
233 515
233 260
233 647
233 526
233 544
233 604
233 389
233 372
233 473
233 581
233 274
233 550
233 381
233 345
233 599
234 644
234 395
234 404
234 684
234 482
234 354
234 361
234 497
234 468
234 356
234 487
234 234
234 432
234 323
234 492
235 269
235 287
235 298
235 570
235 459
235 366
235 255
235 306
235 601
235 607
235 584
235 656
236 635
236 390
236 392
236 270
236 543
236 290
236 418
236 682
236 589
236 463
236 480
236 615
236 490
236 236
236 559
236 255
236 367
236 659
237 263
237 262
237 427
237 567
237 572
237 330
237 334
237 476
237 246
237 654
237 237
237 373
237 661
237 370
237 589
237 391
238 261
238 415
238 554
238 557
238 432
238 315
238 593
238 347
238 603
238 486
238 671
238 640
239 394
239 266
239 658
239 528
239 681
239 302
239 687
239 559
239 438
239 595
239 566
239 320
239 691
240 386
240 685
240 332
240 241
240 380
240 240
240 691
240 378
240 578
241 378
241 300
241 608
241 624
241 332
241 386
241 685
241 521
241 382
241 547
241 641
241 380
241 657
241 420
242 545
242 677
242 295
242 556
242 700
242 343
242 357
242 586
242 288
242 509
242 508
243 256
243 459
243 268
243 642
243 426
243 693
243 694
243 475
243 243
243 591
243 633
244 407
244 666
244 430
244 692
244 465
244 340
244 425
244 244
244 675
244 327
244 470
244 358
245 258
245 259
245 517
245 519
245 401
245 312
245 245
245 256
245 538
245 537
245 246
245 484
246 629
246 349
246 518
246 263
246 654
246 275
246 283
246 427
246 605
246 617
246 262
246 567
246 572
246 273
246 254
247 394
247 266
247 302
247 687
247 438
247 448
247 365
247 658
247 595
247 566
247 284
247 649
247 624
247 410
248 357
248 257
248 643
248 397
248 341
248 610
248 618
248 377
248 477
248 512
248 454
248 699
248 476
249 402
249 664
249 665
249 535
249 419
249 299
249 625
249 249
249 339
249 412
249 474
249 422
249 292
249 392
249 443
250 271
250 267
250 422
250 429
250 689
250 578
250 587
250 462
250 344
250 609
250 364
250 250
250 309
250 265
250 694
250 668
251 264
251 656
251 273
251 278
251 536
251 433
251 594
251 606
251 352
251 481
251 251
251 688
251 599
251 620
251 511
252 514
252 679
252 680
252 307
252 313
252 464
252 626
252 436
252 421
252 470
252 252
252 494
252 478
253 394
253 266
253 658
253 528
253 302
253 687
253 559
253 438
253 595
253 253
253 651
254 263
254 262
254 654
254 275
254 283
254 572
254 476
254 370
254 518
254 330
254 334
254 640
254 322
255 261
255 287
255 298
255 561
255 306
255 570
255 459
255 366
255 607
255 487
256 258
256 517
256 519
256 401
256 537
256 538
256 308
256 312
256 629
256 393
257 257
257 333
257 341
257 643
257 673
257 610
257 397
257 659
257 618
257 391
257 660
257 565
257 648
257 454
257 512
258 451
258 517
258 537
258 519
258 555
258 259
258 538
258 258
258 272
258 321
258 308
259 259
259 519
259 312
259 538
259 537
259 401
259 451
259 369
259 517
259 629
259 492
259 607
260 515
260 544
260 274
260 604
260 372
260 473
260 581
260 385
260 260
260 550
260 647
260 345
260 389
260 628
260 426
260 526
260 399
260 282
260 697
260 500
260 589
261 294
261 289
261 371
261 315
261 415
261 603
261 347
261 432
261 557
261 486
261 261
261 298
261 554
261 593
261 334
262 394
262 461
262 518
262 263
262 283
262 617
262 572
262 567
262 262
262 654
262 605
262 616
262 604
262 275
262 427
262 330
262 334
262 476
262 370
263 666
263 330
263 275
263 518
263 605
263 617
263 334
263 476
263 654
263 370
263 376
263 677
263 427
263 567
263 572
263 598
263 436
264 494
264 290
264 506
264 433
264 278
264 649
264 481
264 594
264 656
264 327
264 614
264 626
264 477
264 273
264 536
264 279
264 688
265 516
265 592
265 587
265 609
265 344
265 578
265 265
265 364
265 571
265 309
265 522
265 666
265 267
265 422
265 689
265 462
265 376
266 394
266 681
266 528
266 553
266 658
266 559
266 566
266 448
266 266
266 365
266 444
266 292
266 302
266 687
266 438
266 595
266 541
266 273
267 516
267 571
267 309
267 578
267 267
267 364
267 344
267 376
267 429
267 422
267 689
267 462
268 674
268 636
268 346
268 613
268 358
268 319
268 590
268 596
268 549
268 558
268 552
268 646
268 396
268 562
269 561
269 384
269 459
269 366
269 269
269 570
269 607
269 546
269 287
269 306
269 601
270 390
270 392
270 418
270 480
270 615
270 367
270 682
270 551
270 655
270 490
270 270
270 532
270 312
270 543
270 589
271 527
271 400
271 284
271 324
271 297
271 271
271 276
271 533
271 630
271 369
271 322
271 622
271 489
271 690
271 410
271 678
272 523
272 525
272 627
272 696
272 272
272 353
272 485
272 405
272 328
272 699
272 349
272 672
272 590
272 310
272 318
272 623
272 378
272 562
273 649
273 278
273 536
273 433
273 327
273 352
273 599
273 279
273 594
273 606
273 614
273 506
274 385
274 515
274 389
274 647
274 526
274 604
274 274
274 473
274 581
274 544
274 550
274 372
274 559
274 282
274 697
274 500
274 381
274 454
275 518
275 654
275 476
275 572
275 605
275 427
275 330
275 373
275 506
275 334
276 398
276 527
276 297
276 489
276 678
276 622
276 637
276 324
276 630
276 369
276 495
276 400
276 276
276 526
276 690
276 322
276 520
277 347
277 427
277 641
277 645
277 510
277 440
277 368
277 498
277 452
277 676
277 507
277 403
277 277
277 442
277 698
277 575
277 466
277 631
278 649
278 506
278 352
278 656
278 279
278 688
278 278
278 536
278 594
278 324
278 599
278 614
279 405
279 656
279 649
279 327
279 433
279 481
279 606
279 594
279 536
279 599
279 506
279 388
280 529
280 431
280 388
280 660
280 563
280 335
280 374
280 457
280 362
280 301
280 481
280 347
280 547
280 467
280 504
280 634
281 284
281 520
281 650
281 651
281 532
281 408
281 569
281 281
281 576
281 296
281 564
281 501
281 363
281 481
281 348
281 331
282 460
282 385
282 389
282 647
282 345
282 581
282 526
282 372
282 697
282 550
282 282
282 399
282 544
282 604
282 500
283 665
283 518
283 654
283 605
283 476
283 283
283 373
283 330
283 567
283 536
283 427
283 572
283 617
283 594
283 614
284 493
284 671
284 540
284 398
284 400
284 533
284 324
284 690
284 630
284 678
284 495
284 469
284 297
284 622
285 621
285 357
285 586
285 540
285 288
285 508
285 700
285 343
285 509
285 285
285 515
285 556
285 317
285 307
286 646
286 653
286 502
286 579
286 499
286 375
286 348
286 619
286 360
286 565
286 321
286 303
286 534
286 477
286 629
286 304
286 611
286 638
287 607
287 366
287 561
287 459
287 384
287 298
287 306
287 474
287 681
288 598
288 442
288 540
288 700
288 677
288 357
288 288
288 295
288 343
288 508
288 586
288 545
288 556
288 509
289 539
289 671
289 635
289 415
289 315
289 371
289 557
289 432
289 554
289 347
289 294
289 590
289 332
289 593
289 486
289 507
290 390
290 392
290 543
290 551
290 615
290 655
290 589
290 418
290 480
290 682
290 444
290 490
290 688
291 639
291 513
291 531
291 413
291 640
291 600
291 437
291 542
291 503
291 620
291 583
291 568
291 661
291 408
291 444
291 342
291 355
291 466
292 514
292 411
292 417
292 292
292 680
292 470
292 626
292 464
292 484
292 313
292 307
292 436
292 459
292 683
292 376
292 469
293 662
293 293
293 431
293 524
293 588
293 471
293 428
293 522
293 338
293 657
293 676
293 576
293 305
293 314
293 379
294 407
294 534
294 554
294 539
294 557
294 635
294 294
294 486
294 371
294 519
294 563
294 432
294 603
295 696
295 518
295 540
295 545
295 677
295 556
295 343
295 700
295 586
295 317
295 619
295 357
295 592
296 430
296 651
296 532
296 424
296 501
296 520
296 441
296 564
296 686
296 576
296 408
296 618
296 387
296 569
297 398
297 527
297 533
297 678
297 489
297 630
297 297
297 322
297 637
297 410
297 324
297 399
297 503
297 622
297 495
298 310
298 601
298 570
298 607
298 306
298 459
298 598
298 505
298 561
298 384
298 628
299 402
299 663
299 665
299 412
299 541
299 419
299 535
299 339
299 474
299 299
299 327
299 460
299 625
300 386
300 521
300 300
300 608
300 382
300 628
300 336
300 632
300 685
300 668
300 332
300 624
300 380
300 367
301 388
301 660
301 547
301 467
301 362
301 612
301 301
301 504
301 563
301 597
301 634
301 374
302 658
302 528
302 681
302 553
302 448
302 559
302 302
302 648
302 438
302 584
303 646
303 653
303 534
303 304
303 574
303 348
303 321
303 619
303 375
303 303
303 680
303 565
303 579
303 499
303 502
304 646
304 653
304 534
304 638
304 321
304 304
304 579
304 502
304 348
304 565
304 619
304 574
304 527
304 360
304 375
304 639
304 645
305 357
305 657
305 428
305 431
305 662
305 588
305 471
305 491
305 314
305 338
305 379
305 311
306 570
306 598
306 607
306 366
306 384
306 603
306 309
306 459
306 601
306 455
306 548
307 411
307 420
307 421
307 679
307 680
307 307
307 417
307 626
307 436
307 494
308 517
308 537
308 555
308 308
308 401
308 312
308 519
308 451
308 402
308 573
308 646
308 317
309 445
309 680
309 599
309 516
309 422
309 429
309 592
309 462
309 578
309 376
309 609
309 561
309 554
309 587
309 344
309 364
309 694
310 523
310 525
310 405
310 349
310 491
310 672
310 328
310 627
310 699
310 353
310 318
310 685
310 696
310 485
310 671
310 347
311 614
311 669
311 416
311 548
311 435
311 469
311 329
311 383
311 505
311 446
311 443
311 325
312 517
312 519
312 401
312 537
312 538
312 555
312 470
312 572
312 629
312 399
312 593
313 411
313 417
313 420
313 421
313 683
313 695
313 679
313 680
313 313
313 484
313 436
313 514
313 609
313 626
314 524
314 662
314 428
314 431
314 657
314 351
314 471
314 338
314 379
314 353
314 456
315 539
315 671
315 557
315 432
315 315
315 347
315 554
315 603
315 635
315 550
315 640
315 486
315 371
316 530
316 409
316 667
316 670
316 414
316 580
316 350
316 493
316 668
316 458
316 406
316 652
316 616
316 648
316 445
316 488
316 371
317 540
317 545
317 677
317 700
317 343
317 317
317 360
318 525
318 672
318 699
318 584
318 405
318 378
318 485
318 318
318 349
318 491
318 627
318 514
318 482
318 353
318 542
318 679
318 484
318 418
318 656
318 642
319 396
319 674
319 549
319 558
319 562
319 439
319 552
319 337
319 613
319 358
319 590
319 596
319 444
319 637
319 346
320 401
320 426
320 694
320 320
320 591
320 447
320 475
320 633
320 693
320 570
320 585
321 646
321 565
321 639
321 499
321 321
321 348
321 579
321 375
321 360
321 574
321 418
321 438
321 611
321 502
321 531
322 415
322 370
322 398
322 527
322 400
322 533
322 410
322 678
322 495
322 637
322 630
322 330
322 324
322 622
323 432
323 641
323 387
323 645
323 403
323 676
323 440
323 575
323 498
323 466
323 507
323 455
323 368
323 510
324 398
324 527
324 400
324 533
324 410
324 369
324 622
324 324
324 609
324 489
324 495
324 630
324 364
325 662
325 669
325 416
325 548
325 435
325 443
325 446
325 359
325 505
325 383
325 329
325 478
325 639
326 529
326 530
326 409
326 670
326 414
326 445
326 652
326 488
326 406
326 668
326 326
326 376
326 350
326 616
327 414
327 649
327 656
327 433
327 594
327 506
327 606
327 536
327 688
327 481
327 530
328 523
328 525
328 405
328 672
328 699
328 584
328 491
328 353
328 378
328 627
328 495
328 485
328 623
329 414
329 669
329 548
329 434
329 435
329 443
329 383
329 446
329 505
329 416
329 396
329 469
330 654
330 427
330 567
330 572
330 373
330 518
330 330
330 370
330 524
330 334
330 617
331 520
331 650
331 532
331 686
331 441
331 569
331 450
331 564
331 501
331 408
331 576
331 331
332 386
332 521
332 685
332 691
332 382
332 332
332 380
332 687
332 608
333 500
333 424
333 391
333 397
333 454
333 673
333 377
333 477
333 333
333 659
333 511
333 458
333 341
333 610
333 512
334 518
334 427
334 373
334 567
334 476
334 654
334 605
334 650
334 370
335 372
335 631
335 388
335 660
335 457
335 362
335 597
335 547
335 563
335 504
335 407
335 612
335 374
335 634
336 386
336 521
336 685
336 624
336 380
336 382
336 336
336 433
336 370
336 608
336 628
337 396
337 674
337 546
337 558
337 562
337 442
337 590
337 613
337 596
337 636
337 346
337 337
337 393
337 498
338 522
338 524
338 657
338 662
338 431
338 428
338 379
338 351
338 394
338 362
339 663
339 573
339 460
339 625
339 412
339 339
339 665
339 491
339 474
339 548
340 407
340 675
340 425
340 692
340 461
340 340
340 430
340 453
340 636
340 624
340 434
340 435
341 643
341 391
341 648
341 659
341 673
341 397
341 618
341 341
341 377
341 454
341 511
342 661
342 413
342 542
342 437
342 568
342 577
342 583
342 444
342 513
342 600
342 531
342 472
342 620
342 667
342 689
342 602
342 355
343 540
343 586
343 556
343 486
343 368
343 508
343 509
344 534
344 583
344 379
344 422
344 689
344 587
344 462
344 592
344 571
344 540
344 609
344 364
345 385
345 515
345 647
345 526
345 544
345 550
345 697
345 581
345 372
345 473
345 345
345 675
345 555
346 396
346 546
346 558
346 562
346 439
346 596
346 549
346 613
347 539
347 671
347 415
347 557
347 486
347 635
347 593
347 554
347 603
348 653
348 534
348 565
348 574
348 579
348 360
348 502
348 375
348 499
348 348
348 349
348 611
348 619
348 638
349 523
349 525
349 672
349 696
349 584
349 349
349 627
349 405
349 491
349 353
349 485
350 652
350 529
350 530
350 406
350 409
350 668
350 414
350 670
350 616
350 445
350 488
350 350
350 493
350 660
350 669
351 522
351 662
351 428
351 456
351 588
351 471
351 379
351 524
351 431
351 576
352 356
352 558
352 649
352 536
352 688
352 433
352 481
352 352
352 506
352 648
353 525
353 405
353 672
353 696
353 584
353 353
353 699
353 627
354 393
354 582
354 468
354 482
354 492
354 684
354 497
354 479
354 395
354 511
354 356
354 487
354 361
355 513
355 661
355 444
355 600
355 413
355 355
355 577
355 620
355 542
355 568
355 610
355 430
356 644
356 393
356 404
356 684
356 582
356 361
356 356
356 487
356 497
356 482
356 395
357 604
357 540
357 677
357 586
357 509
357 700
357 556
358 535
358 617
358 549
358 552
358 562
358 439
358 590
358 613
358 442
358 674
358 636
358 546
358 596
359 686
359 669
359 416
359 548
359 435
359 443
359 446
359 469
359 434
359 387
359 688
360 451
360 646
360 534
360 565
360 574
360 611
360 639
360 579
360 629
360 619
360 638
361 404
361 479
361 482
361 487
361 492
361 393
361 361
361 395
361 590
361 485
362 388
362 660
362 547
362 563
362 457
362 612
362 362
362 374
362 496
363 691
363 489
363 650
363 532
363 408
363 569
363 576
363 450
363 501
363 394
363 494
364 422
364 689
364 578
364 587
364 592
364 429
364 609
364 408
365 681
365 553
365 687
365 566
365 448
365 595
365 365
365 438
365 658
365 559
365 487
365 463
365 639
366 561
366 459
366 598
366 570
366 607
367 602
367 503
367 655
367 543
367 682
367 589
367 490
367 390
367 392
367 418
367 651
368 561
368 645
368 403
368 455
368 466
368 368
368 575
368 452
368 510
368 698
368 675
368 435
369 398
369 527
369 533
369 410
369 690
369 489
369 622
369 495
369 637
369 524
370 518
370 427
370 567
370 572
370 476
370 617
370 605
370 698
370 480
371 539
371 671
371 415
371 557
371 432
371 593
371 603
371 383
372 385
372 515
372 389
372 647
372 526
372 399
372 550
372 697
372 500
372 473
372 591
373 518
373 427
373 617
373 572
373 373
373 654
373 476
373 605
373 677
374 550
374 660
374 612
374 597
374 457
374 448
374 486
374 634
375 646
375 653
375 534
375 619
375 499
375 502
375 611
375 574
375 375
375 641
376 533
376 516
376 422
376 429
376 689
376 578
376 592
376 376
376 609
377 430
377 643
377 391
377 648
377 397
377 673
377 618
377 659
377 543
378 523
378 525
378 405
378 672
378 696
378 699
378 584
378 485
378 623
378 627
379 522
379 524
379 657
379 428
379 431
379 588
379 471
379 456
379 397
380 386
380 521
380 685
380 691
380 624
380 628
380 382
380 608
380 471
380 594
380 397
381 385
381 389
381 647
381 526
381 399
381 544
381 550
381 581
381 473
381 604
381 500
381 381
381 633
382 386
382 521
382 685
382 691
382 628
382 382
382 650
382 653
382 450
383 537
383 445
383 646
383 521
383 398
383 416
383 548
383 435
383 443
383 478
383 688
383 655
384 544
384 570
384 598
384 601
384 607
384 561
384 655
384 524
384 446
385 385
385 399
385 544
385 526
385 515
385 500
385 647
385 389
385 581
385 577
385 697
385 473
385 604
385 502
386 555
386 691
386 628
386 386
386 608
386 521
386 600
386 650
387 641
387 698
387 452
387 387
387 631
387 466
387 440
387 498
387 645
387 455
387 676
387 548
387 403
387 575
387 510
388 652
388 603
388 547
388 504
388 660
388 634
388 496
388 691
388 516
388 457
388 467
388 597
388 612
389 515
389 500
389 697
389 581
389 399
389 526
389 544
389 614
389 604
390 655
390 480
390 390
390 463
390 551
390 682
390 615
390 589
390 461
390 392
390 418
390 490
390 576
390 634
391 643
391 610
391 477
391 397
391 511
391 512
391 673
391 593
391 648
391 659
392 463
392 682
392 392
392 490
392 615
392 543
392 650
393 644
393 393
393 487
393 468
393 492
393 582
393 395
393 497
393 684
393 482
393 663
393 448
393 404
393 692
394 528
394 394
394 687
394 566
394 553
394 438
394 658
394 559
394 448
395 492
395 482
395 479
395 582
395 644
395 468
395 395
395 684
395 523
395 449
395 404
395 557
395 469
396 549
396 442
396 596
396 562
396 396
396 558
396 552
396 674
396 662
397 676
397 643
397 659
397 477
397 610
397 511
397 421
397 673
397 618
398 678
398 630
398 410
398 489
398 622
398 400
398 398
398 464
398 527
398 690
398 495
399 515
399 647
399 526
399 550
399 581
399 399
399 473
399 604
399 446
399 544
399 521
400 437
400 527
400 637
400 678
400 533
400 489
400 630
400 592
400 610
400 410
400 690
400 662
400 679
400 543
401 517
401 555
401 537
401 401
401 538
401 629
401 644
401 492
402 664
402 460
402 625
402 573
402 402
402 474
402 541
402 412
402 663
402 665
402 419
403 519
403 476
403 613
403 641
403 645
403 403
403 440
403 452
403 498
403 510
403 575
403 698
403 631
403 660
404 644
404 492
404 582
404 497
404 468
404 684
404 445
404 651
404 479
404 482
404 458
404 675
404 516
404 609
405 523
405 623
405 696
405 699
405 405
405 584
405 627
405 485
406 652
406 529
406 406
406 670
406 488
406 668
406 445
406 580
406 458
406 493
406 443
406 571
406 409
406 667
407 668
407 461
407 430
407 621
407 675
407 692
407 425
407 501
407 453
408 688
408 532
408 450
408 651
408 564
408 686
408 569
408 424
408 520
408 548
409 652
409 529
409 530
409 670
409 488
409 667
409 493
409 409
409 616
409 580
409 445
410 488
410 533
410 637
410 489
410 527
410 622
410 678
410 452
410 690
410 495
410 609
411 695
411 494
411 514
411 626
411 464
411 420
411 436
411 411
411 417
411 461
411 421
411 679
411 484
412 663
412 664
412 665
412 535
412 460
412 412
412 541
412 474
412 625
412 419
412 573
412 552
413 528
413 513
413 531
413 661
413 413
413 583
413 472
413 542
413 577
413 444
413 620
413 503
413 437
413 568
413 600
413 508
414 652
414 529
414 530
414 668
414 458
414 488
414 670
414 616
414 493
414 445
415 671
415 593
415 635
415 554
415 539
415 415
415 486
415 557
415 432
415 570
415 610
416 669
416 446
416 478
416 416
416 469
416 435
416 548
416 434
416 454
416 500
417 514
417 484
417 464
417 695
417 494
417 470
417 417
417 436
417 626
417 667
417 521
417 420
417 421
417 679
417 683
418 489
418 543
418 463
418 418
418 615
418 434
419 663
419 664
419 665
419 535
419 419
419 625
419 474
419 638
419 429
419 423
420 514
420 679
420 470
420 484
420 436
420 420
420 626
420 695
420 421
420 680
420 683
420 464
421 644
421 514
421 421
421 680
421 494
421 683
421 436
421 695
421 484
421 569
422 516
422 422
422 592
422 689
422 571
422 678
422 490
422 429
422 587
422 462
422 609
423 642
423 694
423 423
423 585
423 426
423 693
423 633
423 447
423 449
423 563
423 475
423 483
424 520
424 650
424 532
424 441
424 501
424 564
424 651
424 465
424 569
424 450
425 465
425 425
425 560
425 621
425 430
425 665
425 503
425 453
425 461
425 516
426 638
426 427
426 642
426 591
426 633
426 585
426 447
426 483
426 426
426 693
426 694
426 475
427 518
427 654
427 427
427 476
427 572
427 567
427 605
427 617
428 522
428 524
428 662
428 471
428 657
428 456
428 504
428 431
428 588
428 532
428 496
429 516
429 429
429 462
429 571
429 689
429 587
429 578
429 592
430 675
430 692
430 666
430 465
430 453
430 461
431 522
431 524
431 588
431 662
431 456
431 679
432 559
432 671
432 554
432 635
432 557
432 539
432 649
432 593
432 486
432 507
433 606
433 649
433 536
433 614
433 433
433 610
433 594
433 481
433 506
434 689
434 591
434 669
434 548
434 478
434 505
434 434
434 469
434 697
434 443
435 634
435 669
435 443
435 548
435 446
435 518
436 519
436 514
436 683
436 695
436 494
436 470
436 680
436 436
436 484
436 626
436 612
437 674
437 513
437 542
437 437
437 568
437 583
437 577
437 472
437 531
437 597
437 620
438 658
438 681
438 566
438 559
438 528
438 595
438 687
438 597
438 448
439 674
439 546
439 549
439 552
439 596
439 590
439 439
439 636
439 695
440 641
440 676
440 698
440 455
440 498
440 575
440 631
440 466
440 507
440 645
440 452
441 520
441 650
441 532
441 686
441 501
441 651
441 564
441 576
441 568
441 569
442 674
442 596
442 562
442 546
442 442
442 549
442 558
442 636
442 552
442 590
442 664
443 665
443 620
443 469
443 505
443 443
443 669
443 446
443 478
444 513
444 531
444 661
444 568
444 640
444 620
444 583
444 503
444 542
444 577
444 458
444 472
445 667
445 668
445 670
445 445
445 652
445 580
446 669
446 478
447 552
447 693
447 694
447 642
447 591
447 585
447 449
447 674
447 475
447 633
448 553
448 559
448 448
448 681
448 516
448 545
449 693
449 633
449 475
449 642
449 449
449 681
449 585
449 483
450 676
450 651
450 532
450 576
450 520
450 564
450 686
450 501
451 517
451 519
451 537
451 538
451 555
451 451
451 475
452 641
452 645
452 676
452 575
452 507
452 631
452 466
452 695
452 498
453 692
453 621
453 666
453 453
453 675
453 560
453 497
453 461
453 659
454 677
454 695
454 650
454 659
454 648
454 610
454 512
454 477
454 643
454 499
455 488
455 579
455 607
455 645
455 698
455 575
455 676
455 466
455 507
455 580
455 498
455 631
455 551
456 522
456 524
456 588
456 657
456 662
456 471
457 568
457 577
457 660
457 547
457 563
457 597
457 496
457 656
457 467
457 612
458 529
458 530
458 667
458 668
458 670
458 580
458 652
458 458
458 488
458 616
458 493
458 678
459 621
459 561
459 570
459 625
459 598
459 601
459 607
460 664
460 665
460 541
460 663
460 573
460 535
460 474
460 460
460 625
460 567
461 666
461 675
461 692
461 461
461 465
462 689
462 587
462 592
462 516
462 609
462 632
463 655
463 551
463 589
463 480
463 608
463 687
463 490
464 514
464 679
464 680
464 695
464 464
464 683
464 494
464 626
465 666
465 560
465 692
465 465
465 621
465 578
466 645
466 676
466 698
466 507
466 466
466 510
467 656
467 660
467 563
467 504
467 496
467 589
468 582
468 492
468 479
468 497
468 684
468 468
468 523
469 669
469 505
469 478
469 469
470 514
470 679
470 683
470 484
470 470
470 680
471 657
471 662
471 588
471 522
471 524
471 479
472 513
472 531
472 661
472 542
472 568
472 577
472 583
472 472
472 600
472 532
472 620
473 544
473 697
473 647
473 604
473 581
473 473
473 500
474 664
474 474
474 573
474 535
474 665
474 661
474 625
475 693
475 585
475 559
475 483
475 633
476 518
476 654
476 567
476 605
476 617
476 511
477 547
477 563
477 643
477 648
477 659
477 561
477 513
477 610
477 618
477 512
478 669
478 548
479 644
479 684
479 582
479 497
479 492
479 482
479 487
479 654
479 629
480 655
480 543
480 551
480 589
480 682
480 480
480 540
481 573
481 649
481 656
481 688
481 614
481 481
481 599
481 506
482 582
482 644
482 487
482 482
482 588
482 524
483 491
483 693
483 694
483 591
483 585
483 633
483 642
484 514
484 679
484 683
484 626
484 680
484 634
485 553
485 696
485 525
485 491
485 699
486 611
486 671
486 557
486 603
486 635
486 642
487 644
487 684
487 582
487 615
487 497
488 529
488 530
488 668
488 670
488 616
488 493
488 652
489 654
489 527
489 678
489 489
489 690
489 622
489 630
490 655
490 543
490 615
490 682
490 637
491 523
491 672
491 696
491 699
491 491
491 627
491 623
491 622
492 644
492 684
492 582
492 492
493 652
493 529
493 530
493 616
493 670
493 699
494 562
494 514
494 679
494 680
494 695
494 683
495 533
495 622
495 630
495 690
495 564
496 606
496 660
496 547
496 597
496 504
496 634
497 644
497 684
497 574
498 641
498 645
498 676
498 575
498 507
498 631
498 529
499 646
499 653
499 534
499 574
499 611
499 619
499 639
499 499
500 515
500 526
500 550
500 697
500 581
500 604
500 500
500 509
501 651
501 686
501 564
501 650
501 568
502 646
502 574
502 611
502 534
502 579
502 619
502 639
502 502
502 638
503 528
503 513
503 531
503 542
503 602
503 620
503 583
503 600
503 661
503 503
503 607
504 660
504 563
504 597
505 632
505 669
505 548
505 606
505 671
506 692
506 656
506 536
506 688
506 594
506 599
506 506
507 625
507 678
507 641
507 645
507 676
507 575
507 631
508 556
508 700
508 586
508 545
508 508
508 519
509 541
509 544
509 540
509 545
509 677
509 700
509 586
509 556
510 540
510 641
510 676
510 698
510 645
510 575
510 630
510 587
511 599
511 648
511 618
511 673
511 643
511 619
511 644
512 643
512 648
512 659
512 673
512 610
512 512
513 602
513 583
513 542
513 640
513 620
513 600
513 531
513 568
513 513
513 618
514 683
514 680
514 695
514 626
515 538
515 550
515 647
515 526
515 544
515 697
515 604
516 587
516 571
516 578
516 609
516 592
517 519
517 517
517 538
517 555
517 629
517 537
518 518
518 617
518 654
518 567
518 572
519 537
519 538
519 519
519 555
520 686
520 520
520 576
520 564
520 650
520 573
520 651
520 569
521 553
521 685
521 628
521 624
521 521
521 632
521 608
521 612
522 620
522 522
522 657
522 662
522 524
523 523
523 699
523 623
523 584
523 525
523 580
523 672
523 696
524 588
524 662
524 657
525 627
525 623
525 699
525 696
525 672
525 594
525 565
525 584
525 581
526 647
526 604
526 697
526 550
527 622
527 630
527 678
527 533
527 643
527 690
528 658
528 553
528 528
528 681
528 566
528 687
528 559
529 652
529 670
529 667
529 580
529 616
529 530
529 668
530 652
530 580
530 616
530 670
530 667
530 668
531 602
531 600
531 577
531 661
531 583
531 542
531 620
531 640
531 568
532 650
532 576
532 651
532 564
532 573
532 569
533 630
533 690
533 678
533 533
533 534
533 622
533 637
534 646
534 653
534 638
534 534
534 611
534 639
534 565
534 574
534 579
535 663
535 664
535 665
535 625
535 541
535 573
535 615
536 593
536 637
536 656
536 614
536 536
536 649
536 548
536 688
536 599
536 606
537 537
537 555
538 629
538 538
538 617
539 557
539 635
539 554
539 603
539 539
539 593
539 671
540 586
540 540
540 545
540 677
540 700
541 663
541 665
541 573
541 541
541 666
542 661
542 600
542 583
542 577
542 620
542 568
542 602
542 542
543 632
543 655
543 551
543 615
543 682
544 647
544 581
544 550
545 545
545 586
545 700
545 677
545 556
546 546
546 549
546 552
546 636
546 558
546 590
546 654
546 566
546 562
546 613
547 623
547 547
547 660
547 563
547 597
548 669
549 674
549 613
549 549
549 562
549 596
549 579
549 558
549 636
549 626
550 647
550 581
550 604
550 550
551 655
551 589
551 551
551 682
551 576
552 590
552 674
552 552
552 558
552 636
552 613
553 658
553 595
553 553
553 681
553 566
553 559
553 687
554 671
554 593
554 603
554 557
554 554
554 558
555 629
555 613
555 641
555 669
556 586
556 556
556 677
557 671
557 593
557 635
558 636
558 558
558 562
558 674
558 613
559 658
559 681
559 687
559 595
559 566
559 610
560 604
560 666
560 621
560 560
560 664
560 595
560 692
560 615
560 618
561 570
561 598
561 601
561 561
561 662
561 607
562 674
562 613
562 596
562 636
563 597
563 563
563 612
564 651
564 686
564 650
564 564
564 679
564 598
564 576
565 646
565 653
565 565
565 619
565 574
565 638
565 639
565 649
566 658
566 681
566 687
566 595
567 605
567 617
567 654
567 572
568 697
568 661
568 568
568 640
568 620
568 600
568 586
569 569
569 651
569 659
569 576
570 625
570 598
570 570
570 607
570 601
571 592
571 587
571 689
571 609
571 578
571 646
572 605
572 617
573 663
573 664
573 665
573 625
574 646
574 653
574 574
574 639
574 611
574 579
575 641
575 645
575 676
575 698
575 631
575 654
576 650
576 576
577 661
577 640
577 600
577 583
577 657
577 602
578 689
578 609
578 587
579 646
579 619
579 579
579 638
579 611
579 639
580 687
580 652
580 667
580 668
580 670
580 580
580 635
580 616
580 627
581 697
581 647
581 581
581 682
582 644
582 684
582 582
582 676
582 694
583 603
583 640
583 602
583 583
583 671
584 672
584 699
584 623
584 627
585 693
585 694
585 642
585 623
585 633
586 677
586 700
587 592
588 657
588 662
588 604
589 589
589 615
590 674
590 596
590 636
590 613
590 673
591 635
591 694
591 591
592 592
592 651
593 671
593 603
593 635
594 656
594 688
594 614
595 681
595 595
595 658
595 637
595 633
596 674
596 596
596 611
596 642
597 612
597 660
597 597
597 634
598 598
598 607
598 601
599 649
599 656
599 688
599 606
599 599
599 614
600 616
600 661
600 631
600 602
600 620
600 640
601 690
601 607
601 683
602 661
602 602
602 640
603 658
603 671
603 635
603 689
604 647
604 697
604 604
605 654
605 617
606 688
606 606
606 614
606 651
608 684
608 691
608 608
608 632
608 628
608 685
608 624
609 689
610 673
610 659
610 618
611 611
611 619
611 638
611 653
611 639
612 660
612 612
613 636
614 649
614 656
614 688
615 682
615 630
616 652
616 668
616 667
616 674
616 683
618 619
618 659
618 673
618 618
618 643
619 646
619 653
619 619
619 639
619 638
620 661
621 658
621 666
621 692
622 690
623 699
623 696
623 664
623 627
624 685
624 624
624 632
625 663
625 665
626 679
626 683
626 695
626 680
627 672
627 699
628 685
628 632
629 629
630 678
630 637
631 641
631 676
631 651
632 685
632 691
632 632
633 642
633 694
634 660
634 634
635 671
636 674
637 690
637 678
638 646
638 639
638 653
639 653
640 661
640 640
641 676
641 698
641 645
642 694
642 642
642 693
643 643
643 648
644 644
644 684
644 672
645 698
645 645
645 676
646 646
646 653
647 647
647 697
648 673
648 659
649 688
649 656
649 699
650 651
650 650
650 686
651 686
651 651
652 668
652 670
652 652
652 667
653 653
654 654
655 655
655 682
655 691
656 688
657 657
658 687
658 658
658 681
659 673
659 659
660 660
663 664
663 663
663 665
664 665
664 664
665 665
666 666
666 675
667 667
667 678
667 668
668 670
670 670
671 671
671 700
672 699
672 696
673 673
674 674
675 675
675 692
676 698
677 677
677 700
678 690
678 678
679 679
679 695
679 680
679 683
680 680
680 683
680 695
681 681
681 687
682 682
683 683
683 695
685 691
686 686
687 687
688 688
689 689
690 690
691 691
693 693
693 694
694 694
696 696
698 698
699 699
