700 2206
1 18
1 345
1 494
1 314
1 23
1 418
1 557
2 453
2 203
2 426
2 642
2 367
2 265
2 246
3 670
3 398
3 165
3 286
3 624
3 571
4 178
4 288
4 278
4 462
4 249
4 185
4 320
5 515
5 254
5 509
5 225
5 74
5 282
6 268
6 568
6 327
6 91
6 616
6 434
6 221
6 47
7 29
7 409
7 274
7 286
7 502
7 22
8 92
8 602
8 223
8 632
8 610
8 474
8 222
8 198
9 697
9 83
9 95
9 344
9 682
9 403
10 73
10 521
10 100
10 304
10 344
11 376
11 431
11 542
11 48
11 375
11 661
11 280
11 411
11 163
11 74
11 228
11 649
12 139
12 377
12 467
12 418
12 260
12 557
12 511
13 622
13 121
13 536
13 611
13 603
13 360
13 508
14 457
14 528
14 385
14 689
14 294
14 149
14 227
15 553
15 549
15 232
15 305
15 276
15 407
15 161
15 296
15 189
15 210
16 530
16 219
16 156
16 51
16 336
16 185
16 502
16 641
17 130
17 581
17 63
17 182
17 548
17 275
17 19
17 415
18 143
18 272
18 386
18 666
19 344
19 217
19 446
19 504
19 164
19 204
19 695
20 123
20 608
20 401
20 487
20 375
20 423
20 564
20 496
21 144
21 651
21 470
21 250
21 219
21 482
21 627
22 46
22 157
22 165
22 86
22 299
23 108
23 240
23 649
23 514
23 75
24 381
24 516
24 332
24 24
24 435
24 638
25 90
25 421
25 273
25 461
25 488
25 512
25 564
26 474
26 632
26 117
26 348
26 271
27 452
27 439
27 59
27 109
27 451
27 292
28 381
28 329
28 168
28 415
28 68
28 429
29 288
29 274
29 663
29 112
29 33
30 417
30 573
30 438
30 234
30 624
31 662
31 152
31 273
31 205
31 88
31 461
31 240
31 155
31 68
31 595
32 116
32 390
32 151
32 671
32 208
33 652
33 46
33 398
33 391
34 92
34 206
34 69
34 236
34 628
35 144
35 558
35 554
35 255
35 338
35 294
35 76
35 230
36 301
36 176
36 491
36 209
36 194
36 673
37 522
37 288
37 42
37 677
37 379
37 185
38 414
38 444
38 270
38 388
38 544
38 698
38 317
39 532
39 68
39 283
39 160
39 553
39 497
40 476
40 678
40 515
40 694
40 656
40 625
41 629
41 283
41 99
41 505
41 123
41 556
41 55
41 247
42 677
42 559
42 522
42 604
42 219
42 354
43 520
43 315
43 45
43 201
43 565
43 449
43 200
43 349
43 355
44 131
44 683
44 688
44 621
44 547
44 441
44 622
45 538
45 173
45 281
45 544
45 324
45 201
45 211
46 274
46 672
46 534
47 398
47 585
47 314
47 66
47 65
47 467
47 246
48 661
48 617
48 507
48 449
48 311
49 142
49 258
49 422
49 249
49 118
49 459
50 536
50 683
50 368
50 96
50 625
50 441
50 367
51 288
51 524
51 239
51 67
51 320
51 201
52 85
52 282
52 327
52 533
52 150
52 672
52 587
53 223
53 53
53 255
53 523
53 76
53 590
54 557
54 433
54 649
54 580
54 420
55 505
55 614
55 148
55 139
55 616
55 506
56 105
56 182
56 275
56 440
56 618
56 148
57 311
57 419
57 570
57 626
57 648
57 669
58 690
58 254
58 225
58 71
58 302
58 579
58 628
59 566
59 59
59 552
59 499
60 447
60 586
60 171
60 496
60 673
60 341
61 659
61 552
61 410
61 601
61 116
61 334
61 503
61 271
62 135
62 87
62 109
62 292
62 384
62 598
62 365
62 244
63 352
63 349
63 257
63 372
63 233
64 265
64 426
64 565
64 238
64 575
64 203
65 332
65 139
65 194
65 338
65 585
65 467
66 194
66 81
66 498
66 319
67 432
67 485
67 128
67 364
67 604
67 456
67 117
67 253
67 651
68 157
68 160
68 184
68 214
68 99
68 206
69 416
69 298
69 673
69 526
70 601
70 365
70 574
70 146
70 483
70 202
70 212
70 599
71 268
71 579
71 568
71 189
71 87
72 130
72 314
72 194
72 345
72 234
72 81
73 678
73 128
73 226
73 133
74 312
74 411
74 376
74 581
74 475
74 358
74 114
75 480
75 523
75 682
75 492
76 76
76 574
76 588
76 230
76 231
76 169
76 439
77 151
77 258
77 389
77 422
77 538
78 270
78 657
78 698
78 150
78 596
79 514
79 589
79 450
79 371
79 645
80 419
80 168
80 668
80 695
80 650
81 557
81 585
81 480
81 93
82 453
82 276
82 412
82 250
82 96
82 84
82 486
83 257
83 97
83 654
83 570
83 600
84 106
84 287
84 250
84 600
84 347
85 132
85 407
85 161
85 549
85 379
86 162
86 300
86 592
86 659
86 510
86 511
87 338
87 684
87 667
88 99
88 648
88 651
88 309
88 106
89 387
89 474
89 252
89 259
89 271
89 691
90 284
90 312
90 507
90 279
91 584
91 91
91 577
92 485
92 602
92 636
92 322
93 494
93 377
93 139
93 262
94 546
94 674
94 694
94 572
94 587
94 485
94 628
95 550
95 319
95 217
95 495
96 683
96 468
96 688
96 218
96 621
96 121
97 501
97 464
97 204
97 281
97 484
97 526
98 421
98 436
98 98
98 385
98 105
98 630
99 614
99 283
100 530
100 401
100 198
100 186
101 222
101 680
101 190
101 491
101 394
102 513
102 644
102 424
102 270
102 404
103 337
103 641
103 415
103 329
103 424
104 339
104 104
104 401
104 659
105 453
105 478
105 639
106 489
106 482
106 663
107 513
107 535
107 623
107 657
107 174
107 618
108 178
108 619
108 328
108 479
109 529
109 177
109 439
109 124
110 653
110 290
110 324
110 349
110 678
111 541
111 538
111 220
111 653
111 305
111 496
112 177
112 587
112 598
112 365
112 253
112 243
113 303
113 354
113 369
113 427
113 394
113 429
114 280
114 163
114 279
114 180
115 427
115 176
115 491
115 190
115 276
115 235
116 525
116 302
116 580
117 396
117 222
117 223
117 296
118 537
118 427
118 301
118 491
118 526
119 514
119 529
119 224
119 343
119 543
119 372
120 549
120 172
120 296
120 578
120 245
120 256
121 683
121 382
121 286
122 272
122 525
122 612
122 606
122 512
123 395
123 575
123 560
124 514
124 667
124 125
124 452
125 281
125 593
125 177
125 283
125 339
126 397
126 403
126 445
126 127
126 289
127 397
127 217
127 654
127 236
128 170
128 597
128 248
129 348
129 527
129 387
129 405
129 356
129 545
130 440
130 402
130 293
130 175
131 237
131 607
131 688
131 143
131 441
131 360
132 189
132 543
132 161
132 551
132 296
132 578
133 515
133 364
133 170
133 495
133 190
133 546
133 694
133 597
133 625
134 534
134 681
134 470
134 142
134 450
135 640
135 684
135 338
135 318
135 531
136 645
136 673
136 309
136 245
136 571
136 181
136 193
137 530
137 213
137 559
137 524
137 405
137 677
137 178
138 273
138 373
138 461
138 138
138 159
138 352
138 624
138 306
139 300
139 510
139 585
139 304
140 650
140 468
140 367
140 331
140 666
140 683
140 596
140 548
141 683
141 477
141 402
141 692
141 458
141 286
142 356
142 651
142 613
142 406
143 517
143 408
143 276
143 234
144 325
144 144
144 700
144 334
144 395
145 396
145 698
145 400
145 528
145 673
146 258
146 263
146 188
146 202
146 268
146 599
147 492
147 355
147 539
147 290
147 316
147 660
148 509
148 532
148 629
148 497
149 229
149 658
149 353
149 395
149 227
150 657
150 180
150 270
150 539
150 391
150 620
151 168
151 248
151 419
152 576
152 372
152 276
152 201
153 398
153 670
153 593
153 153
153 409
154 268
154 579
154 568
154 628
154 293
154 509
154 321
155 305
155 214
155 493
155 505
155 629
155 400
156 521
156 559
156 156
156 182
157 383
157 663
157 191
157 299
158 278
158 273
158 540
158 463
158 182
159 279
159 633
159 373
159 697
160 184
160 295
160 505
160 361
161 172
161 399
161 563
161 481
162 481
162 447
162 458
162 563
162 578
163 411
163 284
163 617
163 623
164 654
164 344
164 164
164 484
165 558
165 274
165 648
165 571
165 610
166 285
166 638
166 369
166 209
166 572
166 460
166 465
167 368
167 363
167 525
167 655
167 656
168 329
168 419
168 680
168 626
169 388
169 424
169 270
169 180
169 686
170 226
170 485
170 345
170 694
170 445
171 331
171 622
171 395
171 361
171 305
172 364
172 405
172 292
172 305
172 528
173 408
173 220
173 216
173 700
173 200
173 359
174 275
174 257
174 215
174 443
174 348
175 257
175 293
175 696
175 633
175 609
175 598
175 241
176 285
176 176
176 460
176 354
176 404
177 338
177 453
178 559
178 271
178 213
178 239
179 179
179 553
179 407
179 289
179 481
180 270
180 616
181 298
181 193
181 378
181 549
181 454
181 242
182 696
182 692
182 440
182 351
182 623
183 666
183 211
183 679
183 428
183 562
183 195
184 384
184 614
184 369
185 524
185 418
186 589
186 518
186 340
186 388
186 461
187 602
187 667
187 187
187 424
187 587
188 292
188 428
188 249
188 233
189 543
189 305
189 249
190 619
190 448
190 298
191 342
191 409
191 469
191 410
192 632
192 239
192 689
192 197
192 438
192 612
193 321
193 206
193 481
193 454
194 585
194 392
195 393
195 574
195 479
195 331
195 459
195 599
196 514
196 437
196 472
196 326
196 518
196 224
196 363
196 631
196 610
197 403
197 404
197 353
197 608
197 620
198 401
198 198
198 586
199 213
199 655
199 673
199 199
200 349
200 324
200 550
200 492
201 539
202 318
202 202
203 265
203 307
203 570
204 367
204 647
204 362
204 688
205 259
205 544
205 576
205 371
206 591
206 321
206 500
207 643
207 342
207 252
207 218
207 539
207 336
208 520
208 302
208 208
208 245
209 680
209 427
209 349
209 634
210 407
210 563
210 471
210 556
211 653
211 281
211 660
211 390
212 422
212 212
212 553
213 371
213 522
214 630
214 556
214 420
215 275
215 306
215 440
215 665
216 281
216 539
216 520
216 676
216 510
217 445
217 397
217 217
218 360
218 396
218 342
219 277
219 278
219 260
220 290
220 539
220 633
221 256
221 268
221 434
221 377
222 643
222 252
222 317
222 627
223 545
223 405
224 516
224 437
224 455
224 573
224 370
224 469
225 563
225 583
225 559
225 628
226 432
226 694
226 372
227 633
227 528
227 448
228 547
228 465
228 228
229 612
229 457
229 400
229 498
230 558
230 435
230 567
230 231
231 546
231 393
231 592
231 440
232 471
232 481
232 549
232 643
233 492
233 322
233 673
234 272
234 488
234 681
235 675
235 250
235 681
235 648
236 244
236 645
236 508
236 243
236 569
237 596
237 468
237 621
237 604
238 307
238 565
238 699
238 451
239 502
239 277
240 431
240 436
240 525
240 637
240 247
240 298
241 434
241 551
241 685
241 429
242 443
242 564
242 242
243 595
243 243
244 386
244 292
244 587
245 699
245 327
246 498
246 511
246 345
247 556
247 629
247 506
248 392
248 685
248 693
248 374
249 263
250 571
250 627
251 395
251 594
251 339
251 496
251 598
252 387
252 643
253 531
253 365
253 292
254 282
254 584
254 509
255 590
255 325
255 351
256 296
256 425
256 458
257 394
257 567
257 561
258 428
258 402
258 691
258 361
259 527
259 545
259 636
259 602
259 405
259 374
260 284
260 431
260 507
260 308
260 660
260 411
260 676
261 450
261 343
261 262
261 472
261 269
262 450
262 514
262 537
262 689
262 332
262 371
263 562
263 389
263 266
263 691
264 313
264 519
264 264
264 306
265 642
265 687
265 413
266 316
266 584
266 533
266 434
266 370
266 579
267 657
267 366
267 444
267 388
267 438
267 270
267 317
268 680
268 327
268 270
269 517
269 420
269 573
269 492
270 644
270 424
270 412
271 559
271 524
272 386
272 560
273 352
273 373
273 570
273 662
274 450
274 286
274 299
275 306
275 662
275 443
276 357
276 372
277 530
277 559
277 522
277 540
278 522
278 524
278 559
278 645
279 661
279 312
279 507
279 473
279 475
279 461
280 311
280 473
280 369
281 520
281 355
281 653
281 664
282 533
282 289
283 665
283 493
283 283
283 582
283 470
284 376
284 676
284 431
284 582
284 484
284 682
284 665
284 626
285 680
285 619
285 370
285 369
285 648
287 356
287 648
287 406
287 613
287 461
288 552
288 521
288 462
288 629
289 390
289 668
289 685
290 315
290 290
291 687
291 658
291 457
291 353
291 550
292 667
292 439
292 598
293 477
293 561
293 555
293 581
294 393
294 541
294 548
294 491
294 588
294 654
295 506
295 505
295 295
296 447
297 382
297 340
297 664
297 297
297 483
298 378
298 310
298 603
298 500
299 663
299 455
299 469
299 685
300 300
300 653
300 510
300 341
301 491
301 427
301 348
301 448
302 525
302 534
302 580
302 618
302 556
303 676
303 475
303 661
303 617
303 431
304 561
304 608
304 538
304 569
304 361
305 471
305 578
305 600
305 605
306 692
306 477
306 609
306 465
307 642
307 375
307 503
307 694
307 436
307 442
307 635
308 542
308 676
308 473
308 575
308 358
309 692
309 499
309 673
310 538
310 684
310 595
310 417
311 475
311 542
312 542
312 376
312 447
313 432
313 517
313 392
313 364
314 494
314 650
315 520
315 449
315 447
315 324
315 637
316 646
316 533
316 497
317 366
317 513
318 562
318 479
318 459
318 377
319 504
319 647
319 406
320 677
320 502
320 433
321 387
321 645
321 322
322 677
322 378
323 408
323 420
323 635
323 392
323 541
324 355
324 396
324 612
325 393
325 410
325 552
325 559
326 537
326 437
326 343
326 607
327 533
327 352
328 649
328 430
328 523
328 377
328 385
329 390
329 668
329 551
330 550
330 442
330 699
330 478
330 356
331 650
331 607
331 367
332 529
332 381
332 363
332 370
333 544
333 577
333 624
333 461
333 547
334 393
334 590
334 450
334 337
335 519
335 666
335 399
335 635
335 570
335 483
336 405
336 632
336 527
336 416
337 435
337 588
337 548
338 520
339 643
339 569
339 487
340 518
340 366
340 657
341 516
341 401
341 569
342 643
342 632
343 437
343 589
343 672
344 676
344 600
344 501
344 504
345 536
345 663
345 467
346 652
346 571
346 346
346 519
346 532
347 592
347 489
347 675
347 635
348 643
348 348
349 492
350 385
350 528
350 605
350 457
350 351
351 402
351 696
351 391
351 498
351 501
352 577
352 463
353 472
353 466
354 491
354 638
355 543
355 359
356 651
356 412
356 675
357 615
357 633
357 357
358 358
358 514
359 520
359 359
360 368
360 688
360 508
361 496
362 577
362 444
362 391
362 445
363 516
363 697
364 452
364 456
365 531
366 518
366 417
367 683
368 688
368 596
369 421
370 537
370 697
370 656
370 371
370 631
370 562
371 529
371 579
372 544
373 411
373 577
373 461
373 467
373 511
374 641
374 390
374 668
375 642
375 550
375 381
376 542
377 420
377 557
377 608
378 426
378 379
379 533
379 690
379 579
379 457
380 554
380 648
380 651
380 482
380 530
381 589
381 472
382 596
382 508
382 622
383 515
383 572
383 480
383 495
384 621
384 493
384 497
385 658
385 591
385 466
385 605
385 606
386 417
386 635
386 666
387 475
387 405
387 636
388 513
388 686
388 444
388 674
388 424
389 544
389 479
389 679
389 606
389 526
389 599
390 693
391 647
391 446
391 464
391 501
391 497
392 420
392 560
392 417
392 635
393 700
393 634
394 567
394 696
394 402
394 590
394 692
394 581
394 652
395 569
396 396
396 545
397 654
397 484
397 434
397 445
398 662
398 593
398 571
398 686
398 614
399 517
399 573
399 417
399 436
400 605
400 591
400 658
400 466
400 404
401 496
401 419
402 595
402 561
403 647
403 484
404 446
405 657
406 613
406 627
406 572
407 588
407 630
407 553
407 563
408 488
408 646
409 543
409 666
409 593
409 469
409 610
410 601
410 554
410 541
410 490
410 435
410 658
411 507
412 613
412 681
412 486
413 649
413 664
413 413
414 698
414 414
414 592
414 523
415 429
415 695
415 685
416 645
416 416
416 500
417 495
417 519
418 498
418 486
418 580
419 668
419 593
420 438
421 442
421 699
421 451
421 680
422 574
422 604
422 658
423 565
423 486
423 608
423 468
423 569
424 628
425 543
425 553
425 425
425 563
425 487
426 451
426 436
427 465
427 634
427 430
428 604
428 428
429 671
429 695
429 626
429 575
430 664
430 649
430 618
430 445
432 678
432 432
432 625
433 462
433 649
433 630
433 580
434 690
435 659
435 552
435 531
436 478
436 699
437 537
437 648
437 659
438 646
438 519
438 670
439 667
440 692
441 607
441 547
441 622
442 639
442 555
442 512
443 692
443 696
444 535
445 446
445 464
445 504
446 519
447 549
448 460
448 638
448 559
449 539
449 681
450 697
450 455
450 657
450 586
451 550
451 575
452 515
452 674
452 480
453 642
453 687
454 645
454 603
454 521
455 516
455 537
455 697
455 464
456 546
456 678
456 639
456 660
457 457
458 508
458 553
458 578
458 684
459 574
459 467
460 634
460 567
462 521
462 677
463 544
463 576
463 570
464 464
465 560
466 620
466 644
468 536
468 506
469 672
470 661
470 482
471 563
471 471
472 537
473 676
473 669
474 643
474 562
474 636
475 513
476 572
476 480
476 678
476 615
477 692
477 679
478 550
478 633
478 503
479 490
480 694
481 578
481 586
482 675
482 563
483 524
483 534
483 637
483 671
485 694
485 625
485 594
486 675
487 564
487 575
488 519
488 573
488 662
489 651
489 489
490 672
490 652
490 571
491 619
493 532
493 690
494 592
494 654
494 498
495 694
495 572
495 597
499 531
499 499
500 595
500 672
501 600
502 524
502 676
503 545
503 687
503 639
504 633
506 581
508 622
508 585
509 690
510 585
511 535
512 544
512 576
512 662
513 513
513 657
513 535
514 668
515 674
515 546
515 611
516 631
516 516
517 517
517 519
518 644
518 613
519 560
520 538
521 521
521 522
522 530
522 576
522 574
523 555
523 649
523 664
524 677
526 604
526 679
527 527
527 560
528 658
528 689
528 612
528 620
529 697
529 690
530 615
531 684
531 587
532 665
533 639
533 614
534 678
535 623
536 611
536 621
538 539
539 573
539 653
540 615
540 633
540 652
540 577
541 541
541 588
542 617
542 687
543 549
544 615
544 647
546 597
546 693
547 625
548 554
548 548
548 590
549 594
550 565
550 630
550 687
551 671
551 558
551 695
552 554
552 700
553 578
553 669
554 558
555 555
555 634
557 688
558 659
561 609
562 691
564 689
565 687
565 630
566 631
566 640
566 566
567 692
567 658
568 584
568 568
570 625
570 641
572 678
572 613
576 662
576 678
577 624
577 616
578 646
581 668
582 665
582 582
583 596
583 583
583 670
584 591
586 667
587 681
588 601
589 589
590 659
590 655
591 606
593 652
593 610
594 594
595 603
597 638
597 700
598 667
598 675
599 684
600 600
601 700
602 643
603 658
604 691
605 658
606 624
606 669
606 637
607 650
607 688
609 692
609 630
611 683
611 688
616 629
617 661
618 682
619 694
620 689
622 650
623 644
626 641
627 648
628 690
631 697
634 640
636 682
637 655
637 649
640 667
640 684
641 693
641 668
642 642
642 670
644 644
644 669
646 646
647 654
650 650
652 663
652 670
653 653
655 682
655 656
656 700
660 660
663 670
663 672
664 664
668 679
671 695
671 671
674 674
674 678
686 686
693 696
698 698
