700 2254
1 266
1 277
1 418
1 262
1 362
1 17
2 445
2 157
2 478
2 404
2 149
2 675
2 481
2 60
3 401
3 321
3 103
3 678
3 295
3 167
3 315
4 338
4 617
4 71
4 454
4 232
5 625
5 626
5 183
5 561
5 258
5 63
6 320
6 51
6 400
6 602
6 269
6 205
7 621
7 512
7 555
7 527
7 82
7 174
8 592
8 582
8 520
8 337
8 188
8 663
8 356
8 635
9 347
9 124
9 296
9 671
9 437
9 542
9 632
10 481
10 35
10 675
10 690
10 122
10 157
10 180
11 329
11 134
11 102
11 664
11 103
11 354
11 238
12 309
12 12
12 661
12 159
12 617
13 694
13 512
13 510
13 214
13 518
13 34
13 316
14 68
14 33
14 257
14 527
14 540
14 120
15 98
15 42
15 292
15 156
15 685
15 599
16 343
16 341
16 287
16 260
16 117
16 463
16 348
17 441
17 106
17 565
17 687
18 630
18 331
18 194
18 637
18 82
18 573
18 581
19 623
19 270
19 175
19 577
19 582
19 442
19 146
19 452
20 517
20 260
20 66
20 250
20 685
20 463
20 88
20 614
21 522
21 403
21 246
21 486
21 534
21 538
22 600
22 523
22 529
22 576
22 618
23 657
23 271
23 507
23 23
23 689
23 95
24 350
24 186
24 681
24 618
24 544
24 428
24 699
24 77
25 537
25 517
25 338
25 269
25 274
25 297
25 340
26 123
26 79
26 439
26 153
26 34
26 82
27 642
27 469
27 695
27 159
27 370
27 592
27 94
27 503
28 514
28 553
28 339
28 239
28 365
28 188
29 325
29 540
29 554
29 204
29 637
29 262
29 616
30 411
30 541
30 119
30 30
30 336
30 230
31 541
31 536
31 312
31 411
31 311
31 330
32 665
32 673
32 606
32 32
32 49
32 436
32 185
32 403
32 92
33 652
33 550
33 633
33 73
33 447
33 494
33 120
33 217
34 76
34 214
34 510
34 241
34 633
34 372
35 395
35 157
35 478
35 683
36 658
36 296
36 36
36 696
37 636
37 291
37 276
37 104
37 619
38 276
38 323
38 173
38 39
38 406
39 43
39 389
39 669
39 421
39 503
39 251
40 401
40 167
40 429
40 422
40 621
40 228
40 71
40 547
41 440
41 674
41 535
41 222
41 510
42 388
42 146
42 191
42 444
42 126
43 399
43 56
43 641
43 548
43 435
44 217
44 151
44 553
44 162
44 376
44 57
44 351
45 294
45 545
45 245
45 570
45 332
45 188
45 687
46 654
46 380
46 284
46 220
46 486
46 575
46 114
47 678
47 325
47 367
47 429
47 485
48 542
48 420
48 686
48 594
48 578
49 476
49 329
49 151
49 518
49 185
49 188
49 667
50 184
50 62
50 311
50 465
50 608
51 399
51 562
51 135
51 66
51 205
51 602
51 642
52 566
52 549
52 677
52 490
52 430
52 590
53 556
53 305
53 269
53 338
53 383
53 574
53 340
53 596
53 388
53 467
54 392
54 369
54 560
54 129
54 290
54 125
54 568
55 516
55 382
55 424
55 55
55 455
55 384
56 396
56 426
56 305
56 537
56 203
56 484
56 576
57 279
57 162
57 307
57 88
57 119
58 134
58 664
58 82
58 158
58 59
58 354
58 247
59 471
59 552
59 459
59 270
60 142
60 281
60 170
60 683
61 270
61 492
61 522
61 403
61 538
61 172
61 558
61 454
61 91
62 243
62 88
62 687
62 340
62 225
63 127
63 409
63 292
63 360
64 121
64 428
64 618
64 261
64 570
64 598
64 384
65 394
65 424
65 285
65 391
65 637
65 538
66 395
66 260
66 540
66 375
67 406
67 414
67 543
67 562
67 658
67 377
67 488
67 249
68 302
68 496
68 550
68 321
68 700
69 156
69 191
69 146
69 625
69 320
69 295
70 289
70 413
70 674
70 676
70 618
71 486
71 71
71 587
71 101
72 533
72 200
72 105
72 397
72 80
72 337
72 634
72 368
73 466
73 169
73 140
73 528
73 272
73 195
73 458
73 333
73 116
73 124
74 135
74 274
74 414
74 562
74 608
74 470
74 601
74 122
74 531
75 280
75 380
75 374
75 299
75 377
75 215
76 670
76 569
76 693
76 84
76 118
77 132
77 502
77 324
77 343
77 90
78 301
78 183
78 468
78 199
78 555
78 283
79 511
79 200
79 206
79 397
79 634
80 610
80 438
80 498
80 348
80 471
81 166
81 129
81 588
81 511
81 423
81 620
81 294
82 289
82 354
83 257
83 317
83 449
83 555
83 481
83 137
84 448
84 300
84 569
84 695
84 472
85 89
85 532
85 408
85 564
85 591
86 660
86 445
86 377
86 86
86 607
87 677
87 212
87 87
87 668
88 460
88 267
88 534
88 459
89 131
89 141
89 152
89 448
89 656
90 586
90 428
90 598
90 626
91 172
91 376
91 275
91 595
92 108
92 253
92 405
92 547
93 300
93 240
93 243
93 639
93 427
94 637
94 642
94 698
94 614
95 189
95 266
95 366
95 389
96 301
96 260
96 614
96 375
96 650
96 339
97 700
97 189
97 393
97 657
97 100
97 312
98 409
98 388
98 98
98 626
99 201
99 121
99 270
99 491
99 402
100 293
100 422
100 429
100 446
100 531
100 117
100 469
101 177
101 661
101 309
101 659
101 487
102 358
102 544
102 664
102 378
103 147
103 228
103 371
103 123
103 341
103 250
103 304
103 485
104 580
104 389
104 295
104 379
105 390
105 224
105 663
105 539
105 499
106 264
106 465
106 198
106 537
107 669
107 685
107 107
107 153
107 110
108 152
108 473
108 474
108 217
108 255
109 643
109 649
109 473
109 258
109 654
110 110
110 421
110 700
111 590
111 210
111 597
111 252
111 591
111 229
112 265
112 412
112 434
112 630
112 657
112 171
113 528
113 498
113 471
113 113
113 324
113 391
114 662
114 220
114 383
114 419
115 572
115 467
115 547
115 473
115 611
116 211
116 471
116 233
116 216
116 504
117 293
117 167
117 228
117 681
118 120
118 458
118 361
118 272
119 278
119 312
119 672
120 589
120 527
121 590
121 322
121 579
121 563
121 491
121 505
122 503
122 276
122 669
122 319
123 282
123 352
123 370
123 629
123 182
123 529
124 334
124 438
124 504
125 259
125 131
125 152
125 615
125 528
126 492
126 277
126 126
127 404
127 377
127 607
127 478
128 578
128 421
128 536
128 541
128 587
129 419
129 386
129 493
129 475
129 458
129 548
129 608
129 139
129 385
129 696
130 261
130 324
130 681
130 502
130 546
130 132
130 653
130 186
130 699
130 456
130 332
131 256
131 141
131 288
131 371
131 407
131 432
132 539
132 350
132 132
132 584
133 305
133 150
133 226
133 480
133 694
133 154
133 425
133 179
133 593
134 149
134 544
134 229
134 463
135 208
135 320
135 697
135 259
135 400
135 466
136 697
136 464
136 380
136 284
136 150
136 654
136 662
136 437
136 378
137 373
137 140
137 280
137 220
138 605
138 682
138 552
138 234
138 512
138 443
138 225
139 519
139 226
139 139
139 651
139 273
139 530
139 179
139 653
140 610
140 471
140 368
140 333
140 658
141 288
141 407
141 659
141 152
141 294
141 457
141 596
142 170
142 212
142 169
142 592
142 349
142 252
143 517
143 396
143 379
143 556
143 368
143 163
144 515
144 231
144 501
144 144
144 530
145 212
145 635
145 390
145 145
146 652
146 292
146 388
146 561
147 422
147 423
147 293
147 368
147 578
148 518
148 628
148 658
148 242
148 577
149 544
149 439
149 626
149 153
149 158
150 519
150 524
150 357
150 649
150 179
150 300
151 493
151 606
151 329
151 497
151 478
152 294
152 457
152 615
152 245
152 256
153 358
153 229
153 640
153 484
153 489
154 524
154 519
154 480
154 668
154 177
154 460
154 559
155 184
155 198
155 565
155 441
155 333
155 278
156 409
156 191
156 199
156 187
156 599
156 318
157 445
157 627
157 342
157 430
158 359
158 489
158 174
158 690
159 412
159 623
159 637
159 246
159 227
160 651
160 480
160 353
160 289
160 241
160 177
160 532
160 255
161 518
161 242
161 628
161 535
161 314
162 514
162 279
162 497
162 260
163 450
163 283
163 344
163 222
164 542
164 671
164 411
164 171
164 451
164 686
165 372
165 247
165 358
165 359
165 169
166 548
166 306
166 235
166 419
166 406
166 560
166 639
166 271
167 422
167 433
167 462
167 321
168 683
168 281
168 168
168 639
168 180
168 210
168 597
169 549
169 680
169 677
169 180
170 677
170 212
170 554
170 210
171 536
171 686
171 411
171 632
172 403
172 309
172 394
173 236
173 656
173 669
173 481
174 357
174 484
174 238
174 304
175 398
175 491
175 563
175 198
175 442
175 322
175 218
175 496
176 394
176 285
176 381
176 223
176 231
176 263
177 425
177 357
178 391
178 557
178 394
178 382
178 441
178 190
179 289
179 275
179 619
179 501
180 549
180 677
181 393
181 689
181 318
181 244
181 599
181 492
182 424
182 385
182 567
182 609
183 652
183 348
183 694
183 334
184 669
184 311
184 663
185 387
185 217
185 198
186 586
186 428
186 637
186 324
186 598
187 675
187 442
187 187
187 677
187 240
188 553
188 217
189 262
189 271
189 263
189 215
190 385
190 223
190 647
190 585
191 409
191 191
191 199
191 599
192 678
192 433
192 401
192 192
193 515
193 442
193 450
193 193
193 243
194 645
194 688
194 308
194 279
195 498
195 326
195 361
195 664
196 293
196 422
196 578
196 228
196 287
197 399
197 290
197 205
197 476
197 323
198 580
198 653
198 225
199 468
199 298
199 506
200 582
200 482
200 386
200 206
201 577
201 453
201 237
201 399
202 679
202 588
202 515
202 651
202 207
203 410
203 396
203 655
203 363
203 379
204 571
204 437
204 299
204 458
204 248
204 486
205 320
205 419
206 397
206 663
206 402
207 315
207 256
207 563
207 646
208 400
208 274
208 290
208 468
208 466
208 602
209 422
209 314
209 445
209 607
209 235
209 307
210 680
210 328
211 259
211 270
211 577
211 218
212 281
212 349
212 603
212 494
212 389
212 536
213 695
213 667
213 284
213 662
213 348
213 374
213 249
214 257
214 527
214 316
214 589
214 464
215 258
215 593
215 230
215 474
216 252
216 254
216 452
216 527
216 431
217 595
218 496
218 398
218 455
218 310
219 343
219 355
219 360
219 463
219 388
220 269
220 575
220 393
221 303
221 665
221 314
221 430
221 504
221 286
222 463
222 439
222 666
223 647
223 285
223 562
224 634
224 482
224 509
224 337
224 644
224 499
225 443
225 323
226 519
226 659
226 425
226 520
226 567
227 392
227 642
227 331
227 380
227 261
228 446
228 578
228 311
228 306
229 501
229 439
229 487
230 470
230 258
230 643
231 273
231 425
231 651
231 253
232 479
232 670
232 254
232 639
232 347
232 243
233 400
233 314
233 233
233 605
234 264
234 431
234 459
234 450
235 694
235 608
235 641
235 400
235 558
236 563
236 495
236 398
236 579
237 270
237 577
237 579
237 405
238 680
238 358
238 555
239 379
239 577
239 307
239 687
240 668
240 564
240 364
241 485
241 700
241 594
242 413
242 344
242 651
243 408
244 262
244 531
244 689
244 453
245 570
245 448
245 279
246 685
246 522
246 364
246 638
247 579
247 506
247 685
248 624
248 284
248 299
248 413
249 504
249 380
249 374
250 260
250 463
250 341
251 405
251 330
251 461
251 335
251 255
252 508
252 490
252 337
253 676
253 643
253 308
254 603
254 450
254 668
254 279
255 593
255 345
256 457
256 570
257 494
257 317
257 513
257 464
257 512
258 467
258 406
258 643
258 649
258 547
258 335
258 345
259 282
259 370
259 352
259 615
259 683
259 634
260 343
260 267
260 559
260 287
260 301
261 350
261 261
261 699
261 657
262 507
262 277
262 689
263 271
263 318
263 492
263 700
263 418
263 465
264 696
264 565
264 687
264 396
264 459
265 645
265 637
265 688
265 410
265 692
265 581
266 589
266 397
266 271
266 292
267 267
267 463
267 296
267 540
267 614
267 550
267 405
268 488
268 670
268 569
268 546
268 582
268 300
268 472
268 418
269 574
269 526
269 396
269 631
269 481
269 375
270 505
270 415
271 366
272 303
272 633
272 444
272 369
272 416
273 273
273 342
273 356
273 427
274 470
274 399
274 573
274 406
274 601
274 479
275 558
275 275
275 690
275 417
276 364
276 291
276 295
276 688
277 331
277 492
277 567
277 418
278 612
278 672
278 312
278 342
279 415
279 307
279 351
280 525
280 667
280 299
280 371
281 566
281 549
281 313
281 326
281 597
282 457
282 294
282 477
282 302
282 432
282 596
282 352
283 535
283 628
283 676
284 525
284 662
284 364
285 619
285 516
285 557
285 490
286 611
286 286
286 365
286 420
286 319
287 355
287 544
287 343
288 407
288 545
288 635
288 596
288 615
288 510
289 515
289 524
289 619
290 562
290 320
290 298
290 585
290 690
291 580
291 346
291 390
291 421
292 563
292 298
292 390
292 561
292 591
292 625
293 422
293 325
293 659
293 578
293 371
293 541
294 302
294 622
295 483
295 421
295 327
295 503
296 535
296 523
297 396
297 410
297 631
297 465
297 468
297 527
298 308
298 388
298 676
298 626
298 441
299 525
299 575
299 554
299 310
299 437
300 532
300 668
301 540
301 463
301 629
301 328
302 570
302 622
303 395
303 690
303 478
303 314
304 359
304 484
304 489
305 367
305 679
305 655
305 604
306 386
306 608
306 588
306 620
306 698
307 351
307 595
308 645
308 434
308 469
308 695
309 587
309 572
310 678
310 406
310 528
310 610
310 361
311 443
311 696
311 404
311 465
312 336
312 342
313 680
313 490
313 677
313 645
313 508
313 625
314 665
314 430
314 478
315 315
315 367
315 446
316 633
316 527
316 450
316 464
317 555
317 633
317 629
317 621
318 318
319 632
319 536
319 365
320 476
320 469
320 425
321 422
321 429
321 376
322 577
322 398
322 566
322 453
322 612
323 656
323 421
323 427
323 685
323 503
324 618
324 456
325 423
325 578
326 416
326 368
326 441
326 498
326 504
327 346
327 685
327 669
327 493
328 460
328 341
328 509
328 462
329 387
329 595
330 547
330 405
330 461
330 474
330 616
331 642
331 692
332 684
332 456
332 526
333 551
333 458
333 480
334 388
334 652
334 468
334 348
335 574
335 405
335 583
335 636
336 445
336 672
336 449
336 594
337 692
337 611
338 537
338 679
338 444
339 415
339 673
339 606
340 517
340 537
340 627
340 453
341 446
341 648
342 361
343 549
344 413
344 676
344 386
345 461
345 583
345 560
346 691
346 580
346 521
347 548
347 347
347 641
347 402
347 661
348 468
348 591
348 411
349 349
349 451
349 564
350 410
350 641
350 635
350 653
350 684
351 606
351 580
352 622
352 636
353 524
353 515
353 425
353 681
354 655
354 519
354 372
355 549
355 648
355 534
355 552
356 533
356 611
356 582
356 635
357 519
357 619
358 497
358 487
359 513
359 583
360 534
360 460
360 629
360 519
361 458
361 371
362 526
362 679
362 640
362 362
362 554
363 585
363 389
363 656
363 466
364 639
364 569
364 603
365 411
365 542
366 393
366 689
366 640
367 371
367 678
369 419
369 571
369 475
369 620
370 545
370 693
370 416
371 433
371 554
372 489
372 484
373 555
373 449
373 494
373 447
374 525
374 575
374 396
375 648
375 629
375 413
376 648
376 661
376 417
377 430
377 477
378 404
378 617
378 486
378 594
379 396
379 410
380 626
380 662
381 647
381 424
381 609
381 568
382 620
382 382
383 419
383 667
383 423
384 581
384 516
384 613
384 474
385 429
385 557
385 394
385 516
385 391
385 455
386 493
386 571
386 386
387 553
387 415
387 671
387 673
388 652
388 438
389 389
389 427
390 509
390 520
390 590
390 533
391 567
391 424
391 394
391 452
392 475
392 511
392 435
392 530
393 531
393 458
394 615
394 567
395 568
395 660
395 690
395 607
396 556
396 517
396 603
397 636
397 600
397 513
397 509
398 545
398 451
398 563
398 615
398 579
399 697
399 470
399 406
399 543
400 543
400 585
400 470
401 401
401 416
401 678
401 429
401 578
401 477
402 640
402 516
403 558
403 417
403 587
404 432
404 478
404 481
405 461
406 697
406 562
407 407
407 545
407 448
408 532
408 546
408 657
408 670
408 564
409 655
409 599
409 626
410 517
410 537
410 426
411 672
411 671
412 623
412 688
412 559
412 698
412 592
414 466
414 414
415 436
416 528
416 471
417 617
417 694
418 492
418 689
418 507
419 560
420 541
420 671
420 601
421 656
422 429
422 647
423 423
423 523
424 647
424 653
425 530
426 574
426 426
427 656
427 483
428 546
428 650
428 483
430 660
430 627
430 671
430 690
430 568
431 662
431 431
432 545
432 622
433 678
433 433
433 434
434 434
434 573
434 698
434 581
435 440
435 548
435 597
435 493
436 553
436 606
436 586
437 498
437 525
437 556
438 534
438 438
439 544
440 608
440 440
440 682
442 563
443 565
443 517
444 551
444 528
445 675
446 678
447 512
447 550
447 447
447 510
448 596
448 545
448 615
449 550
449 527
449 696
449 464
449 684
450 546
450 564
450 603
450 609
451 577
451 579
451 583
451 612
451 551
451 500
451 535
452 609
452 647
453 612
453 496
453 586
454 490
454 558
454 482
454 487
455 663
455 630
456 456
457 548
458 551
458 505
459 605
459 682
460 534
461 649
461 564
461 474
462 648
462 534
462 502
465 605
466 476
467 514
467 547
467 474
467 616
468 643
469 695
469 615
470 670
472 532
472 693
472 624
473 688
473 523
473 572
473 478
474 616
475 641
475 539
476 602
476 479
477 660
477 568
477 610
479 585
479 697
480 480
480 501
481 608
481 591
482 520
482 600
482 578
483 691
483 549
484 544
485 689
485 531
486 661
487 638
488 564
488 532
488 603
489 544
489 659
490 646
490 549
490 561
491 579
491 653
491 495
493 641
493 539
494 550
495 579
495 495
496 577
497 514
497 673
498 649
499 520
499 513
499 623
500 684
500 650
500 653
500 598
501 651
502 650
502 586
502 598
502 672
505 563
505 612
505 672
505 638
506 533
506 544
506 599
507 507
508 660
508 549
508 611
509 543
509 553
510 527
510 664
511 694
511 588
511 646
512 609
513 600
513 582
513 636
513 663
514 606
514 553
515 524
515 583
516 649
516 647
517 521
517 631
518 628
518 641
518 576
519 519
519 578
520 597
521 655
521 631
521 640
521 674
521 627
522 587
522 678
523 573
523 676
523 529
523 658
524 524
524 530
525 596
525 654
525 584
526 655
526 526
526 693
528 551
529 529
529 666
530 651
531 657
532 693
533 611
533 663
535 644
535 559
535 576
536 622
536 671
537 640
537 679
537 538
538 638
538 617
539 650
540 648
540 629
541 686
541 672
542 611
543 697
544 601
546 668
547 649
547 583
548 595
548 694
550 621
550 605
551 610
551 572
552 604
552 696
554 673
555 682
556 574
556 604
557 609
557 664
559 628
560 588
560 571
560 567
561 652
562 585
562 624
562 601
563 579
565 565
566 677
566 680
566 595
568 660
568 607
569 693
569 632
569 603
570 570
570 693
571 588
571 686
572 617
573 630
575 667
575 588
576 666
581 630
581 592
582 660
583 632
584 651
584 654
584 662
586 684
587 683
588 641
589 589
590 590
591 607
592 631
593 593
594 674
595 660
595 689
598 650
598 667
599 660
599 625
599 699
600 600
601 697
602 624
604 682
604 687
609 613
611 663
613 613
613 638
614 659
616 643
618 621
618 699
619 659
620 694
623 688
623 630
624 653
627 665
628 644
630 688
630 666
634 663
636 663
637 645
637 692
640 679
641 694
642 698
644 674
644 697
644 666
645 692
645 646
646 646
648 681
650 700
654 657
655 655
656 669
658 658
659 659
659 682
660 675
660 677
665 675
665 665
668 668
669 691
677 683
691 691
695 698
