700 4308
1 632
1 280
1 275
1 649
1 173
1 236
1 631
1 553
1 580
1 328
1 144
1 469
1 124
2 55
2 501
2 179
2 334
2 467
2 42
2 245
2 146
2 331
2 647
2 177
3 502
3 637
3 87
3 90
3 339
3 316
3 45
3 640
3 69
3 170
3 278
3 418
3 548
4 384
4 104
4 18
4 288
4 389
4 620
4 11
4 675
4 132
4 281
4 267
4 22
4 248
4 461
5 396
5 152
5 428
5 661
5 54
5 5
5 407
5 75
5 689
5 410
5 65
6 510
6 699
6 404
6 642
6 271
6 288
6 619
6 132
6 98
6 423
6 11
6 18
6 569
6 237
7 265
7 19
7 39
7 542
7 537
7 655
7 122
7 205
7 9
7 302
7 417
7 441
7 322
8 464
8 166
8 499
8 489
8 427
8 202
8 685
8 110
8 294
8 187
8 526
8 56
9 429
9 39
9 375
9 541
9 19
9 638
9 205
9 573
9 538
9 529
9 433
9 372
9 357
10 258
10 21
10 337
10 612
10 123
10 228
10 336
10 596
10 392
10 567
10 402
10 454
10 89
10 224
10 636
11 132
11 288
11 399
11 248
11 271
11 237
11 104
11 131
11 675
11 203
11 619
11 118
12 349
12 257
12 142
12 343
12 330
12 12
12 297
12 141
12 500
12 536
12 457
12 514
13 516
13 269
13 362
13 630
13 325
13 664
13 86
13 102
13 253
13 257
13 447
13 114
13 694
14 431
14 25
14 361
14 382
14 26
14 96
14 277
14 350
14 66
14 40
14 273
14 172
14 329
15 20
15 532
15 251
15 483
15 239
15 700
15 188
15 31
15 115
15 75
15 668
15 97
16 342
16 138
16 396
16 364
16 78
16 590
16 183
16 230
16 554
16 254
16 408
16 293
16 297
16 567
17 145
17 235
17 400
17 97
17 668
17 446
17 251
17 181
17 31
17 646
17 20
17 160
17 315
17 188
17 700
17 483
18 625
18 132
18 389
18 271
18 675
18 642
18 126
18 369
18 118
19 658
19 71
19 122
19 537
19 573
19 221
19 375
19 333
19 541
19 372
20 150
20 148
20 31
20 528
20 181
20 668
20 483
20 61
20 239
20 115
21 402
21 660
21 260
21 392
21 347
21 636
21 89
21 336
21 205
21 431
21 337
21 224
21 482
21 584
22 698
22 31
22 132
22 389
22 267
22 104
22 620
22 118
22 510
22 619
22 237
22 512
23 358
23 207
23 285
23 344
23 46
23 23
23 545
23 628
23 223
23 409
23 158
23 185
24 653
24 601
24 93
24 312
24 474
24 644
24 696
24 38
24 136
24 457
24 165
24 570
24 103
24 250
24 252
25 218
25 228
25 589
25 277
25 151
25 329
25 26
25 289
25 226
25 666
25 172
25 598
26 158
26 393
26 273
26 151
26 666
26 382
26 329
26 383
26 421
26 180
26 96
27 364
27 475
27 306
27 670
27 40
27 384
27 27
27 543
27 246
27 309
27 378
28 372
28 45
28 341
28 387
28 487
28 418
28 69
28 278
28 548
28 439
28 422
29 130
29 643
29 29
29 212
29 363
29 121
29 574
29 608
29 271
29 51
30 394
30 603
30 384
30 449
30 40
30 309
30 234
30 558
30 414
30 656
30 629
30 249
30 635
31 145
31 532
31 589
31 181
31 446
31 668
31 557
31 97
31 483
32 661
32 410
32 413
32 450
32 407
32 476
32 82
32 152
32 215
32 145
32 681
32 448
32 65
32 75
32 622
32 127
32 517
33 283
33 639
33 625
33 201
33 153
33 296
33 613
33 680
33 161
33 310
33 425
33 313
33 335
33 548
34 333
34 49
34 373
34 634
34 292
34 521
34 591
34 169
34 34
34 464
34 697
35 266
35 547
35 586
35 633
35 353
35 599
35 549
35 597
35 295
35 519
35 578
35 453
35 105
35 656
36 457
36 261
36 159
36 107
36 381
36 240
36 383
36 128
36 611
36 103
36 423
36 683
37 438
37 369
37 431
37 454
37 260
37 241
37 482
37 224
37 164
37 519
37 612
37 123
38 385
38 644
38 523
38 301
38 601
38 103
38 588
38 93
38 62
38 696
38 570
38 338
38 604
38 635
39 354
39 655
39 658
39 122
39 375
39 433
39 205
39 591
39 562
39 322
40 394
40 543
40 546
40 291
40 384
40 558
40 234
40 184
40 194
40 249
40 378
40 212
41 53
41 346
41 295
41 193
41 602
41 374
41 244
41 353
41 453
41 657
41 687
41 582
41 105
41 260
41 285
42 226
42 566
42 167
42 320
42 61
42 468
42 456
42 174
42 227
42 317
42 334
43 670
43 543
43 414
43 546
43 291
43 249
43 306
43 378
43 635
43 348
43 417
43 519
44 281
44 500
44 513
44 131
44 461
44 233
44 84
44 654
44 222
44 161
44 430
44 560
44 356
44 492
45 278
45 424
45 548
45 99
45 134
45 316
45 69
45 167
45 339
45 637
46 405
46 409
46 552
46 83
46 158
46 344
46 477
46 284
46 254
46 460
46 207
46 491
47 394
47 670
47 291
47 603
47 384
47 249
47 306
47 414
47 309
47 502
47 486
48 129
48 521
48 503
48 494
48 333
48 292
48 464
48 169
48 459
48 542
48 227
48 373
48 634
49 521
49 292
49 169
49 116
49 189
49 263
49 49
49 183
49 459
49 591
49 227
49 488
49 634
50 134
50 278
50 341
50 667
50 548
50 176
50 316
50 87
50 339
50 378
50 90
50 480
50 487
51 286
51 643
51 303
51 522
51 352
51 495
51 585
51 690
51 105
51 574
51 498
51 497
52 662
52 678
52 296
52 680
52 379
52 632
52 672
52 625
52 243
52 516
52 313
52 335
52 673
52 675
53 549
53 687
53 73
53 353
53 53
53 244
53 484
53 311
53 193
53 578
53 586
53 597
53 346
53 374
54 152
54 669
54 321
54 413
54 195
54 407
54 458
54 82
54 485
54 448
54 450
54 476
54 651
55 445
55 154
55 550
55 304
55 213
55 561
55 163
55 618
55 682
55 77
56 641
56 526
56 679
56 326
56 579
56 202
56 472
56 538
56 122
56 489
57 655
57 537
57 417
57 433
57 71
57 57
57 322
57 638
57 659
57 221
58 674
58 307
58 440
58 225
58 436
58 592
58 434
58 699
58 442
58 336
58 204
59 140
59 281
59 287
59 438
59 594
59 616
59 676
59 607
59 135
59 347
59 199
59 335
59 452
60 388
60 285
60 673
60 299
60 501
60 409
60 83
60 284
60 426
60 224
60 460
60 214
61 314
61 146
61 149
61 332
61 167
61 519
61 320
61 187
62 515
62 406
62 186
62 507
62 279
62 191
62 137
62 508
62 638
62 615
62 541
62 159
63 154
63 540
63 682
63 694
63 677
63 511
63 605
63 618
63 63
64 139
64 398
64 182
64 190
64 209
64 94
64 64
64 563
64 164
65 661
65 669
65 127
65 448
65 410
65 428
65 321
65 280
65 458
65 75
66 682
66 393
66 666
66 421
66 530
66 329
66 274
66 172
66 293
67 679
67 566
67 451
67 319
67 67
67 538
67 85
67 326
67 410
67 81
68 173
68 553
68 275
68 211
68 631
68 469
68 649
68 124
68 100
68 653
69 134
69 278
69 422
69 90
69 69
69 543
69 487
69 127
70 135
70 602
70 651
70 302
70 455
70 627
70 223
70 513
70 222
70 584
70 327
70 461
70 351
70 492
71 529
71 658
71 537
71 429
71 441
71 655
71 433
71 270
71 221
71 372
72 395
72 173
72 580
72 324
72 419
72 314
72 100
72 357
72 242
72 371
72 211
72 631
73 390
73 266
73 687
73 453
73 599
73 353
73 374
73 295
73 189
73 602
73 105
73 383
74 154
74 163
74 677
74 213
74 290
74 540
74 286
74 605
74 444
74 670
74 77
75 410
75 622
75 219
75 195
75 321
75 681
75 658
75 82
76 449
76 439
76 345
76 583
76 600
76 208
76 539
76 577
76 659
76 202
76 621
76 496
77 286
77 290
77 304
77 618
77 605
77 493
77 677
77 434
77 109
78 257
78 141
78 268
78 408
78 305
78 567
78 330
78 142
78 444
78 481
78 654
79 406
79 665
79 412
79 137
79 246
79 508
79 587
79 192
79 404
79 647
79 624
80 247
80 264
80 659
80 471
80 345
80 583
80 577
80 365
80 359
80 478
80 220
81 641
81 427
81 171
81 319
81 81
81 451
81 202
81 633
82 657
82 681
82 195
82 82
82 448
82 579
83 284
83 285
83 185
83 628
83 491
83 545
83 256
83 227
83 501
83 149
84 400
84 651
84 302
84 210
84 108
84 131
84 627
84 226
84 347
84 351
84 233
85 526
85 294
85 685
85 202
85 166
85 168
85 579
85 326
85 229
85 489
86 656
86 688
86 463
86 354
86 323
86 516
86 86
86 247
87 387
87 134
87 667
87 176
87 584
87 90
87 640
87 198
87 487
87 289
88 540
88 550
88 304
88 694
88 444
88 682
88 163
88 370
88 605
88 91
89 397
89 431
89 454
89 336
89 258
89 228
89 612
89 286
89 677
90 487
90 341
90 339
90 640
90 278
90 592
91 224
91 517
91 648
91 593
91 298
91 157
91 617
91 270
91 321
91 125
92 414
92 634
92 643
92 690
92 574
92 303
92 121
92 608
92 663
92 623
92 382
93 644
93 301
93 197
93 588
93 601
93 265
93 653
93 425
93 284
93 270
94 518
94 139
94 534
94 308
94 190
94 216
94 217
94 531
94 467
95 518
95 650
95 563
95 182
95 318
95 216
95 255
95 531
95 139
95 236
95 277
96 393
96 274
96 530
96 289
96 172
96 415
96 623
96 122
96 361
97 400
97 188
97 97
97 145
97 446
97 308
97 235
98 642
98 389
98 399
98 619
98 109
98 98
98 203
98 625
98 620
99 548
99 422
99 176
99 584
99 339
99 637
99 418
99 341
99 565
100 235
100 649
100 395
100 144
100 419
100 469
100 478
100 452
100 357
100 242
100 177
101 276
101 695
101 318
101 209
101 398
101 568
101 216
101 650
101 190
101 655
101 472
102 516
102 647
102 656
102 280
102 323
102 187
102 114
102 102
102 316
103 265
103 250
103 338
103 165
103 604
103 136
103 312
103 143
103 510
104 454
104 569
104 104
104 619
104 512
104 633
104 109
104 248
105 588
105 295
105 346
105 602
105 687
105 599
105 274
105 633
106 406
106 665
106 686
106 198
106 587
106 615
106 117
106 508
106 247
106 574
107 475
107 416
107 683
107 556
107 432
107 206
107 240
107 107
107 119
108 239
108 131
108 302
108 455
108 492
108 513
108 651
108 560
108 240
109 132
109 203
109 642
109 389
109 109
109 399
109 512
110 641
110 679
110 168
110 166
110 566
110 451
110 489
110 579
110 687
111 674
111 307
111 592
111 360
111 225
111 310
111 442
111 311
111 111
112 343
112 130
112 495
112 585
112 261
112 121
112 462
112 690
112 363
112 673
113 133
113 420
113 600
113 496
113 113
113 359
113 583
113 143
113 136
114 647
114 664
114 187
114 358
114 447
114 688
114 323
114 571
114 166
114 171
115 494
115 691
115 148
115 668
115 446
115 528
115 483
115 582
116 646
116 521
116 292
116 692
116 445
116 591
116 459
116 189
116 597
116 503
116 634
117 434
117 515
117 262
117 137
117 686
117 691
117 192
117 624
117 329
117 530
118 248
118 126
118 512
118 399
118 132
118 267
118 359
119 559
119 626
119 206
119 611
119 381
119 383
119 416
119 240
119 247
120 201
120 163
120 152
120 532
120 519
120 520
120 146
120 174
120 179
120 456
121 652
121 303
121 574
121 363
121 462
121 690
121 594
122 529
122 542
122 417
122 429
122 205
122 537
122 435
122 422
122 641
123 164
123 482
123 260
123 636
123 660
123 612
123 431
123 698
124 300
124 395
124 173
124 211
124 314
124 580
124 631
124 298
125 514
125 517
125 648
125 270
125 155
125 157
125 473
125 355
125 152
125 326
126 642
126 132
126 203
126 620
126 248
126 267
126 237
126 532
127 255
127 164
127 448
127 450
127 622
127 458
127 152
128 259
128 401
128 437
128 383
128 556
128 544
128 611
128 416
128 342
129 575
129 287
129 607
129 281
129 671
129 150
129 479
129 485
129 376
129 135
129 524
129 403
129 698
129 662
129 256
129 144
130 339
130 576
130 363
130 495
130 585
130 663
130 652
130 168
130 643
130 261
130 212
130 368
131 131
131 226
131 210
131 560
131 654
131 163
131 461
131 222
131 610
131 356
132 248
132 203
132 619
132 399
132 191
132 271
133 628
133 659
133 621
133 345
133 565
133 439
133 583
133 452
133 447
133 143
133 420
133 208
133 471
133 220
133 359
133 500
134 387
134 637
134 640
134 134
134 418
134 302
134 278
134 422
134 424
134 339
135 135
135 479
135 199
135 607
135 676
135 150
135 671
135 140
135 525
135 342
135 271
136 644
136 136
136 165
136 588
136 510
136 570
136 385
136 653
136 259
136 301
137 515
137 508
137 198
137 404
137 665
137 262
137 186
137 507
137 150
137 279
137 691
137 192
137 587
137 615
137 624
138 141
138 614
138 408
138 457
138 230
138 590
138 364
138 183
138 271
138 268
138 536
138 143
139 367
139 650
139 139
139 182
139 318
139 518
139 519
139 398
139 539
140 403
140 150
140 479
140 607
140 525
140 698
140 527
140 469
140 616
141 257
141 536
141 268
141 396
141 293
141 364
141 183
141 630
141 142
141 330
142 257
142 396
142 293
142 614
142 268
142 554
142 218
142 457
142 259
142 408
142 297
142 330
142 216
143 558
143 659
143 359
143 345
143 264
143 621
143 220
143 420
143 565
143 439
143 600
144 145
144 611
144 395
144 173
144 162
144 490
144 236
144 580
144 324
144 478
144 242
145 145
145 557
145 700
145 483
145 400
145 532
145 175
145 446
146 331
146 467
146 684
146 184
146 146
146 630
146 170
146 332
147 213
147 550
147 163
147 540
147 605
147 561
147 682
147 290
147 154
147 388
147 694
148 387
148 188
148 528
148 181
148 400
148 532
148 483
148 216
148 668
148 446
148 235
149 605
149 456
149 684
149 317
149 320
149 179
149 170
149 519
149 167
149 177
149 184
149 331
149 334
150 527
150 525
150 594
150 287
150 575
150 607
150 676
150 199
150 376
151 696
151 274
151 530
151 329
151 178
151 666
151 273
151 219
151 415
151 421
151 180
152 661
152 407
152 476
152 428
152 152
152 448
152 410
152 302
152 393
153 662
153 613
153 625
153 595
153 335
153 201
153 678
153 632
153 161
153 503
153 282
153 411
153 283
153 379
153 215
153 175
154 561
154 493
154 618
154 550
154 304
154 608
154 540
154 677
154 694
155 270
155 535
155 466
155 648
155 697
155 593
155 617
155 509
155 669
155 157
155 551
156 385
156 165
156 588
156 570
156 338
156 644
156 523
156 250
156 312
156 587
156 197
156 269
156 637
157 613
157 514
157 517
157 648
157 298
157 377
157 697
157 374
157 551
157 617
158 474
158 562
158 409
158 405
158 214
158 426
158 545
158 491
158 552
158 299
158 505
159 575
159 386
159 611
159 381
159 555
159 544
159 437
159 683
159 206
159 240
160 590
160 668
160 239
160 160
160 589
160 700
160 181
160 415
160 557
160 188
161 201
161 613
161 379
161 672
161 689
161 678
161 243
161 263
161 296
161 313
161 639
162 187
162 395
162 275
162 314
162 481
162 490
162 419
162 236
162 609
162 173
162 580
162 324
162 469
162 478
162 357
163 540
163 286
163 605
163 304
163 618
163 572
163 213
163 677
163 682
163 493
163 533
164 367
164 402
164 660
164 636
164 258
164 228
164 337
164 596
164 347
164 446
165 604
165 653
165 385
165 510
165 696
165 588
165 288
165 601
166 641
166 526
166 294
166 168
166 427
166 171
166 685
166 451
166 499
167 167
167 184
167 468
167 456
167 174
167 359
167 177
167 179
167 245
168 229
168 294
168 679
168 526
168 326
168 202
168 246
169 292
169 692
169 488
169 373
169 333
169 591
169 646
169 601
169 328
169 464
170 520
170 519
170 581
170 456
170 331
170 320
170 436
170 684
170 174
170 177
170 317
170 468
170 245
171 294
171 427
171 579
171 472
171 489
171 319
171 641
171 685
171 326
172 415
172 289
172 361
172 274
172 393
172 178
172 609
172 616
173 275
173 314
173 631
173 179
174 495
174 456
174 332
174 177
174 467
174 571
174 317
174 581
175 528
175 532
175 557
175 315
175 668
175 175
175 446
175 483
176 568
176 365
176 278
176 548
176 341
176 667
176 424
176 400
176 584
176 203
177 520
177 581
177 331
177 332
177 317
177 320
177 334
178 277
178 415
178 289
178 421
178 623
178 350
178 382
178 402
178 598
179 520
179 179
179 467
179 354
179 317
180 520
180 530
180 274
180 415
180 421
180 666
180 350
180 594
180 609
181 428
181 528
181 400
181 532
181 557
181 315
181 235
181 239
181 251
182 650
182 398
182 276
182 534
182 563
182 367
182 592
182 695
182 568
182 318
182 209
183 364
183 567
183 408
183 614
183 343
183 305
183 651
183 330
183 391
183 583
184 471
184 519
184 684
184 245
184 334
184 631
185 639
185 405
185 673
185 552
185 388
185 545
185 501
185 693
185 460
185 628
186 515
186 691
186 404
186 508
186 246
186 507
186 186
186 615
186 424
187 280
187 443
187 325
187 269
187 362
187 606
187 516
187 656
187 323
187 348
187 358
188 528
188 668
188 315
188 239
188 395
188 446
188 589
189 263
189 494
189 373
189 646
189 445
189 464
189 292
189 591
189 321
189 459
189 333
189 624
190 231
190 531
190 695
190 318
190 190
190 502
190 360
190 196
190 216
191 262
191 404
191 198
191 691
191 246
191 686
191 508
191 587
191 459
191 615
192 406
192 665
192 686
192 615
192 198
192 246
192 192
192 473
193 390
193 295
193 549
193 484
193 582
193 346
193 353
193 235
193 586
194 546
194 558
194 414
194 306
194 629
194 378
194 670
194 603
194 699
194 486
194 635
195 410
195 681
195 428
195 407
195 195
195 661
195 530
195 219
196 601
196 650
196 398
196 531
196 209
196 217
196 518
196 318
196 470
196 216
196 544
197 265
197 523
197 696
197 338
197 604
197 510
197 644
197 664
197 250
197 249
197 294
198 515
198 262
198 279
198 412
198 247
198 664
198 615
199 525
199 403
199 281
199 671
199 693
199 698
199 326
199 479
199 485
200 645
200 391
200 436
200 360
200 200
200 307
200 204
200 592
200 388
200 340
200 416
201 672
201 680
201 425
201 201
201 632
201 469
202 641
202 679
202 427
202 451
202 579
202 365
203 315
203 642
203 267
203 203
203 512
204 307
204 311
204 442
204 440
204 371
204 225
204 436
204 671
204 231
204 360
204 299
205 433
205 638
205 221
205 658
205 279
205 423
206 657
206 386
206 423
206 556
206 432
206 401
206 416
206 626
206 222
206 366
206 383
207 405
207 284
207 552
207 214
207 207
207 299
207 649
207 491
208 621
208 452
208 500
208 471
208 300
208 264
208 600
208 404
209 276
209 695
209 255
209 318
209 534
209 518
209 459
209 216
209 217
210 430
210 560
210 223
210 210
210 327
210 351
210 360
211 314
211 324
211 275
211 649
211 236
211 631
211 297
212 644
212 652
212 261
212 303
212 498
212 462
212 522
212 352
213 392
213 550
213 572
213 561
213 677
213 353
213 618
213 493
213 264
213 219
214 409
214 284
214 299
214 477
214 405
214 285
214 583
215 292
215 657
215 410
215 669
215 407
215 622
215 681
215 450
216 650
216 398
216 255
216 308
216 217
216 502
217 531
217 534
217 563
217 308
217 398
217 692
217 367
217 502
217 606
218 293
218 554
218 305
218 567
218 457
218 330
218 536
218 268
218 230
218 599
218 319
219 657
219 661
219 407
219 413
219 450
219 410
219 458
220 279
220 426
220 577
220 452
220 471
220 365
220 625
220 621
221 312
221 433
221 375
221 658
221 221
222 484
222 658
222 654
222 302
222 327
222 695
223 651
223 430
223 564
223 455
223 560
223 610
223 315
223 351
224 258
224 260
224 392
224 454
224 241
224 660
224 228
224 238
225 397
225 434
225 699
225 674
225 254
225 506
225 440
225 689
225 231
226 560
226 455
226 327
226 233
226 513
226 226
226 492
227 445
227 459
227 488
227 503
227 464
227 229
227 504
227 448
227 494
227 373
228 336
228 402
228 369
228 258
228 431
228 612
228 241
228 496
229 263
229 445
229 328
229 591
229 521
229 333
229 692
229 373
229 494
230 297
230 305
230 590
230 536
230 330
230 364
230 429
230 482
231 645
231 391
231 436
231 310
231 360
231 254
231 311
231 371
232 516
232 647
232 656
232 664
232 280
232 688
232 323
232 463
232 348
232 358
233 513
233 430
233 564
233 455
233 233
233 305
234 394
234 546
234 291
234 558
234 306
234 486
234 543
234 430
234 388
235 622
235 400
235 315
235 528
236 413
236 649
236 481
236 490
236 362
236 242
237 675
237 569
237 620
237 619
237 237
237 338
238 266
238 258
238 260
238 392
238 660
238 482
238 612
238 454
238 527
238 241
238 636
239 633
239 325
239 528
239 557
239 648
240 423
240 555
240 437
240 368
240 544
240 611
240 554
241 258
241 392
241 347
241 336
241 612
241 638
242 580
242 419
242 314
242 469
242 357
242 296
243 411
243 283
243 595
243 335
243 243
243 613
243 288
243 379
244 547
244 295
244 687
244 578
244 453
244 599
244 346
244 602
244 633
244 492
245 520
245 684
245 581
245 456
245 334
245 296
246 262
246 279
246 412
246 691
246 624
247 307
247 262
247 279
247 412
247 624
247 508
247 267
248 569
248 288
248 675
248 521
249 414
249 546
249 629
249 378
249 309
250 523
250 696
250 301
250 588
250 474
250 679
251 528
251 532
251 668
251 557
251 446
251 589
251 383
252 514
252 648
252 270
252 298
252 505
252 470
252 435
252 355
252 509
253 647
253 443
253 447
253 463
253 348
253 688
253 354
253 362
253 318
254 397
254 674
254 434
254 436
254 310
254 699
254 442
254 371
254 618
254 409
255 518
255 531
255 534
255 308
255 695
255 318
255 649
256 521
256 388
256 409
256 285
256 552
256 477
256 628
256 405
257 257
257 305
257 554
257 536
257 440
257 268
257 293
257 457
257 590
257 620
258 260
258 392
258 660
258 337
258 336
258 319
258 454
258 347
258 369
258 470
259 668
259 683
259 432
259 611
259 386
259 259
259 416
259 437
259 383
260 687
260 454
260 392
260 402
260 369
260 336
260 482
260 420
261 576
261 690
261 571
261 585
261 652
261 522
261 363
261 272
262 515
262 665
262 587
262 404
262 468
262 279
263 292
263 494
263 503
263 692
263 521
263 333
263 644
263 504
263 522
264 621
264 345
264 452
264 577
264 565
264 439
264 583
264 496
264 659
264 539
264 300
265 510
265 570
265 653
265 380
265 474
265 265
265 588
265 338
266 311
266 390
266 266
266 353
266 295
266 578
266 602
266 652
267 287
267 592
267 486
267 288
267 267
267 271
267 620
268 408
268 614
268 343
268 396
268 575
268 297
268 305
268 330
269 647
269 516
269 606
269 323
269 630
269 354
269 688
269 280
269 656
270 648
270 435
270 551
270 617
270 514
270 535
271 619
271 399
271 569
271 421
272 652
272 522
272 363
272 571
272 576
272 498
272 462
272 585
272 353
272 663
272 352
272 627
273 273
273 421
273 609
273 277
273 382
273 289
273 328
273 598
274 629
274 456
274 393
274 350
274 421
274 609
274 577
274 415
274 329
274 382
275 352
275 631
275 314
275 395
275 275
275 421
275 419
275 478
276 650
276 534
276 518
276 318
276 398
276 276
276 563
276 308
276 367
276 410
276 324
277 674
277 623
277 415
277 609
277 361
277 350
277 382
278 422
278 316
278 584
278 672
278 667
278 424
278 341
278 480
278 640
279 406
279 404
279 686
279 508
279 480
280 348
280 443
280 323
280 362
280 447
281 527
281 287
281 342
281 693
281 281
281 671
281 676
281 575
281 485
281 351
282 662
282 595
282 335
282 678
282 632
282 411
282 283
282 425
282 400
282 672
282 535
283 662
283 632
283 680
283 313
283 283
283 499
283 296
283 425
283 625
283 394
284 614
284 426
284 344
284 477
284 673
284 388
284 285
284 460
285 680
285 388
285 477
285 501
285 299
285 628
286 290
286 511
286 444
286 682
286 493
286 694
287 527
287 607
287 342
287 525
287 594
287 671
287 438
287 698
287 616
287 376
287 331
288 608
288 389
288 399
288 694
288 620
289 591
289 666
289 361
289 415
289 382
290 694
290 511
290 618
290 540
290 572
290 493
290 393
290 550
290 561
290 444
290 370
291 543
291 378
291 449
291 558
291 291
291 309
291 475
291 384
291 460
292 411
292 488
292 292
292 504
292 692
292 328
292 464
292 634
293 396
293 567
293 554
293 364
293 314
294 577
294 538
294 579
294 326
294 499
295 633
295 484
295 599
295 453
295 653
295 586
296 662
296 411
296 613
296 379
296 639
296 325
296 313
297 408
297 364
297 396
297 614
297 380
297 457
297 590
297 537
298 648
298 535
298 470
298 466
298 355
298 435
298 451
299 689
299 405
299 344
299 409
299 628
299 666
300 420
300 500
300 577
300 565
300 600
300 659
300 439
300 496
300 365
301 644
301 474
301 312
301 601
301 653
301 301
301 588
301 380
301 669
302 513
302 651
302 461
302 560
302 351
302 610
302 356
303 522
303 608
303 652
303 495
303 571
303 303
303 595
303 574
304 503
304 677
304 682
304 511
304 370
304 318
304 444
305 396
305 554
305 343
305 590
305 472
306 672
306 394
306 670
306 378
306 449
306 503
306 309
306 475
306 629
307 645
307 397
307 310
307 674
307 371
307 440
307 436
307 699
307 442
307 340
308 518
308 563
308 318
308 531
308 398
308 675
308 370
308 679
309 394
309 414
309 558
309 475
309 374
309 635
310 645
310 391
310 434
310 465
310 340
310 540
310 311
310 592
310 642
311 465
311 311
311 699
311 645
311 391
311 442
311 440
311 371
312 523
312 604
312 380
312 312
312 601
312 474
312 574
313 313
313 335
313 595
313 323
313 349
314 395
314 357
314 314
315 557
315 315
315 700
315 589
316 488
316 387
316 418
316 316
316 487
317 685
317 519
317 684
317 327
317 581
317 331
317 467
318 518
318 695
318 568
318 559
318 502
319 458
319 566
319 319
319 538
319 685
320 443
320 468
320 456
320 684
320 409
320 467
321 380
321 661
321 407
321 413
321 681
321 428
321 450
321 632
321 622
321 437
322 562
322 441
322 417
322 429
322 542
322 537
322 559
322 372
323 516
323 647
323 443
323 559
323 358
324 665
324 433
324 419
324 481
324 631
325 516
325 630
325 443
325 325
325 447
325 348
326 499
326 326
327 512
327 513
327 651
327 654
327 627
327 461
327 500
327 610
328 646
328 692
328 445
328 521
328 333
328 494
328 383
328 464
328 634
328 336
329 393
329 415
329 452
329 350
329 623
330 396
330 567
330 623
330 590
331 581
331 520
331 456
331 332
331 334
331 623
332 519
332 520
332 684
332 334
332 414
332 467
333 646
333 521
333 503
333 375
333 494
334 405
334 581
334 422
335 672
335 425
335 689
335 639
335 595
335 349
336 392
336 660
336 431
336 337
336 636
336 377
337 454
337 369
337 431
337 402
337 349
337 482
338 385
338 696
338 570
338 380
338 474
338 573
338 510
338 374
339 548
339 637
339 387
339 667
339 341
339 480
339 487
340 397
340 699
340 674
340 391
340 442
340 371
340 464
340 360
341 387
341 424
341 584
341 418
341 634
342 693
342 438
342 479
342 698
342 524
342 376
343 396
343 567
343 554
343 536
343 614
343 427
344 409
344 460
344 426
344 545
344 628
344 377
344 501
345 420
345 439
345 452
345 583
345 680
345 496
346 390
346 578
346 599
346 549
346 352
346 602
346 572
347 348
347 402
347 596
347 454
347 564
348 664
348 630
348 606
348 362
349 672
349 595
349 639
349 625
349 411
349 425
349 613
349 632
349 379
350 393
350 598
350 361
350 515
351 651
351 564
351 455
351 627
351 610
351 356
351 492
352 522
352 663
352 576
352 585
352 571
353 549
353 582
353 586
353 597
353 599
354 695
354 443
354 463
354 606
354 516
354 688
354 664
355 514
355 517
355 535
355 551
355 697
355 466
355 473
355 660
356 513
356 356
356 430
356 560
356 360
356 492
357 553
357 481
357 580
357 649
357 469
357 490
358 688
358 463
358 606
358 358
358 664
359 577
359 471
359 600
359 500
359 420
359 359
360 436
360 442
360 506
360 397
360 696
360 371
360 546
361 530
361 666
361 393
361 667
362 656
362 664
362 606
362 630
362 647
362 365
363 522
363 363
363 608
363 482
364 536
364 567
365 539
365 420
365 439
365 471
365 659
365 496
366 416
366 366
366 683
366 555
366 432
366 368
366 611
366 373
367 518
367 650
367 531
367 563
367 568
367 502
368 423
368 556
368 555
368 432
368 401
368 381
368 416
368 626
368 430
369 660
369 431
369 612
369 392
369 437
370 694
370 493
370 605
370 682
370 572
370 540
370 432
371 645
371 699
371 700
372 562
372 658
372 529
372 375
372 541
373 521
373 488
373 504
373 525
374 547
374 549
374 582
374 597
374 602
375 541
375 542
375 429
375 569
376 525
376 524
376 594
376 575
376 671
376 381
376 636
377 514
377 517
377 470
377 509
377 497
377 377
378 543
378 603
378 453
378 655
379 411
379 678
379 672
379 422
380 644
380 653
380 474
380 570
381 386
381 401
381 416
381 683
381 555
382 393
382 530
383 559
383 626
384 414
384 558
384 449
384 603
385 570
385 523
385 601
385 644
385 696
385 653
385 595
386 544
386 611
386 626
386 556
386 559
386 423
386 497
386 416
387 548
387 584
387 640
387 422
387 418
387 667
387 424
387 480
387 637
388 645
388 506
388 409
388 491
388 545
388 552
388 426
388 460
388 501
389 642
389 620
389 619
389 569
389 675
389 432
389 513
390 586
390 599
390 549
390 484
390 390
390 547
390 687
390 561
391 645
391 699
391 465
391 434
391 506
391 674
391 397
391 440
391 499
392 402
392 660
392 596
392 454
393 623
393 530
393 666
393 598
394 629
394 670
394 475
394 543
394 546
395 631
395 580
395 595
395 553
395 469
395 490
396 408
396 554
396 536
396 590
396 457
397 645
397 397
397 436
397 674
397 434
397 699
397 592
397 506
398 518
398 650
398 502
398 695
398 508
398 534
398 568
399 524
399 686
399 620
399 399
399 698
399 675
399 569
399 619
400 578
400 528
400 589
400 700
401 646
401 423
401 556
401 437
401 544
401 626
401 683
401 674
402 402
402 431
402 420
402 454
403 525
403 524
403 527
403 575
403 403
403 418
403 671
403 479
403 688
404 406
404 412
404 587
404 507
404 665
405 409
405 405
405 628
405 477
405 673
405 545
405 552
406 515
406 412
406 665
406 645
407 428
407 669
407 622
407 410
407 448
407 623
407 413
408 567
408 614
408 429
408 554
408 457
409 477
409 545
409 673
409 460
410 657
410 458
410 413
411 625
411 595
411 689
411 632
411 672
411 678
411 425
411 442
412 412
412 686
412 571
413 681
413 476
413 661
413 428
413 669
413 450
413 498
414 670
414 546
414 629
414 486
414 603
414 449
414 475
415 598
415 623
415 562
416 556
416 432
416 555
416 544
416 423
416 683
416 466
417 529
417 541
417 542
417 417
417 658
418 439
418 667
418 548
418 471
419 515
419 478
419 490
419 469
419 481
419 419
419 553
420 539
420 565
420 577
421 666
421 530
421 609
422 424
422 480
423 432
423 544
423 683
423 626
423 551
424 548
424 424
424 584
424 487
425 662
425 678
425 595
425 625
425 586
425 689
425 632
426 545
426 460
426 491
426 426
426 501
427 559
427 526
427 489
427 566
427 579
427 472
428 657
428 669
428 450
429 655
429 541
429 638
429 598
430 654
430 513
430 492
430 627
430 564
430 455
431 660
431 431
431 454
431 612
432 544
432 556
432 683
432 555
433 542
433 638
433 441
433 537
433 562
433 573
434 645
434 442
434 434
434 592
435 517
435 533
435 535
435 435
435 509
435 543
435 697
436 674
436 592
436 506
436 698
436 465
436 489
437 544
437 555
437 559
437 611
438 676
438 594
438 693
438 524
438 698
438 527
438 479
439 439
439 621
439 496
440 645
440 674
440 440
440 675
440 465
441 529
441 537
441 562
441 655
441 573
441 638
441 672
442 674
442 699
443 547
443 447
443 630
443 647
444 677
444 561
444 694
444 618
444 547
444 493
445 646
445 521
445 488
445 503
445 634
445 692
445 591
446 528
446 557
447 688
447 630
447 664
447 647
447 606
447 677
448 661
448 681
448 448
449 670
449 475
449 546
449 603
449 609
450 650
450 681
450 475
451 538
451 579
451 451
451 695
452 529
452 565
452 471
452 577
452 600
452 500
453 578
453 582
453 549
453 597
453 491
453 633
454 596
454 482
454 612
455 651
455 564
455 513
455 508
455 610
456 468
456 519
457 567
458 661
458 669
458 681
458 657
458 458
459 692
459 488
459 504
459 459
459 495
459 591
459 464
460 673
460 491
460 477
461 513
461 654
461 627
461 564
462 670
462 643
462 585
462 498
462 495
462 690
462 571
462 462
462 608
463 647
463 656
463 630
463 688
463 540
463 511
464 494
464 503
465 645
465 465
465 674
465 566
465 506
466 533
466 535
466 697
466 497
466 514
466 470
467 520
467 551
467 468
468 519
468 684
468 477
469 580
469 481
469 478
469 490
470 648
470 697
470 533
470 535
470 473
470 505
471 539
471 565
471 583
471 600
472 594
472 619
472 685
472 566
472 538
473 667
473 514
473 535
473 497
473 533
473 551
473 505
474 653
474 474
474 588
475 546
475 670
475 603
475 635
476 660
476 552
476 661
476 669
476 476
476 490
477 673
477 593
478 587
478 553
478 575
479 527
479 479
480 667
480 584
480 548
480 637
481 649
481 580
481 490
482 660
482 636
482 612
483 700
483 528
483 616
484 687
484 578
484 586
484 484
485 527
485 671
485 676
485 698
485 575
485 524
485 657
485 570
486 603
486 543
486 486
486 558
486 635
487 667
487 683
487 585
488 646
488 504
488 615
489 647
489 526
489 679
490 490
491 603
491 546
492 564
492 513
493 572
493 545
493 511
494 646
495 522
495 663
495 690
495 608
495 498
496 536
496 659
496 580
497 525
497 514
497 535
497 593
497 505
497 697
498 643
498 690
498 585
498 522
499 538
499 679
499 685
499 526
500 577
500 565
500 600
500 579
501 545
501 552
502 567
502 568
502 509
502 538
503 504
504 646
504 692
504 573
505 514
505 517
505 697
505 648
505 535
505 551
506 678
506 506
507 692
507 515
507 665
507 686
507 691
507 527
508 515
508 587
509 556
509 517
509 533
509 535
509 593
509 617
510 588
510 510
511 540
511 605
511 618
511 694
512 616
512 642
512 512
512 581
513 550
513 610
513 627
513 651
514 551
515 624
515 686
516 630
516 606
516 516
516 656
516 688
517 697
517 648
517 593
517 617
518 531
518 563
518 544
518 568
519 581
519 520
520 520
520 684
521 527
521 692
521 634
522 608
522 574
522 643
523 644
523 570
523 653
523 696
523 609
524 525
524 607
524 524
524 693
524 527
524 671
524 554
525 693
525 607
525 671
525 528
526 693
526 579
526 685
526 626
526 538
526 566
527 693
527 698
527 607
527 594
527 540
528 668
528 700
528 589
529 658
529 638
529 541
529 537
530 530
530 666
530 598
531 650
531 568
531 695
531 580
532 532
533 653
533 640
533 535
533 617
533 697
533 593
534 650
534 568
534 563
534 595
536 536
536 554
536 567
536 683
537 658
537 542
537 562
538 641
538 579
538 538
538 679
538 685
539 659
539 539
539 577
539 583
539 600
540 572
540 677
540 617
541 562
541 542
541 655
541 658
542 638
542 542
542 562
542 576
543 635
543 670
543 629
543 652
544 563
544 559
544 611
544 556
544 626
545 673
545 577
546 635
546 558
547 597
547 599
547 582
547 633
547 578
548 640
549 582
549 687
549 599
549 602
549 636
549 633
550 550
550 561
550 694
550 572
551 593
551 617
551 551
551 697
552 586
552 573
552 673
553 580
553 553
553 649
553 669
554 614
554 582
555 612
555 556
555 683
555 588
555 626
556 556
556 611
557 668
557 577
558 603
559 559
560 651
560 560
560 564
560 692
561 677
561 572
561 561
562 573
563 568
563 695
564 654
564 610
564 605
564 598
565 659
565 565
565 577
566 566
567 590
568 695
569 675
569 592
570 653
570 604
571 661
571 643
571 652
571 663
571 649
571 585
572 682
572 605
572 659
573 655
573 658
574 663
574 643
575 676
575 693
575 575
575 671
576 690
576 576
576 652
576 663
576 585
577 583
578 633
579 685
581 684
582 687
582 602
583 621
583 583
584 640
584 637
585 626
586 633
587 691
587 686
587 615
588 604
589 668
589 589
590 614
591 646
592 674
592 699
593 617
593 593
594 616
594 607
594 693
595 689
595 613
595 700
596 660
596 612
596 636
596 596
597 687
597 599
597 597
598 609
599 602
600 659
600 649
601 644
601 696
601 604
601 681
602 643
603 670
604 644
604 653
604 648
605 682
605 621
606 647
606 606
608 643
608 663
610 654
610 699
611 611
613 672
613 680
613 625
613 639
615 691
616 676
616 698
616 616
616 671
617 648
621 659
622 671
622 681
622 657
624 691
624 624
625 662
627 651
627 654
628 673
629 670
629 629
629 635
630 688
631 631
632 689
632 639
634 646
637 667
639 672
639 689
640 667
641 641
641 679
642 700
642 642
642 675
643 652
644 653
646 692
647 688
647 664
647 656
649 649
651 654
652 663
652 690
655 658
655 655
657 681
657 669
658 658
661 669
662 672
662 678
662 680
663 663
663 690
664 688
664 664
665 691
665 686
667 667
670 670
672 678
674 699
676 698
676 676
677 682
678 689
679 684
680 689
680 680
682 682
682 694
686 691
690 690
690 692
693 693
