700 6224
1 641
1 129
1 233
1 369
1 250
1 199
1 217
1 344
1 424
1 298
1 410
1 125
1 140
1 159
1 662
1 520
1 150
1 175
1 73
1 488
1 643
2 527
2 336
2 2
2 351
2 546
2 415
2 132
2 315
2 82
2 109
2 59
2 674
2 627
2 8
2 548
2 549
2 686
2 183
2 81
2 104
3 692
3 506
3 67
3 616
3 98
3 672
3 51
3 601
3 434
3 471
3 3
3 70
3 281
3 592
3 277
3 537
3 420
3 552
3 303
3 432
3 343
3 665
4 329
4 468
4 164
4 621
4 615
4 204
4 328
4 227
4 575
4 597
4 322
4 167
4 423
4 646
4 225
4 12
4 525
4 45
4 304
4 54
5 700
5 209
5 190
5 39
5 139
5 422
5 356
5 37
5 643
5 346
5 476
5 245
5 545
5 184
5 62
5 26
5 308
5 310
5 75
6 260
6 114
6 47
6 507
6 458
6 350
6 598
6 562
6 141
6 508
6 6
6 364
6 494
6 546
6 657
6 282
6 154
6 69
6 238
6 498
7 442
7 386
7 201
7 536
7 655
7 653
7 219
7 509
7 540
7 17
7 517
7 123
7 524
7 93
7 307
7 648
7 272
7 287
7 435
7 345
7 120
7 512
8 53
8 643
8 190
8 184
8 139
8 700
8 459
8 8
8 26
8 311
8 482
8 356
8 37
8 396
8 541
8 545
8 308
8 310
8 245
9 388
9 647
9 635
9 48
9 534
9 379
9 661
9 645
9 516
9 381
9 400
9 522
9 158
9 9
9 279
9 502
9 250
10 83
10 513
10 115
10 586
10 589
10 501
10 538
10 572
10 307
10 61
10 662
10 404
10 56
10 584
10 628
10 271
10 691
10 22
11 258
11 428
11 610
11 288
11 317
11 92
11 438
11 228
11 659
11 447
11 466
11 137
11 519
11 484
11 298
11 149
11 64
11 450
11 74
12 646
12 328
12 304
12 108
12 329
12 577
12 423
12 597
12 54
12 620
12 468
12 322
12 164
12 84
12 525
12 152
12 592
12 615
13 262
13 264
13 673
13 639
13 449
13 13
13 606
13 305
13 249
13 15
13 147
13 684
13 53
13 396
13 275
13 23
13 665
13 216
13 102
13 237
13 504
14 385
14 609
14 529
14 97
14 472
14 603
14 612
14 319
14 355
14 473
14 14
14 134
14 630
14 330
14 146
14 19
14 365
14 124
14 373
15 262
15 639
15 15
15 23
15 249
15 147
15 264
15 665
15 53
15 480
15 234
15 216
15 121
15 275
15 673
15 684
15 50
15 606
15 237
16 642
16 226
16 495
16 122
16 222
16 361
16 372
16 193
16 290
16 462
16 325
16 87
16 496
16 28
16 626
16 671
16 451
16 585
16 375
16 459
17 517
17 648
17 653
17 655
17 196
17 123
17 512
17 272
17 465
17 93
17 536
17 287
17 345
17 22
17 540
17 120
18 393
18 652
18 582
18 523
18 374
18 111
18 66
18 18
18 378
18 430
18 292
18 623
18 72
18 53
18 284
18 339
18 614
19 385
19 134
19 529
19 570
19 609
19 473
19 446
19 472
19 355
19 246
19 612
19 124
19 128
19 311
19 660
19 319
19 454
20 649
20 266
20 148
20 581
20 31
20 607
20 302
20 389
20 197
20 448
20 564
20 554
20 390
20 63
20 239
20 166
20 551
20 694
20 633
21 270
21 143
21 526
21 658
21 411
21 57
21 21
21 593
21 138
21 314
21 398
21 590
21 68
21 315
21 663
21 30
21 366
22 54
22 88
22 307
22 642
22 28
22 375
22 325
22 574
22 671
22 193
22 462
22 372
22 495
22 161
22 290
22 451
22 341
22 87
22 222
22 100
22 496
23 416
23 262
23 275
23 147
23 504
23 264
23 249
23 305
23 684
23 237
23 216
23 606
23 220
23 673
23 449
23 480
24 136
24 528
24 274
24 679
24 514
24 587
24 116
24 24
24 600
24 401
24 515
24 213
24 58
24 524
24 408
24 558
24 76
24 207
25 644
25 396
25 530
25 403
25 417
25 531
25 294
25 268
25 27
25 539
25 163
25 195
25 412
25 532
25 55
25 49
25 52
25 475
25 223
25 229
26 643
26 459
26 37
26 545
26 86
26 75
26 476
26 310
26 346
26 139
26 39
26 541
26 206
26 308
26 700
26 209
26 482
27 142
27 362
27 511
27 396
27 532
27 417
27 399
27 485
27 475
27 27
27 530
27 412
27 688
27 539
27 294
27 49
27 358
28 547
28 605
28 360
28 642
28 28
28 290
28 161
28 462
28 100
28 325
28 574
28 457
28 671
28 451
28 222
28 361
28 495
29 182
29 394
29 651
29 397
29 269
29 656
29 153
29 667
29 668
29 29
29 318
29 273
29 157
29 456
29 445
30 270
30 526
30 398
30 658
30 663
30 77
30 590
30 370
30 583
30 143
30 593
30 411
30 286
30 222
30 314
30 68
30 477
31 234
31 200
31 389
31 261
31 392
31 649
31 266
31 295
31 302
31 564
31 197
31 448
31 148
31 553
31 551
31 554
31 694
31 633
31 528
31 213
32 208
32 647
32 522
32 400
32 661
32 645
32 510
32 48
32 379
32 516
32 32
32 279
32 502
32 122
32 34
32 44
32 381
33 38
33 629
33 650
33 395
33 285
33 547
33 568
33 33
33 354
33 220
33 91
33 306
33 426
33 206
33 162
33 179
33 62
33 461
33 79
34 133
34 263
34 400
34 534
34 158
34 388
34 645
34 362
34 379
34 516
34 279
34 502
34 676
34 132
34 252
35 144
35 257
35 666
35 416
35 256
35 35
35 94
35 299
35 631
35 688
35 241
35 188
35 335
35 201
35 555
35 697
35 452
35 242
36 644
36 289
36 382
36 300
36 544
36 324
36 155
36 218
36 566
36 695
36 165
36 80
36 569
36 110
36 250
36 431
36 186
36 347
36 65
37 643
37 545
37 459
37 37
37 541
37 190
37 311
37 700
37 476
37 422
37 682
37 308
37 209
37 482
37 245
38 414
38 151
38 692
38 38
38 316
38 500
38 685
38 559
38 439
38 680
38 95
38 352
38 171
38 567
38 698
38 337
38 342
38 629
39 98
39 422
39 459
39 643
39 545
39 311
39 308
39 310
39 245
39 700
39 346
39 209
39 389
39 190
39 86
40 167
40 181
40 293
40 678
40 43
40 681
40 172
40 40
40 214
40 699
40 518
40 178
40 371
40 647
40 42
40 556
41 233
41 521
41 145
41 669
41 677
41 550
41 78
41 41
41 626
41 419
41 368
41 493
41 121
41 261
41 460
41 240
41 637
41 638
42 518
42 142
42 402
42 293
42 678
42 42
42 236
42 172
42 331
42 699
42 43
42 259
42 146
42 235
42 243
43 259
43 518
43 402
43 160
43 334
43 83
43 202
43 43
43 331
43 243
43 236
43 571
43 235
43 126
44 388
44 645
44 263
44 661
44 534
44 279
44 158
44 381
44 502
44 400
44 647
44 635
44 510
44 288
44 362
45 646
45 152
45 164
45 423
45 167
45 329
45 597
45 575
45 227
45 621
45 322
45 577
45 468
45 289
45 51
46 395
46 285
46 156
46 543
46 162
46 547
46 176
46 568
46 367
46 91
46 483
46 320
46 179
46 461
46 211
47 478
47 260
47 657
47 238
47 47
47 505
47 507
47 458
47 508
47 212
47 280
47 350
47 688
47 205
47 498
47 114
47 490
48 388
48 133
48 647
48 522
48 400
48 279
48 676
48 502
48 252
48 534
48 158
48 516
48 678
48 362
48 381
49 169
49 530
49 531
49 403
49 358
49 163
49 399
49 52
49 268
49 229
49 485
49 417
49 692
49 89
49 475
50 264
50 275
50 305
50 105
50 147
50 684
50 50
50 639
50 606
50 53
50 504
50 449
50 241
50 129
50 384
50 686
51 277
51 406
51 537
51 420
51 552
51 70
51 117
51 672
51 348
51 506
51 471
51 98
51 67
51 251
51 247
52 399
52 530
52 531
52 403
52 539
52 417
52 412
52 195
52 163
52 223
52 485
52 294
52 608
52 89
53 262
53 264
53 665
53 673
53 684
53 211
53 449
53 147
53 102
53 275
53 480
53 237
53 504
53 628
54 646
54 152
54 164
54 423
54 167
54 597
54 620
54 54
54 304
54 322
54 575
54 577
54 328
54 204
54 592
54 468
54 615
54 108
55 291
55 296
55 168
55 433
55 180
55 491
55 553
55 418
55 618
55 55
55 253
55 332
55 511
55 115
55 440
55 313
55 463
55 210
55 497
56 571
56 271
56 276
56 404
56 307
56 65
56 691
56 436
56 613
56 589
56 467
56 572
56 501
56 293
56 61
56 586
56 340
56 215
57 398
57 658
57 130
57 477
57 68
57 593
57 583
57 286
57 138
57 590
57 487
57 77
57 314
57 396
57 71
57 119
58 514
58 515
58 528
58 274
58 679
58 558
58 587
58 338
58 353
58 654
58 326
58 600
58 401
58 234
59 132
59 527
59 415
59 173
59 686
59 183
59 315
59 82
59 674
59 59
59 351
59 634
59 274
59 81
59 627
60 387
60 409
60 542
60 492
60 135
60 478
60 444
60 191
60 481
60 131
60 595
60 578
60 327
60 198
60 477
61 404
61 441
61 513
61 65
61 586
61 215
61 691
61 248
61 307
61 662
61 115
61 572
61 268
61 340
61 89
62 650
62 156
62 543
62 162
62 426
62 176
62 306
62 179
62 395
62 354
62 321
62 320
62 285
62 469
62 220
62 367
63 389
63 261
63 390
63 266
63 148
63 421
63 166
63 554
63 564
63 302
63 170
63 694
63 392
63 663
64 659
64 447
64 228
64 383
64 258
64 288
64 317
64 438
64 92
64 206
64 450
64 484
64 74
64 174
64 599
64 610
64 138
65 404
65 662
65 538
65 691
65 436
65 441
65 572
65 307
65 584
65 613
65 501
65 513
65 215
65 677
66 393
66 652
66 284
66 292
66 339
66 455
66 374
66 611
66 378
66 66
66 407
66 580
66 242
66 614
66 380
66 607
67 277
67 535
67 281
67 672
67 552
67 303
67 432
67 434
67 420
67 406
67 251
67 601
67 85
67 348
67 98
67 506
67 618
68 262
68 130
68 143
68 286
68 314
68 658
68 398
68 71
68 593
68 477
68 68
68 583
68 460
69 141
69 144
69 657
69 282
69 238
69 494
69 562
69 154
69 505
69 69
69 205
69 114
69 620
69 212
69 598
69 498
69 344
69 496
70 406
70 535
70 281
70 672
70 552
70 693
70 434
70 343
70 117
70 251
70 348
70 471
70 413
70 616
70 506
70 355
70 333
71 431
71 138
71 270
71 143
71 526
71 658
71 663
71 487
71 130
71 314
71 77
71 590
71 277
71 119
72 393
72 523
72 652
72 430
72 580
72 407
72 611
72 380
72 374
72 339
72 363
72 640
72 267
72 521
72 85
73 641
73 129
73 140
73 150
73 424
73 298
73 175
73 199
73 636
73 88
73 113
73 159
73 410
73 660
73 217
73 233
73 369
73 250
74 194
74 258
74 288
74 187
74 317
74 92
74 659
74 447
74 137
74 466
74 149
74 438
74 376
74 610
74 624
74 346
75 400
75 428
75 643
75 139
75 541
75 545
75 422
75 311
75 184
75 459
75 482
75 476
75 278
75 86
76 185
76 515
76 654
76 679
76 326
76 76
76 528
76 353
76 213
76 401
76 600
76 338
76 613
77 138
77 398
77 663
77 143
77 119
77 477
77 370
77 270
77 77
77 286
77 120
77 590
77 487
77 366
78 363
78 645
78 550
78 174
78 419
78 493
78 503
78 333
78 490
78 638
78 626
78 460
78 112
78 482
78 368
79 395
79 285
79 162
79 176
79 306
79 321
79 547
79 79
79 354
79 320
79 461
79 543
79 623
79 221
80 155
80 544
80 569
80 323
80 324
80 594
80 695
80 454
80 566
80 429
80 80
80 617
80 357
80 347
80 382
81 321
81 132
81 415
81 674
81 686
81 690
81 336
81 104
81 315
81 81
81 351
81 601
81 82
81 109
81 634
82 132
82 415
82 546
82 548
82 183
82 315
82 173
82 549
82 336
82 104
82 628
82 259
82 109
83 621
83 259
83 518
83 142
83 402
83 160
83 681
83 172
83 556
83 178
83 202
83 236
83 126
83 214
83 371
84 688
84 132
84 527
84 415
84 546
84 548
84 173
84 686
84 690
84 336
84 183
84 104
84 627
84 166
85 652
85 407
85 284
85 292
85 582
85 580
85 378
85 640
85 611
85 523
85 380
85 267
85 339
85 453
85 614
85 111
86 139
86 422
86 700
86 209
86 356
86 86
86 482
86 245
86 184
86 311
86 504
86 273
87 642
87 290
87 451
87 325
87 585
87 462
87 341
87 87
87 495
87 222
87 360
87 293
87 226
87 100
87 496
87 122
88 641
88 391
88 140
88 150
88 410
88 298
88 576
88 199
88 217
88 159
88 520
88 129
88 424
88 369
89 546
89 268
89 532
89 403
89 294
89 195
89 475
89 530
89 485
89 229
89 223
89 417
90 278
90 675
90 687
90 571
90 453
90 200
90 591
90 181
90 90
90 561
90 265
90 622
90 232
90 366
90 608
90 113
90 338
91 395
91 285
91 162
91 176
91 306
91 568
91 483
91 650
91 91
91 221
91 179
91 695
91 354
92 258
92 519
92 137
92 288
92 438
92 317
92 450
92 466
92 599
92 224
92 149
92 507
92 228
92 624
92 383
93 386
93 655
93 272
93 536
93 345
93 219
93 509
93 93
93 120
93 255
93 123
93 592
93 550
94 666
94 416
94 555
94 688
94 565
94 452
94 103
94 377
94 631
94 244
94 94
94 169
94 303
94 383
95 680
95 301
95 698
95 337
95 596
95 342
95 425
95 101
95 500
95 692
95 316
95 685
95 413
95 104
95 352
95 587
96 135
96 409
96 542
96 309
96 191
96 198
96 457
96 605
96 203
96 131
96 578
96 479
96 185
96 481
96 148
96 489
96 441
97 385
97 529
97 146
97 570
97 319
97 609
97 473
97 612
97 355
97 660
97 472
97 603
97 283
97 138
97 124
97 255
97 266
98 406
98 535
98 693
98 348
98 117
98 506
98 343
98 471
98 251
98 277
98 420
99 265
99 278
99 182
99 696
99 189
99 453
99 200
99 456
99 591
99 602
99 608
99 619
99 231
99 254
99 483
99 232
100 642
100 161
100 193
100 451
100 341
100 226
100 222
100 372
100 100
100 462
100 101
100 496
101 680
101 425
101 171
101 692
101 439
101 337
101 342
101 414
101 625
101 301
101 413
101 352
101 629
101 331
102 264
102 275
102 147
102 665
102 449
102 480
102 216
102 102
102 211
102 262
102 234
102 597
102 105
103 257
103 666
103 299
103 697
103 194
103 335
103 631
103 555
103 230
103 103
103 416
103 565
103 264
104 284
104 527
104 415
104 674
104 548
104 549
104 173
104 690
104 351
104 300
104 109
104 634
105 275
105 665
105 684
105 305
105 211
105 606
105 234
105 639
105 216
105 449
105 147
105 673
105 547
105 237
106 367
106 269
106 533
106 664
106 668
106 297
106 427
106 437
106 469
106 474
106 405
106 397
106 273
106 153
106 697
106 127
107 386
107 517
107 653
107 536
107 287
107 465
107 345
107 219
107 107
107 509
107 540
107 655
107 123
107 169
107 209
108 525
108 164
108 167
108 575
108 328
108 592
108 468
108 597
108 621
108 329
108 204
108 615
108 386
109 639
109 415
109 674
109 546
109 548
109 549
109 682
109 173
109 336
109 628
109 192
110 395
110 644
110 155
110 544
110 165
110 429
110 431
110 177
110 695
110 569
110 323
110 588
110 218
110 347
111 267
111 652
111 407
111 292
111 380
111 523
111 430
111 614
111 393
111 611
111 623
111 640
111 484
112 154
112 436
112 145
112 419
112 677
112 683
112 330
112 333
112 493
112 368
112 626
112 359
112 550
112 474
112 503
112 121
112 637
113 129
113 520
113 140
113 150
113 576
113 199
113 344
113 217
113 233
113 175
113 113
113 125
114 141
114 280
114 282
114 562
114 205
114 494
114 114
114 598
114 507
114 154
114 376
114 386
115 271
115 276
115 404
115 538
115 436
115 307
115 441
115 584
115 586
115 215
115 467
115 672
115 297
116 515
116 136
116 528
116 401
116 679
116 207
116 213
116 408
116 338
116 573
116 558
116 654
116 326
116 234
117 304
117 277
117 406
117 535
117 537
117 672
117 552
117 432
117 693
117 471
117 343
117 134
117 506
117 251
118 151
118 414
118 680
118 171
118 301
118 559
118 316
118 596
118 567
118 692
118 342
118 352
118 118
118 489
118 217
118 574
119 130
119 270
119 398
119 658
119 411
119 314
119 590
119 477
119 487
119 526
119 583
119 620
120 398
120 655
120 536
120 435
120 201
120 465
120 517
120 653
120 272
120 512
120 356
120 123
120 509
120 422
121 145
121 419
121 677
121 683
121 330
121 359
121 493
121 174
121 550
121 333
121 669
121 254
121 637
122 161
122 193
122 451
122 325
122 496
122 361
122 290
122 341
122 585
122 375
122 222
122 499
123 609
123 517
123 648
123 655
123 272
123 536
123 201
123 345
123 653
123 384
123 509
123 255
124 283
124 442
124 446
124 319
124 355
124 247
124 630
124 246
124 472
124 473
124 134
124 410
124 662
124 372
125 140
125 424
125 298
125 175
125 576
125 199
125 488
125 233
125 129
125 520
125 641
125 636
125 630
126 678
126 681
126 178
126 202
126 334
126 214
126 172
126 518
126 402
126 235
126 236
126 243
126 669
127 394
127 397
127 656
127 153
127 668
127 297
127 445
127 318
127 405
127 437
127 376
127 269
127 474
127 578
128 335
128 529
128 660
128 283
128 442
128 570
128 446
128 472
128 603
128 365
128 247
128 630
128 612
128 190
129 369
129 150
129 636
129 129
129 140
129 217
129 576
129 641
129 159
129 344
129 391
129 410
129 424
130 411
130 590
130 286
130 270
130 477
130 130
130 314
130 138
130 593
130 487
130 143
130 465
130 398
130 658
130 663
130 583
131 387
131 131
131 327
131 489
131 191
131 479
131 312
131 464
131 492
131 185
131 203
131 595
131 135
131 311
131 409
131 444
131 478
132 183
132 682
132 627
132 173
132 132
132 336
132 415
132 449
132 527
132 686
132 351
133 312
133 645
133 510
133 661
133 381
133 647
133 252
133 158
133 133
133 534
133 379
133 218
133 522
133 400
133 279
133 362
133 635
134 473
134 612
134 385
134 247
134 355
134 630
134 319
134 603
134 146
134 446
134 134
134 453
134 660
134 283
134 442
134 570
134 472
134 365
135 605
135 457
135 185
135 444
135 481
135 312
135 387
135 309
135 578
135 478
135 489
135 464
135 616
135 409
135 542
135 191
135 327
135 479
135 492
135 380
136 374
136 561
136 514
136 515
136 558
136 587
136 654
136 573
136 408
136 353
136 274
136 207
136 184
136 401
136 338
136 213
137 258
137 187
137 659
137 224
137 519
137 484
137 288
137 466
137 149
137 137
137 610
137 450
137 626
137 317
137 447
137 599
137 228
137 624
137 682
138 301
138 370
138 583
138 398
138 138
138 411
138 477
138 658
138 663
138 526
138 286
138 590
138 366
138 261
139 184
139 346
139 700
139 190
139 541
139 643
139 356
139 209
139 545
139 311
139 580
139 422
140 641
140 520
140 217
140 159
140 424
140 140
140 175
140 547
140 298
140 233
140 636
140 219
141 557
141 505
141 238
141 282
141 364
141 154
141 494
141 562
141 144
141 598
141 141
141 657
141 280
141 205
141 212
142 565
142 243
142 172
142 236
142 334
142 160
142 699
142 235
142 331
142 402
142 556
142 371
142 681
143 270
143 370
143 411
143 590
143 593
143 583
143 143
143 658
143 526
143 416
143 286
143 308
144 260
144 598
144 350
144 562
144 498
144 657
144 212
144 205
144 508
144 505
144 458
144 238
144 280
144 282
144 364
144 507
144 277
144 258
144 519
144 572
145 521
145 683
145 240
145 419
145 626
145 637
145 359
145 368
145 333
145 460
145 638
145 639
145 550
145 330
145 373
146 529
146 442
146 365
146 473
146 603
146 472
146 630
146 355
146 385
146 146
146 614
146 660
146 283
146 612
146 694
147 264
147 275
147 673
147 639
147 211
147 480
147 249
147 262
147 216
147 665
147 263
147 684
147 305
147 606
147 437
148 389
148 261
148 390
148 689
148 170
148 421
148 266
148 197
148 581
148 448
148 607
148 332
148 295
148 551
148 302
149 537
149 258
149 519
149 659
149 466
149 428
149 610
149 288
149 187
149 149
149 438
149 340
149 206
149 484
149 383
150 410
150 150
150 424
150 369
150 175
150 344
150 233
150 520
150 548
150 576
150 217
150 636
151 151
151 316
151 629
151 342
151 352
151 500
151 414
151 692
151 301
151 413
151 698
151 625
151 465
151 171
151 280
152 646
152 525
152 167
152 227
152 575
152 322
152 621
152 328
152 468
152 304
152 164
152 410
152 577
152 592
152 597
152 615
152 620
152 672
153 394
153 651
153 656
153 533
153 273
153 445
153 405
153 397
153 157
153 664
153 443
153 269
153 304
153 668
153 427
153 437
154 260
154 657
154 282
154 458
154 498
154 598
154 364
154 205
154 562
154 557
154 494
154 212
155 644
155 347
155 544
155 300
155 454
155 588
155 186
155 289
155 617
155 324
155 165
155 429
155 372
155 177
155 690
156 650
156 395
156 285
156 320
156 179
156 220
156 321
156 221
156 543
156 162
156 568
156 426
156 198
156 547
156 367
157 394
157 397
157 269
157 656
157 273
157 533
157 664
157 651
157 667
157 405
157 437
157 157
157 427
157 445
157 318
157 474
158 400
158 534
158 279
158 263
158 645
158 158
158 502
158 252
158 635
158 182
158 381
159 221
159 391
159 159
159 344
159 424
159 410
159 250
159 576
159 488
159 199
159 396
159 298
159 175
160 259
160 556
160 243
160 293
160 334
160 402
160 678
160 236
160 202
160 178
160 331
160 608
160 681
160 214
160 510
160 193
161 671
161 496
161 161
161 193
161 495
161 361
161 451
161 462
161 341
161 521
161 290
161 574
161 325
161 222
161 360
161 330
162 650
162 285
162 543
162 483
162 176
162 320
162 367
162 220
162 318
162 426
162 306
162 568
163 532
163 539
163 417
163 399
163 531
163 223
163 670
163 530
163 475
163 396
163 268
163 412
163 403
163 502
163 229
163 239
164 680
164 525
164 227
164 167
164 577
164 423
164 204
164 322
164 344
164 328
164 592
164 468
164 620
165 644
165 544
165 431
165 454
165 566
165 186
165 218
165 429
165 324
165 323
165 165
165 300
165 177
165 695
165 588
165 594
165 347
165 590
165 435
166 484
166 266
166 421
166 392
166 564
166 197
166 170
166 261
166 581
166 551
166 295
166 166
167 423
167 620
167 592
167 227
167 525
167 575
167 304
167 204
167 322
167 328
167 329
167 597
167 621
168 418
168 291
168 553
168 486
168 579
168 618
168 511
168 604
168 225
168 180
168 313
168 332
168 440
168 286
168 560
168 632
169 416
169 257
169 242
169 631
169 697
169 230
169 688
169 256
169 169
169 299
169 335
169 208
169 565
169 188
169 452
169 612
170 465
170 389
170 649
170 266
170 421
170 295
170 551
170 581
170 261
170 197
170 302
170 633
170 366
170 554
171 680
171 439
171 625
171 559
171 352
171 337
171 500
171 567
171 171
171 247
171 301
171 692
171 596
171 300
172 518
172 293
172 678
172 331
172 371
172 699
172 202
172 259
172 681
172 178
172 424
172 334
172 214
172 235
172 243
172 589
172 549
172 223
173 527
173 546
173 183
173 173
173 351
173 690
173 686
173 627
173 184
173 336
174 669
174 419
174 677
174 550
174 683
174 637
174 521
174 503
174 368
174 240
174 490
174 359
174 492
174 638
175 595
175 641
175 636
175 576
175 391
175 424
175 488
175 344
175 493
175 233
176 650
176 395
176 285
176 543
176 320
176 179
176 547
176 426
176 568
176 672
176 220
176 483
176 276
177 544
177 429
177 186
177 588
177 566
177 431
177 382
177 454
177 617
177 323
177 569
177 649
177 324
177 594
177 218
178 402
178 556
178 518
178 678
178 236
178 243
178 259
178 202
178 235
178 315
178 699
179 306
179 426
179 321
179 221
179 568
179 650
179 354
179 547
179 220
179 417
179 477
180 418
180 291
180 553
180 433
180 225
180 604
180 497
180 180
180 296
180 253
180 332
180 183
180 440
180 313
180 579
180 486
180 618
180 499
180 670
181 265
181 278
181 687
181 563
181 232
181 181
181 619
181 231
181 456
181 602
181 696
181 561
181 622
181 189
181 453
181 200
181 470
181 608
181 254
182 278
182 231
182 608
182 182
182 232
182 696
182 453
182 200
182 563
182 675
182 622
182 470
182 571
182 456
183 632
183 201
183 674
183 548
183 549
183 686
183 527
183 682
183 617
183 634
184 541
184 545
184 311
184 310
184 356
184 643
184 482
184 245
184 308
184 190
184 614
184 700
184 459
184 476
185 409
185 542
185 309
185 595
185 312
185 327
185 481
185 387
185 444
185 464
185 203
185 489
185 191
185 578
185 457
185 605
185 290
186 544
186 300
186 431
186 594
186 566
186 429
186 569
186 218
186 588
186 289
186 304
186 617
186 382
186 401
187 214
187 258
187 288
187 428
187 438
187 450
187 228
187 187
187 224
187 610
187 665
187 317
187 206
187 624
188 688
188 697
188 242
188 377
188 666
188 194
188 192
188 299
188 416
188 565
188 452
188 208
188 209
188 230
189 675
189 687
189 561
189 563
189 571
189 200
189 278
189 265
189 696
189 254
189 591
189 602
189 626
189 456
189 470
189 231
190 643
190 541
190 545
190 310
190 476
190 308
190 700
190 287
190 209
191 387
191 312
191 444
191 595
191 578
191 542
191 203
191 309
191 457
191 382
191 478
191 481
191 489
192 555
192 565
192 242
192 208
192 192
192 416
192 241
192 697
192 299
192 257
192 230
192 688
192 386
192 335
193 642
193 671
193 574
193 325
193 361
193 222
193 372
193 451
193 226
193 375
194 257
194 416
194 688
194 565
194 230
194 666
194 208
194 299
194 555
194 631
194 697
194 452
195 291
195 399
195 403
195 412
195 670
195 294
195 417
195 539
195 530
195 531
195 475
195 306
196 455
196 206
196 386
196 648
196 524
196 655
196 272
196 540
196 435
196 512
196 465
196 517
196 536
196 309
196 255
197 261
197 390
197 649
197 266
197 554
197 302
197 295
197 448
197 633
197 251
198 409
198 542
198 312
198 578
198 444
198 327
198 481
198 595
198 457
198 203
198 198
198 478
198 588
199 641
199 520
199 424
199 576
199 298
199 250
199 233
199 369
199 452
199 636
200 265
200 563
200 571
200 231
200 200
200 608
200 602
200 622
200 232
200 294
201 386
201 272
201 536
201 540
201 435
201 287
201 517
201 653
201 255
201 512
201 509
201 626
202 259
202 402
202 681
202 556
202 214
202 236
202 331
202 293
202 569
202 253
203 542
203 309
203 312
203 578
203 327
203 457
203 479
203 409
203 444
203 595
203 340
203 464
203 605
204 423
204 304
204 575
204 577
204 322
204 328
204 329
204 646
204 621
204 615
204 689
205 260
205 657
205 557
205 498
205 508
205 280
205 598
205 364
205 377
205 212
205 350
205 679
206 659
206 288
206 428
206 438
206 228
206 450
206 258
206 317
206 383
206 224
206 599
207 678
207 528
207 408
207 326
207 353
207 600
207 384
207 357
207 207
207 587
207 361
208 257
208 666
208 299
208 688
208 335
208 241
208 416
208 242
208 208
208 244
208 256
208 641
209 541
209 545
209 308
209 700
209 422
209 346
209 643
210 228
210 291
210 296
210 553
210 433
210 313
210 579
210 463
210 499
210 511
210 618
210 497
210 604
210 286
210 225
210 486
210 491
211 262
211 264
211 665
211 673
211 305
211 684
211 606
211 249
211 504
211 639
211 448
211 216
211 237
212 282
212 562
212 507
212 505
212 350
212 238
212 280
212 494
212 672
212 498
212 623
212 438
213 515
213 654
213 528
213 679
213 558
213 573
213 213
213 349
213 514
214 603
214 518
214 678
214 556
214 699
214 331
214 236
214 371
214 235
215 513
215 538
215 441
215 572
215 501
215 691
215 589
215 276
215 467
215 307
215 592
216 262
216 665
216 684
216 449
216 504
216 264
216 234
216 216
216 317
216 606
217 555
217 391
217 520
217 298
217 641
217 217
217 369
217 250
218 431
218 569
218 324
218 382
218 594
218 454
218 544
218 588
218 300
218 483
219 693
219 517
219 524
219 648
219 287
219 655
219 536
219 219
219 345
219 386
220 543
220 426
220 306
220 321
220 461
220 568
220 650
220 220
220 354
220 479
220 681
221 650
221 395
221 543
221 547
221 426
221 306
221 320
221 461
221 568
221 321
221 354
221 367
221 348
222 657
222 451
222 585
222 462
222 341
222 496
222 642
222 526
222 226
222 360
222 361
222 495
223 505
223 368
223 268
223 531
223 532
223 539
223 412
223 670
223 396
223 485
223 358
224 323
224 519
224 288
224 428
224 317
224 447
224 466
224 599
224 659
224 450
224 394
224 610
224 624
224 551
225 418
225 291
225 560
225 433
225 440
225 313
225 463
225 486
225 618
225 499
225 403
225 253
226 602
226 642
226 290
226 574
226 325
226 462
226 585
226 341
226 451
226 324
227 646
227 304
227 577
227 328
227 329
227 592
227 597
227 423
227 615
227 231
227 621
228 519
228 659
228 288
228 428
228 450
228 599
228 610
228 484
228 584
229 268
229 530
229 403
229 412
229 670
229 485
229 358
229 475
229 229
229 313
230 257
230 299
230 555
230 565
230 697
230 242
230 452
230 688
230 631
230 416
230 464
230 256
231 675
231 561
231 231
231 687
231 278
231 591
231 602
231 605
232 675
232 563
232 696
232 571
232 608
232 265
232 687
232 619
232 602
232 408
232 642
233 241
233 520
233 410
233 636
233 298
233 250
233 369
234 262
234 264
234 275
234 665
234 305
234 480
234 684
234 234
234 606
234 249
235 518
235 402
235 331
235 334
235 699
235 259
235 371
235 678
235 320
235 243
236 259
236 518
236 293
236 681
236 402
236 243
236 508
237 275
237 480
237 264
237 249
237 504
237 673
237 665
237 305
237 444
237 639
238 260
238 657
238 280
238 282
238 350
238 498
238 505
238 508
238 258
238 469
239 453
239 268
239 530
239 403
239 670
239 294
239 539
239 399
239 239
239 412
239 485
239 577
240 419
240 677
240 460
240 490
240 368
240 240
240 373
240 333
240 550
240 637
240 380
240 638
241 666
241 416
241 697
241 452
241 335
241 555
241 241
241 256
241 377
241 244
242 565
242 377
242 555
242 242
242 697
242 666
242 409
242 244
243 259
243 402
243 678
243 681
243 556
243 334
243 632
243 287
244 257
244 666
244 416
244 299
244 697
244 335
244 688
244 256
244 377
244 555
244 319
244 488
245 541
245 545
245 308
245 700
245 346
245 476
245 459
245 356
245 562
246 385
246 529
246 660
246 283
246 442
246 446
246 472
246 473
246 612
246 365
246 355
246 603
246 319
246 679
247 660
247 283
247 472
247 603
247 319
247 442
247 612
247 247
247 385
247 604
248 271
248 662
248 538
248 691
248 436
248 586
248 584
248 404
248 307
248 501
248 248
248 276
248 425
249 262
249 264
249 673
249 684
249 480
249 665
249 449
249 570
250 410
250 298
250 576
250 424
250 250
250 636
251 277
251 535
251 537
251 281
251 420
251 343
251 552
251 471
251 432
251 285
252 614
252 516
252 661
252 534
252 502
252 252
252 510
252 279
252 388
252 480
252 381
252 636
252 600
253 418
253 560
253 433
253 579
253 332
253 463
253 499
253 632
253 511
253 497
253 618
254 265
254 675
254 687
254 563
254 696
254 591
254 602
254 608
254 470
254 456
254 254
255 386
255 648
255 653
255 655
255 536
255 287
255 465
255 517
255 524
255 512
256 688
256 697
256 335
256 377
256 416
256 555
256 452
256 257
256 654
257 257
257 565
257 666
257 335
257 631
257 299
257 377
257 608
257 416
257 674
258 647
258 466
258 484
258 450
258 659
258 438
258 599
258 519
258 317
258 447
258 610
258 526
259 267
259 259
259 556
259 402
259 678
259 681
259 331
259 679
259 518
259 293
259 699
259 634
260 280
260 507
260 508
260 505
260 494
260 498
260 598
260 260
260 657
260 562
260 458
260 582
261 389
261 392
261 266
261 633
261 649
261 689
261 448
261 564
261 302
261 421
261 390
261 295
261 551
261 694
261 607
262 559
262 305
262 673
262 449
262 480
262 504
262 606
262 639
263 388
263 645
263 381
263 279
263 676
263 379
263 516
263 661
263 362
263 635
263 510
263 439
263 522
264 665
264 305
264 275
264 606
264 449
264 425
264 480
265 675
265 278
265 591
265 265
265 453
265 619
265 456
265 602
265 561
265 593
265 470
266 483
266 389
266 390
266 392
266 689
266 607
266 581
266 421
266 554
266 694
266 448
267 523
267 267
267 363
267 582
267 652
267 623
267 339
267 380
267 378
267 640
267 393
267 374
267 430
267 455
267 611
268 399
268 396
268 412
268 268
268 403
268 531
268 532
268 358
268 445
268 539
268 670
268 417
269 394
269 469
269 668
269 405
269 533
269 651
269 318
269 667
269 297
269 376
269 273
269 359
269 656
269 664
269 445
269 474
270 523
270 288
270 477
270 411
270 526
270 366
270 593
270 286
270 398
270 474
270 314
270 583
270 487
271 552
271 467
271 441
271 613
271 276
271 436
271 307
271 271
271 538
271 439
271 404
271 662
271 691
271 572
271 586
271 501
272 517
272 648
272 524
272 653
272 540
272 287
272 272
272 509
272 530
272 435
272 465
273 504
273 651
273 474
273 376
273 469
273 405
273 533
273 318
273 443
273 437
273 668
273 394
273 297
273 427
274 514
274 401
274 384
274 349
274 573
274 528
274 558
274 408
274 274
274 515
274 586
274 326
274 353
275 673
275 449
275 684
275 275
275 665
275 639
276 650
276 513
276 662
276 436
276 340
276 613
276 501
276 584
276 441
276 589
276 586
276 404
277 277
277 552
277 616
277 420
277 506
277 434
277 471
277 672
277 535
277 537
277 303
277 343
278 591
278 622
278 278
278 619
278 456
278 602
278 561
278 696
278 283
278 453
278 470
279 299
279 388
279 647
279 516
279 661
279 381
279 645
279 400
279 395
279 362
279 510
279 485
280 657
280 364
280 557
280 598
280 280
280 458
280 494
280 498
280 282
281 535
281 537
281 434
281 343
281 552
281 420
281 672
281 471
281 616
281 601
281 613
281 303
281 432
281 467
282 557
282 494
282 498
282 508
282 350
282 294
282 458
282 364
282 691
283 660
283 283
283 612
283 609
283 570
283 355
283 561
283 319
283 365
283 382
284 393
284 523
284 455
284 339
284 378
284 292
284 580
284 407
284 582
284 652
284 623
284 430
284 611
285 395
285 461
285 568
285 354
285 543
285 320
285 650
285 337
285 547
285 426
285 321
285 516
286 526
286 398
286 658
286 663
286 366
286 286
286 314
286 543
286 590
286 487
286 370
287 337
287 653
287 540
287 345
287 386
287 465
287 517
287 287
287 435
288 519
288 659
288 450
288 599
288 428
288 438
288 624
288 663
289 577
289 430
289 347
289 454
289 594
289 289
289 431
289 569
289 544
289 324
289 488
289 429
289 566
289 695
289 323
290 642
290 671
290 585
290 341
290 360
290 496
290 375
290 361
290 574
290 462
290 357
291 553
291 463
291 511
291 332
291 313
291 604
291 618
291 291
291 296
291 433
291 440
291 497
292 562
292 523
292 407
292 614
292 374
292 378
292 393
292 292
292 346
292 580
292 582
292 310
293 678
293 518
293 331
293 699
293 556
293 402
293 293
293 550
293 681
293 334
294 396
294 531
294 532
294 539
294 417
294 485
294 403
294 399
295 343
295 389
295 421
295 554
295 448
295 295
295 302
295 392
295 464
295 564
295 607
296 418
296 604
296 511
296 486
296 313
296 433
296 491
296 618
296 560
296 497
296 440
296 333
296 332
296 499
297 635
297 361
297 651
297 664
297 667
297 445
297 668
297 394
297 397
297 318
297 437
297 443
298 641
298 520
298 391
298 344
298 576
298 423
298 488
299 320
299 666
299 416
299 697
299 335
299 299
299 555
299 565
299 452
300 544
300 431
300 347
300 617
300 594
300 588
300 300
300 323
300 324
300 429
301 680
301 413
301 500
301 596
301 425
301 352
301 629
301 625
301 439
301 692
301 685
301 559
301 567
301 698
301 659
301 585
301 397
302 328
302 389
302 390
302 649
302 421
302 581
302 302
302 407
302 689
302 633
303 406
303 552
303 693
303 537
303 672
303 601
303 535
303 343
303 616
303 303
303 506
304 646
304 525
304 423
304 615
304 575
304 328
304 577
304 468
304 322
305 665
305 673
305 684
305 606
305 639
305 643
305 480
306 650
306 320
306 461
306 483
306 543
306 568
306 443
306 354
306 367
307 513
307 404
307 538
307 436
307 586
307 441
307 467
307 501
307 589
307 359
308 521
308 643
308 541
308 422
308 356
308 310
308 311
308 346
308 476
309 387
309 542
309 492
309 489
309 309
309 481
309 464
309 312
309 605
309 371
309 457
309 494
309 652
309 369
309 637
310 541
310 545
310 422
310 482
310 700
310 643
310 459
310 346
311 601
311 313
311 643
311 356
311 311
312 542
312 595
312 492
312 464
312 481
312 387
312 457
312 578
312 327
312 478
312 573
313 491
313 604
313 463
313 579
313 618
313 499
313 511
313 332
313 486
314 398
314 663
314 487
314 411
314 590
314 658
314 578
314 370
315 527
315 546
315 549
315 686
315 548
315 351
315 415
315 628
315 627
315 572
316 413
316 425
316 559
316 567
316 500
316 316
316 685
316 625
316 596
316 439
316 648
316 342
317 661
317 447
317 599
317 383
317 624
317 450
317 594
317 610
318 405
318 667
318 427
318 437
318 668
318 376
318 397
318 618
319 442
319 446
319 473
319 472
319 319
319 612
319 429
319 609
319 355
319 630
320 650
320 395
320 367
320 568
320 320
320 461
320 483
320 630
321 547
321 568
321 461
321 543
321 321
321 395
321 483
321 403
322 525
322 575
322 577
322 597
322 615
322 375
322 328
322 329
322 592
323 544
323 429
323 431
323 566
323 569
323 323
323 588
323 594
323 347
324 567
324 429
324 431
324 566
324 569
324 588
324 617
324 478
324 454
324 594
325 671
325 574
325 495
325 372
325 496
325 462
325 680
326 515
326 654
326 528
326 408
326 573
326 384
326 679
326 349
326 401
326 353
326 558
326 657
326 357
327 444
327 605
327 481
327 478
327 578
327 387
327 479
327 518
327 471
328 646
328 525
328 329
328 592
328 468
328 615
328 620
328 621
329 354
329 423
329 329
329 468
329 620
329 594
329 597
329 621
329 433
329 462
330 521
330 669
330 419
330 373
330 359
330 503
330 490
330 550
330 333
330 626
330 368
331 387
331 678
331 556
331 371
331 628
331 358
332 525
332 560
332 433
332 440
332 511
332 579
332 618
332 423
332 604
332 499
332 632
333 617
333 521
333 669
333 550
333 683
333 460
333 626
333 503
333 359
333 368
333 637
333 638
334 518
334 678
334 556
334 699
334 402
334 334
334 634
334 371
335 666
335 416
335 555
335 688
335 631
335 570
336 569
336 527
336 674
336 546
336 548
336 682
336 686
336 690
336 549
336 503
336 351
337 414
337 567
337 439
337 625
337 425
337 698
337 352
337 596
337 685
337 692
338 528
338 401
338 408
338 587
338 353
338 349
338 679
338 515
338 338
338 357
339 580
339 374
339 430
339 407
339 393
339 614
339 652
339 380
339 523
339 406
339 623
339 554
340 513
340 404
340 538
340 436
340 441
340 467
340 662
340 501
340 691
340 398
340 613
341 364
341 574
341 585
341 360
341 671
341 372
341 361
341 375
341 641
342 680
342 425
342 685
342 559
342 692
342 414
342 439
342 629
342 625
342 384
342 351
343 420
343 432
343 434
343 693
343 616
343 537
343 601
344 641
344 391
344 410
344 576
344 488
344 369
344 411
345 517
345 648
345 524
345 536
345 655
345 540
345 345
345 399
345 509
346 452
346 643
346 541
346 545
346 422
346 459
346 476
346 482
347 429
347 695
347 454
347 644
347 431
347 594
347 689
348 406
348 535
348 537
348 420
348 432
348 693
348 601
348 348
348 672
348 633
349 515
349 654
349 401
349 679
349 349
349 600
349 573
349 384
349 357
349 424
350 657
350 557
350 562
350 507
350 508
350 505
350 364
350 625
351 690
351 546
351 634
351 686
351 527
351 627
351 474
352 413
352 685
352 692
352 352
352 625
352 698
352 629
352 666
352 658
353 514
353 515
353 401
353 679
353 587
353 573
353 357
353 476
354 543
354 547
354 426
354 354
354 483
354 553
355 473
355 609
355 355
355 442
355 446
355 556
356 472
356 541
356 422
356 700
356 476
356 643
356 525
357 515
357 654
357 528
357 401
357 679
357 573
357 587
357 384
357 651
358 507
358 396
358 399
358 539
358 412
358 670
358 475
358 358
358 533
359 669
359 550
359 683
359 460
359 359
359 493
359 638
359 490
359 368
359 503
360 440
360 671
360 451
360 462
360 642
360 372
360 574
360 361
360 644
360 375
361 671
361 574
361 585
361 361
361 462
361 495
362 388
362 645
362 522
362 400
362 516
362 676
362 502
362 635
362 510
363 393
363 523
363 652
363 407
363 430
363 580
363 582
363 455
363 611
363 614
363 378
363 623
364 557
364 562
364 458
364 508
364 505
364 507
365 442
365 473
365 609
365 603
365 660
365 612
365 570
365 365
366 424
366 576
366 663
366 526
366 590
366 370
366 583
366 658
366 473
367 650
367 543
367 547
367 426
367 461
367 367
367 594
368 521
368 669
368 460
368 373
368 677
368 475
369 391
369 520
369 424
369 369
369 636
370 429
370 526
370 663
370 411
370 583
370 593
370 398
370 522
371 402
371 678
371 371
371 556
371 531
372 470
372 642
372 574
372 585
372 462
372 495
373 669
373 550
373 490
373 373
373 677
373 626
373 419
373 521
373 503
374 523
374 407
374 430
374 582
374 455
374 611
374 623
374 640
374 378
374 380
375 378
375 642
375 671
375 496
375 375
375 585
375 582
376 654
376 651
376 397
376 405
376 533
376 664
376 667
376 668
376 427
376 443
377 555
377 688
377 565
377 631
377 377
377 534
378 393
378 455
378 611
378 614
378 623
378 652
378 404
379 647
379 522
379 661
379 676
379 645
379 388
379 534
379 379
379 455
380 430
380 614
380 623
380 580
380 523
380 611
380 582
380 640
381 645
381 516
381 400
381 502
381 388
381 419
381 510
382 557
382 644
382 544
382 617
382 454
382 695
382 382
383 519
383 659
383 438
383 450
383 466
383 484
383 624
383 599
383 610
384 514
384 515
384 558
384 600
384 384
384 528
385 570
385 660
385 529
385 612
385 446
385 473
385 385
385 603
385 609
385 445
385 630
386 611
386 487
386 509
386 512
386 517
386 465
386 648
386 653
386 655
387 479
387 409
387 489
387 387
387 605
387 464
387 595
387 492
387 578
387 444
388 388
388 534
388 647
388 510
388 661
388 502
388 676
388 570
388 645
388 635
389 564
389 581
389 390
389 448
389 551
389 689
389 420
389 392
389 421
389 554
389 633
390 560
390 633
390 694
390 392
390 448
390 390
390 538
390 554
390 607
391 473
391 641
391 391
391 520
391 636
391 576
391 488
391 634
391 410
391 424
392 694
392 607
392 551
392 689
392 421
392 448
392 649
392 581
392 392
392 554
393 652
393 523
393 611
393 580
393 623
393 582
393 640
393 393
393 407
393 614
394 503
394 443
394 651
394 667
394 664
394 469
394 405
394 533
394 456
394 668
394 437
394 474
395 650
395 483
395 547
395 461
395 543
396 583
396 399
396 531
396 532
396 539
396 475
396 580
396 530
396 412
396 670
397 434
397 651
397 445
397 668
397 443
397 397
397 405
397 664
397 533
397 656
398 526
398 477
398 398
398 411
398 590
399 530
399 539
399 399
399 532
399 670
399 403
399 485
399 678
399 412
400 645
400 522
400 676
400 400
400 510
401 514
401 654
401 528
401 558
401 679
401 515
401 600
402 518
402 402
402 678
402 419
402 556
402 448
403 531
403 670
403 475
403 417
403 539
404 513
404 467
404 613
404 572
404 589
404 662
404 538
404 691
405 651
405 656
405 427
405 405
405 445
405 667
405 533
405 576
405 668
405 437
405 469
406 432
406 420
406 406
406 471
406 552
406 434
406 641
406 535
406 672
406 693
406 601
406 563
407 640
407 614
407 407
407 611
407 580
407 523
407 455
407 507
408 514
408 654
408 528
408 573
408 515
408 558
408 600
408 635
408 587
409 542
409 457
409 595
409 478
409 444
409 479
409 409
409 578
409 443
410 641
410 520
410 488
410 576
410 564
410 424
411 622
411 526
411 658
411 593
411 663
411 477
411 583
412 530
412 532
412 475
412 417
412 412
412 670
413 685
413 439
413 698
413 596
413 692
413 414
413 629
413 567
413 559
413 680
413 413
413 425
413 538
413 531
413 667
414 439
414 559
414 567
414 692
414 629
414 414
414 625
414 685
414 449
414 680
414 425
414 698
414 596
414 500
415 628
415 682
415 548
415 674
415 627
415 415
415 546
415 686
416 666
416 631
416 697
416 565
416 555
416 452
417 457
417 530
417 532
417 539
417 670
417 482
418 440
418 553
418 486
418 499
418 632
418 463
418 511
418 618
418 604
418 698
418 560
418 579
418 491
419 615
419 521
419 669
419 490
419 503
419 493
419 452
419 677
419 683
419 637
419 638
420 535
420 434
420 552
420 537
420 601
420 471
420 699
420 506
421 689
421 551
421 421
421 467
421 554
421 448
421 607
422 643
422 541
422 422
422 459
422 482
423 525
423 423
423 577
423 597
423 698
423 592
424 641
424 576
424 488
424 638
425 567
425 559
425 596
425 680
425 500
425 692
425 629
425 625
425 425
425 698
426 543
426 461
426 483
426 547
426 568
426 595
426 534
426 486
427 664
427 667
427 668
427 474
427 437
427 656
427 533
427 691
428 519
428 659
428 624
428 428
428 447
428 484
428 466
429 644
429 454
429 544
429 566
429 431
430 498
430 523
430 614
430 640
430 430
430 582
430 580
430 455
430 506
431 644
431 454
431 431
431 588
432 537
432 471
432 693
432 506
432 434
432 601
432 616
432 446
432 451
433 491
433 499
433 560
433 486
433 632
433 463
433 579
434 537
434 552
434 672
434 693
434 601
434 535
434 506
435 517
435 648
435 655
435 540
435 465
435 524
435 435
435 512
436 662
436 691
436 436
436 501
436 586
436 513
436 572
436 584
436 467
437 667
437 668
437 437
437 533
437 443
437 469
437 474
438 519
438 659
438 484
438 599
438 624
438 450
439 680
439 685
439 559
439 692
439 439
439 625
439 470
439 698
439 676
440 632
440 491
440 579
440 604
440 553
440 463
440 511
441 513
441 691
441 613
441 589
441 441
441 584
442 570
442 442
442 529
442 446
442 472
442 603
442 609
443 651
443 533
443 667
443 668
443 469
443 474
444 492
444 481
444 457
444 478
444 542
444 444
444 464
444 479
444 597
444 683
445 533
445 664
445 668
445 656
445 478
446 570
446 603
446 612
446 446
446 657
446 472
446 473
446 609
447 519
447 447
447 610
447 659
447 484
447 450
447 628
447 466
447 624
448 649
448 564
448 551
448 581
448 633
449 673
449 684
449 639
449 504
449 529
449 480
450 519
450 599
450 514
451 574
451 495
451 642
451 671
451 496
452 666
452 555
452 631
452 697
452 565
452 688
453 563
453 696
453 571
453 456
453 687
453 608
453 675
453 591
453 470
453 602
454 575
454 544
454 617
454 695
454 588
454 569
455 523
455 580
455 652
455 455
455 623
455 611
456 687
456 561
456 571
456 622
456 696
456 470
456 619
456 693
456 608
457 542
457 492
457 478
457 479
457 464
457 689
458 557
458 562
458 598
458 505
458 508
458 458
458 507
458 699
458 548
459 643
459 541
459 545
459 700
459 459
460 677
460 550
460 683
460 669
460 460
460 521
460 626
460 493
460 637
461 568
461 543
461 547
461 604
461 483
462 642
462 671
462 574
462 495
463 553
463 560
463 463
463 497
463 557
463 499
464 542
464 578
464 492
464 464
464 591
464 605
464 478
464 479
465 524
465 653
465 655
465 540
465 512
465 501
466 484
466 599
466 466
466 580
466 610
467 596
467 662
467 538
467 691
467 589
467 613
467 586
467 513
468 481
468 646
468 620
468 597
468 526
468 666
469 542
469 606
469 687
469 539
469 651
469 474
470 675
470 687
470 561
470 571
470 696
470 591
470 602
470 622
471 535
471 672
471 693
471 471
472 529
472 660
472 630
472 473
472 609
472 491
472 671
473 660
473 609
473 603
473 612
474 664
474 656
474 668
475 531
475 532
475 670
475 485
476 643
476 541
476 545
476 476
476 603
477 583
477 590
477 487
478 542
478 605
478 578
478 509
479 578
479 605
479 542
479 489
479 492
479 522
480 684
480 504
480 512
481 568
481 578
481 605
481 489
482 541
482 700
482 482
482 557
483 650
483 483
484 544
484 519
484 624
485 531
485 532
485 539
485 485
486 560
486 491
486 486
486 497
486 579
486 632
487 663
487 487
487 590
487 583
488 641
488 488
488 636
489 542
489 578
489 595
489 492
489 687
489 558
490 677
490 683
490 503
490 550
490 637
490 493
490 669
491 553
491 560
491 632
491 491
491 618
492 542
492 595
492 492
493 521
493 677
493 683
493 638
493 669
493 681
494 598
494 498
494 508
494 494
495 642
495 671
495 585
495 647
496 671
496 585
496 574
497 553
497 579
497 632
497 497
497 604
497 618
497 505
497 511
498 543
498 562
499 553
499 560
499 499
499 573
499 632
500 559
500 698
500 596
500 692
500 500
500 582
501 513
501 538
501 691
501 572
501 586
502 645
502 534
502 516
502 522
502 603
503 521
503 677
503 683
503 669
503 550
503 638
504 673
504 606
504 684
504 665
504 639
505 657
505 507
505 505
506 537
506 616
506 693
507 657
507 557
507 562
507 508
508 557
508 562
508 656
509 524
509 653
509 536
509 509
510 645
510 516
510 661
510 635
511 560
511 604
511 618
512 517
512 524
512 540
512 653
512 698
513 662
513 584
513 613
513 538
513 513
513 674
513 691
513 572
513 586
514 514
514 558
514 679
514 654
514 587
514 569
514 528
515 679
515 528
515 573
515 587
515 537
515 654
515 558
515 600
516 645
516 647
516 522
516 661
516 635
516 676
516 516
517 540
517 536
517 524
517 653
517 648
517 686
517 655
518 681
518 678
518 556
518 698
518 699
519 610
519 659
519 599
520 520
520 641
520 576
520 675
521 669
521 550
521 637
521 677
521 683
522 647
522 522
522 635
522 534
522 676
523 523
523 623
523 582
523 652
523 580
523 611
524 536
524 524
524 653
524 648
524 626
524 540
525 646
525 620
525 615
525 525
525 577
525 597
526 590
526 583
526 593
526 658
526 663
527 628
527 546
527 634
527 682
527 674
527 690
527 578
527 548
528 558
528 573
528 600
529 603
529 529
529 570
529 612
529 581
529 660
530 539
530 670
530 532
530 530
530 531
531 698
531 545
531 532
532 532
533 656
533 667
533 668
534 647
534 661
534 676
534 635
535 672
535 693
535 601
535 640
535 552
536 655
536 540
536 584
537 672
537 693
537 552
537 616
538 586
538 662
538 584
539 670
540 653
540 540
541 675
541 700
542 578
542 595
542 605
543 650
543 547
544 644
544 594
544 566
544 695
544 588
544 617
545 700
546 549
546 627
546 548
546 628
546 682
546 690
546 634
547 650
547 547
547 568
548 690
548 682
548 674
548 549
548 634
549 690
549 627
549 682
549 674
549 628
549 549
550 637
550 683
550 550
550 677
550 638
551 578
551 649
551 607
551 564
551 689
551 581
552 616
552 601
553 632
553 604
553 553
553 560
553 579
554 564
554 607
554 689
554 694
555 565
555 555
555 688
555 697
556 678
557 557
557 562
557 598
558 654
558 679
558 587
558 600
559 629
559 625
559 698
559 567
560 579
560 618
561 675
561 608
561 687
561 563
561 602
561 696
561 561
561 622
562 657
562 598
563 675
563 687
563 591
563 622
563 602
563 619
563 696
563 608
564 649
564 564
564 607
564 634
565 688
565 565
565 697
565 586
566 644
566 594
566 569
566 617
566 566
566 633
567 692
567 685
567 698
567 567
567 629
567 598
567 610
568 650
568 684
568 627
569 646
569 644
569 695
569 617
570 660
570 570
570 612
570 630
571 675
571 687
571 602
571 622
571 696
571 591
571 608
571 648
571 655
572 662
572 691
572 572
572 584
572 589
573 592
573 573
573 600
573 587
574 671
574 574
574 585
575 646
575 615
575 620
575 575
575 592
577 646
577 620
577 592
577 621
578 595
578 593
579 604
579 632
579 579
579 618
580 652
580 582
580 640
580 580
580 623
581 673
581 649
581 694
581 627
581 633
582 652
582 614
583 658
583 663
583 593
584 613
584 662
584 584
584 589
585 642
585 671
585 585
586 691
586 613
587 679
587 587
588 695
588 617
588 594
589 662
589 691
589 613
589 589
590 649
591 640
591 675
591 696
591 619
591 595
591 602
591 695
592 620
592 646
592 615
592 621
593 658
593 663
594 644
594 695
595 605
596 680
596 685
596 698
596 692
596 629
597 615
597 620
598 657
598 598
599 659
599 680
599 624
600 654
600 600
600 679
601 672
601 693
601 616
602 696
602 619
602 622
603 630
603 603
603 660
603 609
604 618
605 605
606 684
606 673
607 694
607 607
607 633
608 696
608 677
609 660
609 630
610 659
611 652
611 623
611 640
611 614
612 660
612 630
613 691
613 676
614 652
614 623
615 646
616 693
616 616
616 645
617 695
617 617
618 632
619 675
619 687
619 696
619 622
619 619
620 626
621 646
621 621
622 622
623 640
624 659
624 662
625 680
625 625
626 669
626 683
626 664
627 674
627 682
627 686
628 674
628 682
628 686
628 690
629 685
629 692
630 660
630 630
631 688
631 697
631 631
631 658
633 694
633 689
634 674
634 682
634 690
634 656
635 645
635 647
635 661
636 636
636 641
637 677
637 683
637 638
638 669
638 677
639 665
639 684
640 685
640 652
641 641
642 642
642 671
643 643
644 695
644 644
645 645
645 676
647 661
647 676
648 655
648 648
648 653
649 649
649 694
651 664
651 668
651 651
651 656
651 667
652 652
653 655
653 696
654 679
656 656
656 664
656 667
660 660
661 676
661 700
662 691
664 669
664 667
664 668
665 684
665 673
666 666
668 692
669 683
669 677
672 693
673 697
673 684
674 690
674 682
675 687
675 675
675 696
676 676
677 696
677 683
678 681
678 699
680 680
680 685
681 681
682 690
685 698
685 685
685 692
686 690
687 696
687 687
688 697
689 689
689 694
692 698
694 694
695 695
699 699
