700 2238
1 556
1 169
1 594
1 325
1 307
1 620
2 256
2 84
2 261
2 554
2 334
2 263
2 451
2 252
3 385
3 264
3 696
3 3
3 7
3 396
3 512
4 590
4 30
4 668
4 422
4 259
4 542
4 312
5 476
5 559
5 378
5 245
5 668
5 656
5 159
5 32
6 130
6 626
6 44
6 118
6 95
6 267
6 549
6 236
7 355
7 419
7 138
7 612
7 683
7 377
8 57
8 643
8 634
8 484
8 36
8 60
8 329
8 82
9 453
9 390
9 9
9 539
9 149
9 289
10 395
10 367
10 387
10 175
10 471
10 182
11 650
11 529
11 435
11 318
11 175
11 174
11 687
11 564
11 440
12 103
12 73
12 346
12 206
12 501
12 578
12 589
12 372
12 264
13 286
13 666
13 47
13 654
13 202
13 66
14 547
14 14
14 512
14 228
14 680
14 234
15 392
15 253
15 144
15 198
15 238
15 428
15 61
15 452
16 118
16 626
16 298
16 684
16 619
17 515
17 527
17 582
17 183
17 373
17 659
17 583
17 74
17 357
17 679
18 309
18 432
18 18
18 205
19 280
19 279
19 641
19 370
19 388
20 537
20 479
20 264
20 108
20 219
20 282
20 507
21 539
21 55
21 321
21 599
21 450
21 320
22 227
22 662
22 300
22 677
22 533
22 540
22 460
23 226
23 466
23 217
23 567
23 286
24 134
24 173
24 416
24 290
24 124
24 160
24 421
24 199
24 475
24 510
25 543
25 261
25 468
25 661
25 691
26 576
26 96
26 253
26 603
26 375
26 196
27 291
27 134
27 141
27 472
27 273
28 143
28 278
28 58
28 600
28 110
28 43
28 326
29 299
29 492
29 637
29 617
29 581
29 439
29 428
30 590
30 481
30 621
30 110
30 685
30 561
30 463
30 116
31 516
31 146
31 445
31 262
31 78
31 359
31 143
32 32
32 221
32 581
32 301
32 326
33 522
33 322
33 292
33 368
33 396
33 380
34 79
34 143
34 326
34 209
34 305
34 306
34 632
34 217
35 148
35 545
35 356
35 486
35 192
35 688
36 674
36 141
36 140
36 172
37 268
37 665
37 413
37 95
37 516
37 299
37 605
37 60
38 535
38 321
38 599
38 236
38 370
38 606
39 575
39 490
39 171
39 594
39 651
39 313
39 479
39 341
39 219
39 595
40 270
40 665
40 637
40 511
40 191
40 458
40 605
40 95
41 577
41 528
41 187
41 604
41 66
41 93
41 366
42 483
42 89
42 215
42 505
42 673
42 430
42 459
42 255
43 91
43 600
43 143
43 88
43 436
44 656
44 289
44 411
44 643
44 245
44 120
44 257
44 79
45 375
45 199
45 424
45 386
45 544
46 388
46 403
46 424
46 262
46 456
47 139
47 687
47 564
47 241
47 192
48 288
48 185
48 629
48 48
48 194
49 296
49 297
49 54
49 429
49 589
49 445
49 596
49 616
49 381
50 277
50 636
50 393
50 186
50 492
50 360
50 640
50 632
50 672
51 544
51 547
51 154
51 624
51 201
51 700
51 110
51 444
52 324
52 562
52 72
52 241
52 441
52 491
52 504
53 646
53 535
53 236
53 471
53 113
53 319
53 94
53 98
54 293
54 296
54 90
54 233
54 381
55 321
55 203
55 331
55 417
56 272
56 155
56 183
56 225
56 548
56 278
57 271
57 417
57 189
57 298
57 71
58 147
58 157
58 546
58 539
59 372
59 354
59 73
59 394
59 456
59 449
59 489
60 649
60 666
60 658
60 189
61 161
61 469
61 144
61 85
62 647
62 303
62 445
62 296
62 615
62 140
62 397
62 682
63 642
63 274
63 536
63 266
63 330
64 655
64 553
64 434
64 459
64 285
65 175
65 465
65 177
65 395
65 171
65 69
66 435
66 302
66 318
66 240
66 502
66 628
67 666
67 698
67 649
67 695
67 285
68 240
68 691
68 184
68 382
68 476
69 387
69 367
69 382
69 171
69 454
69 465
70 515
70 188
70 91
70 659
70 325
70 351
71 634
71 484
71 695
71 514
71 613
72 109
72 455
72 424
72 73
72 76
73 681
73 73
73 589
73 81
73 476
73 283
73 571
74 275
74 280
74 188
74 146
75 168
75 295
75 270
75 299
75 324
75 400
76 397
76 566
76 586
76 520
76 373
77 394
77 510
77 397
77 680
77 674
78 229
78 554
78 386
78 569
79 565
79 326
79 328
80 666
80 613
80 82
80 591
80 290
80 484
80 235
80 237
80 508
81 111
81 593
81 449
81 294
82 658
82 695
82 423
82 484
82 407
82 399
83 611
83 501
83 83
83 533
84 524
84 537
84 164
84 451
84 592
84 253
85 659
85 524
85 642
85 525
86 334
86 694
86 86
86 598
87 263
87 661
87 592
87 87
87 252
88 489
88 291
88 585
88 90
88 674
89 553
89 170
89 89
89 93
90 658
90 297
90 445
90 585
90 202
90 363
91 659
91 188
91 582
92 333
92 657
92 667
92 446
92 450
92 587
92 357
92 440
93 255
93 604
93 567
94 320
94 203
94 638
94 495
95 637
95 121
95 541
95 161
96 195
96 620
96 96
96 627
97 266
97 200
97 686
97 536
97 131
98 281
98 471
98 646
98 478
99 387
99 526
99 523
99 395
99 460
100 222
100 567
100 595
100 217
100 632
100 625
100 379
101 425
101 197
101 109
101 146
101 536
101 215
102 520
102 442
102 631
102 651
102 700
103 579
103 103
103 353
103 489
103 148
103 334
103 209
104 129
104 153
104 104
104 312
105 689
105 598
105 440
105 178
105 473
106 579
106 206
106 476
106 449
106 601
106 248
107 593
107 136
107 204
107 217
107 222
108 664
108 482
108 396
108 405
109 257
109 132
109 610
109 302
109 234
110 418
110 538
110 506
110 494
110 367
111 681
111 578
111 346
111 325
112 393
112 408
112 415
112 690
112 443
112 636
112 485
113 169
113 172
113 551
113 113
113 422
114 123
114 224
114 129
114 273
114 486
115 146
115 197
115 610
115 243
115 198
116 129
116 156
116 550
116 604
117 422
117 561
117 117
117 276
118 206
118 149
118 657
119 653
119 669
119 166
119 158
119 394
119 639
119 511
120 390
120 656
120 411
120 340
120 629
121 268
121 162
121 295
121 389
122 543
122 265
122 273
122 153
122 508
122 663
123 657
123 450
123 243
123 607
124 462
124 200
124 383
124 657
125 443
125 646
125 471
125 331
125 414
126 220
126 647
126 477
126 596
126 692
126 523
127 290
127 364
127 685
127 312
127 579
128 271
128 471
128 190
128 369
128 680
129 273
129 577
129 597
129 224
129 364
130 378
130 245
130 684
130 582
130 238
131 359
131 196
131 352
131 365
131 571
131 193
131 335
131 362
131 693
131 405
132 474
132 607
132 450
132 191
132 201
133 216
133 670
133 158
133 191
133 686
133 410
133 493
133 381
134 510
134 173
134 249
134 140
134 485
135 345
135 613
135 505
135 528
135 651
135 430
135 565
135 215
135 465
136 379
136 697
136 246
136 671
136 399
136 555
137 197
137 264
137 138
137 513
137 222
138 277
138 264
138 216
138 664
138 499
138 156
139 654
139 174
139 440
139 244
139 529
139 317
140 337
140 457
140 694
141 269
141 173
141 199
141 634
141 337
141 517
142 316
142 310
142 239
142 611
142 315
143 312
143 546
143 597
143 147
143 157
143 395
144 161
144 603
144 426
144 475
145 645
145 145
145 166
145 186
145 493
145 639
146 384
146 587
147 418
147 163
147 609
147 278
148 486
148 674
148 662
148 534
148 285
148 688
149 390
149 298
149 660
149 328
150 238
150 362
150 438
150 683
150 427
150 359
151 273
151 287
151 347
151 597
151 218
152 516
152 400
152 532
152 624
152 622
152 700
152 429
152 694
152 317
153 522
153 322
153 463
153 287
153 327
154 285
154 400
154 700
154 624
154 274
154 544
155 272
155 280
155 275
155 309
155 583
156 247
156 621
156 699
157 328
157 209
157 307
158 669
158 259
158 639
158 168
158 208
159 289
159 626
159 159
159 549
159 315
160 457
160 694
160 431
160 659
160 475
161 603
161 426
161 428
161 185
162 268
162 637
162 552
162 494
162 618
162 288
163 636
163 534
163 233
163 463
164 543
164 588
164 261
164 580
164 336
165 452
165 363
165 629
165 194
165 304
165 428
166 259
166 645
166 216
166 697
167 692
167 636
167 415
167 186
167 434
167 425
167 573
168 413
168 665
168 481
169 623
169 313
169 306
169 171
169 305
169 180
170 623
170 187
170 505
170 434
170 228
170 459
171 172
171 533
171 455
171 338
171 348
172 339
172 305
172 602
172 366
172 612
172 569
172 535
173 269
173 416
173 199
173 475
173 466
174 538
174 650
174 212
174 689
174 178
174 435
175 523
175 209
176 488
176 267
176 238
176 411
176 228
177 336
177 307
177 608
177 691
177 246
178 344
178 376
178 654
178 218
179 301
179 523
179 323
179 179
180 448
180 338
180 602
180 537
180 575
181 516
181 400
181 671
181 432
181 340
182 242
182 523
182 323
182 597
182 184
182 465
183 641
183 582
183 212
184 473
184 406
184 523
184 342
184 213
185 254
185 198
185 683
185 629
186 579
186 310
186 542
187 669
187 444
187 410
188 659
188 641
188 280
188 691
189 189
189 635
189 508
189 250
189 604
190 438
190 352
190 495
190 500
190 232
191 259
191 427
191 437
191 601
191 633
192 650
192 687
192 695
192 598
193 359
193 628
193 438
193 202
193 196
194 620
194 198
194 381
195 254
195 620
195 603
195 636
195 452
195 627
196 681
196 352
196 330
197 197
198 515
199 431
199 475
199 510
200 258
200 266
200 406
200 203
200 462
201 311
201 243
201 671
201 223
202 202
202 375
202 512
203 411
203 319
203 663
203 274
203 471
204 218
204 377
204 284
204 211
204 374
205 671
205 423
205 532
205 400
205 665
205 624
205 562
206 346
206 589
207 354
207 430
207 604
207 444
207 283
207 625
208 286
208 548
208 210
208 415
209 416
209 320
209 221
210 229
210 670
210 210
210 212
210 493
211 537
211 588
211 336
211 592
211 653
212 669
212 548
212 670
212 676
213 454
213 608
213 240
213 325
214 520
214 234
214 680
214 214
215 530
215 528
216 427
216 286
216 395
217 697
217 555
217 373
218 284
218 486
219 371
219 638
219 619
219 606
219 231
220 662
220 677
220 615
220 574
221 306
221 632
221 455
222 226
222 621
222 625
223 591
223 257
223 311
223 592
224 509
224 273
224 283
224 393
224 364
225 583
225 464
225 275
225 487
226 318
226 284
226 449
227 688
227 609
227 519
227 556
228 533
228 556
228 575
228 376
228 635
228 531
229 427
229 276
229 645
229 598
230 268
230 263
230 501
230 569
230 593
230 581
231 693
231 231
231 550
232 686
232 343
232 498
232 673
233 431
233 568
233 359
233 369
234 679
234 467
235 417
235 613
235 698
235 438
236 525
236 646
237 698
237 237
237 402
237 282
238 411
238 289
239 316
239 360
239 692
239 519
240 523
240 332
241 424
241 388
241 528
242 419
242 355
242 696
242 396
242 507
242 379
243 610
243 551
244 425
244 692
244 316
244 415
244 497
244 587
244 502
245 267
245 439
246 518
246 625
246 355
247 589
247 568
247 550
247 279
248 497
248 345
248 394
248 537
248 408
249 278
249 436
249 332
249 378
250 265
250 283
250 364
250 342
251 601
251 574
251 534
251 609
251 449
252 543
252 592
252 527
252 495
253 392
253 452
254 355
254 620
254 614
255 540
255 553
255 308
256 537
256 256
256 301
256 624
256 284
257 384
257 474
257 616
258 614
258 672
258 266
258 351
258 405
258 676
258 558
259 670
259 259
259 391
259 276
259 648
259 678
259 481
260 393
260 425
260 488
260 692
260 682
260 415
260 295
260 618
261 261
261 588
261 552
262 305
262 386
262 351
262 562
263 661
263 524
263 648
264 521
264 282
264 675
265 380
265 322
265 513
265 597
265 342
265 364
265 368
265 509
266 343
266 690
266 673
267 626
267 289
267 360
268 492
268 413
268 461
268 382
269 572
269 485
269 486
270 530
270 458
270 665
270 699
271 666
271 658
271 649
271 698
271 566
272 659
272 503
272 451
273 286
274 462
274 618
274 420
274 478
275 279
275 659
275 370
275 518
275 583
276 286
276 276
276 674
276 496
277 401
277 277
278 600
279 497
279 527
279 389
279 409
280 641
280 582
280 566
281 321
281 443
281 619
281 311
281 638
282 385
282 499
283 577
283 342
283 522
283 347
284 470
284 518
285 534
285 609
285 486
286 427
286 391
286 458
287 360
287 342
287 371
287 322
287 509
288 344
288 629
288 363
288 426
288 469
289 390
289 594
290 325
290 412
290 457
290 334
290 424
291 409
291 297
291 303
291 296
292 327
292 577
292 292
293 303
293 616
293 477
293 314
293 296
293 585
294 486
294 300
294 677
294 594
294 574
294 388
294 478
295 530
295 617
295 552
296 447
296 383
296 622
297 308
297 604
297 429
297 375
297 614
298 356
298 549
298 600
299 414
299 665
299 645
299 605
299 610
300 677
300 688
300 412
300 574
300 333
301 584
301 581
302 656
302 487
302 564
303 647
303 669
303 477
303 616
304 491
304 352
304 568
304 397
305 433
305 594
306 631
306 447
306 436
307 367
307 328
308 688
308 446
308 381
308 681
309 404
309 314
309 554
309 592
309 342
310 393
310 690
310 530
310 360
311 446
311 657
311 477
311 450
311 421
312 621
312 570
313 533
313 490
313 458
313 380
314 648
314 537
314 554
314 397
314 336
314 468
315 337
315 685
315 526
316 573
316 488
316 633
317 361
317 529
317 440
318 529
318 440
319 599
319 443
319 338
320 450
320 646
320 606
320 536
320 676
321 443
321 331
322 507
323 605
323 519
323 521
323 523
323 395
323 367
324 650
324 440
324 435
325 634
326 468
327 602
327 522
327 681
327 342
328 349
328 436
328 632
329 658
329 666
329 643
329 350
329 430
330 549
330 469
330 531
330 648
331 574
331 619
331 549
331 638
331 480
332 436
332 332
332 691
333 677
333 560
333 534
334 572
334 522
335 568
335 369
335 365
335 358
336 543
336 339
337 337
338 575
338 338
338 490
339 439
339 554
339 648
339 673
340 472
340 557
340 562
340 576
341 642
341 679
341 442
341 467
342 347
342 380
343 343
343 515
344 650
344 598
344 529
344 442
345 449
345 589
345 578
345 354
345 619
346 394
346 589
346 388
346 627
347 522
347 384
347 435
348 548
348 348
348 502
348 612
349 545
349 532
349 671
349 448
350 394
350 589
350 593
350 579
350 545
350 497
351 386
351 569
351 455
352 678
352 628
353 449
353 668
353 422
353 480
354 394
354 579
355 396
355 696
355 479
356 540
356 560
356 574
356 657
357 660
357 607
357 610
358 532
358 418
358 547
358 563
358 521
358 506
359 644
359 362
359 463
360 655
360 640
361 391
361 656
361 559
361 549
361 572
362 365
362 427
363 563
363 392
364 387
365 644
365 568
366 459
366 434
366 556
367 382
368 692
368 541
368 450
369 441
369 433
370 659
370 541
370 464
370 503
371 588
371 471
371 583
372 476
372 578
372 391
372 687
373 505
373 377
374 412
374 466
374 470
374 388
375 447
375 630
376 687
376 689
376 564
377 675
377 625
378 552
378 404
378 631
378 558
378 567
379 567
379 399
380 522
381 429
382 454
383 464
383 420
383 558
384 474
384 607
384 572
385 513
385 517
385 652
385 678
385 479
386 460
386 558
386 569
386 455
387 526
387 387
388 389
388 576
389 557
389 408
389 403
389 455
390 626
390 559
390 391
391 437
391 645
391 669
391 410
392 603
392 633
393 640
393 643
393 425
393 611
393 503
393 695
394 489
395 507
396 513
396 664
396 542
396 621
397 520
397 580
398 623
398 533
398 551
398 433
398 448
398 602
399 667
399 675
399 470
400 538
400 539
401 692
401 488
401 611
401 648
401 408
401 652
402 642
402 525
402 580
402 670
402 586
402 462
403 424
403 491
403 681
404 648
404 588
404 524
404 554
405 498
405 614
405 461
406 672
406 406
406 676
407 582
407 446
407 407
407 608
408 655
408 611
408 690
408 692
409 409
409 641
410 653
410 548
410 569
410 639
410 451
410 684
411 411
412 412
412 472
412 483
413 665
413 413
413 618
414 665
414 530
414 492
414 610
414 490
415 655
415 542
416 700
416 607
416 472
417 417
417 487
417 573
417 591
418 506
418 473
419 517
419 584
419 574
420 662
420 500
420 468
420 462
421 457
421 431
421 572
421 485
422 480
423 516
423 532
423 661
423 563
423 448
424 501
424 460
425 640
426 452
426 482
426 428
426 646
426 500
427 669
427 491
427 436
429 429
430 504
430 565
430 456
431 694
432 516
432 547
432 544
432 473
432 555
433 649
433 533
433 635
433 652
433 612
433 514
434 482
434 673
434 444
435 677
436 546
436 581
437 645
437 437
438 644
438 458
439 530
439 511
439 617
440 650
441 506
441 531
441 542
442 514
442 651
442 525
442 631
443 583
443 652
444 564
444 528
445 647
446 610
447 622
447 447
447 616
448 538
448 544
449 653
449 579
449 453
450 474
451 661
452 663
453 681
453 593
453 497
454 454
454 496
455 682
456 553
456 457
456 604
457 509
458 618
458 511
459 682
459 510
459 483
460 460
461 672
461 558
461 536
462 614
462 478
463 463
464 541
464 583
465 526
465 608
466 675
466 470
466 555
467 586
467 642
467 680
467 684
468 592
468 554
468 647
469 620
469 603
470 555
470 575
472 572
473 539
473 563
474 667
474 594
475 533
476 579
476 681
476 497
477 647
477 510
477 494
478 536
479 652
479 633
479 586
480 693
480 699
481 542
481 668
482 507
482 652
482 584
482 691
483 661
483 505
484 637
485 694
486 534
486 654
487 591
487 643
487 634
488 655
489 578
490 556
491 492
491 504
493 645
493 538
493 499
494 678
494 683
495 678
495 568
496 532
496 651
496 680
496 566
498 560
498 676
498 524
499 633
499 584
499 507
500 670
500 544
501 557
501 562
502 630
502 598
503 582
503 659
504 557
504 569
504 686
506 532
508 649
508 591
508 677
508 557
509 663
511 617
512 512
513 521
513 696
513 644
514 642
514 586
515 641
515 582
516 538
516 671
516 563
517 637
517 584
517 664
518 595
518 555
518 611
519 519
519 574
519 545
519 674
520 566
520 631
520 575
520 679
521 584
522 522
523 608
523 526
524 543
524 661
525 586
526 666
527 541
527 527
528 553
528 688
529 548
531 580
531 683
532 544
533 654
533 623
534 615
534 540
535 573
535 664
535 646
535 663
536 672
536 686
537 543
539 700
540 662
541 641
541 650
543 648
544 563
544 651
545 662
545 601
545 560
546 600
546 616
546 632
547 690
547 547
547 644
548 670
548 669
549 626
549 684
550 699
550 550
550 683
551 575
551 623
551 687
552 605
552 665
553 565
553 554
554 648
555 567
556 640
556 675
556 680
557 569
558 686
559 684
559 622
560 662
560 674
561 641
561 671
561 619
561 621
564 592
565 643
565 668
567 697
568 628
570 668
570 590
570 570
570 697
571 685
571 693
571 699
573 636
573 692
575 634
575 602
576 576
577 597
577 606
578 589
578 669
578 665
579 593
580 680
584 652
585 585
587 657
587 607
590 699
590 679
591 634
591 695
591 658
593 639
593 681
595 647
595 595
596 596
596 630
596 655
597 681
599 698
599 688
601 615
601 682
605 617
605 618
605 699
606 646
607 660
609 674
609 615
609 643
610 696
612 612
613 649
613 698
615 677
617 695
622 633
626 656
627 627
628 644
630 647
630 630
635 660
635 654
638 692
643 695
643 658
645 645
645 653
646 663
648 661
649 698
651 679
651 680
652 696
653 669
657 667
660 667
668 693
669 670
672 673
685 693
689 689
690 690
695 698
