700 9953
1 686
1 698
1 151
1 529
1 324
1 247
1 9
1 575
1 270
1 4
1 649
1 524
1 377
1 632
1 597
1 191
1 337
1 14
1 113
1 34
1 1
1 115
1 642
1 561
1 643
1 472
1 233
1 169
1 229
1 88
1 418
2 300
2 475
2 218
2 360
2 684
2 2
2 550
2 441
2 390
2 590
2 166
2 263
2 672
2 36
2 326
2 551
2 603
2 181
2 162
2 242
2 237
2 679
2 410
2 144
2 683
2 334
2 88
3 95
3 241
3 367
3 354
3 519
3 611
3 393
3 650
3 156
3 3
3 158
3 214
3 287
3 206
3 96
3 222
3 111
3 371
3 658
3 630
3 507
3 580
3 129
3 660
3 347
3 123
3 244
3 659
3 330
3 585
4 643
4 4
4 191
4 377
4 233
4 524
4 270
4 351
4 113
4 337
4 247
4 632
4 472
4 698
4 575
4 597
4 324
4 151
4 510
4 14
4 413
4 53
4 268
4 649
4 529
4 34
4 412
4 312
4 232
5 5
5 236
5 190
5 271
5 53
5 17
5 608
5 407
5 617
5 339
5 471
5 210
5 572
5 490
5 588
5 130
5 92
5 631
5 243
5 246
5 102
5 383
5 526
5 623
5 564
5 570
5 480
5 104
5 61
5 398
5 357
5 269
5 146
5 173
6 147
6 690
6 455
6 641
6 327
6 264
6 598
6 103
6 51
6 439
6 637
6 468
6 153
6 494
6 18
6 348
6 240
6 6
6 35
6 485
6 89
6 656
6 149
6 380
6 268
6 409
6 32
6 546
6 253
7 96
7 670
7 642
7 386
7 262
7 7
7 29
7 440
7 136
7 277
7 125
7 673
7 404
7 687
7 664
7 20
7 382
7 396
7 531
7 164
7 509
7 372
7 432
7 562
7 139
7 402
7 532
7 121
7 131
8 303
8 338
8 182
8 629
8 178
8 607
8 95
8 476
8 674
8 438
8 11
8 90
8 13
8 580
8 380
8 470
8 193
8 375
8 302
8 448
8 8
8 342
8 378
8 208
8 425
8 569
9 643
9 151
9 632
9 351
9 34
9 247
9 698
9 510
9 337
9 270
9 9
9 524
9 191
9 649
9 575
9 14
9 597
9 472
9 529
9 324
9 182
9 318
9 631
9 102
9 542
9 439
9 544
9 469
10 514
10 329
10 477
10 142
10 281
10 75
10 61
10 621
10 623
10 488
10 67
10 599
10 252
10 500
10 359
10 10
10 498
10 87
10 626
10 576
10 308
10 499
10 335
10 522
10 58
10 60
10 65
10 520
10 562
10 426
11 303
11 11
11 425
11 476
11 338
11 90
11 193
11 604
11 182
11 435
11 438
11 380
11 375
11 580
11 95
11 448
11 674
11 609
11 302
11 470
11 360
11 262
11 319
11 13
11 178
11 270
11 34
11 644
11 511
11 641
11 37
12 207
12 251
12 647
12 392
12 523
12 185
12 618
12 369
12 335
12 71
12 155
12 283
12 12
12 527
12 548
12 450
12 173
12 516
12 231
12 276
12 331
12 461
12 136
12 657
12 662
12 314
12 221
13 303
13 338
13 607
13 674
13 609
13 629
13 90
13 182
13 380
13 178
13 448
13 375
13 95
13 302
13 425
13 13
13 580
13 604
13 476
13 169
13 124
13 306
13 435
13 438
13 470
13 87
13 97
13 549
14 649
14 524
14 233
14 472
14 191
14 14
14 151
14 377
14 698
14 597
14 113
14 34
14 575
14 632
14 337
14 247
14 643
14 529
14 521
14 433
14 24
14 270
14 351
14 510
14 634
15 644
15 421
15 350
15 482
15 414
15 633
15 180
15 159
15 223
15 353
15 557
15 15
15 127
15 24
15 416
15 478
15 124
15 582
15 378
15 107
15 591
15 250
15 636
15 181
15 94
15 362
16 258
16 397
16 376
16 70
16 163
16 638
16 345
16 114
16 491
16 16
16 290
16 309
16 436
16 364
16 460
16 333
16 408
16 365
16 434
16 205
16 118
16 284
16 492
16 647
16 688
16 363
16 121
16 218
17 575
17 130
17 271
17 53
17 480
17 572
17 17
17 490
17 407
17 588
17 243
17 564
17 246
17 190
17 471
17 339
17 210
17 102
17 570
17 104
17 269
17 134
17 438
17 92
17 608
17 617
17 236
17 631
17 565
17 605
17 501
18 93
18 489
18 641
18 264
18 268
18 51
18 409
18 153
18 485
18 439
18 468
18 240
18 697
18 18
18 35
18 494
18 253
18 374
18 637
18 327
18 524
18 200
18 627
18 546
18 598
18 89
18 348
19 388
19 395
19 272
19 533
19 379
19 77
19 686
19 31
19 19
19 462
19 343
19 352
19 593
19 108
19 502
19 57
19 117
19 98
19 74
19 383
19 622
19 476
19 321
19 370
19 535
19 52
19 359
19 423
19 540
19 427
19 389
19 449
19 158
20 535
20 628
20 220
20 499
20 642
20 386
20 139
20 396
20 402
20 659
20 136
20 673
20 164
20 382
20 687
20 404
20 121
20 262
20 125
20 174
20 664
20 230
20 334
20 506
20 277
20 531
20 508
20 23
21 646
21 135
21 143
21 690
21 248
21 695
21 279
21 496
21 204
21 306
21 479
21 228
21 78
21 361
21 325
21 21
21 177
21 147
21 452
21 610
21 567
21 490
21 191
21 262
21 83
21 615
21 638
21 111
22 406
22 444
22 238
22 269
22 405
22 209
22 504
22 585
22 584
22 660
22 349
22 141
22 122
22 84
22 336
22 636
22 549
22 198
22 320
22 109
22 428
22 73
22 242
22 414
22 397
22 552
22 199
22 100
22 232
22 497
23 351
23 624
23 115
23 611
23 401
23 275
23 278
23 23
23 311
23 332
23 558
23 39
23 188
23 370
23 689
23 501
23 616
23 154
23 606
23 82
23 506
23 469
23 214
23 426
23 81
23 596
23 219
23 225
23 356
23 640
24 644
24 521
24 416
24 223
24 421
24 353
24 557
24 633
24 107
24 378
24 159
24 350
24 582
24 362
24 24
24 256
24 482
24 124
24 591
24 689
24 138
24 261
24 414
24 180
24 478
24 127
24 450
25 700
25 445
25 257
25 132
25 261
25 259
25 140
25 146
25 291
25 131
25 25
25 27
25 467
25 556
25 537
25 536
25 505
25 418
25 157
25 474
25 260
25 243
25 281
25 271
25 200
25 465
26 192
26 385
26 522
26 357
26 466
26 372
26 299
26 625
26 489
26 215
26 203
26 456
26 445
26 62
26 138
26 66
26 64
26 26
26 619
26 592
26 220
26 600
26 607
26 91
26 197
26 69
26 463
26 254
26 620
26 412
27 629
27 691
27 122
27 257
27 131
27 260
27 517
27 132
27 259
27 400
27 536
27 537
27 265
27 140
27 291
27 474
27 261
27 341
27 157
27 200
27 467
27 247
27 145
27 358
27 418
27 465
27 505
28 102
28 133
28 273
28 464
28 586
28 451
28 28
28 415
28 458
28 79
28 541
28 545
28 459
28 700
28 99
28 292
28 431
28 235
28 227
28 511
28 85
28 112
28 267
28 408
28 669
28 671
28 677
28 176
28 505
29 78
29 446
29 634
29 642
29 262
29 136
29 139
29 402
29 277
29 404
29 532
29 664
29 531
29 174
29 125
29 509
29 396
29 440
29 659
29 382
29 164
29 189
29 304
29 117
29 673
29 121
29 355
29 334
29 332
30 186
30 666
30 413
30 568
30 312
30 251
30 355
30 295
30 547
30 280
30 612
30 30
30 358
30 487
30 600
30 195
30 217
30 47
30 249
30 321
30 699
30 523
30 36
30 564
30 165
30 171
30 44
31 388
31 395
31 272
31 535
31 462
31 108
31 622
31 98
31 686
31 52
31 675
31 77
31 383
31 533
31 379
31 343
31 57
31 352
31 593
31 74
31 31
31 465
31 391
31 486
31 117
31 452
32 481
32 250
32 641
32 264
32 268
32 409
32 374
32 546
32 494
32 35
32 32
32 598
32 253
32 240
32 327
32 103
32 439
32 697
32 153
32 468
32 128
32 213
32 211
32 348
32 637
32 150
32 232
33 204
33 274
33 403
33 410
33 284
33 289
33 512
33 212
33 310
33 80
33 315
33 432
33 93
33 192
33 569
33 316
33 577
33 553
33 595
33 627
33 483
33 33
33 373
33 421
33 280
33 536
34 643
34 649
34 524
34 270
34 151
34 510
34 247
34 34
34 632
34 351
34 472
34 377
34 191
34 113
34 324
34 698
34 337
34 133
34 320
34 575
34 597
34 630
34 659
35 211
35 641
35 268
35 409
35 348
35 51
35 327
35 637
35 546
35 494
35 89
35 468
35 439
35 264
35 253
35 697
35 240
35 485
35 103
35 397
35 651
35 691
35 598
35 374
36 170
36 175
36 172
36 349
36 263
36 551
36 300
36 441
36 683
36 237
36 166
36 181
36 678
36 88
36 326
36 550
36 162
36 36
36 475
36 215
36 670
36 379
36 684
36 590
36 334
37 180
37 119
37 144
37 530
37 150
37 149
37 538
37 539
37 670
37 288
37 473
37 554
37 285
37 167
37 668
37 68
37 245
37 424
37 453
37 37
37 319
37 175
37 307
37 54
37 128
38 377
38 510
38 671
38 266
38 399
38 562
38 461
38 443
38 503
38 624
38 587
38 196
38 447
38 40
38 186
38 229
38 172
38 216
38 184
38 56
38 694
38 38
38 225
38 654
38 560
38 211
38 614
38 126
39 401
39 275
39 278
39 81
39 225
39 596
39 426
39 332
39 506
39 82
39 640
39 356
39 616
39 311
39 188
39 370
39 48
39 219
39 501
39 689
39 606
39 383
39 599
39 690
40 399
40 266
40 447
40 503
40 694
40 624
40 562
40 614
40 216
40 443
40 186
40 40
40 437
40 56
40 126
40 211
40 587
40 499
40 196
40 229
40 256
40 685
40 115
40 560
40 184
40 384
40 603
41 528
41 403
41 410
41 284
41 289
41 553
41 483
41 192
41 80
41 315
41 93
41 627
41 310
41 41
41 595
41 512
41 212
41 492
41 274
41 316
41 105
41 272
41 146
41 365
41 432
41 569
41 577
41 250
41 566
41 663
42 325
42 671
42 544
42 422
42 189
42 213
42 46
42 571
42 493
42 340
42 594
42 601
42 605
42 444
42 639
42 696
42 238
42 373
42 484
42 682
42 42
42 156
42 249
42 371
42 97
42 101
43 190
43 513
43 387
43 391
43 520
43 526
43 161
43 679
43 676
43 420
43 457
43 318
43 43
43 293
43 170
43 112
43 208
43 381
43 620
43 574
43 368
43 374
43 132
43 301
43 317
43 322
43 245
43 551
43 647
44 317
44 280
44 666
44 547
44 171
44 195
44 165
44 86
44 321
44 355
44 600
44 251
44 699
44 312
44 612
44 217
44 358
44 249
44 342
44 44
44 188
44 357
44 325
44 568
44 231
45 604
45 361
45 422
45 682
45 696
45 571
45 46
45 373
45 340
45 493
45 484
45 213
45 189
45 544
45 605
45 601
45 594
45 444
45 238
45 45
45 366
45 445
45 220
45 186
45 565
45 101
45 280
46 544
46 422
46 682
46 484
46 189
46 101
46 601
46 238
46 493
46 213
46 639
46 444
46 696
46 565
46 366
46 340
46 384
46 373
46 46
46 143
46 300
46 138
46 571
46 134
47 666
47 413
47 547
47 165
47 295
47 171
47 312
47 249
47 86
47 568
47 47
47 195
47 699
47 487
47 342
47 280
47 358
47 251
47 355
47 612
47 120
47 419
47 270
47 217
47 263
48 579
48 401
48 275
48 278
48 426
48 501
48 82
48 225
48 188
48 219
48 332
48 370
48 596
48 616
48 311
48 81
48 689
48 640
48 558
48 606
48 48
48 249
48 202
48 356
48 506
49 243
49 159
49 345
49 645
49 134
49 412
49 298
49 685
49 559
49 433
49 330
49 469
49 561
49 602
49 495
49 49
49 304
49 148
49 579
49 442
49 508
49 328
49 689
49 73
49 201
49 255
49 278
50 387
50 652
50 145
50 282
50 540
50 286
50 543
50 296
50 681
50 427
50 305
50 429
50 406
50 187
50 120
50 294
50 566
50 168
50 183
50 50
50 454
50 680
50 356
50 353
50 693
50 106
50 666
50 636
51 182
51 641
51 264
51 268
51 153
51 409
51 546
51 103
51 485
51 468
51 494
51 240
51 374
51 51
51 637
51 327
51 697
51 598
51 517
51 652
51 140
51 439
51 89
51 348
51 493
51 585
51 360
51 401
52 302
52 388
52 395
52 272
52 533
52 535
52 675
52 379
52 343
52 52
52 686
52 352
52 383
52 98
52 77
52 74
52 502
52 117
52 622
52 256
52 491
52 344
52 57
52 462
52 593
52 486
53 593
53 407
53 236
53 564
53 608
53 92
53 339
53 480
53 190
53 246
53 130
53 210
53 570
53 588
53 271
53 572
53 102
53 53
53 657
53 106
53 606
53 471
53 104
53 243
53 671
53 333
53 647
54 70
54 144
54 150
54 663
54 538
54 539
54 668
54 285
54 288
54 167
54 424
54 554
54 635
54 149
54 128
54 245
54 54
54 634
54 68
54 473
54 489
54 162
54 119
54 319
54 453
55 625
55 406
55 540
55 286
55 543
55 296
55 427
55 307
55 183
55 652
55 145
55 681
55 106
55 429
55 454
55 152
55 120
55 294
55 187
55 168
55 282
55 305
55 521
55 198
55 395
55 692
55 347
55 134
56 266
56 399
56 172
56 560
56 562
56 624
56 229
56 461
56 437
56 499
56 184
56 196
56 186
56 503
56 587
56 614
56 447
56 216
56 694
56 443
56 580
56 260
56 463
56 211
56 304
56 400
56 160
57 388
57 395
57 272
57 533
57 535
57 675
57 686
57 502
57 57
57 462
57 108
57 379
57 98
57 352
57 117
57 486
57 77
57 343
57 175
57 417
57 132
57 74
57 383
57 672
57 81
58 353
58 514
58 142
58 281
58 308
58 599
58 75
58 65
58 252
58 67
58 477
58 621
58 498
58 488
58 576
58 626
58 623
58 110
58 87
58 61
58 500
58 264
58 628
58 286
58 60
58 359
58 315
59 92
59 518
59 648
59 651
59 267
59 653
59 398
59 657
59 534
59 411
59 417
59 680
59 297
59 555
59 313
59 655
59 581
59 328
59 226
59 59
59 563
59 355
59 272
59 532
59 578
59 346
59 250
59 391
59 624
59 600
59 672
60 514
60 142
60 281
60 308
60 498
60 477
60 488
60 65
60 359
60 623
60 621
60 75
60 252
60 110
60 576
60 500
60 87
60 599
60 626
60 329
60 68
60 107
60 458
60 93
60 100
61 582
61 514
61 142
61 281
61 308
61 65
61 621
61 626
61 477
61 498
61 500
61 599
61 87
61 329
61 252
61 488
61 359
61 67
61 576
61 623
61 285
61 398
61 75
61 110
61 313
61 612
62 431
62 176
62 385
62 522
62 138
62 299
62 445
62 203
62 66
62 254
62 592
62 619
62 215
62 463
62 489
62 625
62 197
62 62
62 69
62 372
62 644
62 453
62 510
62 64
62 456
62 466
62 220
62 537
63 513
63 387
63 391
63 520
63 526
63 419
63 161
63 293
63 420
63 679
63 676
63 170
63 317
63 318
63 620
63 323
63 322
63 574
63 381
63 457
63 368
63 63
63 315
63 232
63 112
63 399
63 560
64 385
64 138
64 299
64 197
64 64
64 372
64 203
64 456
64 625
64 445
64 357
64 66
64 489
64 592
64 69
64 220
64 466
64 254
64 619
64 265
64 301
64 556
64 463
64 215
64 692
64 283
65 514
65 142
65 281
65 576
65 623
65 359
65 498
65 599
65 500
65 477
65 87
65 488
65 626
65 252
65 308
65 65
65 621
65 676
65 586
65 166
65 329
65 75
65 110
65 653
65 515
65 382
66 385
66 138
66 299
66 463
66 215
66 203
66 619
66 592
66 69
66 456
66 254
66 522
66 466
66 357
66 220
66 119
66 625
66 66
66 142
66 623
66 501
66 197
66 168
66 409
66 568
66 392
67 448
67 480
67 514
67 142
67 281
67 308
67 576
67 621
67 500
67 252
67 67
67 623
67 359
67 599
67 87
67 329
67 75
67 626
67 535
67 326
67 429
67 488
67 498
67 369
68 361
68 144
68 530
68 661
68 663
68 538
68 668
68 285
68 670
68 288
68 554
68 319
68 539
68 424
68 635
68 68
68 453
68 634
68 326
68 295
68 291
68 128
68 550
69 522
69 138
69 299
69 197
69 215
69 489
69 385
69 220
69 445
69 466
69 619
69 592
69 372
69 463
69 203
69 254
69 625
69 119
69 309
69 295
69 478
69 456
70 113
70 258
70 397
70 408
70 290
70 163
70 175
70 688
70 691
70 436
70 363
70 118
70 114
70 309
70 434
70 460
70 333
70 205
70 345
70 376
70 491
70 243
70 487
70 365
70 373
71 432
71 565
71 668
71 647
71 392
71 523
71 525
71 527
71 276
71 662
71 155
71 283
71 160
71 548
71 173
71 179
71 314
71 231
71 450
71 221
71 369
71 87
71 424
71 337
71 618
72 604
72 350
72 503
72 515
72 389
72 394
72 667
72 430
72 692
72 446
72 194
72 583
72 115
72 129
72 589
72 613
72 344
72 72
72 202
72 542
72 654
72 658
72 585
72 283
72 207
72 230
72 349
72 369
73 468
73 485
73 164
73 141
73 405
73 660
73 549
73 552
73 320
73 585
73 109
73 198
73 209
73 199
73 84
73 636
73 428
73 269
73 122
73 336
73 301
73 571
73 644
73 100
73 497
73 504
74 388
74 395
74 272
74 533
74 675
74 686
74 486
74 383
74 98
74 622
74 117
74 108
74 77
74 379
74 74
74 352
74 462
74 162
74 324
74 230
74 593
74 343
74 386
75 514
75 142
75 281
75 308
75 576
75 329
75 75
75 488
75 621
75 477
75 359
75 500
75 87
75 110
75 599
75 469
75 385
75 275
75 626
75 498
75 252
75 294
75 209
76 521
76 645
76 134
76 656
76 148
76 412
76 301
76 559
76 442
76 579
76 201
76 330
76 255
76 304
76 602
76 561
76 433
76 508
76 298
76 116
76 76
76 215
76 404
76 378
76 469
76 234
76 495
77 395
77 272
77 533
77 535
77 675
77 686
77 383
77 593
77 117
77 108
77 379
77 486
77 343
77 352
77 98
77 388
77 462
77 92
77 650
77 602
77 622
77 246
77 284
77 484
78 135
78 143
78 147
78 279
78 177
78 690
78 306
78 695
78 567
78 325
78 204
78 479
78 361
78 646
78 248
78 228
78 610
78 83
78 224
78 615
78 78
78 545
78 631
78 112
78 196
78 430
78 132
79 435
79 421
79 133
79 273
79 669
79 541
79 415
79 671
79 545
79 677
79 423
79 431
79 451
79 586
79 459
79 458
79 292
79 511
79 700
79 85
79 176
79 478
79 138
79 490
79 464
79 227
79 99
80 528
80 274
80 410
80 284
80 432
80 310
80 315
80 192
80 627
80 492
80 569
80 553
80 289
80 512
80 577
80 93
80 80
80 595
80 316
80 610
80 685
80 87
80 212
80 105
80 114
81 322
81 688
81 218
81 275
81 154
81 426
81 689
81 311
81 188
81 332
81 506
81 558
81 356
81 82
81 640
81 501
81 606
81 225
81 596
81 250
81 483
81 616
81 370
82 500
82 189
82 401
82 275
82 154
82 426
82 689
82 311
82 332
82 506
82 370
82 225
82 558
82 596
82 616
82 278
82 501
82 606
82 96
82 371
82 693
82 356
83 646
83 135
83 143
83 147
83 279
83 177
83 690
83 567
83 204
83 496
83 325
83 479
83 228
83 248
83 628
83 610
83 306
83 452
83 695
83 224
83 267
83 508
83 413
83 239
84 316
84 526
84 634
84 531
84 164
84 269
84 141
84 405
84 549
84 552
84 428
84 584
84 585
84 336
84 198
84 660
84 232
84 122
84 199
84 349
84 541
84 563
84 98
84 100
84 109
84 497
84 636
85 627
85 133
85 273
85 669
85 415
85 671
85 677
85 423
85 176
85 700
85 451
85 586
85 459
85 458
85 235
85 464
85 511
85 99
85 292
85 541
85 177
85 439
85 96
85 227
85 186
85 673
85 134
86 593
86 236
86 432
86 138
86 327
86 485
86 366
86 554
86 280
86 666
86 413
86 165
86 295
86 171
86 699
86 321
86 195
86 342
86 600
86 358
86 186
86 394
86 123
86 217
86 487
86 251
87 247
87 246
87 514
87 281
87 308
87 576
87 329
87 599
87 477
87 498
87 110
87 621
87 252
87 500
87 87
87 128
87 359
87 373
87 473
87 392
87 548
88 161
88 202
88 390
88 263
88 672
88 162
88 166
88 550
88 551
88 683
88 684
88 300
88 334
88 590
88 181
88 678
88 360
88 242
88 88
88 643
88 154
88 218
88 237
89 119
89 641
89 268
89 153
89 409
89 546
89 697
89 468
89 485
89 89
89 253
89 494
89 637
89 103
89 240
89 348
89 439
89 497
89 223
89 161
90 674
90 425
90 302
90 303
90 178
90 435
90 182
90 448
90 580
90 338
90 470
90 90
90 95
90 476
90 438
90 629
90 193
90 375
90 606
90 665
90 171
90 604
90 607
90 609
90 352
90 631
90 328
90 546
91 163
91 183
91 129
91 515
91 389
91 394
91 654
91 667
91 430
91 692
91 573
91 202
91 589
91 207
91 344
91 194
91 455
91 239
91 583
91 542
91 91
91 423
91 165
91 613
91 115
91 311
92 130
92 271
92 407
92 564
92 570
92 190
92 588
92 339
92 471
92 631
92 243
92 572
92 617
92 490
92 246
92 608
92 210
92 480
92 605
92 335
92 104
92 578
92 300
93 528
93 284
93 289
93 553
93 432
93 569
93 315
93 316
93 192
93 577
93 595
93 212
93 410
93 483
93 492
93 310
93 403
93 627
93 274
93 421
93 174
93 516
94 521
94 414
94 159
94 416
94 421
94 557
94 180
94 582
94 350
94 478
94 223
94 353
94 482
94 124
94 591
94 362
94 127
94 644
94 107
94 256
94 378
94 689
94 294
94 376
94 614
94 697
94 269
94 242
94 596
95 674
95 425
95 302
95 178
95 435
95 438
95 182
95 448
95 193
95 580
95 338
95 470
95 476
95 609
95 604
95 95
95 607
95 644
95 372
95 380
95 403
95 691
96 425
96 147
96 306
96 519
96 393
96 650
96 665
96 158
96 287
96 206
96 214
96 347
96 137
96 244
96 371
96 630
96 611
96 658
96 111
96 96
96 245
96 354
96 367
96 241
96 507
97 544
97 422
97 682
97 565
97 696
97 571
97 444
97 189
97 594
97 340
97 213
97 605
97 493
97 601
97 384
97 373
97 97
97 238
97 101
97 639
97 573
97 385
97 484
98 388
98 272
98 533
98 535
98 675
98 686
98 462
98 593
98 352
98 379
98 486
98 502
98 108
98 98
98 622
98 182
98 497
98 321
98 117
98 383
98 434
99 476
99 130
99 133
99 415
99 671
99 292
99 677
99 423
99 431
99 176
99 700
99 451
99 586
99 459
99 458
99 669
99 227
99 99
99 633
99 286
99 347
100 269
100 405
100 660
100 552
100 428
100 198
100 584
100 209
100 320
100 141
100 122
100 636
100 100
100 349
100 549
100 199
100 232
100 585
100 227
100 265
100 109
100 497
100 504
100 331
101 197
101 544
101 422
101 682
101 565
101 696
101 571
101 444
101 594
101 484
101 639
101 213
101 605
101 373
101 384
101 366
101 238
101 493
101 194
101 590
101 567
102 570
102 572
102 190
102 588
102 210
102 339
102 471
102 480
102 608
102 631
102 104
102 271
102 246
102 243
102 490
102 130
102 564
102 102
102 178
102 492
102 696
103 489
103 461
103 641
103 268
103 153
103 468
103 598
103 348
103 253
103 264
103 439
103 409
103 637
103 494
103 374
103 546
103 485
103 612
103 387
103 476
103 442
103 428
104 130
104 271
104 407
104 564
104 570
104 572
104 190
104 588
104 210
104 480
104 608
104 617
104 104
104 631
104 490
104 471
104 463
104 108
104 672
104 236
104 243
104 246
104 531
105 528
105 274
105 403
105 410
105 289
105 553
105 310
105 569
105 315
105 316
105 192
105 595
105 212
105 483
105 627
105 512
105 105
105 577
105 284
105 501
105 130
105 280
105 492
105 251
105 370
106 452
106 652
106 145
106 152
106 282
106 540
106 286
106 543
106 294
106 168
106 296
106 681
106 429
106 305
106 307
106 693
106 566
106 187
106 454
106 631
106 148
106 601
106 120
106 268
107 644
107 521
107 414
107 159
107 416
107 421
107 557
107 180
107 582
107 350
107 223
107 482
107 362
107 633
107 124
107 127
107 353
107 378
107 256
107 166
107 605
107 301
107 214
107 504
108 388
108 395
108 272
108 533
108 535
108 675
108 686
108 462
108 593
108 486
108 108
108 502
108 343
108 117
108 622
108 654
108 369
108 168
108 655
108 203
109 395
109 226
109 413
109 269
109 141
109 405
109 660
109 549
109 552
109 428
109 199
109 336
109 209
109 349
109 232
109 122
109 198
109 497
109 347
109 421
109 285
109 504
109 636
109 154
110 604
110 572
110 142
110 281
110 576
110 329
110 599
110 477
110 488
110 308
110 252
110 514
110 623
110 359
110 110
110 301
110 509
110 127
110 626
110 498
110 419
110 112
110 286
110 394
111 338
111 352
111 236
111 528
111 387
111 344
111 393
111 650
111 665
111 156
111 287
111 206
111 214
111 347
111 222
111 354
111 123
111 367
111 241
111 507
111 355
111 311
111 630
111 200
112 477
112 513
112 387
112 526
112 419
112 293
112 420
112 679
112 317
112 318
112 322
112 323
112 457
112 368
112 574
112 676
112 391
112 112
112 552
113 695
113 643
113 649
113 524
113 529
113 151
113 698
113 191
113 575
113 324
113 337
113 472
113 351
113 247
113 233
113 632
113 270
113 113
113 358
113 510
114 258
114 397
114 408
114 290
114 163
114 688
114 434
114 691
114 436
114 309
114 460
114 333
114 363
114 365
114 114
114 376
114 364
114 118
114 345
114 525
114 131
114 165
114 660
114 314
115 435
115 617
115 515
115 394
115 667
115 542
115 430
115 692
115 573
115 446
115 449
115 202
115 207
115 344
115 230
115 239
115 613
115 654
115 282
115 223
115 641
115 552
116 483
116 645
116 134
116 685
116 301
116 304
116 433
116 330
116 602
116 495
116 559
116 234
116 561
116 148
116 201
116 508
116 412
116 469
116 298
116 442
116 116
116 427
116 403
117 388
117 395
117 272
117 535
117 675
117 462
117 593
117 352
117 533
117 343
117 622
117 486
117 502
117 686
117 634
117 217
117 133
117 208
118 190
118 258
118 397
118 408
118 290
118 163
118 175
118 688
118 434
118 691
118 436
118 309
118 460
118 205
118 333
118 345
118 364
118 638
118 365
118 618
118 411
118 437
118 376
118 519
118 584
119 522
119 138
119 299
119 445
119 197
119 456
119 203
119 592
119 215
119 357
119 489
119 619
119 625
119 372
119 463
119 466
119 119
119 385
119 254
119 528
119 258
120 152
120 282
120 286
120 543
120 296
120 681
120 427
120 305
120 307
120 693
120 454
120 540
120 406
120 652
120 183
120 566
120 429
120 145
120 294
120 547
120 173
120 394
120 393
120 665
120 319
121 233
121 581
121 282
121 386
121 136
121 139
121 402
121 659
121 277
121 404
121 664
121 531
121 164
121 174
121 687
121 125
121 440
121 382
121 642
121 392
121 497
121 509
121 188
121 516
122 235
122 269
122 405
122 660
122 428
122 198
122 199
122 584
122 585
122 336
122 349
122 232
122 497
122 504
122 141
122 122
122 135
122 530
123 695
123 273
123 205
123 519
123 137
123 393
123 658
123 156
123 287
123 206
123 214
123 347
123 222
123 354
123 611
123 665
123 371
123 158
123 244
123 367
123 495
123 309
123 535
124 182
124 644
124 521
124 159
124 416
124 421
124 180
124 582
124 591
124 223
124 353
124 482
124 362
124 127
124 478
124 124
124 168
124 545
124 606
124 289
124 457
125 642
125 386
125 262
125 136
125 139
125 396
125 402
125 659
125 277
125 404
125 664
125 531
125 174
125 440
125 164
125 509
125 532
125 673
125 407
125 619
125 217
126 135
126 215
126 266
126 562
126 184
126 186
126 443
126 196
126 587
126 461
126 211
126 229
126 614
126 624
126 499
126 503
126 399
126 437
126 216
126 694
126 203
126 484
126 413
126 167
127 644
127 414
127 416
127 557
127 180
127 582
127 478
127 482
127 362
127 633
127 223
127 353
127 591
127 159
127 350
127 421
127 378
127 700
127 280
127 200
127 314
128 241
128 144
128 530
128 661
128 150
128 149
128 539
128 668
128 288
128 167
128 453
128 473
128 635
128 634
128 319
128 554
128 663
128 582
128 131
128 312
129 490
129 688
129 365
129 589
129 394
129 207
129 446
129 430
129 202
129 455
129 654
129 573
129 583
129 542
129 692
129 129
129 515
129 194
129 389
129 449
129 318
129 135
129 410
129 667
129 550
129 467
130 490
130 608
130 190
130 572
130 210
130 471
130 588
130 564
130 130
130 480
130 617
130 570
130 631
130 243
130 236
130 407
130 271
130 339
130 149
130 567
130 246
130 256
130 213
131 434
131 681
131 694
131 330
131 257
131 505
131 200
131 556
131 291
131 260
131 517
131 467
131 259
131 465
131 537
131 146
131 261
131 474
131 132
131 431
131 323
131 265
131 140
131 400
131 536
131 341
132 520
132 260
132 517
132 556
132 261
132 257
132 291
132 536
132 465
132 200
132 140
132 474
132 537
132 132
132 505
132 146
132 649
132 463
132 259
132 265
132 400
132 157
133 329
133 669
133 459
133 700
133 545
133 235
133 415
133 292
133 464
133 677
133 227
133 541
133 451
133 423
133 671
133 586
133 566
133 162
133 691
133 273
133 431
133 458
134 532
134 382
134 645
134 559
134 685
134 330
134 508
134 602
134 298
134 579
134 201
134 301
134 656
134 234
134 469
134 148
134 134
134 304
134 433
134 495
135 567
135 177
135 452
135 361
135 147
135 224
135 610
135 695
135 248
135 325
135 228
135 496
135 615
135 143
135 204
135 279
135 479
135 628
135 135
135 263
135 306
135 466
135 156
135 217
136 227
136 598
136 149
136 386
136 262
136 136
136 659
136 382
136 174
136 440
136 139
136 642
136 687
136 404
136 396
136 532
136 531
136 663
136 697
136 303
136 402
136 277
136 164
136 509
136 699
136 684
137 567
137 582
137 163
137 371
137 354
137 367
137 665
137 507
137 158
137 214
137 222
137 137
137 241
137 611
137 244
137 658
137 206
137 287
137 393
137 630
137 329
137 524
137 628
137 650
137 384
138 385
138 522
138 215
138 619
138 138
138 466
138 456
138 625
138 372
138 357
138 197
138 489
138 220
138 445
138 660
138 160
138 299
138 203
138 463
138 592
138 254
138 309
139 184
139 440
139 402
139 386
139 174
139 262
139 659
139 687
139 404
139 382
139 664
139 164
139 532
139 642
139 531
139 673
139 689
139 140
139 198
139 396
139 509
140 257
140 260
140 517
140 261
140 259
140 265
140 465
140 157
140 400
140 140
140 418
140 474
140 200
140 291
140 146
140 536
140 629
140 307
140 390
140 537
140 467
140 341
140 505
141 648
141 269
141 199
141 405
141 497
141 232
141 585
141 428
141 636
141 209
141 504
141 336
141 349
141 141
141 552
141 584
141 320
141 198
141 644
141 406
141 532
141 660
141 549
142 414
142 623
142 488
142 626
142 621
142 281
142 252
142 359
142 308
142 599
142 514
142 500
142 329
142 576
142 574
142 400
142 641
142 477
142 498
142 527
142 662
143 646
143 695
143 147
143 452
143 690
143 628
143 325
143 248
143 204
143 361
143 177
143 479
143 143
143 496
143 306
143 610
143 567
143 320
143 244
143 357
143 279
143 224
143 615
143 289
143 658
144 539
144 167
144 150
144 285
144 670
144 144
144 634
144 530
144 668
144 473
144 538
144 554
144 424
144 245
144 635
144 288
144 453
144 598
144 416
144 244
144 661
144 663
145 545
145 431
145 652
145 152
145 540
145 296
145 305
145 183
145 168
145 307
145 543
145 454
145 681
145 286
145 145
145 187
145 406
145 427
145 693
145 313
145 308
145 496
145 282
145 294
145 547
145 699
146 203
146 650
146 262
146 257
146 517
146 261
146 265
146 400
146 536
146 556
146 157
146 537
146 259
146 465
146 474
146 505
146 418
146 644
146 654
146 467
146 341
147 646
147 306
147 615
147 628
147 279
147 248
147 690
147 479
147 610
147 177
147 325
147 361
147 224
147 228
147 204
147 695
147 567
147 147
147 452
147 651
148 572
148 541
148 254
148 656
148 561
148 298
148 442
148 330
148 579
148 148
148 508
148 301
148 433
148 469
148 645
148 255
148 234
148 559
148 552
148 699
148 281
148 412
148 685
148 201
148 602
149 518
149 294
149 530
149 150
149 245
149 424
149 288
149 663
149 319
149 285
149 670
149 668
149 634
149 539
149 453
149 554
149 473
149 538
149 236
149 450
149 167
149 647
150 530
150 661
150 424
150 453
150 167
150 285
150 663
150 538
150 473
150 670
150 245
150 635
150 319
150 634
150 539
150 150
150 675
150 348
150 668
150 440
150 640
151 524
151 270
151 529
151 472
151 151
151 191
151 247
151 649
151 632
151 575
151 643
151 324
151 377
151 351
151 510
151 614
151 493
151 631
151 698
151 337
151 233
151 411
151 161
152 372
152 364
152 652
152 406
152 187
152 543
152 566
152 681
152 540
152 286
152 296
152 294
152 168
152 183
152 307
152 429
152 305
152 152
152 437
152 236
152 304
152 427
152 693
152 454
152 367
153 178
153 633
153 641
153 264
153 348
153 439
153 468
153 598
153 240
153 153
153 637
153 374
153 253
153 697
153 268
153 485
153 655
153 483
153 431
153 409
153 327
154 660
154 263
154 275
154 278
154 506
154 501
154 689
154 426
154 332
154 356
154 616
154 640
154 596
154 154
154 311
154 225
154 219
154 654
154 229
154 188
154 370
155 622
155 644
155 434
155 202
155 484
155 516
155 647
155 392
155 523
155 527
155 276
155 662
155 548
155 314
155 450
155 283
155 173
155 369
155 179
155 221
155 391
155 264
155 172
155 160
155 185
155 331
155 231
155 618
156 498
156 258
156 519
156 393
156 650
156 658
156 665
156 214
156 158
156 367
156 241
156 507
156 156
156 244
156 371
156 222
156 287
156 347
156 475
156 486
156 206
156 354
156 611
156 642
157 686
157 223
157 456
157 513
157 697
157 404
157 257
157 260
157 261
157 265
157 400
157 537
157 291
157 556
157 200
157 517
157 505
157 551
157 635
157 603
157 418
157 467
157 474
158 470
158 519
158 393
158 650
158 665
158 214
158 507
158 287
158 371
158 367
158 347
158 158
158 241
158 611
158 630
158 206
158 658
158 207
158 646
158 222
158 354
158 244
158 213
158 358
159 644
159 414
159 416
159 421
159 223
159 378
159 353
159 180
159 256
159 362
159 633
159 478
159 591
159 159
159 482
159 350
159 335
159 342
159 582
159 386
159 687
160 178
160 193
160 647
160 392
160 525
160 527
160 276
160 662
160 283
160 523
160 160
160 369
160 450
160 335
160 516
160 221
160 231
160 179
160 180
160 274
160 548
160 173
160 185
160 314
161 595
161 513
161 387
161 391
161 293
161 420
161 574
161 520
161 526
161 419
161 161
161 170
161 318
161 620
161 322
161 679
161 676
161 208
161 317
161 581
161 381
161 354
162 390
162 263
162 678
162 181
162 550
162 237
162 162
162 672
162 683
162 326
162 603
162 551
162 166
162 475
162 590
162 300
162 649
162 662
162 282
162 684
162 179
163 607
163 698
163 591
163 258
163 397
163 408
163 290
163 365
163 491
163 638
163 460
163 376
163 205
163 434
163 175
163 688
163 333
163 364
163 303
163 691
163 309
163 345
163 194
164 533
164 695
164 642
164 386
164 262
164 396
164 402
164 277
164 404
164 531
164 659
164 440
164 664
164 673
164 509
164 687
164 197
164 174
165 388
165 625
165 175
165 280
165 666
165 568
165 171
165 321
165 487
165 547
165 600
165 295
165 355
165 312
165 249
165 195
165 358
165 413
165 329
165 212
165 699
165 342
165 237
165 265
166 325
166 557
166 381
166 241
166 390
166 263
166 672
166 678
166 441
166 475
166 166
166 237
166 684
166 326
166 551
166 518
166 193
166 663
166 683
166 300
166 181
166 590
166 218
166 360
167 290
167 530
167 663
167 668
167 285
167 670
167 288
167 167
167 453
167 538
167 539
167 473
167 319
167 661
167 245
167 537
167 215
167 634
168 248
168 541
168 456
168 460
168 652
168 406
168 282
168 540
168 286
168 543
168 294
168 307
168 183
168 566
168 296
168 168
168 302
168 394
168 681
168 429
168 454
168 266
168 600
169 479
169 597
169 651
169 653
169 398
169 657
169 411
169 417
169 680
169 297
169 563
169 518
169 534
169 250
169 328
169 313
169 655
169 267
169 648
169 481
169 581
169 200
169 682
169 346
169 559
170 387
170 391
170 520
170 526
170 293
170 420
170 679
170 676
170 457
170 322
170 368
170 513
170 208
170 620
170 170
170 323
170 419
170 318
170 574
170 505
170 236
170 381
170 382
171 655
171 532
171 280
171 413
171 295
171 321
171 312
171 568
171 217
171 547
171 249
171 612
171 600
171 342
171 251
171 195
171 397
171 542
171 365
171 699
171 355
171 358
171 487
172 293
172 266
172 399
172 437
172 229
172 443
172 499
172 624
172 587
172 196
172 184
172 461
172 186
172 614
172 172
172 211
172 216
172 503
172 694
172 532
172 275
172 562
172 447
173 253
173 356
173 392
173 523
173 525
173 662
173 283
173 548
173 185
173 231
173 335
173 516
173 450
173 527
173 221
173 331
173 173
173 417
173 179
174 642
174 262
174 396
174 402
174 531
174 386
174 687
174 659
174 382
174 404
174 664
174 277
174 509
174 174
174 543
174 605
175 178
175 193
175 397
175 408
175 290
175 688
175 333
175 436
175 309
175 638
175 258
175 175
175 691
175 205
175 460
175 363
175 365
175 541
175 434
175 345
175 598
175 509
176 273
176 669
176 541
176 415
176 671
176 545
176 292
176 677
176 431
176 459
176 235
176 451
176 423
176 464
176 700
176 227
176 511
176 176
176 252
176 489
176 586
176 574
177 279
177 452
177 628
177 567
177 325
177 690
177 204
177 177
177 610
177 248
177 496
177 695
177 646
177 224
177 361
177 513
177 672
177 577
177 306
177 479
177 228
177 187
177 206
177 616
178 674
178 302
178 303
178 448
178 380
178 182
178 338
178 629
178 470
178 375
178 438
178 193
178 607
178 580
178 609
178 476
178 425
178 435
178 604
178 415
178 494
178 552
179 286
179 516
179 647
179 523
179 525
179 527
179 276
179 548
179 179
179 331
179 221
179 185
179 450
179 662
179 392
179 283
179 231
179 197
179 296
179 369
180 414
180 416
180 557
180 633
180 350
180 223
180 478
180 482
180 582
180 256
180 644
180 353
180 378
180 421
180 591
180 556
180 249
180 362
180 288
181 578
181 390
181 263
181 672
181 678
181 551
181 683
181 684
181 300
181 334
181 326
181 237
181 590
181 475
181 218
181 441
181 242
181 406
181 348
181 686
181 603
181 360
181 332
182 674
182 425
182 302
182 303
182 435
182 438
182 580
182 607
182 609
182 629
182 476
182 380
182 193
182 338
182 448
182 182
182 470
182 604
182 375
182 362
182 451
182 687
183 458
183 652
183 406
183 282
183 540
183 543
183 294
183 296
183 427
183 429
183 305
183 693
183 454
183 286
183 307
183 187
183 183
183 421
183 200
183 219
184 490
184 498
184 266
184 399
184 560
184 562
184 437
184 694
184 587
184 229
184 186
184 461
184 196
184 211
184 499
184 216
184 447
184 366
184 475
184 443
184 532
184 536
185 546
185 392
185 523
185 525
185 527
185 276
185 662
185 548
185 618
185 450
185 231
185 647
185 516
185 283
185 335
185 369
185 185
185 215
185 396
185 221
186 266
186 399
186 560
186 437
186 694
186 461
186 229
186 447
186 562
186 499
186 211
186 196
186 443
186 587
186 624
186 216
186 457
186 503
187 246
187 644
187 223
187 329
187 652
187 406
187 282
187 540
187 286
187 543
187 294
187 296
187 427
187 429
187 305
187 693
187 566
187 551
187 234
187 454
187 670
188 609
188 266
188 401
188 275
188 278
188 426
188 558
188 689
188 311
188 219
188 501
188 332
188 640
188 225
188 370
188 188
188 361
188 596
188 356
189 397
189 544
189 422
189 682
189 696
189 571
189 444
189 384
189 484
189 493
189 565
189 189
189 601
189 594
189 213
189 366
189 340
189 306
189 697
189 238
189 373
190 564
190 570
190 246
190 407
190 588
190 271
190 471
190 190
190 480
190 490
190 210
190 339
190 236
190 243
190 326
190 617
190 631
190 503
190 636
191 643
191 649
191 524
191 270
191 529
191 698
191 233
191 472
191 597
191 510
191 247
191 632
191 351
191 575
191 200
191 628
191 528
191 324
191 337
191 377
191 563
191 517
192 470
192 274
192 403
192 289
192 432
192 310
192 315
192 316
192 553
192 483
192 528
192 627
192 569
192 577
192 192
192 492
192 297
192 689
192 595
192 512
192 346
193 674
193 425
193 302
193 303
193 435
193 438
193 604
193 193
193 607
193 629
193 448
193 375
193 338
193 609
193 470
193 476
193 276
194 350
194 515
194 394
194 654
194 667
194 542
194 430
194 692
194 573
194 449
194 230
194 589
194 613
194 455
194 446
194 389
194 202
194 194
194 207
194 504
194 196
194 583
194 344
194 239
194 412
194 606
194 506
195 666
195 413
195 547
195 312
195 600
195 249
195 321
195 568
195 355
195 280
195 217
195 487
195 251
195 612
195 699
195 195
195 391
195 565
195 358
196 677
196 266
196 399
196 560
196 437
196 694
196 443
196 447
196 562
196 229
196 624
196 614
196 587
196 499
196 461
196 455
196 547
196 503
197 462
197 204
197 522
197 299
197 445
197 456
197 463
197 357
197 197
197 625
197 466
197 592
197 215
197 254
197 361
197 460
197 203
197 220
197 489
197 619
197 372
197 540
198 615
198 405
198 549
198 552
198 428
198 320
198 660
198 209
198 199
198 497
198 232
198 585
198 584
198 349
198 269
198 198
198 210
198 321
198 336
199 211
199 663
199 559
199 413
199 405
199 549
199 552
199 428
199 320
199 497
199 199
199 585
199 636
199 209
199 504
199 349
199 621
199 242
199 581
199 584
199 336
199 232
200 285
200 257
200 260
200 259
200 265
200 536
200 537
200 291
200 474
200 556
200 517
200 400
200 311
200 465
200 467
200 341
200 505
200 525
201 589
201 645
201 656
201 412
201 298
201 301
201 559
201 561
201 442
201 579
201 330
201 469
201 234
201 201
201 304
201 495
201 255
201 618
201 567
201 466
201 602
202 599
202 515
202 389
202 394
202 430
202 692
202 446
202 449
202 583
202 455
202 542
202 589
202 667
202 573
202 202
202 207
202 489
202 344
202 613
202 230
202 239
202 334
203 385
203 522
203 299
203 445
203 489
203 625
203 619
203 463
203 372
203 357
203 456
203 466
203 215
203 220
203 330
203 592
203 254
203 344
203 537
204 646
204 279
204 690
204 306
204 695
204 452
204 325
204 615
204 628
204 567
204 248
204 361
204 610
204 224
204 479
204 228
204 251
204 496
204 210
204 566
204 515
205 258
205 397
205 408
205 290
205 434
205 691
205 460
205 365
205 309
205 638
205 205
205 436
205 491
205 363
205 688
205 345
205 471
205 529
205 333
205 364
205 539
206 478
206 700
206 542
206 519
206 650
206 658
206 665
206 287
206 507
206 241
206 347
206 222
206 367
206 371
206 354
206 266
206 311
206 214
206 611
206 244
207 482
207 515
207 389
207 654
207 430
207 573
207 446
207 583
207 589
207 394
207 230
207 613
207 207
207 239
207 449
207 608
207 428
207 344
207 275
208 513
208 520
208 526
208 419
208 293
208 420
208 679
208 317
208 318
208 574
208 322
208 323
208 368
208 620
208 381
208 208
208 391
208 581
208 341
208 374
209 518
209 540
209 507
209 422
209 405
209 660
209 549
209 584
209 585
209 336
209 349
209 636
209 504
209 269
209 320
209 565
209 439
210 271
210 407
210 564
210 570
210 572
210 617
210 631
210 243
210 588
210 480
210 210
210 490
210 471
210 339
210 213
210 229
210 608
210 483
211 676
211 368
211 406
211 266
211 399
211 694
211 443
211 461
211 560
211 437
211 216
211 211
211 562
211 499
211 311
211 229
211 614
211 624
211 503
211 685
211 689
212 609
212 379
212 632
212 274
212 410
212 284
212 289
212 553
212 432
212 310
212 569
212 315
212 595
212 492
212 528
212 627
212 577
212 446
212 568
212 364
212 512
212 665
212 531
212 298
213 570
213 544
213 422
213 682
213 565
213 696
213 571
213 594
213 340
213 601
213 493
213 384
213 444
213 484
213 605
213 675
213 366
214 417
214 297
214 519
214 393
214 650
214 658
214 287
214 507
214 611
214 371
214 665
214 347
214 222
214 244
214 675
214 540
214 367
214 241
214 630
214 341
215 385
215 299
215 445
215 456
215 463
215 466
215 625
215 254
215 215
215 592
215 522
215 372
215 614
215 281
215 357
215 619
215 307
216 266
216 560
216 562
216 694
216 443
216 447
216 587
216 461
216 499
216 399
216 614
216 437
216 229
216 624
216 216
216 474
216 407
216 253
216 237
217 280
217 666
217 547
217 295
217 312
217 568
217 699
217 342
217 355
217 487
217 249
217 251
217 413
217 600
217 225
217 395
218 263
218 672
218 678
218 550
218 551
218 300
218 441
218 590
218 334
218 242
218 603
218 390
218 684
218 237
218 218
218 475
218 683
218 657
219 248
219 471
219 223
219 281
219 299
219 312
219 549
219 275
219 278
219 558
219 332
219 596
219 426
219 606
219 401
219 219
219 556
219 508
219 356
219 501
219 506
219 640
220 521
220 563
220 522
220 299
220 445
220 456
220 463
220 592
220 466
220 619
220 385
220 489
220 357
220 625
220 247
220 255
220 372
220 254
220 485
221 524
221 653
221 287
221 355
221 516
221 647
221 523
221 525
221 527
221 662
221 283
221 548
221 331
221 618
221 335
221 315
221 270
221 658
221 231
221 369
222 308
222 648
222 658
222 665
222 347
222 367
222 244
222 507
222 241
222 650
222 371
222 519
222 611
222 287
222 615
222 449
222 361
222 630
222 568
223 375
223 644
223 521
223 414
223 421
223 557
223 582
223 591
223 350
223 633
223 482
223 353
223 478
223 256
223 362
223 620
223 399
223 288
224 279
224 690
224 306
224 695
224 452
224 325
224 224
224 361
224 615
224 496
224 610
224 628
224 567
224 228
224 644
224 648
224 339
224 588
224 477
225 324
225 583
225 287
225 401
225 426
225 606
225 370
225 311
225 506
225 640
225 596
225 278
225 225
225 270
225 521
225 356
226 518
226 648
226 651
226 267
226 653
226 398
226 655
226 657
226 534
226 411
226 297
226 328
226 346
226 481
226 581
226 417
226 578
226 250
226 563
226 226
226 503
226 508
226 311
227 273
227 669
227 541
227 671
227 292
227 677
227 423
227 586
227 459
227 235
227 458
227 451
227 227
227 511
227 700
227 464
227 630
227 250
227 309
228 646
228 690
228 306
228 695
228 567
228 325
228 479
228 610
228 628
228 279
228 248
228 496
228 615
228 228
228 578
228 637
228 361
228 495
228 237
229 586
229 266
229 562
229 443
229 694
229 437
229 461
229 614
229 447
229 399
229 229
229 592
229 624
229 503
230 466
230 515
230 389
230 654
230 667
230 542
230 430
230 692
230 573
230 583
230 455
230 613
230 344
230 394
230 449
230 589
230 406
230 419
230 310
230 239
231 629
231 696
231 647
231 392
231 523
231 525
231 276
231 548
231 450
231 335
231 618
231 314
231 369
231 527
231 363
231 350
232 302
232 269
232 405
232 660
232 552
232 428
232 584
232 585
232 336
232 349
232 549
232 636
232 320
232 409
233 643
233 649
233 524
233 270
233 529
233 698
233 575
233 324
233 337
233 597
233 472
233 351
233 247
233 510
233 377
233 233
233 519
233 675
233 632
233 577
233 323
233 356
233 525
234 427
234 285
234 288
234 645
234 656
234 412
234 298
234 559
234 433
234 561
234 442
234 579
234 469
234 508
234 602
234 495
234 234
234 480
234 461
234 255
234 612
234 683
235 273
235 669
235 541
235 415
235 671
235 292
235 677
235 423
235 431
235 700
235 451
235 586
235 459
235 464
235 545
235 235
235 522
235 611
235 511
235 258
236 435
236 271
236 407
236 564
236 570
236 572
236 588
236 339
236 480
236 617
236 490
236 608
236 246
236 243
236 236
236 389
236 318
236 280
236 527
237 654
237 682
237 263
237 550
237 475
237 603
237 684
237 390
237 360
237 441
237 683
237 590
237 242
237 551
237 300
238 448
238 667
238 422
238 696
238 444
238 594
238 340
238 366
238 544
238 373
238 639
238 571
238 601
238 682
238 484
238 565
238 284
238 428
238 384
239 515
239 389
239 394
239 667
239 573
239 446
239 449
239 583
239 589
239 344
239 613
239 239
239 542
239 654
239 430
239 314
239 595
240 256
240 641
240 264
240 268
240 409
240 546
240 697
240 327
240 348
240 485
240 374
240 494
240 240
240 253
240 431
240 368
240 408
240 637
240 418
241 250
241 445
241 614
241 393
241 658
241 665
241 347
241 354
241 367
241 519
241 630
241 244
241 611
241 628
241 371
241 605
242 497
242 390
242 263
242 672
242 551
242 683
242 684
242 300
242 441
242 603
242 334
242 326
242 550
242 360
242 678
242 273
242 472
242 283
243 271
243 407
243 564
243 572
243 588
243 339
243 471
243 480
243 617
243 490
243 631
243 570
243 607
243 516
243 488
243 356
244 626
244 307
244 393
244 650
244 658
244 287
244 347
244 354
244 611
244 371
244 519
244 638
244 562
244 544
244 630
244 507
244 319
245 638
245 530
245 661
245 663
245 668
245 670
245 288
245 424
245 554
245 453
245 473
245 538
245 245
245 319
245 377
245 379
245 635
246 407
246 564
246 570
246 588
246 339
246 480
246 608
246 617
246 490
246 271
246 246
246 572
246 631
246 336
246 259
247 643
247 649
247 524
247 270
247 529
247 575
247 324
247 597
247 351
247 377
247 247
247 632
247 458
247 323
247 510
247 682
248 646
248 690
248 306
248 695
248 567
248 452
248 610
248 361
248 628
248 248
248 479
248 615
248 335
248 694
248 354
248 473
248 301
248 360
249 621
249 554
249 280
249 666
249 413
249 547
249 295
249 312
249 568
249 699
249 321
249 342
249 600
249 355
249 612
249 331
249 251
250 518
250 648
250 651
250 653
250 655
250 657
250 417
250 680
250 297
250 555
250 313
250 578
250 581
250 328
250 346
250 534
250 481
250 405
251 380
251 280
251 666
251 568
251 699
251 355
251 487
251 295
251 547
251 413
251 312
251 612
251 321
251 698
252 514
252 281
252 308
252 576
252 329
252 599
252 477
252 359
252 488
252 621
252 626
252 498
252 437
252 307
252 405
252 561
253 416
253 264
253 546
253 439
253 697
253 327
253 468
253 598
253 348
253 485
253 494
253 409
253 637
253 253
253 384
253 401
254 385
254 522
254 299
254 456
254 592
254 489
254 625
254 372
254 466
254 463
254 357
254 639
254 424
255 645
255 656
255 412
255 298
255 685
255 301
255 559
255 561
255 442
255 579
255 469
255 508
255 304
255 433
255 602
255 255
255 550
255 669
255 551
255 291
256 644
256 521
256 414
256 416
256 421
256 557
256 582
256 591
256 350
256 478
256 353
256 482
256 633
256 378
256 256
256 563
256 260
257 341
257 556
257 465
257 536
257 474
257 467
257 517
257 537
257 291
257 261
257 259
257 418
257 260
257 257
257 666
257 555
257 488
257 265
257 400
258 258
258 363
258 309
258 460
258 364
258 376
258 408
258 365
258 688
258 397
258 491
258 333
258 638
258 290
258 436
258 434
258 691
258 345
258 508
259 260
259 517
259 259
259 261
259 536
259 556
259 341
259 418
259 400
259 265
259 537
259 465
259 474
259 467
259 698
259 325
259 291
259 505
260 504
260 556
260 517
260 465
260 418
260 474
260 537
260 341
260 400
260 505
260 261
260 260
260 299
260 322
260 265
260 536
260 467
261 343
261 378
261 336
261 517
261 537
261 400
261 474
261 505
261 536
261 465
261 265
261 341
261 467
261 344
261 271
261 428
261 418
261 556
262 482
262 642
262 386
262 262
262 396
262 659
262 531
262 440
262 673
262 382
262 664
262 532
262 404
262 331
262 582
262 402
262 277
262 687
262 509
263 612
263 390
263 672
263 550
263 360
263 684
263 590
263 603
263 334
263 441
263 678
263 326
263 486
263 551
263 683
263 300
263 475
264 383
264 641
264 409
264 598
264 268
264 327
264 485
264 439
264 546
264 637
264 468
264 264
264 374
264 302
264 354
264 588
264 494
265 436
265 517
265 400
265 291
265 556
265 465
265 418
265 467
265 536
265 505
265 381
265 480
265 537
265 341
266 562
266 437
266 461
266 399
266 624
266 443
266 447
266 694
266 560
266 499
266 503
266 614
266 320
266 587
267 518
267 648
267 651
267 297
267 398
267 655
267 481
267 653
267 346
267 578
267 328
267 581
267 267
267 411
267 680
267 313
267 563
267 458
267 579
267 642
267 657
267 555
267 400
268 471
268 641
268 494
268 439
268 637
268 268
268 598
268 468
268 697
268 374
268 546
268 659
268 360
268 409
268 327
268 348
269 629
269 292
269 320
269 349
269 660
269 636
269 269
269 428
269 549
269 552
269 585
269 336
269 504
269 592
269 405
269 584
270 643
270 649
270 524
270 510
270 698
270 597
270 351
270 529
270 632
270 324
270 377
270 270
270 386
270 411
270 575
270 350
271 617
271 631
271 480
271 271
271 570
271 588
271 471
271 608
271 564
271 407
271 339
271 490
271 572
271 538
271 503
271 611
271 290
271 568
272 338
272 395
272 352
272 593
272 379
272 388
272 622
272 502
272 535
272 533
272 383
272 343
272 272
272 326
272 337
272 675
272 462
272 586
272 387
273 553
273 292
273 586
273 423
273 511
273 700
273 273
273 669
273 415
273 431
273 464
273 677
273 458
273 459
273 664
273 452
273 541
273 545
273 451
273 571
274 643
274 626
274 528
274 512
274 310
274 483
274 274
274 432
274 627
274 569
274 403
274 410
274 553
274 492
274 284
274 315
274 621
274 292
274 425
274 289
274 316
274 577
274 595
274 295
274 326
275 669
275 409
275 401
275 426
275 275
275 616
275 332
275 596
275 558
275 689
275 278
275 479
275 601
275 606
275 501
275 640
276 451
276 603
276 516
276 647
276 392
276 523
276 525
276 527
276 450
276 314
276 283
276 662
276 369
276 331
276 552
276 517
276 507
276 548
277 642
277 386
277 659
277 687
277 509
277 664
277 440
277 382
277 404
277 402
277 277
277 532
277 531
277 361
277 300
277 282
277 673
278 320
278 401
278 332
278 278
278 506
278 616
278 501
278 640
278 558
278 426
278 689
278 596
278 370
278 606
278 338
278 683
278 311
278 356
279 646
279 628
279 279
279 610
279 479
279 567
279 615
279 695
279 361
279 690
279 496
279 306
279 559
279 550
279 679
279 452
279 669
279 453
280 303
280 385
280 342
280 295
280 312
280 487
280 355
280 568
280 358
280 280
280 547
280 600
280 666
280 699
280 321
280 612
281 514
281 599
281 500
281 623
281 329
281 576
281 488
281 477
281 359
281 621
281 308
281 547
281 454
281 626
281 307
282 567
282 406
282 429
282 286
282 693
282 454
282 294
282 307
282 543
282 427
282 282
282 305
282 681
282 566
282 558
282 696
283 647
283 523
283 525
283 527
283 662
283 392
283 369
283 618
283 548
283 516
283 331
283 283
283 335
283 364
283 314
283 450
284 528
284 403
284 410
284 569
284 310
284 289
284 483
284 316
284 577
284 553
284 284
284 627
284 315
284 492
284 595
284 617
284 677
284 432
284 292
285 315
285 512
285 420
285 530
285 663
285 668
285 539
285 670
285 424
285 635
285 538
285 554
285 634
285 473
285 453
285 578
285 319
286 652
286 540
286 307
286 429
286 566
286 294
286 305
286 693
286 286
286 681
286 673
286 543
286 427
287 407
287 430
287 519
287 650
287 658
287 347
287 287
287 630
287 354
287 507
287 393
287 547
287 367
287 683
287 326
288 530
288 661
288 663
288 538
288 539
288 668
288 670
288 473
288 319
288 424
288 634
288 288
288 554
288 453
288 635
289 528
289 403
289 410
289 483
289 569
289 595
289 432
289 492
289 316
289 310
289 512
289 577
289 553
289 627
289 655
289 455
290 397
290 408
290 365
290 691
290 363
290 345
290 434
290 376
290 638
290 688
290 290
290 309
290 436
290 337
290 333
290 491
290 364
291 348
291 402
291 517
291 400
291 537
291 465
291 505
291 291
291 341
291 536
291 607
291 566
291 467
292 669
292 541
292 545
292 431
292 586
292 677
292 511
292 464
292 451
292 458
292 415
292 292
292 423
292 405
292 700
293 513
293 387
293 520
293 322
293 293
293 620
293 381
293 391
293 526
293 574
293 419
293 676
293 457
293 368
293 679
293 323
293 377
293 442
293 420
293 317
293 318
293 436
294 460
294 652
294 406
294 540
294 429
294 294
294 693
294 681
294 566
294 307
294 427
294 454
294 375
294 305
295 500
295 666
295 413
295 358
295 355
295 342
295 547
295 600
295 312
295 295
295 568
295 479
295 616
295 321
295 612
295 487
295 523
296 652
296 406
296 540
296 543
296 566
296 305
296 693
296 427
296 429
296 296
296 307
296 681
296 487
296 524
296 366
296 454
296 335
297 648
297 653
297 398
297 655
297 657
297 534
297 417
297 680
297 578
297 313
297 481
297 346
297 297
297 581
297 518
297 337
297 511
297 555
297 563
297 328
297 473
298 498
298 677
298 645
298 656
298 412
298 685
298 559
298 508
298 469
298 579
298 304
298 442
298 495
298 433
298 298
298 505
298 422
298 561
298 684
299 535
299 385
299 466
299 463
299 489
299 357
299 592
299 522
299 372
299 625
299 547
299 486
299 445
299 456
300 359
300 639
300 390
300 672
300 678
300 550
300 683
300 603
300 360
300 475
300 334
300 570
300 347
300 441
300 326
301 502
301 412
301 685
301 559
301 656
301 495
301 301
301 602
301 330
301 304
301 645
301 434
301 614
301 433
301 561
301 579
302 674
302 425
302 375
302 476
302 303
302 609
302 435
302 380
302 629
302 302
302 338
302 470
302 607
302 478
302 438
302 580
302 604
302 522
303 674
303 425
303 380
303 580
303 303
303 338
303 609
303 448
303 476
303 438
303 629
303 435
303 470
303 633
303 441
303 604
303 607
303 375
303 423
303 346
303 320
304 622
304 588
304 443
304 682
304 656
304 412
304 559
304 469
304 602
304 561
304 330
304 433
304 685
304 304
304 495
304 557
304 463
304 442
304 579
305 406
305 540
305 681
305 427
305 429
305 305
305 454
305 652
305 566
305 543
305 314
305 583
305 414
305 693
305 562
305 659
305 645
306 646
306 690
306 567
306 325
306 496
306 306
306 615
306 452
306 610
306 539
306 348
306 695
306 361
306 628
306 364
306 427
307 577
307 652
307 406
307 540
307 681
307 429
307 427
307 693
307 566
307 543
307 454
307 440
308 610
308 514
308 599
308 500
308 621
308 623
308 329
308 308
308 359
308 576
308 498
308 652
308 382
308 488
308 626
308 335
309 397
309 434
309 436
309 376
309 460
309 491
309 364
309 309
309 363
309 688
309 408
309 365
309 638
309 533
309 333
309 345
309 587
310 486
310 528
310 403
310 410
310 432
310 553
310 577
310 316
310 310
310 512
310 595
310 627
310 516
310 646
310 628
310 315
310 483
310 492
310 411
311 401
311 426
311 558
311 689
311 332
311 501
311 596
311 356
311 506
311 606
311 516
311 640
312 615
312 666
312 413
312 699
312 355
312 547
312 312
312 487
312 358
312 600
312 397
312 568
312 321
312 342
312 612
313 518
313 648
313 651
313 653
313 398
313 657
313 411
313 417
313 680
313 555
313 655
313 328
313 313
313 481
313 581
313 563
313 357
313 454
313 578
313 346
314 476
314 390
314 672
314 647
314 525
314 527
314 548
314 662
314 331
314 516
314 369
314 314
314 335
314 448
315 528
315 403
315 410
315 569
315 315
315 316
315 432
315 483
315 512
315 577
315 553
315 575
315 492
315 627
316 633
316 403
316 410
316 553
316 432
316 569
316 595
316 492
316 528
316 627
316 316
316 339
316 538
316 577
316 483
316 398
316 658
316 696
317 674
317 391
317 520
317 526
317 419
317 420
317 676
317 381
317 317
317 574
317 679
317 457
317 620
317 318
317 322
317 631
317 499
317 323
317 368
318 643
318 387
318 391
318 520
318 526
318 419
318 420
318 679
318 676
318 457
318 381
318 513
318 368
318 565
318 440
318 574
318 323
318 620
318 447
319 530
319 661
319 663
319 538
319 539
319 424
319 554
319 453
319 670
319 634
319 319
319 668
319 415
319 635
320 378
320 514
320 461
320 660
320 336
320 549
320 320
320 636
320 497
320 405
320 584
320 349
320 345
320 585
320 504
321 413
321 547
321 666
321 600
321 568
321 358
321 321
321 487
321 699
321 342
321 478
321 363
321 541
321 355
321 612
322 398
322 513
322 387
322 391
322 520
322 526
322 419
322 679
322 676
322 574
322 322
322 620
322 420
322 402
322 566
322 323
322 601
323 513
323 387
323 391
323 526
323 419
323 420
323 679
323 574
323 457
323 381
323 620
323 323
323 598
323 456
323 368
323 530
324 643
324 649
324 524
324 575
324 698
324 377
324 529
324 351
324 472
324 337
324 597
324 330
324 549
324 632
324 510
324 490
325 646
325 690
325 695
325 567
325 452
325 479
325 361
325 610
325 325
325 496
325 615
325 382
325 693
326 390
326 672
326 678
326 551
326 683
326 684
326 441
326 360
326 603
326 590
326 326
327 641
327 409
327 546
327 439
327 697
327 374
327 637
327 485
327 598
327 468
327 348
327 327
327 408
327 494
328 518
328 651
328 398
328 655
328 534
328 411
328 417
328 680
328 555
328 563
328 581
328 648
328 653
328 578
328 328
328 429
328 334
329 617
329 514
329 576
329 477
329 500
329 623
329 621
329 498
329 329
329 687
329 599
329 359
329 488
329 626
329 577
330 512
330 680
330 397
330 645
330 656
330 559
330 433
330 561
330 442
330 579
330 495
330 508
330 587
331 572
331 621
331 405
331 550
331 426
331 516
331 392
331 525
331 527
331 662
331 450
331 335
331 647
331 519
331 622
332 385
332 401
332 426
332 689
332 606
332 640
332 616
332 506
332 370
332 558
332 356
332 589
332 596
332 548
333 397
333 408
333 688
333 434
333 691
333 364
333 491
333 638
333 345
333 363
333 376
333 365
333 335
333 452
334 676
334 561
334 672
334 678
334 550
334 551
334 441
334 334
334 683
334 603
334 390
334 590
334 684
334 360
335 345
335 516
335 647
335 392
335 525
335 527
335 662
335 548
335 450
335 551
335 369
336 405
336 660
336 549
336 552
336 428
336 585
336 349
336 504
336 336
336 596
337 524
337 698
337 351
337 529
337 597
337 649
337 377
337 632
337 337
337 472
337 343
337 661
337 615
337 510
338 674
338 425
338 435
338 438
338 629
338 380
338 580
338 609
338 604
338 375
338 448
338 338
338 698
338 400
339 407
339 564
339 570
339 572
339 588
339 631
339 608
339 480
339 471
339 609
339 683
339 430
339 617
339 555
339 619
340 425
340 482
340 544
340 682
340 565
340 571
340 444
340 594
340 605
340 484
340 696
340 373
340 340
340 639
340 467
340 364
340 673
340 601
341 391
341 517
341 400
341 536
341 537
341 505
341 556
341 474
341 341
341 596
341 609
342 641
342 371
342 594
342 413
342 568
342 699
342 358
342 612
342 666
342 342
342 351
342 553
342 355
342 618
343 388
343 395
343 535
343 675
343 686
343 462
343 502
343 383
343 352
343 343
343 379
343 486
343 593
343 622
343 382
343 650
343 573
344 515
344 389
344 667
344 542
344 430
344 573
344 446
344 449
344 583
344 455
344 589
344 394
344 692
344 613
344 549
344 505
345 397
345 408
345 688
345 434
345 691
345 460
345 436
345 363
345 376
345 491
345 365
345 364
345 637
345 684
346 361
346 518
346 648
346 653
346 534
346 417
346 555
346 563
346 578
346 680
346 481
346 411
346 398
346 346
346 608
347 519
347 393
347 650
347 665
347 354
347 371
347 611
347 630
347 367
347 412
347 445
347 507
347 487
348 641
348 546
348 439
348 697
348 598
348 468
348 494
348 374
348 409
348 485
348 493
348 662
348 453
349 405
349 660
349 552
349 584
349 585
349 497
349 504
349 636
349 349
349 400
350 521
350 414
350 416
350 421
350 557
350 591
350 482
350 478
350 350
350 582
350 644
350 633
350 362
350 353
350 373
351 643
351 649
351 524
351 529
351 698
351 575
351 472
351 377
351 632
351 351
351 606
351 455
352 388
352 395
352 533
352 535
352 675
352 686
352 462
352 352
352 379
352 383
352 593
352 502
352 404
352 486
352 622
352 608
353 388
353 644
353 521
353 414
353 416
353 421
353 582
353 591
353 478
353 482
353 353
353 378
353 519
353 518
353 362
353 678
353 590
353 418
354 581
354 519
354 393
354 650
354 658
354 507
354 665
354 611
354 367
354 413
354 630
354 548
355 666
355 413
355 699
355 600
355 547
355 355
355 612
356 642
356 401
356 426
356 689
356 606
356 616
356 558
356 596
356 506
357 385
357 522
357 445
357 456
357 592
357 372
357 625
357 357
357 463
357 628
357 623
357 489
357 619
358 632
358 491
358 559
358 413
358 547
358 568
358 699
358 666
358 600
358 388
358 510
358 487
359 514
359 576
359 599
359 477
359 621
359 500
359 626
359 359
359 436
359 488
359 498
360 365
360 399
360 390
360 678
360 550
360 551
360 684
360 441
360 590
360 603
360 683
360 672
360 466
361 646
361 695
361 479
361 610
361 628
361 690
361 452
361 567
361 496
362 644
362 521
362 416
362 421
362 591
362 478
362 378
362 557
362 482
362 582
362 633
362 396
362 404
362 442
363 599
363 574
363 397
363 688
363 434
363 436
363 460
363 364
363 363
363 638
363 365
363 383
363 507
363 399
364 397
364 434
364 436
364 460
364 491
364 364
364 408
364 691
364 638
364 376
364 611
364 579
365 408
365 688
365 434
365 691
365 436
365 491
365 376
365 365
365 638
365 635
365 467
365 426
365 506
366 410
366 544
366 422
366 682
366 565
366 696
366 571
366 605
366 444
366 384
366 639
366 484
366 594
366 366
366 429
367 519
367 393
367 650
367 658
367 665
367 611
367 630
367 507
367 656
367 663
368 513
368 387
368 391
368 520
368 526
368 419
368 679
368 676
368 620
368 368
368 457
368 420
368 673
368 446
369 463
369 516
369 392
369 523
369 525
369 527
369 662
369 618
369 647
369 482
370 660
370 401
370 558
370 426
370 606
370 370
370 506
370 640
370 689
370 596
370 517
370 430
371 564
371 408
371 460
371 650
371 665
371 630
371 371
371 507
371 658
371 434
371 616
372 535
372 522
372 445
372 456
372 463
372 592
372 466
372 489
372 619
372 416
372 570
372 381
372 497
373 529
373 544
373 422
373 682
373 565
373 696
373 571
373 601
373 605
373 484
373 493
373 444
373 594
373 384
373 640
374 641
374 409
374 546
374 439
374 697
374 468
374 598
374 494
374 374
374 648
374 532
375 674
375 425
375 435
375 448
375 580
375 470
375 476
375 604
375 607
375 609
375 380
375 375
375 532
375 623
376 397
376 408
376 688
376 434
376 436
376 491
376 376
376 638
376 610
376 462
376 445
377 643
377 649
377 524
377 698
377 597
377 472
377 529
377 575
377 632
377 377
377 560
377 573
377 554
378 644
378 521
378 414
378 416
378 421
378 557
378 582
378 591
378 482
378 478
378 378
378 533
378 700
378 534
378 503
378 487
378 506
379 388
379 395
379 533
379 535
379 675
379 686
379 462
379 593
379 486
379 622
379 379
379 382
379 558
379 383
379 652
380 425
380 438
380 448
380 580
380 604
380 607
380 629
380 674
380 435
380 380
380 470
380 681
380 528
380 404
381 410
381 625
381 387
381 520
381 526
381 419
381 420
381 679
381 676
381 574
381 457
381 513
381 391
381 521
381 668
382 386
382 396
382 402
382 659
382 404
382 664
382 531
382 440
382 532
383 388
383 395
383 533
383 535
383 675
383 686
383 593
383 502
383 486
383 462
383 383
383 639
383 560
384 544
384 422
384 696
384 571
384 444
384 594
384 601
384 605
384 384
384 493
384 484
384 682
384 639
385 385
385 592
385 466
385 463
385 619
385 489
385 456
385 625
385 445
385 522
385 686
385 447
386 642
386 664
386 509
386 386
386 396
386 402
386 687
386 659
386 532
386 440
386 404
386 673
386 666
386 549
386 441
387 513
387 419
387 457
387 574
387 387
387 620
387 526
387 391
387 520
387 420
387 679
387 676
387 519
387 547
388 593
388 686
388 502
388 533
388 462
388 622
388 388
388 675
388 486
388 401
388 395
388 535
388 556
389 454
389 515
389 583
389 446
389 654
389 589
389 430
389 449
389 692
389 455
389 667
389 613
389 394
389 412
389 587
389 542
389 573
389 393
389 556
390 562
390 551
390 678
390 683
390 550
390 684
390 672
390 603
390 590
390 441
390 390
390 443
390 634
390 475
391 526
391 391
391 574
391 457
391 676
391 419
391 420
391 679
391 620
391 520
391 546
391 444
391 509
392 416
392 538
392 647
392 516
392 618
392 523
392 662
392 527
392 450
392 548
392 424
392 525
393 519
393 507
393 665
393 658
393 611
393 650
393 630
393 393
393 486
393 493
394 521
394 455
394 613
394 589
394 446
394 394
394 654
394 573
394 542
394 449
394 515
394 575
394 490
394 667
394 430
394 530
394 683
395 593
395 533
395 622
395 686
395 675
395 502
395 486
395 395
395 532
395 462
395 408
396 438
396 642
396 440
396 402
396 531
396 673
396 396
396 532
396 687
396 664
396 620
396 601
396 602
396 618
397 638
397 408
397 460
397 436
397 691
397 434
397 397
397 688
398 518
398 648
398 651
398 657
398 578
398 398
398 417
398 411
398 680
398 563
398 534
398 481
398 653
398 655
398 555
398 670
399 399
399 503
399 437
399 694
399 461
399 499
399 587
399 443
399 624
399 562
399 560
399 447
400 517
400 537
400 536
400 467
400 418
400 465
400 474
400 505
401 492
401 606
401 426
401 640
401 401
401 501
401 558
401 506
401 444
401 596
402 642
402 532
402 673
402 659
402 402
402 404
402 664
402 686
402 545
402 531
402 687
402 509
402 561
402 475
403 528
403 410
403 577
403 483
403 553
403 595
403 512
403 403
403 627
403 432
403 569
403 419
403 430
403 693
404 459
404 679
404 642
404 659
404 673
404 532
404 664
404 622
404 440
404 645
405 513
405 549
405 660
405 636
405 552
405 497
405 667
405 585
406 451
406 420
406 652
406 543
406 406
406 427
406 693
406 566
406 429
406 454
406 487
406 540
406 681
406 443
406 504
407 631
407 407
407 617
407 490
407 608
407 588
407 471
407 480
407 564
407 542
407 665
407 570
407 572
408 491
408 436
408 691
408 638
408 460
408 688
408 434
408 442
408 424
409 454
409 641
409 468
409 546
409 494
409 697
409 485
409 439
409 598
409 637
409 682
409 590
410 432
410 528
410 492
410 410
410 483
410 595
410 553
410 577
410 569
410 698
410 512
411 648
411 651
411 653
411 655
411 657
411 534
411 417
411 411
411 581
411 518
411 563
411 680
411 555
411 664
411 578
411 481
411 543
412 622
412 637
412 442
412 495
412 602
412 645
412 412
412 508
412 685
412 433
413 522
413 547
413 413
413 568
413 699
413 653
413 600
413 612
413 487
414 521
414 591
414 644
414 421
414 633
414 414
414 557
414 416
414 478
414 546
414 594
414 582
414 482
414 651
415 686
415 669
415 541
415 423
415 545
415 451
415 586
415 464
415 700
415 459
415 431
415 458
415 511
415 415
415 667
415 671
416 521
416 582
416 482
416 557
416 633
416 591
416 478
416 421
416 609
416 468
416 424
417 518
417 651
417 653
417 657
417 534
417 555
417 680
417 481
417 563
417 655
417 581
417 648
417 541
417 561
417 578
417 640
418 675
418 464
418 507
418 517
418 536
418 418
418 505
418 537
418 556
418 474
418 465
419 520
419 526
419 676
419 457
419 574
419 419
419 620
419 420
419 679
419 439
419 484
420 570
420 513
420 679
420 457
420 676
420 420
420 520
420 526
420 691
420 441
421 644
421 521
421 633
421 582
421 421
421 557
421 478
421 562
421 632
421 591
421 482
421 543
421 475
422 608
422 544
422 639
422 444
422 565
422 605
422 594
422 696
422 571
422 682
422 493
422 649
422 558
423 669
423 541
423 671
423 545
423 677
423 511
423 423
423 431
423 586
423 459
423 464
423 700
423 634
423 458
424 530
424 661
424 663
424 538
424 539
424 668
424 670
424 554
424 424
424 453
424 635
424 666
424 473
424 634
425 674
425 476
425 438
425 448
425 470
425 435
425 580
425 604
425 609
425 425
425 629
425 587
425 601
426 606
426 501
426 596
426 640
426 426
426 506
426 616
426 689
427 679
427 652
427 540
427 543
427 681
427 566
427 429
427 454
427 693
428 454
428 692
428 446
428 660
428 552
428 497
428 585
428 549
428 584
428 531
428 516
428 504
428 636
429 543
429 681
429 652
429 429
429 540
429 454
429 466
429 481
429 599
429 693
430 515
430 654
430 589
430 613
430 583
430 667
430 692
430 455
430 573
430 494
430 449
431 669
431 541
431 671
431 545
431 464
431 458
431 451
431 700
431 677
431 586
431 431
431 513
431 459
431 511
431 664
432 528
432 553
432 483
432 512
432 595
432 492
432 569
432 577
432 432
432 627
433 645
433 656
433 559
433 561
433 685
433 579
433 469
433 602
433 495
433 442
433 433
433 569
433 635
433 450
434 688
434 434
434 460
434 491
434 691
434 436
434 638
434 449
435 674
435 476
435 435
435 629
435 609
435 448
435 607
435 438
435 580
435 470
435 604
435 666
436 607
436 688
436 691
436 436
436 460
436 532
436 491
436 638
437 491
437 560
437 562
437 503
437 624
437 461
437 447
437 443
437 694
437 499
437 587
437 614
437 603
437 581
437 526
438 674
438 476
438 607
438 604
438 580
438 470
438 609
438 448
438 438
438 633
438 629
438 598
439 641
439 546
439 697
439 468
439 598
439 485
439 439
439 454
439 637
440 510
440 608
440 659
440 532
440 531
440 664
440 673
440 440
440 645
440 509
440 536
441 672
441 683
441 684
441 475
441 441
441 551
441 603
441 678
441 538
442 555
442 654
442 645
442 656
442 685
442 559
442 561
442 495
442 602
442 572
442 469
443 560
443 562
443 624
443 447
443 614
443 461
443 694
443 503
443 536
444 620
444 682
444 696
444 571
444 444
444 594
444 544
444 565
444 493
444 639
444 601
444 497
445 522
445 619
445 466
445 625
445 592
445 463
445 445
445 489
445 456
445 639
446 545
446 581
446 667
446 542
446 692
446 583
446 449
446 455
446 654
446 589
446 613
446 602
447 649
447 621
447 560
447 461
447 587
447 694
447 499
447 447
447 562
447 539
448 674
448 448
448 470
448 580
448 604
448 609
448 629
448 476
448 452
448 607
449 515
449 542
449 692
449 573
449 449
449 654
449 613
449 667
449 455
449 589
449 583
449 491
450 643
450 516
450 647
450 523
450 527
450 548
450 525
450 662
450 618
450 686
451 669
451 541
451 545
451 677
451 451
451 459
451 458
451 464
451 671
451 700
451 586
451 511
452 646
452 690
452 695
452 567
452 615
452 452
452 628
452 479
452 496
452 601
452 610
453 661
453 538
453 539
453 668
453 663
453 634
453 635
453 554
453 672
453 473
454 652
454 540
454 693
454 681
455 649
455 481
455 515
455 654
455 667
455 542
455 692
455 583
455 455
455 613
455 589
455 527
456 522
456 625
456 489
456 619
456 466
456 463
456 520
456 592
456 602
457 472
457 513
457 520
457 526
457 679
457 676
457 574
457 620
457 457
457 685
458 669
458 671
458 545
458 677
458 586
458 459
458 541
458 464
458 700
458 500
458 562
459 669
459 541
459 671
459 545
459 586
459 511
459 677
459 459
459 685
459 464
459 513
459 587
460 688
460 691
460 460
460 638
460 491
461 560
461 562
461 694
461 587
461 461
461 614
461 499
461 582
461 624
461 571
461 579
461 558
462 533
462 535
462 675
462 686
462 502
462 622
462 462
462 645
462 528
462 593
462 486
462 679
463 522
463 592
463 463
463 619
463 466
463 571
463 579
463 625
463 552
464 669
464 541
464 671
464 545
464 677
464 700
464 586
464 511
464 464
464 617
464 494
464 650
465 536
465 556
465 474
465 537
465 467
465 465
465 693
465 607
465 505
466 592
466 619
466 489
466 466
466 625
466 545
467 678
467 517
467 536
467 556
467 474
467 505
467 663
468 570
468 697
468 494
468 546
468 485
468 468
468 554
468 598
468 637
469 675
469 673
469 645
469 685
469 561
469 656
469 602
469 495
469 559
469 469
469 682
469 503
469 508
470 674
470 476
470 580
470 609
470 607
470 470
470 484
470 604
470 629
470 496
471 564
471 570
471 572
471 588
471 480
471 471
471 608
471 617
471 631
471 556
471 490
471 509
472 643
472 649
472 524
472 529
472 698
472 575
472 632
472 472
472 596
472 687
472 510
472 681
473 565
473 530
473 661
473 538
473 668
473 670
473 554
473 473
473 634
473 635
473 558
474 517
474 536
474 556
474 505
474 601
474 585
474 513
475 595
475 672
475 678
475 550
475 683
475 684
475 590
475 475
475 565
476 674
476 580
476 604
476 629
476 476
476 578
476 607
476 609
476 575
477 514
477 599
477 498
477 626
477 623
477 576
477 477
477 621
477 656
477 488
477 500
478 644
478 521
478 557
478 582
478 591
478 482
478 478
478 679
478 514
478 633
478 518
479 646
479 690
479 567
479 695
479 610
479 615
479 479
479 496
479 665
479 508
479 628
480 564
480 572
480 588
480 631
480 570
480 608
480 597
480 657
480 617
480 490
481 518
481 648
481 651
481 653
481 655
481 534
481 680
481 555
481 563
481 578
481 581
481 657
481 481
482 644
482 521
482 557
482 582
482 591
482 517
483 580
483 529
483 528
483 553
483 569
483 577
483 595
483 627
483 556
483 492
483 661
483 685
484 488
484 544
484 565
484 696
484 571
484 594
484 605
484 484
484 639
484 612
485 641
485 546
485 697
485 598
485 637
485 494
485 485
486 533
486 535
486 675
486 686
486 593
486 502
486 622
486 486
486 542
486 664
487 666
487 547
487 699
487 600
487 568
487 656
488 514
488 576
488 488
488 498
488 626
488 623
488 617
488 621
488 500
489 698
489 557
489 522
489 592
489 700
489 619
490 564
490 572
490 608
490 617
490 631
490 570
490 588
491 688
491 691
491 491
491 638
491 698
491 505
492 567
492 528
492 553
492 569
492 577
492 512
492 627
492 511
493 690
493 649
493 544
493 565
493 696
493 594
493 605
493 601
493 493
493 557
494 641
494 697
494 598
494 546
494 637
494 678
495 515
495 645
495 656
495 561
495 685
495 559
495 602
495 567
495 697
495 516
496 646
496 690
496 567
496 610
496 615
496 496
496 695
496 605
496 593
496 597
496 511
497 549
497 584
497 585
497 552
497 504
497 579
498 514
498 576
498 599
498 623
498 500
498 626
498 662
499 500
499 560
499 562
499 587
499 614
499 694
499 578
499 609
499 667
500 576
500 599
500 621
500 623
500 626
500 514
501 656
501 558
501 596
501 616
501 501
501 506
501 643
501 546
501 640
502 533
502 675
502 686
502 593
502 502
502 535
502 622
502 560
502 657
503 560
503 562
503 694
503 587
503 503
503 624
503 583
503 613
504 511
504 549
504 552
504 584
504 585
504 636
504 660
505 536
506 558
506 596
506 616
506 606
506 640
507 510
507 519
507 650
507 658
507 507
508 609
508 534
508 645
508 656
508 685
508 579
508 602
508 559
508 508
509 582
509 642
509 659
509 532
509 531
509 687
509 664
509 673
510 649
510 524
510 529
510 698
510 575
510 597
510 643
510 510
511 671
511 545
511 700
511 586
511 677
511 511
511 613
512 528
512 553
512 569
512 595
512 577
512 627
512 512
512 669
512 573
513 520
513 676
513 620
513 679
513 513
513 526
513 574
513 547
514 623
514 576
514 514
514 626
514 681
514 612
514 599
514 621
515 613
515 583
515 542
515 667
515 573
515 654
515 692
515 589
515 637
516 569
516 611
516 647
516 516
516 527
516 523
516 525
516 662
516 618
516 548
517 524
517 517
517 536
517 556
517 573
517 537
518 657
518 655
518 653
518 578
518 555
518 518
518 651
518 680
518 648
518 563
518 534
518 581
519 611
519 630
519 658
519 650
519 519
519 665
519 673
520 569
520 676
520 520
520 574
520 679
520 563
520 620
521 644
521 557
521 582
521 521
521 633
522 625
522 522
522 619
522 573
523 647
523 618
523 523
523 662
523 527
523 525
523 587
523 634
524 643
524 649
524 597
524 632
524 575
524 542
524 529
524 698
524 680
524 585
525 647
525 548
525 525
525 618
525 565
525 662
526 574
526 526
526 620
526 676
526 694
526 570
526 601
526 539
527 580
527 614
527 642
527 647
527 548
527 662
527 618
528 553
528 528
528 627
528 595
528 617
528 688
528 569
528 577
529 643
529 649
529 632
529 698
529 597
529 575
529 529
529 668
530 668
530 634
530 539
530 635
530 670
530 661
530 663
530 538
530 554
530 564
531 586
531 642
531 659
531 532
531 664
531 673
531 662
532 657
532 642
532 659
532 664
532 687
533 593
533 535
533 686
533 622
533 533
533 575
533 542
533 675
533 678
534 646
534 653
534 655
534 563
534 581
534 648
534 680
534 651
534 534
534 555
534 578
534 535
535 622
535 593
535 686
535 535
535 616
536 537
536 556
536 606
537 627
537 537
537 551
538 688
538 661
538 670
538 668
538 634
538 538
538 539
538 583
538 619
538 554
539 613
539 661
539 663
539 635
539 539
539 634
539 554
539 608
539 668
540 652
540 540
540 693
540 681
540 543
541 610
541 669
541 545
541 700
541 677
541 671
541 541
541 641
541 605
542 574
542 654
542 667
542 589
542 692
542 613
542 573
542 679
542 583
542 584
543 543
543 566
543 693
543 652
543 681
543 590
544 639
544 605
544 682
544 601
544 565
544 571
544 594
544 544
544 588
545 669
545 671
545 545
545 586
545 618
545 677
545 700
545 653
546 641
546 637
546 546
546 598
546 693
546 697
546 645
547 633
547 666
547 568
547 699
547 547
547 612
548 647
548 548
548 618
549 660
549 585
549 584
549 552
549 636
549 549
550 611
550 678
550 590
550 684
550 551
550 683
550 603
550 672
551 678
551 683
551 551
551 590
551 603
551 684
551 593
552 630
552 656
552 660
552 636
552 584
552 585
553 569
553 553
553 627
553 595
553 577
553 694
553 611
554 661
554 663
554 668
554 670
554 554
554 635
555 648
555 651
555 653
555 655
555 680
555 563
555 555
555 578
555 638
556 674
556 556
556 669
557 633
557 644
557 582
557 591
557 557
557 648
558 668
558 584
558 606
558 640
558 558
558 616
558 596
558 689
558 609
559 656
559 685
559 602
559 645
559 579
559 559
559 561
560 562
560 560
560 624
560 694
560 632
560 587
560 614
560 639
561 645
561 656
561 685
561 561
561 602
561 579
562 628
562 694
562 614
562 624
563 648
563 651
563 653
563 655
563 657
563 680
563 581
563 563
563 578
563 691
564 631
564 572
564 564
564 570
564 617
564 686
564 580
564 588
564 680
565 631
565 682
565 571
565 601
565 565
565 605
565 639
565 696
566 674
566 615
566 681
566 693
566 566
566 652
566 567
566 663
567 593
567 646
567 690
567 567
567 628
567 615
567 610
568 648
568 666
568 612
568 699
568 568
568 600
569 577
569 627
569 569
569 595
569 667
570 631
570 572
570 588
570 617
570 570
570 608
571 576
571 696
571 601
571 639
571 605
571 626
571 594
572 617
572 588
572 572
572 608
573 580
573 654
573 667
573 692
573 583
573 573
573 613
574 592
574 676
574 679
574 620
575 643
575 698
575 575
575 597
575 592
575 632
575 630
576 599
576 623
576 576
576 673
577 627
577 577
577 595
577 689
578 648
578 653
578 655
578 657
578 680
578 578
578 581
579 645
579 579
579 602
579 656
580 674
580 580
580 607
580 629
580 604
581 648
581 651
581 655
581 657
581 680
581 653
581 581
582 591
582 644
582 633
583 654
583 667
583 692
583 613
583 589
583 635
584 660
584 585
584 584
584 636
585 661
585 636
586 671
586 677
586 700
587 694
587 614
587 587
587 624
588 617
588 608
588 588
589 654
589 667
589 692
589 613
589 589
589 618
589 636
590 646
590 672
590 678
590 684
590 590
590 603
590 695
591 644
591 591
591 633
591 594
591 605
591 658
592 592
592 595
592 670
592 619
592 625
593 675
593 686
593 622
593 593
594 690
594 682
594 696
594 639
594 601
594 638
594 633
595 595
595 618
596 616
596 606
596 615
596 633
596 640
597 643
597 698
597 597
597 649
597 632
597 690
598 641
598 697
599 623
599 621
599 672
600 607
600 666
600 699
600 600
600 612
600 658
601 624
601 665
601 696
601 601
601 682
601 605
602 645
602 685
602 602
602 694
603 675
603 672
603 678
603 683
603 684
603 643
604 674
604 604
604 607
604 609
605 682
605 605
605 639
606 616
606 606
606 687
606 640
607 674
607 607
607 629
607 609
608 608
608 617
608 631
609 629
609 609
610 646
610 695
610 628
610 633
610 615
611 628
611 658
611 665
612 638
612 666
612 699
613 654
613 667
613 692
614 676
614 694
614 624
615 646
615 690
615 695
615 615
615 628
616 689
616 640
616 616
616 663
617 631
617 644
617 694
618 647
618 618
619 619
619 652
619 625
620 676
620 620
620 685
621 621
621 623
621 626
622 675
622 622
622 686
623 626
623 623
623 652
623 661
624 694
624 624
626 626
626 635
627 627
628 646
628 690
628 695
628 628
629 674
629 629
630 650
630 658
630 665
630 630
632 643
632 649
632 698
632 663
633 644
633 687
633 689
634 661
634 663
634 668
634 670
634 635
635 661
635 663
635 668
635 670
635 636
635 691
635 694
636 660
637 697
637 644
638 669
638 688
639 682
639 696
639 639
639 646
639 664
640 689
641 697
642 673
642 659
642 642
642 687
642 664
643 649
643 698
643 643
644 644
645 645
645 685
645 656
646 646
646 695
646 690
646 678
646 651
647 656
647 647
647 662
648 651
648 653
648 648
648 680
648 655
648 657
649 649
649 698
650 654
650 658
650 691
650 665
651 651
651 653
651 680
651 655
651 657
652 652
652 693
652 681
652 680
652 673
653 653
653 657
653 655
653 673
654 657
654 667
654 692
654 654
655 655
655 657
655 680
655 675
656 685
656 656
657 657
657 680
658 665
658 658
659 687
659 673
659 659
659 664
660 660
661 661
661 668
661 663
661 670
662 662
663 670
663 663
663 668
664 673
664 664
664 687
665 665
666 699
666 666
667 667
667 692
668 670
669 669
669 700
670 670
671 700
671 677
671 671
672 672
672 683
672 684
673 673
673 687
675 686
676 679
677 700
677 677
677 697
678 683
678 678
678 684
680 680
681 693
681 681
682 682
682 696
683 684
683 683
684 684
685 685
686 686
687 687
688 691
689 689
690 690
690 695
690 697
691 691
692 692
693 693
694 694
695 695
698 698
699 699
700 700
