700 8146
1 177
1 397
1 194
1 399
1 451
1 17
1 18
1 517
1 484
1 676
1 158
1 645
1 550
1 640
1 121
1 45
1 130
1 411
1 521
1 169
1 132
1 7
1 290
1 38
1 326
1 636
1 481
2 491
2 204
2 486
2 312
2 578
2 53
2 393
2 435
2 2
2 191
2 695
2 89
2 370
2 28
2 572
2 97
2 664
2 466
2 187
2 522
2 534
2 591
3 151
3 34
3 190
3 123
3 161
3 36
3 540
3 128
3 388
3 468
3 152
3 3
3 497
3 150
3 61
3 239
3 297
3 369
3 467
3 418
3 44
3 173
3 49
3 185
3 91
4 394
4 212
4 40
4 568
4 615
4 251
4 10
4 74
4 176
4 465
4 243
4 601
4 452
4 478
4 63
4 660
4 4
4 14
4 647
4 409
4 686
4 690
4 611
4 150
5 642
5 425
5 365
5 5
5 126
5 151
5 303
5 294
5 327
5 519
5 68
5 552
5 316
5 463
5 249
5 84
5 613
5 252
5 437
5 272
5 283
5 162
5 300
5 302
5 306
5 418
6 323
6 671
6 672
6 663
6 67
6 278
6 368
6 659
6 167
6 147
6 6
6 160
6 624
6 381
6 547
6 426
6 661
6 454
6 313
6 545
6 432
6 616
7 307
7 655
7 132
7 517
7 645
7 451
7 640
7 391
7 326
7 45
7 399
7 130
7 18
7 122
7 121
7 7
7 201
7 474
7 17
7 158
7 290
7 676
7 494
8 134
8 94
8 473
8 319
8 504
8 693
8 419
8 373
8 143
8 83
8 490
8 8
8 330
8 371
8 528
8 494
8 529
8 479
8 628
8 178
8 309
8 58
8 73
8 233
8 444
9 143
9 258
9 516
9 265
9 9
9 587
9 626
9 336
9 253
9 23
9 86
9 19
9 155
9 461
9 102
9 372
9 380
9 311
9 55
9 339
9 351
9 335
10 409
10 12
10 74
10 40
10 394
10 452
10 660
10 10
10 690
10 63
10 686
10 568
10 579
10 601
10 611
10 465
10 492
10 420
10 64
10 212
10 232
10 243
11 148
11 129
11 514
11 387
11 650
11 280
11 223
11 11
11 240
11 25
11 470
11 107
11 495
11 395
11 237
11 254
11 623
11 599
11 603
11 276
11 348
11 634
11 497
11 499
12 465
12 601
12 232
12 611
12 660
12 568
12 212
12 478
12 409
12 394
12 64
12 579
12 243
12 63
12 74
12 12
12 147
12 617
12 452
12 251
12 638
12 17
12 578
13 521
13 525
13 567
13 13
13 285
13 282
13 196
13 39
13 138
13 430
13 444
13 154
13 329
13 512
13 457
13 289
13 246
13 186
13 570
13 524
13 403
13 277
13 541
13 308
13 449
14 122
14 312
14 643
14 264
14 267
14 653
14 14
14 27
14 284
14 266
14 298
14 377
14 35
14 669
14 324
14 321
14 142
14 558
14 530
14 532
14 281
14 539
14 288
14 680
14 343
15 90
15 213
15 464
15 526
15 15
15 570
15 296
15 455
15 71
15 257
15 551
15 604
15 165
15 536
15 675
15 632
15 462
15 601
15 374
15 32
15 62
16 144
16 476
16 410
16 51
16 333
16 694
16 417
16 448
16 81
16 546
16 197
16 352
16 405
16 16
16 629
16 678
16 689
16 232
16 363
16 424
16 556
16 60
16 700
16 255
16 239
17 132
17 640
17 130
17 451
17 411
17 550
17 121
17 38
17 122
17 290
17 158
17 391
17 645
17 636
17 45
17 194
17 23
17 18
17 676
17 326
17 418
18 224
18 517
18 645
18 391
18 399
18 550
18 194
18 158
18 326
18 676
18 122
18 640
18 636
18 411
18 38
18 199
18 193
18 45
18 101
19 258
19 516
19 644
19 265
19 269
19 651
19 336
19 351
19 115
19 102
19 253
19 23
19 86
19 19
19 113
19 380
19 44
19 82
19 587
19 339
19 626
19 372
20 518
20 392
20 527
20 271
20 317
20 235
20 607
20 260
20 679
20 30
20 114
20 103
20 614
20 648
20 398
20 531
20 78
20 261
20 236
20 257
20 688
20 98
20 231
21 521
21 274
21 112
21 183
21 307
21 696
21 320
21 443
21 596
21 200
21 593
21 109
21 438
21 505
21 263
21 275
21 21
21 469
21 155
21 691
21 453
21 454
21 79
21 520
22 505
22 385
22 389
22 82
22 99
22 493
22 340
22 503
22 639
22 85
22 245
22 92
22 211
22 638
22 559
22 548
22 592
22 350
22 268
22 536
22 164
22 171
22 602
22 269
22 253
23 61
23 258
23 516
23 390
23 265
23 102
23 113
23 86
23 269
23 351
23 23
23 253
23 651
23 339
23 408
23 629
23 155
23 461
23 336
23 221
23 626
23 372
23 380
23 35
24 405
24 694
24 197
24 546
24 558
24 51
24 424
24 629
24 700
24 677
24 81
24 410
24 556
24 333
24 144
24 352
24 417
24 255
24 368
24 452
24 689
24 60
24 476
24 381
25 129
25 514
25 395
25 280
25 276
25 619
25 240
25 348
25 25
25 470
25 495
25 606
25 107
25 436
25 634
25 254
25 392
25 641
25 673
25 610
25 237
25 623
25 592
25 155
26 135
26 402
26 412
26 510
26 684
26 580
26 66
26 477
26 146
26 574
26 26
26 105
26 456
26 286
26 565
26 437
26 163
26 563
26 293
26 415
26 428
26 305
26 180
26 210
26 88
26 627
27 266
27 653
27 530
27 281
27 669
27 643
27 539
27 298
27 625
27 324
27 299
27 93
27 264
27 532
27 267
27 680
27 377
27 162
27 139
27 284
28 421
28 393
28 522
28 534
28 664
28 408
28 174
28 486
28 204
28 622
28 191
28 361
28 28
28 435
28 499
28 97
28 193
28 462
28 312
28 572
28 337
28 89
28 370
29 646
29 137
29 523
29 270
29 273
29 658
29 423
29 291
29 542
29 357
29 557
29 193
29 633
29 104
29 511
29 201
29 682
29 489
29 364
29 108
29 33
29 100
29 111
29 635
29 225
29 461
30 478
30 56
30 351
30 260
30 527
30 271
30 30
30 98
30 614
30 518
30 353
30 531
30 363
30 607
30 688
30 501
30 252
30 690
30 78
30 114
31 514
31 260
31 257
31 513
31 667
31 455
31 536
31 71
31 462
31 675
31 165
31 296
31 378
31 551
31 570
31 464
31 632
31 526
31 219
31 134
31 213
31 475
31 124
32 589
32 537
32 257
32 526
32 667
32 536
32 570
32 455
32 62
32 464
32 213
32 71
32 475
32 165
32 296
32 124
32 551
32 36
32 603
32 675
32 335
32 632
33 169
33 646
33 523
33 270
33 273
33 542
33 492
33 193
33 201
33 100
33 511
33 111
33 633
33 631
33 682
33 291
33 423
33 262
33 306
33 357
33 104
33 635
33 603
33 693
33 632
34 385
34 150
34 540
34 161
34 123
34 297
34 61
34 185
34 481
34 36
34 173
34 44
34 49
34 506
34 239
34 582
34 34
34 346
34 468
34 398
35 280
35 159
35 264
35 267
35 530
35 532
35 281
35 539
35 669
35 288
35 625
35 93
35 680
35 299
35 321
35 324
35 266
35 420
35 298
35 569
35 343
35 377
36 150
36 152
36 540
36 161
36 418
36 190
36 49
36 91
36 582
36 61
36 185
36 388
36 173
36 128
36 481
36 506
36 464
36 606
36 44
36 468
36 497
36 475
37 139
37 665
37 153
37 670
37 416
37 292
37 367
37 666
37 295
37 226
37 37
37 110
37 586
37 125
37 80
37 42
37 182
37 580
37 398
37 75
37 76
37 487
37 47
38 130
38 132
38 517
38 391
38 399
38 411
38 290
38 640
38 121
38 158
38 636
38 484
38 645
38 451
38 676
38 68
38 530
38 550
38 669
39 85
39 138
39 268
39 524
39 403
39 277
39 154
39 282
39 285
39 541
39 289
39 567
39 474
39 196
39 238
39 329
39 512
39 176
39 486
39 444
39 449
39 242
40 394
40 660
40 409
40 74
40 690
40 601
40 64
40 243
40 478
40 579
40 212
40 615
40 452
40 63
40 176
40 40
40 308
40 232
40 251
40 470
40 297
41 611
41 396
41 145
41 149
41 543
41 421
41 507
41 108
41 479
41 483
41 563
41 41
41 420
41 57
41 311
41 429
41 407
41 362
41 290
41 175
41 439
41 214
42 139
42 665
42 153
42 666
42 670
42 416
42 293
42 295
42 110
42 226
42 75
42 219
42 76
42 487
42 367
42 80
42 247
42 699
42 695
42 43
42 182
43 139
43 153
43 666
43 416
43 674
43 293
43 295
43 80
43 75
43 586
43 367
43 43
43 665
43 247
43 110
43 219
43 608
43 70
43 182
43 76
43 226
43 106
43 194
43 527
44 388
44 150
44 540
44 152
44 161
44 297
44 506
44 91
44 190
44 481
44 61
44 239
44 418
44 128
44 185
44 146
44 595
44 173
45 247
45 209
45 142
45 130
45 132
45 645
45 399
45 411
45 550
45 194
45 158
45 290
45 326
45 121
45 191
45 565
45 451
45 122
45 636
45 591
46 243
46 259
46 652
46 654
46 655
46 668
46 177
46 687
46 46
46 344
46 87
46 95
46 318
46 349
46 460
46 577
46 466
46 511
46 433
46 52
46 566
46 184
46 209
46 229
46 680
47 139
47 157
47 166
47 301
47 358
47 383
47 508
47 589
47 356
47 564
47 433
47 202
47 500
47 47
47 206
47 50
47 59
47 407
47 562
47 571
47 205
47 286
47 376
48 568
48 131
48 148
48 553
48 169
48 345
48 48
48 434
48 117
48 77
48 199
48 588
48 554
48 188
48 617
48 440
48 427
48 238
48 256
48 315
48 583
48 332
48 218
49 657
49 388
49 152
49 161
49 173
49 297
49 190
49 497
49 468
49 506
49 582
49 150
49 185
49 91
49 61
49 129
49 364
49 481
49 239
49 265
50 79
50 157
50 301
50 433
50 562
50 206
50 571
50 589
50 359
50 166
50 50
50 500
50 508
50 446
50 59
50 358
50 651
50 595
50 564
50 54
50 65
50 202
50 383
50 194
51 144
51 677
51 424
51 556
51 558
51 333
51 689
51 629
51 678
51 197
51 700
51 405
51 410
51 476
51 352
51 448
51 285
51 175
51 694
51 81
51 628
52 259
52 652
52 655
52 668
52 687
52 349
52 229
52 466
52 488
52 344
52 184
52 354
52 52
52 654
52 566
52 577
52 163
52 422
52 318
52 87
52 371
53 460
53 553
53 77
53 426
53 393
53 664
53 408
53 435
53 53
53 695
53 204
53 534
53 337
53 370
53 174
53 312
53 330
53 196
53 572
53 591
53 89
53 361
54 157
54 166
54 301
54 433
54 564
54 205
54 202
54 358
54 59
54 356
54 65
54 589
54 446
54 96
54 206
54 603
54 359
54 690
54 435
54 383
54 302
54 126
54 385
54 549
54 282
55 641
55 649
55 140
55 401
55 279
55 538
55 637
55 620
55 216
55 459
55 442
55 192
55 364
55 698
55 590
55 203
55 573
55 505
55 143
55 341
55 628
56 262
56 657
56 533
56 692
56 482
56 491
56 600
56 56
56 609
56 630
56 347
56 447
56 597
56 241
56 189
56 594
56 621
56 386
56 575
56 576
56 70
56 598
56 71
57 505
57 396
57 400
57 145
57 149
57 421
57 175
57 563
57 311
57 108
57 469
57 483
57 325
57 439
57 429
57 599
57 479
57 296
57 525
57 458
57 214
57 116
57 358
57 541
58 143
58 529
58 693
58 309
58 371
58 178
58 319
58 490
58 73
58 330
58 244
58 561
58 373
58 58
58 504
58 94
58 442
58 146
58 612
58 233
58 510
58 551
59 70
59 301
59 433
59 571
59 589
59 356
59 166
59 446
59 206
59 500
59 96
59 59
59 564
59 359
59 168
59 586
59 205
59 358
59 173
60 144
60 417
60 546
60 678
60 556
60 448
60 405
60 333
60 629
60 352
60 558
60 410
60 197
60 60
60 700
60 123
60 93
60 81
60 310
60 357
61 514
61 150
61 152
61 540
61 161
61 418
61 128
61 506
61 388
61 497
61 297
61 173
61 190
61 94
61 582
61 91
61 239
62 413
62 261
62 299
62 257
62 667
62 165
62 464
62 475
62 462
62 632
62 675
62 335
62 124
62 570
62 536
62 455
62 148
62 372
63 660
63 409
63 690
63 568
63 478
63 452
63 394
63 601
63 212
63 63
63 232
63 615
63 243
63 523
63 378
63 64
63 579
63 251
64 394
64 660
64 409
64 686
64 176
64 568
64 601
64 243
64 64
64 465
64 615
64 232
64 452
64 257
64 238
64 579
64 74
64 212
64 611
64 290
64 155
65 465
65 157
65 166
65 301
65 446
65 202
65 603
65 500
65 433
65 65
65 383
65 564
65 508
65 571
65 358
65 284
65 219
65 589
65 206
65 205
65 96
65 359
65 595
65 644
66 157
66 519
66 146
66 402
66 415
66 163
66 684
66 431
66 305
66 180
66 437
66 412
66 510
66 627
66 286
66 88
66 105
66 184
66 516
67 147
67 659
67 663
67 406
67 672
67 545
67 160
67 167
67 426
67 118
67 624
67 560
67 661
67 432
67 616
67 671
67 252
67 354
67 675
67 224
68 110
68 642
68 519
68 151
68 294
68 425
68 306
68 327
68 681
68 463
68 552
68 365
68 283
68 316
68 68
68 272
68 680
68 80
68 467
68 298
68 570
69 153
69 476
69 422
69 179
69 310
69 697
69 186
69 450
69 322
69 485
69 581
69 136
69 384
69 208
69 656
69 90
69 69
69 682
69 317
69 72
69 471
70 144
70 479
70 262
70 657
70 533
70 692
70 576
70 447
70 189
70 362
70 575
70 609
70 241
70 347
70 600
70 621
70 379
70 217
70 270
70 285
71 659
71 513
71 526
71 536
71 675
71 165
71 551
71 570
71 455
71 632
71 335
71 462
71 124
71 213
71 464
71 311
71 378
72 652
72 310
72 187
72 195
72 322
72 581
72 230
72 331
72 90
72 450
72 697
72 471
72 369
72 618
72 179
72 422
72 186
72 488
72 548
72 208
72 346
72 485
72 355
73 262
73 134
73 419
73 561
73 319
73 504
73 371
73 178
73 473
73 612
73 693
73 330
73 373
73 244
73 83
73 490
73 269
73 573
73 494
74 394
74 409
74 686
74 176
74 568
74 579
74 74
74 465
74 611
74 243
74 251
74 212
74 666
74 79
74 232
74 631
74 313
74 698
75 665
75 666
75 416
75 674
75 292
75 293
75 182
75 226
75 125
75 247
75 139
75 295
75 367
75 110
75 487
75 308
75 451
75 232
76 139
76 665
76 416
76 674
76 292
76 293
76 295
76 182
76 586
76 76
76 670
76 367
76 80
76 666
76 394
76 263
76 219
76 125
76 203
77 397
77 148
77 553
77 554
77 427
77 169
77 434
77 181
77 188
77 199
77 588
77 502
77 117
77 250
77 77
77 332
77 438
77 218
77 617
78 518
78 392
78 398
78 527
78 271
78 531
78 260
78 679
78 103
78 688
78 363
78 261
78 231
78 614
78 501
78 78
78 399
78 607
78 114
79 521
79 141
79 274
79 275
79 307
79 183
79 441
79 320
79 453
79 200
79 696
79 263
79 79
79 691
79 593
79 526
79 596
79 220
80 139
80 665
80 153
80 292
80 80
80 367
80 666
80 247
80 293
80 182
80 125
80 416
80 110
80 107
80 587
80 219
80 487
81 144
81 405
81 677
81 678
81 424
81 556
81 694
81 700
81 448
81 197
81 689
81 558
81 476
81 333
81 469
81 697
81 352
81 629
81 653
82 385
82 142
82 164
82 592
82 99
82 559
82 211
82 350
82 389
82 548
82 639
82 493
82 92
82 245
82 342
82 304
82 82
82 648
82 340
82 602
82 106
82 515
83 143
83 528
83 561
83 178
83 309
83 319
83 134
83 612
83 83
83 529
83 244
83 504
83 233
83 419
83 371
83 358
83 635
83 473
83 490
83 494
83 538
84 519
84 272
84 151
84 425
84 681
84 300
84 302
84 303
84 316
84 463
84 467
84 162
84 365
84 283
84 84
84 552
84 114
84 520
84 249
84 623
84 426
85 171
85 559
85 340
85 548
85 304
85 602
85 389
85 342
85 106
85 245
85 592
85 85
85 92
85 350
85 503
85 142
85 86
85 493
85 638
85 224
86 258
86 390
86 155
86 587
86 339
86 115
86 351
86 626
86 113
86 651
86 336
86 372
86 644
86 86
86 442
87 259
87 652
87 654
87 655
87 668
87 555
87 687
87 177
87 566
87 184
87 318
87 209
87 460
87 354
87 466
87 349
87 549
87 266
87 344
87 229
88 277
88 135
88 146
88 412
88 286
88 415
88 431
88 180
88 574
88 210
88 305
88 684
88 88
88 105
88 565
88 209
88 324
88 477
89 485
89 393
89 522
89 664
89 174
89 435
89 591
89 337
89 695
89 191
89 361
89 499
89 572
89 408
89 204
89 609
89 413
89 486
89 604
89 256
90 136
90 656
90 422
90 179
90 186
90 187
90 450
90 471
90 346
90 618
90 369
90 195
90 485
90 208
90 581
90 310
90 454
90 384
90 192
91 119
91 152
91 161
91 173
91 185
91 190
91 582
91 468
91 418
91 150
91 123
91 91
91 110
91 629
91 239
91 497
91 622
91 242
92 420
92 162
92 389
92 142
92 164
92 304
92 211
92 340
92 342
92 99
92 245
92 638
92 592
92 92
92 365
92 630
92 350
92 639
92 128
92 529
92 404
92 386
93 246
93 643
93 264
93 653
93 532
93 281
93 669
93 284
93 288
93 680
93 299
93 569
93 324
93 343
93 93
93 534
93 625
94 568
94 517
94 134
94 528
94 419
94 561
94 178
94 309
94 330
94 473
94 94
94 490
94 143
94 244
94 619
94 443
94 233
94 494
94 373
95 487
95 652
95 654
95 655
95 668
95 184
95 318
95 577
95 460
95 209
95 344
95 687
95 354
95 229
95 466
95 349
95 566
95 258
95 189
95 488
95 301
96 690
96 157
96 166
96 301
96 433
96 562
96 571
96 202
96 589
96 603
96 446
96 359
96 356
96 564
96 383
96 243
96 136
96 500
97 393
97 522
97 408
97 174
97 695
97 572
97 578
97 591
97 337
97 664
97 204
97 97
97 486
97 622
97 370
97 501
97 248
97 499
97 651
98 608
98 230
98 260
98 392
98 648
98 271
98 688
98 317
98 607
98 235
98 353
98 261
98 614
98 518
98 231
98 501
98 464
98 599
98 103
98 114
99 385
99 389
99 142
99 548
99 559
99 304
99 592
99 211
99 340
99 342
99 602
99 638
99 99
99 639
99 456
99 670
99 106
99 245
100 646
100 137
100 270
100 273
100 658
100 682
100 557
100 201
100 357
100 291
100 635
100 542
100 492
100 100
100 423
100 261
100 479
100 104
100 489
100 631
100 402
101 666
101 508
101 305
101 515
101 133
101 647
101 520
101 404
101 215
101 120
101 605
101 376
101 382
101 242
101 287
101 248
101 355
101 101
101 360
102 390
102 644
102 651
102 269
102 339
102 351
102 516
102 253
102 265
102 626
102 336
102 221
102 102
102 461
102 252
102 455
102 113
103 260
103 261
103 518
103 392
103 648
103 271
103 679
103 607
103 398
103 501
103 527
103 531
103 363
103 317
103 114
103 593
103 229
104 646
104 137
104 523
104 273
104 658
104 542
104 291
104 557
104 193
104 357
104 492
104 633
104 631
104 104
104 191
104 237
104 489
104 111
104 160
104 524
105 448
105 511
105 135
105 146
105 402
105 415
105 163
105 684
105 305
105 574
105 210
105 431
105 412
105 428
105 510
105 525
105 641
106 606
106 385
106 389
106 142
106 164
106 171
106 304
106 211
106 340
106 342
106 245
106 638
106 493
106 592
106 350
106 402
106 309
106 286
106 518
107 129
107 387
107 650
107 395
107 276
107 436
107 470
107 610
107 623
107 223
107 495
107 606
107 514
107 348
107 375
107 413
107 175
107 237
107 240
107 634
108 452
108 396
108 400
108 145
108 149
108 543
108 420
108 429
108 175
108 563
108 439
108 311
108 325
108 458
108 599
108 479
108 483
108 671
108 116
108 156
109 263
109 521
109 274
109 275
109 691
109 307
109 438
109 183
109 696
109 441
109 453
109 596
109 220
109 109
109 505
109 200
109 156
109 422
109 112
109 523
109 584
109 393
110 139
110 153
110 674
110 292
110 293
110 586
110 247
110 670
110 367
110 110
110 125
110 487
110 537
110 454
110 479
110 387
110 401
111 137
111 523
111 270
111 273
111 542
111 682
111 557
111 201
111 492
111 111
111 291
111 631
111 635
111 357
111 241
111 116
111 348
111 386
112 263
112 141
112 274
112 438
112 441
112 228
112 220
112 275
112 112
112 696
112 505
112 307
112 521
112 454
112 443
112 297
112 648
112 493
112 638
112 539
112 124
113 129
113 258
113 644
113 265
113 269
113 155
113 461
113 336
113 339
113 221
113 626
113 115
113 390
113 113
113 136
114 260
114 648
114 398
114 531
114 679
114 317
114 353
114 114
114 688
114 607
114 614
114 306
114 456
115 175
115 642
115 258
115 265
115 651
115 155
115 587
115 461
115 336
115 339
115 221
115 626
115 644
115 351
115 269
115 322
115 169
116 229
116 396
116 400
116 145
116 407
116 420
116 429
116 175
116 439
116 458
116 214
116 479
116 149
116 483
116 311
116 469
116 209
116 186
117 131
117 397
117 148
117 553
117 554
117 181
117 440
117 315
117 199
117 588
117 332
117 345
117 250
117 169
117 188
117 583
117 134
117 340
117 502
117 482
118 147
118 659
118 661
118 663
118 671
118 545
118 160
118 167
118 426
118 624
118 406
118 278
118 252
118 672
118 560
118 368
118 547
118 678
118 197
119 262
119 575
119 576
119 594
119 598
119 217
119 609
119 482
119 491
119 630
119 241
119 189
119 600
119 119
119 692
119 597
119 657
119 613
119 245
119 625
120 292
120 219
120 176
120 225
120 468
120 404
120 287
120 170
120 198
120 374
120 215
120 515
120 360
120 236
120 382
120 605
120 520
120 232
120 270
120 227
120 234
120 242
120 248
121 396
121 509
121 130
121 132
121 391
121 399
121 411
121 158
121 290
121 676
121 326
121 484
121 550
121 346
121 611
121 636
121 518
122 535
122 130
122 132
122 517
122 645
122 411
122 158
122 676
122 550
122 484
122 399
122 640
122 194
122 326
122 344
122 371
123 199
123 388
123 150
123 152
123 161
123 418
123 185
123 190
123 582
123 468
123 481
123 497
123 506
123 297
123 197
123 595
123 572
124 207
124 526
124 536
124 675
124 551
124 570
124 335
124 632
124 378
124 257
124 464
124 165
124 475
124 667
124 381
125 139
125 665
125 153
125 666
125 674
125 292
125 293
125 295
125 182
125 586
125 219
125 487
125 416
125 280
125 222
125 315
125 449
126 292
126 571
126 642
126 272
126 151
126 283
126 162
126 294
126 552
126 681
126 302
126 316
126 463
126 300
126 467
126 327
126 613
126 592
127 641
127 386
127 649
127 401
127 538
127 573
127 192
127 203
127 590
127 338
127 620
127 364
127 279
127 480
127 127
127 628
127 222
127 256
127 512
128 161
128 418
128 297
128 173
128 185
128 190
128 582
128 481
128 239
128 497
128 388
128 128
128 540
128 430
128 221
129 634
129 623
129 223
129 280
129 470
129 276
129 129
129 395
129 375
129 514
129 348
129 650
129 436
129 387
129 385
129 606
129 237
129 495
129 517
130 395
130 194
130 399
130 290
130 676
130 132
130 158
130 391
130 517
130 640
130 451
130 326
130 645
130 332
130 562
130 550
131 450
131 617
131 332
131 181
131 199
131 188
131 345
131 588
131 502
131 218
131 148
131 427
131 131
131 169
131 434
131 640
131 614
131 397
131 553
131 554
131 440
131 315
131 583
131 250
131 649
132 564
132 411
132 484
132 326
132 517
132 676
132 290
132 640
132 636
132 399
132 693
132 261
132 645
132 158
132 451
132 289
132 288
133 680
133 515
133 227
133 156
133 256
133 647
133 198
133 376
133 382
133 287
133 355
133 404
133 234
133 170
133 360
133 236
133 374
133 584
133 220
133 520
133 328
133 605
133 242
134 152
134 330
134 473
134 178
134 528
134 494
134 504
134 309
134 529
134 612
134 373
134 134
134 561
134 328
134 423
134 143
134 419
134 233
134 371
134 244
135 146
135 684
135 510
135 627
135 415
135 477
135 456
135 180
135 580
135 565
135 402
135 412
135 431
135 437
135 135
135 222
135 286
135 574
136 581
136 322
136 208
136 186
136 346
136 369
136 471
136 485
136 422
136 187
136 179
136 450
136 697
136 310
136 331
136 618
136 230
136 412
136 408
136 656
136 195
136 477
136 363
137 646
137 492
137 423
137 357
137 489
137 682
137 270
137 193
137 557
137 511
137 635
137 137
137 291
137 419
137 343
137 658
137 542
137 201
137 663
137 281
137 382
138 443
138 144
138 346
138 397
138 474
138 457
138 308
138 277
138 525
138 512
138 329
138 282
138 524
138 285
138 268
138 403
138 430
138 267
138 247
138 541
138 246
139 247
139 487
139 665
139 226
139 139
139 293
139 586
139 153
139 292
139 367
139 438
139 666
139 670
139 674
139 295
139 407
139 322
140 173
140 641
140 386
140 649
140 459
140 203
140 341
140 364
140 698
140 401
140 338
140 216
140 637
140 590
140 222
140 620
140 480
140 675
140 175
140 279
140 538
141 232
141 263
141 521
141 593
141 307
141 320
141 200
141 141
141 453
141 454
141 275
141 228
141 220
141 505
141 438
141 253
141 169
141 274
141 691
141 183
141 441
141 443
141 399
141 338
142 294
142 385
142 389
142 245
142 211
142 503
142 639
142 304
142 548
142 142
142 638
142 602
142 340
142 482
142 171
142 559
142 350
142 493
143 588
143 368
143 490
143 371
143 143
143 309
143 693
143 178
143 528
143 373
143 244
143 233
143 330
143 328
143 419
143 319
143 473
143 612
143 494
143 567
143 643
144 689
144 558
144 448
144 556
144 476
144 694
144 333
144 144
144 255
144 546
144 424
144 700
144 629
144 405
144 417
144 197
144 442
145 629
145 396
145 400
145 149
145 214
145 507
145 483
145 420
145 479
145 145
145 325
145 407
145 563
145 274
145 643
145 421
145 429
145 439
145 599
145 347
145 672
146 563
146 576
146 639
146 456
146 428
146 574
146 210
146 431
146 627
146 684
146 286
146 437
146 560
146 482
146 402
146 412
146 163
146 180
146 477
146 510
147 157
147 659
147 160
147 545
147 323
147 624
147 547
147 672
147 406
147 381
147 224
147 432
147 426
147 278
147 276
147 514
147 661
147 663
147 167
147 616
148 420
148 397
148 440
148 434
148 583
148 148
148 554
148 188
148 250
148 472
148 345
148 181
148 617
148 547
148 553
148 427
148 315
148 588
148 492
148 222
149 400
149 599
149 507
149 479
149 483
149 458
149 311
149 214
149 407
149 175
149 149
149 439
149 429
149 261
149 358
149 420
149 421
149 563
149 325
149 419
150 491
150 383
150 388
150 150
150 173
150 418
150 297
150 190
150 468
150 185
150 497
150 530
150 152
150 582
150 481
150 277
151 333
151 576
151 272
151 425
151 151
151 327
151 306
151 316
151 162
151 642
151 294
151 300
151 519
151 672
151 283
151 552
151 681
151 467
151 411
152 388
152 418
152 506
152 297
152 161
152 190
152 540
152 481
152 497
152 152
152 550
152 468
152 281
152 374
153 665
153 416
153 666
153 182
153 219
153 670
153 292
153 586
153 153
153 674
153 366
153 293
153 295
153 327
153 650
153 403
153 647
154 268
154 525
154 403
154 196
154 449
154 430
154 457
154 329
154 524
154 238
154 154
154 567
154 512
154 289
154 282
154 387
154 443
154 541
154 308
154 444
154 246
154 221
155 293
155 258
155 644
155 265
155 269
155 651
155 390
155 351
155 253
155 380
155 336
155 626
155 587
155 221
155 372
156 600
156 569
156 647
156 404
156 256
156 234
156 215
156 515
156 374
156 605
156 227
156 376
156 328
156 198
156 382
156 242
156 534
156 170
156 236
156 248
157 366
157 500
157 446
157 202
157 603
157 205
157 166
157 508
157 206
157 356
157 564
157 301
157 358
157 562
157 383
157 442
158 678
158 559
158 517
158 391
158 411
158 399
158 640
158 484
158 550
158 676
158 301
158 240
158 194
159 304
159 535
159 414
159 159
159 225
159 685
159 549
159 496
159 413
159 379
159 662
159 334
159 544
159 683
159 314
159 313
159 498
159 252
159 168
159 172
159 584
159 207
160 211
160 661
160 663
160 406
160 545
160 368
160 160
160 426
160 547
160 252
160 659
160 278
160 560
160 219
160 167
160 432
160 567
161 540
161 388
161 297
161 582
161 173
161 239
161 481
161 190
161 161
161 215
161 185
161 497
161 464
162 642
162 519
162 272
162 162
162 467
162 327
162 613
162 365
162 303
162 463
162 306
162 300
162 283
162 302
162 631
162 294
162 552
162 681
162 316
162 370
162 415
163 409
163 399
163 490
163 402
163 412
163 286
163 477
163 684
163 565
163 305
163 428
163 437
163 580
163 293
163 480
163 431
163 574
163 456
163 210
163 510
163 607
164 226
164 389
164 350
164 638
164 493
164 245
164 602
164 164
164 503
164 211
164 592
164 559
164 304
164 319
164 681
164 548
164 340
164 342
164 541
165 197
165 513
165 667
165 213
165 604
165 455
165 632
165 462
165 296
165 257
165 475
165 551
165 335
165 664
165 622
165 570
165 378
166 472
166 166
166 589
166 359
166 571
166 206
166 564
166 446
166 562
166 603
166 301
166 508
166 700
166 314
166 356
166 500
166 178
166 343
167 274
167 396
167 661
167 278
167 406
167 671
167 545
167 224
167 659
167 663
167 560
167 616
167 426
167 357
167 354
167 432
167 323
167 252
167 381
168 427
168 662
168 535
168 537
168 414
168 544
168 549
168 445
168 379
168 498
168 683
168 413
168 585
168 334
168 699
168 314
168 478
168 254
168 685
168 313
168 584
168 207
168 373
169 397
169 553
169 502
169 188
169 250
169 345
169 440
169 617
169 472
169 554
169 315
169 588
169 199
169 434
169 182
169 181
169 332
169 218
169 347
170 630
170 425
170 515
170 647
170 520
170 404
170 234
170 242
170 382
170 328
170 236
170 287
170 605
170 227
170 256
170 423
170 564
170 355
170 360
170 248
171 389
171 548
171 342
171 350
171 602
171 245
171 211
171 304
171 340
171 493
171 385
171 638
171 503
171 559
171 311
171 528
171 639
172 537
172 413
172 414
172 379
172 225
172 549
172 683
172 314
172 334
172 207
172 496
172 498
172 584
172 585
172 535
172 544
172 595
172 594
172 623
173 388
173 418
173 297
173 173
173 239
173 190
173 468
173 497
173 185
173 582
173 481
173 506
174 212
174 534
174 522
174 664
174 337
174 499
174 174
174 361
174 435
174 591
174 191
174 622
174 572
174 312
174 457
174 418
174 578
174 632
175 407
175 543
175 214
175 421
175 400
175 479
175 599
175 458
175 469
175 175
175 311
175 645
175 439
175 325
175 483
175 507
176 394
176 686
176 243
176 690
176 465
176 452
176 232
176 611
176 615
176 601
176 579
176 660
176 176
176 428
176 251
177 652
177 654
177 655
177 555
177 466
177 668
177 259
177 349
177 229
177 566
177 184
177 177
177 577
177 687
177 344
177 337
177 318
177 209
178 389
178 529
178 561
178 244
178 309
178 693
178 178
178 494
178 528
178 419
178 504
178 330
178 517
178 319
178 473
178 612
178 233
178 490
178 371
178 192
179 656
179 422
179 331
179 697
179 369
179 208
179 366
179 384
179 179
179 581
179 230
179 485
179 618
179 195
179 362
179 676
179 187
179 450
179 322
179 471
179 346
179 598
180 402
180 412
180 415
180 305
180 565
180 477
180 210
180 627
180 431
180 580
180 510
180 574
180 456
180 635
180 690
181 554
181 434
181 397
181 315
181 427
181 188
181 199
181 218
181 502
181 181
181 472
181 553
181 516
181 422
181 583
181 588
181 332
182 666
182 670
182 416
182 292
182 295
182 226
182 219
182 182
182 293
182 367
182 505
182 642
182 586
182 247
182 556
183 263
183 274
183 275
183 691
183 307
183 438
183 453
183 441
183 200
183 454
183 320
183 521
183 228
183 183
183 683
183 696
183 220
183 486
183 580
184 521
184 405
184 259
184 654
184 668
184 555
184 608
184 466
184 344
184 488
184 460
184 354
184 229
184 552
184 300
184 349
184 391
185 631
185 661
185 388
185 540
185 468
185 506
185 418
185 654
185 640
185 190
185 481
185 497
186 656
186 422
186 697
186 485
186 618
186 195
186 450
186 331
186 369
186 471
186 230
186 322
186 581
186 187
186 406
186 504
186 384
186 636
186 204
187 656
187 322
187 485
187 369
187 331
187 310
187 195
187 697
187 471
187 450
187 230
187 346
187 187
187 278
187 581
187 366
187 358
187 254
187 210
188 441
188 397
188 553
188 427
188 434
188 440
188 617
188 502
188 188
188 588
188 315
188 380
188 412
188 583
188 199
188 332
188 472
188 218
188 312
189 556
189 262
189 657
189 533
189 692
189 597
189 482
189 347
189 241
189 575
189 189
189 576
189 598
189 600
189 362
189 627
189 459
189 594
189 609
189 491
189 621
189 356
190 619
190 388
190 481
190 190
190 678
190 332
190 582
190 561
191 577
191 393
191 664
191 408
191 312
191 572
191 499
191 337
191 591
191 695
191 204
191 435
191 578
191 360
191 376
191 486
191 361
191 622
191 370
191 231
191 401
192 375
192 649
192 401
192 279
192 442
192 573
192 386
192 341
192 480
192 628
192 203
192 538
192 364
192 641
192 698
192 637
192 459
192 338
192 620
193 646
193 523
193 270
193 273
193 658
193 542
193 291
193 423
193 557
193 631
193 193
193 492
193 489
193 610
193 223
193 635
194 356
194 645
194 391
194 399
194 411
194 676
194 550
194 484
194 517
194 290
194 194
194 451
194 326
194 664
195 677
195 656
195 310
195 450
195 369
195 322
195 697
195 195
195 581
195 384
195 230
195 331
195 435
195 355
195 208
195 471
195 346
195 366
195 609
196 525
196 524
196 403
196 277
196 282
196 285
196 541
196 289
196 308
196 449
196 457
196 238
196 444
196 430
196 514
196 431
196 329
196 246
196 512
197 410
197 417
197 546
197 677
197 678
197 424
197 694
197 700
197 448
197 197
197 352
197 526
197 629
197 255
198 515
198 520
198 404
198 287
198 256
198 355
198 328
198 374
198 234
198 215
198 360
198 647
198 605
198 242
198 236
198 209
198 697
198 227
199 553
199 434
199 440
199 583
199 250
199 315
199 554
199 617
199 588
199 345
199 332
199 273
199 502
200 263
200 521
200 274
200 307
200 696
200 441
200 443
200 320
200 453
200 438
200 505
200 200
200 275
200 259
200 424
200 220
200 544
200 343
200 573
201 422
201 646
201 523
201 270
201 273
201 658
201 542
201 291
201 423
201 682
201 633
201 511
201 492
201 612
201 600
201 357
201 631
201 635
201 651
202 433
202 562
202 571
202 446
202 589
202 359
202 202
202 383
202 356
202 508
202 206
202 311
202 387
202 462
203 641
203 386
203 649
203 401
203 538
203 216
203 698
203 459
203 637
203 364
203 222
203 573
203 590
203 628
203 246
203 338
203 341
203 480
204 522
204 534
204 664
204 408
204 578
204 393
204 695
204 591
204 370
204 486
204 435
204 361
204 622
204 312
204 560
205 433
205 562
205 571
205 446
205 564
205 589
205 358
205 205
205 356
205 301
205 603
205 508
205 447
205 695
205 500
205 235
206 346
206 562
206 571
206 589
206 358
206 206
206 356
206 433
206 508
206 304
206 641
206 500
206 383
207 535
207 537
207 544
207 549
207 683
207 313
207 314
207 445
207 584
207 585
207 334
207 379
207 207
207 413
207 527
207 498
207 287
207 480
208 310
208 697
208 450
208 322
208 331
208 230
208 581
208 366
208 485
208 422
208 384
208 471
208 618
208 231
208 411
208 346
208 423
208 669
209 259
209 652
209 654
209 668
209 555
209 687
209 318
209 577
209 460
209 344
209 209
209 608
209 655
209 405
209 349
209 229
209 543
210 533
210 645
210 412
210 431
210 305
210 580
210 565
210 684
210 574
210 477
210 510
210 402
210 376
210 627
211 508
211 389
211 559
211 304
211 639
211 493
211 245
211 350
211 503
211 548
211 599
212 660
212 409
212 686
212 452
212 611
212 243
212 394
212 601
212 579
212 690
212 478
212 411
212 615
212 251
212 451
213 513
213 526
213 536
213 667
213 296
213 570
213 455
213 551
213 378
213 257
213 335
213 675
213 464
213 309
213 240
213 604
213 632
214 396
214 400
214 407
214 543
214 421
214 429
214 563
214 439
214 469
214 479
214 599
214 214
214 388
214 507
214 511
214 532
215 437
215 515
215 647
215 520
215 287
215 256
215 382
215 242
215 360
215 355
215 215
215 248
215 227
215 247
215 294
215 234
216 352
216 477
216 353
216 641
216 401
216 279
216 538
216 442
216 698
216 590
216 338
216 222
216 364
216 386
216 620
216 608
216 561
216 637
217 533
217 692
217 575
217 576
217 447
217 597
217 241
217 598
217 600
217 217
217 347
217 609
217 509
217 594
217 491
217 592
217 460
217 362
217 630
218 397
218 554
218 434
218 440
218 583
218 472
218 345
218 332
218 315
218 588
218 427
218 250
218 527
218 579
219 665
219 670
219 416
219 293
219 295
219 586
219 226
219 247
219 674
219 367
219 487
219 631
220 263
220 275
220 691
220 307
220 696
220 320
220 454
220 596
220 521
220 438
220 593
220 453
220 443
220 243
220 234
220 228
220 344
220 698
221 258
221 516
221 390
221 644
221 269
221 339
221 265
221 651
221 461
221 372
221 351
221 380
221 336
221 253
221 551
222 386
222 401
222 279
222 538
222 442
222 698
222 573
222 341
222 637
222 641
222 459
222 620
222 628
222 417
222 480
223 362
223 387
223 395
223 276
223 280
223 470
223 348
223 634
223 619
223 254
223 673
223 240
223 223
223 610
223 686
223 432
223 623
223 375
224 661
224 278
224 663
224 672
224 545
224 426
224 560
224 432
224 323
224 368
224 671
224 406
224 381
224 659
224 547
224 624
225 694
225 436
225 662
225 535
225 544
225 549
225 683
225 685
225 445
225 584
225 585
225 334
225 498
225 413
225 699
225 595
225 496
225 484
225 667
226 665
226 666
226 670
226 416
226 674
226 292
226 293
226 295
226 586
226 226
226 588
226 429
226 280
227 555
227 414
227 515
227 520
227 404
227 242
227 376
227 374
227 248
227 647
227 360
227 328
227 292
227 299
227 382
227 256
228 263
228 274
228 691
228 696
228 443
228 320
228 593
228 596
228 453
228 275
228 228
228 505
228 521
228 271
228 400
228 427
228 449
229 652
229 668
229 555
229 687
229 577
229 466
229 349
229 354
229 460
229 488
229 566
229 571
229 641
230 410
230 656
230 422
230 310
230 697
230 450
230 322
230 346
230 485
230 618
230 369
230 659
230 683
230 536
231 417
231 278
231 684
231 518
231 398
231 527
231 688
231 317
231 607
231 353
231 614
231 648
231 363
231 271
231 568
231 501
232 686
232 690
232 568
232 452
232 465
232 601
232 615
232 394
232 232
232 409
232 696
232 502
232 633
232 365
232 528
233 528
233 561
233 693
233 319
233 473
233 612
233 371
233 233
233 309
233 504
233 617
233 516
233 494
234 647
234 404
234 376
234 355
234 360
234 605
234 374
234 234
234 256
234 287
234 413
234 506
235 260
235 261
235 518
235 392
235 648
235 398
235 527
235 271
235 531
235 679
235 688
235 317
235 501
235 614
235 363
235 353
235 385
236 611
236 434
236 647
236 520
236 404
236 328
236 376
236 355
236 382
236 248
236 605
236 256
236 599
236 406
237 577
237 650
237 276
237 280
237 436
237 348
237 395
237 673
237 606
237 514
237 623
237 375
237 610
237 368
237 466
237 495
237 254
238 612
238 591
238 525
238 524
238 403
238 285
238 308
238 444
238 449
238 329
238 474
238 457
238 277
238 682
238 511
238 512
239 388
239 540
239 418
239 297
239 582
239 481
239 506
239 497
239 468
239 273
240 387
240 650
240 395
240 276
240 280
240 673
240 436
240 606
240 619
240 623
240 495
240 610
240 470
240 375
240 534
240 379
240 634
240 254
241 262
241 533
241 575
241 576
241 594
241 597
241 600
241 362
241 621
241 609
241 692
241 630
241 482
241 509
241 445
241 535
242 485
242 515
242 647
242 520
242 404
242 328
242 605
242 376
242 360
242 248
242 256
243 660
243 690
243 579
243 465
243 478
243 251
243 615
243 601
243 568
243 504
243 248
244 528
244 529
244 419
244 561
244 309
244 319
244 490
244 494
244 373
244 693
244 473
244 377
244 256
245 674
245 548
245 559
245 304
245 592
245 602
245 493
245 503
245 399
246 354
246 525
246 524
246 403
246 277
246 285
246 289
246 430
246 567
246 474
246 449
246 268
246 512
246 329
246 584
247 666
247 670
247 416
247 674
247 292
247 487
247 367
247 295
247 247
247 298
247 314
248 293
248 515
248 647
248 520
248 355
248 360
248 287
248 328
248 374
248 502
248 459
249 416
249 642
249 272
249 283
249 552
249 300
249 302
249 303
249 306
249 327
249 463
249 467
249 613
249 365
249 681
249 519
249 582
249 584
249 379
250 397
250 434
250 440
250 583
250 588
250 345
250 617
250 332
250 554
250 472
250 250
250 346
250 503
251 660
251 409
251 686
251 452
251 601
251 478
251 394
251 611
251 568
251 251
251 426
251 331
252 663
252 671
252 672
252 545
252 547
252 426
252 616
252 624
252 368
252 323
252 252
252 406
252 675
252 443
252 381
253 340
253 258
253 390
253 269
253 587
253 336
253 351
253 461
253 516
253 253
253 303
254 514
254 387
254 650
254 673
254 436
254 348
254 619
254 395
254 254
254 606
254 280
254 470
254 625
255 405
255 410
255 417
255 546
255 677
255 556
255 558
255 700
255 448
255 333
255 476
255 629
255 255
255 365
255 450
256 647
256 520
256 404
256 287
256 355
256 360
256 382
256 407
257 258
257 632
257 378
257 257
257 464
257 455
257 667
257 551
257 536
257 526
257 296
257 675
257 375
257 422
257 513
258 269
258 372
258 651
258 461
258 516
258 336
258 644
258 351
258 490
258 390
258 265
258 587
259 601
259 608
259 460
259 577
259 318
259 344
259 354
259 259
259 654
259 655
259 566
259 313
259 669
259 652
259 555
259 687
259 488
260 683
260 285
260 353
260 688
260 261
260 648
260 398
260 531
260 614
260 679
260 392
260 317
260 501
260 640
260 518
260 607
261 367
261 688
261 261
261 398
261 679
261 531
261 271
261 614
261 317
261 363
261 353
261 538
261 607
261 501
262 691
262 692
262 576
262 482
262 347
262 533
262 598
262 575
262 491
262 657
262 594
262 362
262 621
262 547
262 447
262 597
262 600
262 609
262 509
263 441
263 505
263 454
263 596
263 307
263 691
263 443
263 593
263 438
263 275
263 608
263 547
263 274
263 696
263 320
263 453
263 447
263 624
263 271
264 603
264 643
264 680
264 266
264 669
264 281
264 530
264 625
264 288
264 343
264 267
264 299
264 539
264 653
264 532
264 506
264 350
264 284
264 321
265 600
265 390
265 644
265 516
265 380
265 461
265 269
265 336
265 626
265 651
265 265
265 339
265 351
265 372
266 643
266 539
266 267
266 298
266 266
266 680
266 284
266 343
266 669
266 299
266 625
266 281
266 569
266 530
266 329
266 475
266 653
266 532
266 321
267 624
267 381
267 643
267 680
267 321
267 324
267 530
267 281
267 569
267 532
267 625
267 377
267 288
267 640
267 656
267 539
267 669
267 284
267 299
268 613
268 391
268 285
268 289
268 457
268 308
268 444
268 282
268 541
268 449
268 525
268 567
268 474
268 277
268 554
268 621
268 329
269 516
269 390
269 651
269 626
269 269
269 339
269 351
269 336
269 683
269 587
269 380
270 665
270 646
270 523
270 682
270 511
270 542
270 273
270 492
270 291
270 557
270 633
270 570
270 658
270 423
270 357
270 531
271 388
271 518
271 392
271 527
271 531
271 501
271 688
271 353
271 398
271 614
271 424
271 679
271 317
271 607
272 394
272 575
272 642
272 519
272 303
272 283
272 302
272 316
272 272
272 467
272 365
272 314
272 375
272 552
272 425
272 681
272 306
272 463
272 613
272 607
273 646
273 523
273 492
273 557
273 658
273 511
273 682
273 631
273 273
273 403
273 542
273 291
273 423
273 357
273 489
273 516
273 317
274 307
274 441
274 443
274 275
274 453
274 320
274 691
274 521
274 505
274 513
274 438
274 454
275 521
275 441
275 696
275 438
275 691
275 275
275 593
275 596
275 307
275 443
275 284
275 636
275 453
276 514
276 650
276 395
276 470
276 634
276 495
276 387
276 436
276 276
276 348
276 280
276 614
276 589
276 673
276 606
276 619
276 375
276 392
277 525
277 524
277 567
277 444
277 457
277 289
277 282
277 430
277 512
277 285
277 474
277 541
277 308
277 329
278 593
278 659
278 661
278 323
278 560
278 381
278 368
278 432
278 616
278 547
278 671
278 672
278 278
278 663
278 406
278 309
278 653
279 386
279 649
279 341
279 279
279 573
279 620
279 538
279 442
279 480
279 637
279 338
279 628
279 643
279 577
279 590
280 387
280 650
280 395
280 280
280 436
280 673
280 634
280 470
280 375
280 606
280 623
281 643
281 530
281 532
281 281
281 625
281 299
281 343
281 321
281 569
281 324
281 284
282 524
282 430
282 444
282 541
282 285
282 403
282 449
282 457
282 567
282 289
282 525
282 302
283 642
283 519
283 467
283 613
283 681
283 306
283 552
283 300
283 463
283 425
283 303
283 365
283 316
283 441
283 517
283 327
283 498
284 615
284 626
284 643
284 532
284 539
284 669
284 530
284 680
284 653
284 616
284 366
284 569
284 321
284 324
284 343
285 525
285 524
285 449
285 541
285 512
285 308
285 474
285 444
285 430
285 329
285 457
286 540
286 402
286 412
286 437
286 627
286 580
286 428
286 286
286 305
286 510
286 477
286 456
286 684
287 340
287 515
287 647
287 404
287 355
287 376
287 287
287 374
287 360
287 605
287 382
287 520
287 370
288 487
288 643
288 653
288 669
288 288
288 298
288 299
288 377
288 680
288 532
288 569
288 530
288 310
288 625
289 525
289 541
289 449
289 289
289 403
289 512
289 308
289 524
289 430
289 633
289 329
289 474
290 517
290 645
290 399
290 550
290 451
290 290
290 411
290 640
290 391
290 410
290 676
290 484
290 522
291 646
291 658
291 682
291 557
291 523
291 542
291 511
291 291
291 633
291 462
291 693
291 423
291 357
291 489
291 492
292 665
292 670
292 416
292 674
292 367
292 586
292 487
292 295
292 453
293 665
293 666
293 670
293 416
293 586
293 487
293 295
293 674
294 453
294 646
294 294
294 306
294 467
294 302
294 552
294 300
294 642
294 613
294 681
294 463
294 430
294 425
294 327
294 365
294 537
295 665
295 666
295 670
295 674
295 586
295 367
295 487
295 437
295 527
296 660
296 333
296 513
296 667
296 675
296 296
296 475
296 551
296 464
296 378
296 502
296 389
296 335
297 674
297 366
297 440
297 575
297 350
297 540
297 418
297 582
297 481
297 673
297 468
298 553
298 643
298 653
298 530
298 532
298 539
298 680
298 669
298 321
298 324
298 298
298 560
298 299
298 569
298 675
299 690
299 532
299 539
299 653
299 669
299 343
299 625
299 324
299 299
299 569
300 500
300 519
300 425
300 300
300 613
300 306
300 463
300 303
300 552
300 363
300 364
300 365
301 562
301 433
301 571
301 603
301 359
301 500
301 301
301 564
301 358
301 529
301 589
301 383
301 626
302 421
302 552
302 681
302 467
302 519
302 306
302 303
302 302
302 425
302 463
302 584
303 450
303 642
303 519
303 552
303 425
303 303
303 327
303 316
303 681
303 614
303 628
303 467
303 639
304 552
304 385
304 389
304 559
304 503
304 548
304 493
304 639
304 350
304 672
304 342
305 507
305 415
305 684
305 428
305 431
305 412
305 305
305 580
305 510
305 402
305 393
305 437
306 519
306 681
306 316
306 365
306 463
306 327
306 613
306 349
306 616
307 521
307 691
307 307
307 443
307 696
307 593
307 505
307 420
307 441
307 320
307 453
307 596
308 541
308 430
308 524
308 525
308 567
308 329
308 444
308 662
308 598
308 512
309 582
309 419
309 693
309 473
309 494
309 373
309 528
309 561
309 319
309 330
309 490
310 656
310 422
310 310
310 366
310 618
310 471
310 697
310 331
310 346
310 322
310 369
310 500
310 485
310 384
311 400
311 407
311 421
311 439
311 325
311 507
311 311
311 479
311 563
311 543
311 429
311 396
311 521
311 658
311 458
311 483
311 663
312 393
312 522
312 534
312 695
312 578
312 361
312 572
312 664
312 312
312 370
312 591
312 408
312 337
312 622
312 499
312 530
312 538
313 662
313 535
313 537
313 413
313 544
313 683
313 496
313 549
313 585
313 314
313 334
313 595
313 313
313 699
313 445
314 535
314 537
314 413
314 414
314 544
314 683
314 595
314 549
314 314
314 685
314 404
314 445
314 584
314 496
314 498
314 338
315 397
315 553
315 554
315 427
315 434
315 440
315 583
315 588
315 617
315 472
315 315
315 657
315 332
315 339
316 642
316 519
316 552
316 327
316 467
316 463
316 316
316 681
316 564
316 505
317 322
317 648
317 398
317 679
317 688
317 317
317 353
317 363
317 520
317 501
317 539
318 652
318 654
318 655
318 668
318 555
318 566
318 354
318 687
318 577
318 466
318 344
318 465
318 662
318 460
318 349
318 488
318 393
319 528
319 419
319 693
319 490
319 330
319 371
319 529
319 319
319 324
319 494
320 691
320 438
320 454
320 596
320 320
320 441
320 696
320 385
320 382
320 453
320 593
321 643
321 653
321 532
321 539
321 669
321 569
321 343
321 377
321 530
321 680
321 636
321 573
321 625
322 656
322 697
322 450
322 618
322 422
322 322
322 366
322 581
322 471
322 485
322 642
322 616
323 673
323 661
323 406
323 545
323 426
323 560
323 432
323 323
323 547
323 624
323 672
323 381
323 452
323 476
324 643
324 532
324 669
324 343
324 530
324 569
324 539
324 664
324 375
324 377
325 396
325 543
325 420
325 563
325 439
325 479
325 599
325 400
325 421
325 469
325 507
325 407
325 662
325 336
325 458
325 361
326 407
326 395
326 685
326 391
326 399
326 550
326 411
326 645
326 636
326 326
326 565
326 484
327 492
327 642
327 519
327 681
327 613
327 552
327 463
327 365
327 540
327 467
327 627
328 558
328 528
328 473
328 647
328 404
328 520
328 374
328 360
328 605
328 382
328 439
328 491
329 618
329 337
329 525
329 403
329 567
329 474
329 457
329 614
329 377
330 438
330 528
330 529
330 419
330 561
330 693
330 330
330 612
330 479
330 368
330 473
330 490
330 494
331 686
331 656
331 422
331 697
331 369
331 581
331 485
331 366
331 384
331 450
331 619
331 618
331 509
332 397
332 554
332 434
332 472
332 332
332 502
332 427
332 440
332 682
332 419
332 345
333 410
333 546
333 677
333 678
333 558
333 694
333 448
333 424
333 556
333 333
333 417
333 493
333 510
333 360
334 535
334 537
334 414
334 549
334 683
334 585
334 662
334 595
334 334
334 699
334 496
334 480
334 402
334 498
334 648
334 573
335 686
335 470
335 408
335 526
335 536
335 667
335 675
335 462
335 464
335 604
335 335
335 365
335 378
336 516
336 390
336 587
336 644
336 339
336 372
336 651
336 349
336 428
337 393
337 534
337 408
337 435
337 572
337 578
337 664
337 695
337 622
337 522
337 402
337 370
337 499
337 363
338 641
338 386
338 649
338 538
338 459
338 573
338 338
338 364
338 341
338 698
338 637
338 628
339 660
339 516
339 390
339 644
339 651
339 461
339 351
339 626
339 548
339 372
340 559
340 592
340 503
340 389
340 342
340 639
340 385
340 638
340 602
340 493
341 413
341 401
341 538
341 698
341 573
341 459
341 590
341 620
341 341
341 641
341 650
341 517
342 385
342 389
342 548
342 592
342 638
342 493
342 350
342 503
342 602
342 495
342 655
343 643
343 653
343 530
343 539
343 343
343 625
344 655
344 668
344 555
344 566
344 349
344 354
344 654
344 652
344 466
344 564
344 608
345 397
345 553
345 554
345 427
345 440
345 588
345 472
345 502
345 583
345 496
345 452
345 650
346 483
346 656
346 450
346 581
346 471
346 346
346 366
346 485
346 384
347 657
347 692
347 575
347 576
347 594
347 597
347 598
347 600
347 509
347 621
347 491
347 362
347 482
347 630
347 372
348 514
348 387
348 650
348 395
348 673
348 606
348 436
348 495
348 470
348 375
348 619
348 480
348 610
349 654
349 687
349 566
349 460
349 349
349 652
349 555
349 655
349 411
349 523
349 488
349 430
349 647
350 654
350 385
350 548
350 559
350 592
350 638
350 350
350 485
350 672
350 645
350 403
351 651
351 587
351 380
351 516
351 390
351 626
351 476
352 405
352 410
352 546
352 678
352 556
352 558
352 689
352 700
352 476
352 448
352 352
352 486
352 629
352 489
353 533
353 432
353 518
353 531
353 679
353 614
353 648
353 398
353 363
353 392
353 688
353 698
354 652
354 654
354 655
354 555
354 687
354 466
354 608
354 488
354 354
354 628
354 635
355 555
355 515
355 647
355 520
355 376
355 360
355 355
355 382
355 518
356 562
356 564
356 603
356 589
356 383
356 356
356 359
356 433
356 365
356 540
357 658
357 542
357 423
357 557
357 492
357 511
357 523
357 357
357 633
357 662
357 489
357 631
358 700
358 476
358 433
358 562
358 564
358 589
358 603
358 359
358 383
359 670
359 433
359 562
359 571
359 589
359 508
359 359
359 601
359 672
360 404
360 605
360 376
360 647
360 414
360 374
360 382
361 522
361 408
361 435
361 361
361 486
361 499
361 578
361 664
361 534
361 393
361 549
361 622
362 596
362 458
362 576
362 447
362 594
362 597
362 482
362 609
362 362
362 665
362 621
363 593
363 635
363 518
363 648
363 398
363 531
363 679
363 607
363 527
363 501
364 454
364 400
364 641
364 649
364 538
364 459
364 620
364 364
364 487
364 637
365 642
365 519
365 552
365 425
365 681
365 613
366 422
366 697
366 581
366 471
366 369
366 366
366 485
366 618
366 657
366 504
366 637
367 666
367 670
367 416
367 674
367 487
367 665
367 434
368 659
368 661
368 406
368 671
368 672
368 545
368 547
368 560
368 624
368 426
368 616
368 694
368 437
369 656
369 422
369 450
369 581
369 471
369 485
369 618
369 509
369 513
369 547
369 496
369 531
370 522
370 534
370 664
370 435
370 695
370 572
370 486
370 578
370 622
370 393
370 496
371 400
371 634
371 676
371 528
371 561
371 693
371 612
371 504
371 373
371 499
372 586
372 390
372 651
372 461
372 372
372 380
372 626
372 388
373 441
373 528
373 693
373 473
373 612
373 494
373 490
373 373
373 684
374 583
374 445
374 515
374 647
374 605
374 382
374 520
374 374
375 465
375 514
375 387
375 436
375 470
375 606
375 610
375 619
375 395
375 569
375 412
375 574
376 467
376 595
376 515
376 647
376 520
376 605
376 404
376 636
377 562
377 419
377 653
377 530
377 532
377 539
377 680
377 569
377 625
377 533
377 549
378 408
378 513
378 526
378 536
378 462
378 604
378 455
378 551
378 378
378 451
378 559
378 515
379 535
379 537
379 414
379 683
379 699
379 445
379 584
379 498
379 685
379 662
379 496
379 379
380 516
380 644
380 651
380 587
380 461
380 626
380 380
380 421
380 392
381 678
381 697
381 661
381 663
381 406
381 671
381 560
381 616
381 545
381 624
381 432
382 515
382 520
382 647
382 485
383 433
383 446
383 589
383 500
383 508
383 383
383 400
383 574
384 697
384 450
384 581
384 485
384 618
384 656
384 384
384 471
384 526
384 605
384 433
385 638
385 503
385 385
385 559
385 389
385 592
385 548
385 602
385 493
385 473
386 404
386 641
386 386
386 590
386 698
386 480
386 649
386 442
386 620
386 459
386 401
387 425
387 514
387 470
387 495
387 610
387 673
387 623
387 606
387 563
387 650
387 436
387 619
387 634
388 388
388 506
388 468
388 418
388 540
388 481
388 594
388 497
388 464
389 548
389 638
389 639
389 493
389 503
389 602
389 389
390 516
390 461
390 644
390 587
390 390
390 651
390 456
390 552
390 605
391 452
391 645
391 391
391 399
391 517
391 640
391 676
391 484
391 636
391 550
391 411
392 559
392 527
392 607
392 531
392 501
392 688
392 518
392 614
392 679
392 608
392 620
393 495
393 486
393 578
393 572
393 393
393 522
393 534
393 622
393 695
393 408
393 591
393 525
394 690
394 452
394 611
394 615
394 465
394 478
394 409
394 601
394 579
394 568
394 446
394 660
394 686
395 514
395 650
395 495
395 436
395 606
395 623
395 619
395 610
395 634
395 673
396 507
396 396
396 469
396 400
396 483
396 599
396 429
396 563
396 420
396 543
396 421
396 458
396 479
396 606
396 623
397 502
397 583
397 554
397 427
397 472
397 440
397 588
397 553
397 434
397 594
398 518
398 648
398 527
398 501
398 398
398 531
398 688
398 607
398 546
399 645
399 411
399 550
399 484
399 451
400 458
400 469
400 439
400 429
400 479
400 483
400 543
400 420
400 407
400 421
400 599
401 649
401 442
401 641
401 573
401 620
401 637
401 590
401 628
401 459
401 698
402 477
402 437
402 574
402 402
402 428
402 415
402 497
402 431
402 565
403 525
403 524
403 444
403 512
403 457
403 567
403 403
403 430
404 515
404 520
404 647
405 556
405 476
405 424
405 694
405 417
405 558
405 700
405 405
405 678
405 546
405 448
405 477
405 410
405 677
405 689
405 608
406 471
406 659
406 661
406 663
406 672
406 432
406 560
406 624
406 406
406 633
406 671
406 545
406 547
407 429
407 543
407 469
407 420
407 439
407 599
407 421
407 563
407 458
407 407
407 483
408 522
408 534
408 499
408 695
408 591
408 622
408 486
408 572
408 664
408 435
408 578
409 660
409 465
409 601
409 579
409 686
409 615
409 611
409 409
409 690
409 568
409 452
409 478
409 433
410 448
410 629
410 700
410 694
410 476
410 417
410 677
410 689
410 424
410 410
410 471
410 678
411 517
411 645
411 636
411 676
411 505
411 550
411 484
412 668
412 565
412 477
412 428
412 412
412 684
412 456
412 618
412 415
412 437
412 574
412 627
412 510
413 557
413 535
413 537
413 685
413 498
413 496
413 585
413 445
413 544
413 595
413 414
413 584
413 662
413 549
413 699
413 604
414 662
414 535
414 537
414 685
414 498
414 496
414 445
414 699
414 683
414 414
414 455
414 544
414 585
415 428
415 580
415 415
415 574
415 565
415 456
415 437
415 627
415 473
415 431
415 590
416 665
416 670
416 416
416 487
416 580
416 674
416 545
416 685
417 556
417 677
417 448
417 476
417 546
417 689
417 678
417 417
417 558
417 618
417 424
418 540
418 468
418 582
418 481
418 506
418 418
418 497
419 681
419 528
419 529
419 504
419 419
419 561
419 693
419 612
419 490
419 494
420 543
420 429
420 507
420 479
420 599
420 420
420 483
420 421
420 563
420 439
420 469
420 461
421 543
421 439
421 599
421 507
421 479
421 483
421 469
421 458
422 656
422 581
422 471
422 618
422 422
422 596
422 485
423 646
423 523
423 542
423 658
423 511
423 635
423 633
423 492
423 423
423 682
423 489
423 631
423 565
424 546
424 677
424 678
424 448
424 558
424 694
424 556
424 476
424 456
424 461
424 689
424 629
424 571
424 676
425 642
425 519
425 425
425 552
425 681
425 613
425 463
425 467
425 527
426 687
426 671
426 547
426 661
426 545
426 432
426 426
426 616
426 624
427 553
427 472
427 440
427 617
427 427
427 588
427 434
427 502
427 554
427 583
427 501
428 684
428 428
428 580
428 477
428 565
428 574
428 456
428 680
428 681
428 627
428 510
429 543
429 483
429 563
429 469
429 429
429 439
429 507
429 533
430 656
430 545
430 525
430 524
430 444
430 567
430 474
430 467
430 449
431 548
431 684
431 580
431 574
431 431
431 477
431 456
431 562
431 534
431 437
431 627
431 455
432 677
432 659
432 663
432 672
432 547
432 560
432 432
432 698
432 616
433 446
433 564
433 508
433 589
433 562
433 603
433 500
434 554
434 502
434 617
434 700
434 583
434 472
434 693
434 587
435 586
435 463
435 522
435 534
435 664
435 578
435 572
435 458
435 614
435 622
435 499
436 514
436 606
436 495
436 634
436 470
436 650
436 673
436 520
436 610
436 619
436 623
437 684
437 477
437 437
437 580
438 691
438 443
438 521
438 438
438 505
438 596
438 453
438 454
438 474
438 696
438 593
439 563
439 439
439 599
439 656
439 515
439 458
439 507
440 670
440 554
440 553
440 472
440 583
440 614
440 617
441 521
441 691
441 696
441 453
441 441
441 443
441 505
441 454
441 596
441 655
442 671
442 641
442 538
442 628
442 573
442 620
442 637
442 698
442 649
442 459
443 521
443 596
443 593
443 454
443 691
443 505
443 696
443 443
443 520
444 524
444 541
444 567
444 525
444 444
444 457
444 551
445 535
445 544
445 685
445 496
445 595
445 662
445 699
445 585
445 537
445 526
445 584
446 564
446 500
446 603
446 571
446 589
446 562
446 508
446 672
446 681
447 657
447 533
447 692
447 600
447 491
447 597
447 509
447 575
447 482
447 630
447 598
447 576
447 447
447 609
447 621
447 490
447 462
448 546
448 556
448 558
448 689
448 694
448 677
448 520
448 451
449 525
449 524
449 541
449 449
449 512
449 457
449 474
450 656
450 581
450 471
450 697
450 618
451 599
451 517
451 676
451 550
451 636
451 640
451 484
451 486
452 686
452 690
452 579
452 660
452 615
452 478
452 465
452 601
452 700
452 467
453 521
453 691
453 696
453 596
453 454
453 593
453 550
454 521
454 691
454 696
454 454
454 596
454 505
454 593
455 513
455 570
455 475
455 604
455 667
455 526
455 551
455 675
455 455
455 462
455 632
456 565
456 574
456 456
456 510
456 524
456 535
456 477
456 627
457 629
457 572
457 525
457 567
457 457
457 644
457 474
458 543
458 563
458 458
458 599
458 469
458 591
458 495
459 649
459 538
459 628
459 620
459 480
459 641
459 590
459 573
459 690
460 654
460 655
460 668
460 555
460 687
460 566
460 608
460 577
460 466
460 460
460 534
461 687
461 506
461 644
461 651
461 587
461 626
461 461
462 560
462 497
462 667
462 675
462 551
462 464
462 570
462 475
462 604
462 632
463 642
463 552
463 681
463 463
463 467
464 513
464 570
464 667
464 551
464 464
464 632
464 475
465 686
465 690
465 568
465 579
465 615
465 465
465 611
465 658
466 652
466 654
466 668
466 555
466 687
466 566
466 577
466 655
466 488
466 466
466 680
467 642
467 519
467 681
467 613
467 552
467 525
468 540
468 506
468 468
468 497
468 590
468 481
469 543
469 563
469 599
469 479
469 469
469 529
469 483
469 507
470 514
470 650
470 673
470 470
470 623
470 610
470 606
470 619
470 634
471 485
471 471
472 554
472 583
472 588
472 472
472 502
472 555
472 617
473 528
473 561
473 504
473 473
473 529
473 693
474 504
474 541
474 474
474 567
474 561
474 639
474 512
475 535
475 516
475 513
475 526
475 536
475 667
475 675
475 570
475 604
475 696
475 632
476 546
476 677
476 678
476 556
476 558
476 700
476 694
476 629
477 566
477 684
477 574
477 510
478 660
478 686
478 690
478 568
478 601
478 579
478 478
478 611
478 626
478 615
478 554
478 544
479 543
479 563
479 599
479 483
479 507
479 628
480 563
480 649
480 538
480 698
480 590
480 637
480 480
480 589
480 628
481 506
481 557
482 657
482 533
482 692
482 575
482 576
482 594
482 597
482 600
482 609
482 630
482 491
482 648
482 621
482 542
483 543
483 507
483 483
483 500
483 534
484 517
484 640
484 484
484 676
484 550
484 601
484 636
485 581
486 522
486 664
486 695
486 578
486 572
486 486
486 534
486 622
486 499
486 526
487 665
487 666
487 674
487 586
487 670
487 662
488 652
488 655
488 555
488 566
488 577
488 608
488 654
488 488
488 697
488 640
489 646
489 658
489 682
489 511
489 557
489 635
489 523
489 492
489 489
489 633
490 529
490 561
490 612
490 490
490 693
491 657
491 533
491 692
491 594
491 598
491 600
491 597
491 630
491 509
491 575
491 621
492 523
492 557
492 682
492 646
492 635
493 602
493 639
493 638
493 592
494 693
494 528
494 494
494 658
495 514
495 673
495 610
495 619
495 623
495 495
495 679
496 537
496 683
496 699
496 584
496 544
496 685
496 498
496 496
496 627
497 540
497 506
498 662
498 537
498 549
498 685
498 585
498 699
498 595
498 514
499 534
499 695
499 572
499 578
499 591
499 522
499 664
500 562
500 564
500 571
500 603
500 508
501 518
501 648
501 527
501 531
501 650
502 554
502 583
502 553
502 502
502 602
502 594
503 548
503 559
503 592
503 639
503 638
503 503
504 692
504 528
504 529
504 561
504 693
504 612
505 521
505 696
505 593
505 596
505 519
506 597
506 540
506 582
506 553
507 543
507 563
507 599
507 549
507 619
508 546
508 562
508 564
508 571
508 589
508 603
509 657
509 533
509 575
509 576
509 594
509 597
509 598
509 621
509 630
509 509
510 684
510 565
510 627
510 574
511 646
511 658
511 682
511 557
511 631
511 633
511 635
511 552
512 524
512 541
512 567
512 525
512 516
512 684
513 513
513 632
513 551
513 536
513 604
513 628
513 523
513 667
513 675
514 596
514 514
514 634
514 650
514 619
514 610
515 578
515 647
515 605
516 564
516 516
516 651
516 626
516 644
517 517
517 676
517 640
517 645
518 560
518 614
518 518
518 648
518 679
518 527
518 688
518 532
519 519
519 642
519 613
519 552
519 681
520 647
520 605
521 521
521 696
521 596
521 691
521 593
522 562
522 578
522 664
522 572
522 622
522 591
522 699
522 534
523 557
523 631
523 633
523 523
523 646
523 635
523 653
523 675
524 592
524 699
524 525
524 567
524 541
524 607
525 640
526 526
526 551
526 536
526 604
526 609
526 667
526 675
526 570
527 614
527 688
527 527
527 607
527 531
527 679
528 529
528 561
528 612
528 693
529 689
529 617
529 529
529 693
529 612
529 653
529 561
530 530
530 569
530 669
530 653
530 539
530 699
531 688
531 679
531 648
531 614
531 531
531 607
532 643
532 569
532 625
532 539
532 680
532 669
532 649
533 579
533 657
533 594
533 630
533 575
533 609
533 598
533 576
533 597
533 600
533 621
534 654
534 543
534 591
534 622
534 553
534 664
534 578
535 666
535 662
535 683
535 544
535 595
535 699
535 537
535 549
536 644
536 667
536 551
536 632
536 604
536 675
536 570
536 661
537 585
537 595
537 537
537 544
537 549
537 685
537 584
538 641
538 649
538 538
538 698
538 590
538 620
539 680
539 569
539 643
539 669
539 653
540 540
541 547
541 567
542 635
542 682
542 557
542 631
542 542
542 646
542 641
543 543
543 563
544 662
544 699
544 544
544 685
544 585
544 595
545 661
545 671
545 616
545 663
545 547
545 545
545 560
545 624
546 689
546 558
546 546
546 556
546 699
546 677
546 678
546 700
547 696
547 659
547 663
547 547
548 630
548 548
548 559
548 602
548 592
548 560
549 662
549 584
549 699
549 683
549 585
549 685
549 595
549 616
550 645
550 636
550 640
550 612
550 582
551 667
551 675
551 551
551 604
551 570
552 642
552 552
552 613
553 583
553 553
553 554
553 617
553 588
553 637
554 583
554 554
554 696
555 652
555 654
555 687
555 668
555 608
555 655
555 566
555 577
555 634
556 689
556 629
556 677
556 694
556 558
556 700
557 646
557 633
557 682
557 557
557 631
558 678
558 700
558 677
558 694
558 629
558 644
558 689
559 639
559 638
559 559
559 602
559 641
560 589
560 659
560 671
560 672
560 624
560 616
560 663
560 620
561 561
561 693
561 637
562 564
562 589
562 571
563 599
563 598
564 581
564 583
564 603
564 571
565 684
565 574
565 565
565 580
565 627
565 676
566 655
566 668
566 566
566 608
566 652
566 617
566 577
567 673
567 567
568 611
568 686
568 615
568 660
568 568
568 579
568 601
569 646
569 643
569 669
569 653
569 598
569 625
570 667
570 675
570 570
570 586
571 571
571 603
571 589
572 602
572 664
572 578
572 591
573 649
573 698
573 641
573 628
573 620
573 637
573 573
574 684
574 574
574 580
574 627
575 657
575 692
575 600
575 597
575 598
575 630
575 575
575 576
575 609
576 657
576 630
576 621
576 692
576 597
576 598
576 600
577 654
577 668
577 608
577 577
577 655
578 697
578 695
578 664
578 591
578 622
579 686
579 660
579 690
579 601
579 615
579 579
579 611
580 627
580 580
580 695
581 697
581 656
581 618
581 673
581 682
582 582
583 617
584 662
584 683
584 585
584 685
584 604
585 662
585 685
585 585
585 633
585 631
586 665
586 666
586 670
586 674
586 688
587 644
587 651
587 626
587 587
588 617
588 588
589 603
589 648
590 628
590 641
590 637
590 698
590 590
590 620
591 664
591 695
591 622
592 638
592 592
592 639
592 602
593 696
593 593
593 691
594 657
594 692
594 598
594 594
594 621
594 630
594 600
594 609
595 621
595 662
595 683
595 685
595 699
595 595
596 691
596 696
597 597
597 600
597 657
597 598
597 699
597 621
597 630
598 657
598 692
598 609
598 630
598 600
599 611
599 684
600 657
600 692
600 630
600 609
600 621
601 660
601 686
601 692
601 611
601 640
602 639
602 624
603 603
604 667
604 632
604 675
604 604
605 647
605 605
605 646
606 650
606 673
606 634
606 610
606 619
606 606
607 648
607 688
607 614
608 652
608 655
608 687
608 654
608 608
609 689
609 657
609 692
609 630
609 621
609 636
610 650
610 673
610 619
610 623
610 610
610 685
610 634
611 690
611 611
611 615
612 612
613 681
613 642
613 613
613 674
614 648
614 679
614 688
614 667
615 660
615 690
615 686
615 665
615 617
615 695
616 659
616 661
616 663
616 624
616 671
616 616
618 697
618 618
619 673
619 623
619 634
620 649
620 698
620 637
621 692
621 694
622 664
622 695
622 658
623 692
623 673
623 634
624 663
624 671
624 661
624 659
624 672
625 662
625 653
625 669
625 627
626 644
626 651
627 684
628 688
628 649
628 637
629 678
629 689
629 694
629 700
629 677
629 699
630 657
631 646
631 658
631 682
631 635
632 675
632 667
633 646
633 658
633 682
633 633
633 635
633 686
634 650
635 646
635 658
635 682
636 681
636 645
636 676
636 695
637 649
638 639
639 639
640 645
641 698
641 649
641 641
642 642
642 681
643 643
643 680
643 682
643 653
644 644
645 676
646 658
648 661
648 648
648 679
649 698
650 673
650 650
651 659
651 651
652 687
652 652
652 654
652 662
653 680
653 653
653 669
654 687
654 668
654 654
654 655
655 655
655 687
655 668
656 656
656 697
656 664
656 695
657 692
658 682
658 687
659 661
659 671
659 659
659 672
659 663
660 690
660 660
660 686
661 672
661 661
661 671
662 685
662 699
662 683
663 663
663 672
664 664
664 695
664 676
665 666
665 670
665 677
665 674
665 668
666 666
666 674
667 667
668 668
668 687
669 669
670 674
670 670
671 672
671 671
671 678
673 673
676 691
677 678
677 677
677 694
677 700
677 689
677 682
678 689
678 694
678 678
679 679
679 688
679 694
681 681
683 685
683 699
685 699
685 685
686 690
686 686
687 687
688 688
689 689
689 700
690 690
691 696
692 692
694 700
694 694
695 695
697 697
698 698
699 699
