700 2203
1 667
1 262
1 654
1 112
1 188
1 528
2 13
2 544
2 69
2 358
2 556
2 135
2 545
3 456
3 124
3 568
3 229
3 277
3 495
4 572
4 82
4 228
4 312
4 477
4 651
4 155
4 593
4 354
5 417
5 249
5 509
5 247
5 297
5 72
5 349
5 633
6 431
6 339
6 628
6 170
6 326
6 461
6 462
6 669
7 141
7 193
7 258
7 136
7 262
7 443
7 482
7 538
7 33
8 683
8 250
8 202
8 11
8 151
8 23
8 353
9 191
9 392
9 496
9 18
9 610
9 667
9 81
9 535
10 642
10 133
10 74
10 331
10 447
10 679
10 554
10 66
10 494
11 15
11 409
11 468
11 336
11 582
12 386
12 484
12 241
12 14
12 327
12 342
12 121
13 676
13 358
13 13
13 598
14 514
14 694
14 57
14 174
14 692
15 148
15 632
15 202
15 414
15 468
16 260
16 363
16 141
16 395
16 126
16 421
16 351
16 553
16 560
16 207
17 28
17 471
17 21
17 327
17 64
17 276
17 406
17 662
17 152
17 547
18 289
18 646
18 496
18 271
18 452
19 690
19 457
19 117
19 479
19 39
19 500
19 481
20 350
20 145
20 260
20 543
20 585
20 570
21 336
21 147
21 21
21 310
21 450
21 217
22 599
22 434
22 164
22 582
22 563
22 548
22 166
22 458
22 362
23 156
23 128
23 76
23 522
23 504
24 366
24 484
24 294
24 146
24 320
25 175
25 530
25 204
25 599
25 572
26 531
26 282
26 315
26 285
26 195
26 415
26 350
26 57
26 297
27 659
27 105
27 187
27 467
27 592
27 235
27 50
27 83
28 393
28 152
28 406
28 324
29 690
29 393
29 268
29 151
29 507
30 642
30 133
30 275
30 30
30 110
30 118
31 141
31 507
31 561
31 626
31 343
31 565
31 123
31 246
32 403
32 426
32 575
32 379
32 232
32 45
33 508
33 311
33 529
33 411
33 666
33 583
34 271
34 272
34 684
34 674
34 394
34 178
35 359
35 256
35 35
35 400
35 550
35 556
35 335
35 339
35 341
36 162
36 288
36 478
36 244
36 563
37 140
37 224
37 80
37 299
37 485
38 507
38 84
38 275
38 118
38 441
38 42
38 699
38 577
38 110
39 190
39 126
39 425
39 557
39 634
39 555
39 596
39 625
39 570
39 221
40 140
40 291
40 630
40 139
40 409
40 567
41 421
41 130
41 520
41 160
41 232
41 375
42 192
42 263
42 275
42 676
42 554
42 483
42 102
43 528
43 353
43 463
43 541
43 521
43 617
44 641
44 389
44 611
44 201
44 167
44 436
45 235
45 574
45 606
45 281
46 565
46 258
46 407
46 398
46 510
46 637
47 300
47 47
47 206
47 290
47 190
47 464
48 341
48 292
48 255
48 549
48 660
48 86
49 373
49 168
49 204
49 540
49 573
50 524
50 547
50 400
50 440
50 248
51 390
51 153
51 307
51 220
51 122
52 257
52 560
52 265
52 449
52 601
52 367
53 308
53 693
53 325
53 346
53 643
53 77
54 415
54 54
54 429
54 55
54 581
55 410
55 176
55 277
55 326
55 253
56 262
56 404
56 646
56 185
56 444
57 386
57 539
57 61
57 226
57 486
58 267
58 557
58 251
58 126
58 142
59 693
59 697
59 59
59 571
59 574
59 122
60 404
60 532
60 696
60 370
60 491
61 514
61 525
61 539
61 524
61 114
62 264
62 656
62 414
62 532
62 310
62 597
63 127
63 697
63 574
63 573
63 394
64 650
64 515
64 522
64 469
64 242
65 329
65 685
65 648
65 563
65 504
65 78
66 476
66 699
66 459
66 470
66 84
67 392
67 528
67 173
67 646
67 285
68 223
68 271
68 446
68 68
69 648
69 700
69 508
69 669
69 78
70 247
70 222
70 695
70 98
70 323
71 356
71 132
71 382
71 71
72 317
72 163
72 321
72 331
73 136
73 521
73 620
73 352
73 682
73 637
74 91
74 679
74 616
74 407
75 643
75 431
75 683
75 235
75 309
75 223
75 622
75 468
76 578
76 588
76 94
76 360
76 424
77 359
77 256
77 629
77 183
77 591
77 493
78 291
78 358
78 316
79 289
79 211
79 415
79 581
79 576
79 222
80 186
80 314
80 630
80 245
81 646
81 638
81 185
81 568
82 312
82 698
82 524
82 535
82 216
82 498
82 328
83 351
83 354
83 422
83 688
83 470
83 87
84 577
84 494
84 607
84 102
85 594
85 401
85 661
85 313
85 356
85 485
86 293
86 334
86 332
86 642
87 666
87 437
87 605
87 598
88 643
88 322
88 223
88 88
88 234
89 592
89 128
89 632
89 357
89 165
90 483
90 649
90 162
90 636
90 343
90 242
90 510
91 524
91 698
91 593
91 218
92 335
92 339
92 623
92 591
92 485
92 621
93 199
93 389
93 413
93 177
93 179
93 229
94 593
94 578
94 357
94 160
94 327
94 344
95 383
95 671
95 463
95 610
95 530
96 309
96 552
96 579
96 428
96 693
96 288
97 554
97 616
97 494
97 133
97 361
97 118
98 271
98 145
98 446
98 100
98 600
98 107
99 628
99 534
99 209
99 99
100 414
100 364
100 612
100 299
101 258
101 387
101 645
101 298
101 305
101 459
102 275
102 102
103 214
103 514
103 495
103 134
103 446
103 474
104 345
104 546
104 255
104 669
104 217
105 187
105 197
105 322
105 488
105 618
106 175
106 343
106 219
106 558
106 348
106 650
107 618
107 283
107 540
107 172
108 421
108 559
108 395
108 626
108 667
108 369
108 253
109 598
109 135
109 188
109 109
109 573
110 459
110 577
110 176
111 665
111 553
111 179
111 568
111 340
111 380
112 441
112 112
112 451
113 148
113 277
113 395
113 421
113 487
113 355
114 134
114 473
114 525
114 555
114 617
114 254
115 543
115 526
115 274
115 290
115 347
115 552
116 417
116 161
116 676
116 175
116 219
116 627
117 234
117 201
117 479
117 233
117 566
118 459
118 405
118 635
118 244
119 663
119 304
119 687
119 190
119 278
119 622
120 281
120 538
120 294
120 376
120 630
121 386
121 342
121 486
121 663
122 217
122 635
122 443
123 410
123 176
123 565
123 134
123 179
124 537
124 542
124 340
124 506
125 308
125 335
125 359
125 325
125 172
126 555
126 687
126 563
127 266
127 321
127 249
127 676
128 527
128 412
128 588
128 468
129 628
129 170
129 209
129 233
129 243
129 367
130 142
130 257
130 491
130 532
131 347
131 628
131 239
131 337
131 481
131 382
132 270
132 449
132 239
132 386
132 523
133 331
133 483
133 500
134 602
134 342
134 441
134 525
134 539
135 691
135 188
135 286
135 240
135 658
135 155
136 645
136 193
136 169
136 336
137 447
137 647
137 245
137 696
137 163
137 261
138 515
138 288
138 650
138 162
138 174
138 402
139 303
139 302
139 512
139 373
139 442
139 655
139 189
139 227
140 299
140 423
140 340
141 395
141 363
141 530
141 148
141 559
141 351
141 414
142 642
142 586
142 522
143 167
143 449
143 560
143 497
143 456
143 533
143 160
143 355
144 187
144 622
144 197
144 234
144 492
144 330
144 374
145 260
145 570
145 684
145 575
145 674
145 430
145 446
145 191
146 527
146 578
146 323
146 409
146 239
147 147
147 450
147 168
147 546
147 276
147 248
148 507
148 246
149 458
149 589
149 164
149 681
149 648
149 536
149 283
149 362
150 644
150 313
150 617
150 444
150 567
151 587
151 394
151 200
151 252
151 673
152 406
152 152
152 182
152 236
153 390
153 435
153 651
153 567
153 220
153 673
154 416
154 520
154 560
154 296
154 392
154 375
155 390
155 572
155 651
155 218
155 236
155 194
156 157
156 500
156 690
156 348
156 559
156 305
156 376
157 436
157 677
157 445
157 282
157 201
158 686
158 361
158 671
158 424
158 225
158 313
158 212
159 408
159 634
159 581
159 237
159 498
159 289
159 429
159 350
159 392
159 340
159 316
159 166
160 257
160 520
160 609
160 497
161 161
161 199
161 590
161 447
161 654
161 656
162 515
162 244
162 518
163 266
163 199
163 175
163 676
163 571
163 219
164 283
164 195
164 281
164 172
164 566
164 362
165 184
165 245
165 418
165 169
165 182
165 248
165 384
166 599
166 344
166 283
166 681
167 303
167 183
167 585
167 297
168 629
168 202
168 418
168 440
169 623
169 397
169 675
169 574
169 379
170 232
170 523
170 420
170 209
170 388
171 453
171 666
171 354
171 422
171 611
171 428
171 613
172 658
172 536
172 470
173 441
173 173
173 556
173 638
174 364
174 376
174 532
174 540
175 266
175 365
176 410
176 507
176 277
176 657
177 295
177 553
177 537
177 498
177 456
177 340
177 397
177 613
178 661
178 583
178 401
178 444
179 413
179 433
179 338
179 229
179 615
179 379
180 300
180 614
180 557
180 267
180 628
180 382
181 655
181 526
181 272
181 290
181 517
181 222
181 193
182 276
182 418
182 220
183 261
183 560
183 352
184 663
184 184
184 489
185 329
185 333
185 609
185 654
185 568
186 267
186 423
186 630
186 206
186 189
186 349
186 366
186 373
186 493
187 657
187 391
188 544
188 691
188 648
188 551
188 700
188 257
189 423
189 224
189 428
189 213
189 232
190 687
190 464
190 448
191 526
191 695
191 260
192 429
192 319
192 374
192 581
193 674
193 301
194 403
194 279
194 426
194 586
194 589
195 536
195 540
195 452
196 286
196 584
196 648
196 230
196 626
196 329
196 469
196 649
197 659
197 618
197 658
198 321
198 365
198 266
198 619
198 344
198 276
198 334
199 619
199 509
200 385
200 475
200 200
200 576
201 490
201 684
201 457
201 246
202 322
202 333
202 592
202 575
202 519
203 670
203 287
203 689
203 683
203 638
204 499
204 566
204 512
205 279
205 576
205 217
205 397
205 297
206 425
206 562
206 304
206 231
206 596
207 456
207 504
207 513
207 470
208 537
208 542
208 568
208 208
209 462
209 337
209 282
210 653
210 406
210 688
210 552
210 235
211 596
211 408
211 211
211 602
212 661
212 686
212 569
212 344
213 291
213 232
213 299
213 352
213 227
213 512
214 319
214 652
214 531
214 665
214 237
215 385
215 590
215 475
215 268
215 300
215 499
216 653
216 698
216 228
216 349
216 694
217 419
217 279
217 606
218 524
218 312
218 555
219 627
219 614
219 368
220 405
220 572
220 246
220 612
220 679
221 650
221 535
221 522
221 242
222 526
222 430
222 498
222 678
223 431
223 330
223 420
224 291
224 232
224 388
224 501
225 272
225 537
225 311
225 456
225 405
226 525
226 495
226 694
226 527
226 502
226 462
227 501
227 423
227 541
227 232
228 651
228 653
228 455
229 456
229 682
230 396
230 685
230 598
230 583
230 508
231 399
231 534
231 469
231 487
231 367
231 382
232 366
232 501
232 427
233 631
233 239
233 518
234 659
234 330
234 399
234 313
235 431
235 618
236 293
236 406
236 327
237 581
237 285
237 643
237 374
237 571
237 402
238 282
238 400
238 327
238 471
238 463
239 423
239 526
239 337
240 464
240 614
240 304
240 251
240 493
240 686
241 692
241 585
241 502
241 394
241 454
242 549
242 273
243 437
243 313
243 569
243 392
244 391
244 649
245 668
245 324
246 363
247 558
247 317
247 343
247 521
248 471
248 639
248 428
249 676
249 317
249 249
249 434
250 588
250 353
250 504
250 526
251 555
251 304
251 519
251 603
251 418
252 589
252 599
252 458
252 535
252 522
253 530
253 410
253 541
254 519
254 649
254 269
254 515
255 639
255 375
255 280
256 629
256 693
256 268
256 439
257 497
257 265
258 352
258 511
258 550
258 301
258 336
258 620
259 513
259 280
259 503
259 451
259 342
260 543
260 290
260 684
261 274
261 491
261 520
262 609
262 683
262 672
263 616
263 275
263 263
263 577
264 480
264 656
264 264
264 660
264 281
264 376
265 432
265 265
265 532
265 607
266 447
266 509
266 408
266 417
266 627
266 337
266 579
267 464
267 425
267 663
267 625
268 324
268 370
268 435
268 416
269 604
269 505
269 515
269 581
270 572
270 498
270 603
270 312
271 674
271 613
272 427
272 274
272 430
273 537
273 378
273 542
273 433
273 301
273 553
273 547
274 446
274 684
274 430
274 427
274 438
274 645
275 642
275 303
276 310
277 439
277 351
277 565
277 550
278 514
278 525
278 484
278 283
278 533
279 518
279 586
279 293
279 675
279 379
280 537
280 546
280 501
280 466
281 477
281 414
281 378
281 615
281 640
281 310
282 652
282 315
282 602
282 371
282 465
283 612
283 362
283 546
283 610
284 513
284 549
284 345
284 451
284 566
284 334
284 478
285 531
285 415
285 371
285 699
286 658
286 563
286 517
286 545
286 592
286 536
287 643
287 467
287 689
287 429
287 431
288 515
288 391
288 650
288 608
289 371
289 634
289 374
290 570
290 427
290 501
290 695
291 655
291 302
291 567
291 423
291 577
292 465
292 580
292 669
292 522
292 466
293 418
293 384
293 400
294 529
294 656
294 682
294 612
294 615
295 304
295 378
295 481
295 442
295 633
295 380
296 607
296 600
296 296
297 317
297 600
298 430
298 488
298 443
298 419
298 305
298 511
298 320
299 630
299 423
299 391
300 425
300 304
300 550
300 563
301 543
301 479
301 398
301 681
301 620
302 349
302 302
302 303
302 314
302 512
302 387
303 655
303 501
303 314
303 319
303 370
303 548
304 687
304 562
305 521
305 488
305 443
305 326
305 637
305 681
306 641
306 436
306 690
306 476
306 471
306 621
306 503
307 405
307 435
307 572
307 339
308 693
308 442
308 475
308 335
308 624
308 324
308 422
309 390
309 651
309 653
309 312
309 593
309 603
310 400
310 327
311 311
311 481
311 338
311 380
312 501
312 603
313 686
314 366
314 550
314 373
315 531
315 634
315 348
315 319
315 350
316 694
316 316
316 486
317 676
317 568
318 445
318 666
318 552
318 318
318 579
318 460
319 652
319 407
319 597
320 550
320 460
320 594
321 558
321 447
321 461
321 671
322 657
322 689
322 330
322 377
323 436
323 441
323 412
323 357
324 416
324 328
325 550
325 325
325 524
325 621
325 623
325 624
326 425
326 398
326 674
326 620
328 385
328 647
328 696
328 520
329 544
329 584
330 683
330 689
330 475
331 687
331 647
331 494
332 580
332 506
332 487
332 334
332 459
333 516
333 392
333 646
334 506
334 345
335 336
335 608
336 407
336 680
337 385
337 469
338 542
338 456
338 355
339 377
339 624
339 623
340 380
341 551
341 341
342 514
342 364
342 495
343 343
343 635
343 348
344 536
344 458
344 463
345 669
345 464
346 556
346 591
346 629
346 660
346 492
346 621
346 539
347 462
347 628
347 522
348 595
348 500
349 373
349 655
350 665
351 559
351 601
352 387
352 645
352 472
352 637
353 517
353 592
353 644
354 453
354 594
355 449
355 497
356 672
356 441
356 528
356 667
357 468
357 439
358 648
358 700
358 410
358 400
359 556
359 631
359 621
360 413
360 513
360 549
360 451
360 465
360 503
361 644
361 401
361 671
361 424
362 594
363 565
363 547
364 532
364 474
365 447
365 627
365 613
366 423
367 461
367 469
368 641
368 457
368 490
368 381
369 648
369 677
369 369
370 668
370 647
370 499
371 531
371 381
372 637
372 666
372 688
372 605
372 665
374 408
375 491
375 560
376 612
376 580
377 689
377 618
377 622
378 542
378 433
378 582
379 606
380 484
381 677
381 448
381 488
381 510
382 601
383 664
383 552
383 688
383 437
384 433
384 440
384 594
385 499
385 455
385 394
386 539
386 694
386 396
386 692
387 407
387 472
387 451
388 569
388 402
388 515
389 587
389 436
389 476
389 690
389 490
389 442
390 658
390 698
391 650
391 520
392 516
392 672
392 441
393 634
393 584
393 455
393 668
394 404
395 530
395 410
395 439
395 549
396 659
396 545
396 685
396 422
397 557
397 620
397 426
397 403
397 675
398 521
398 472
398 398
398 482
399 408
399 631
399 420
399 462
400 471
401 460
401 686
401 687
401 444
402 402
403 512
403 432
404 654
404 516
404 452
404 672
405 651
405 593
405 435
405 422
406 517
406 547
406 418
406 450
406 636
407 511
407 443
407 472
408 652
408 531
408 665
409 527
409 435
410 507
411 656
411 660
411 682
411 474
411 618
411 414
412 504
412 632
412 460
413 511
413 481
413 633
413 692
414 538
414 505
415 652
415 580
416 673
416 678
416 590
417 676
417 482
417 558
419 635
419 573
419 594
420 534
420 601
421 530
421 439
421 491
422 579
422 688
422 552
424 482
424 463
424 569
424 454
425 614
425 624
426 551
426 545
427 543
427 438
427 698
428 461
428 666
428 437
429 429
431 467
432 449
432 491
432 653
433 537
433 487
434 699
434 434
435 653
435 578
436 611
437 666
437 453
438 674
438 446
438 551
439 559
440 440
440 619
441 638
442 551
442 591
443 479
443 482
444 598
445 685
445 595
445 479
445 470
446 677
447 676
448 448
448 469
450 662
450 532
452 500
452 488
452 645
452 697
453 453
453 605
454 541
454 610
454 671
454 463
454 617
455 501
455 668
457 641
457 690
457 539
457 494
458 681
458 578
459 699
460 664
461 631
464 547
464 477
465 465
466 513
466 564
466 694
467 670
467 599
467 700
467 632
469 523
469 631
471 643
472 569
473 692
473 694
473 473
473 502
474 660
474 612
474 477
474 554
475 673
476 677
476 587
477 597
477 480
478 515
478 608
478 649
479 595
479 490
480 682
480 538
480 645
480 588
481 537
483 679
483 699
484 525
484 688
485 696
485 497
486 692
486 558
487 580
489 687
489 562
489 489
490 690
490 510
491 541
492 693
492 492
493 591
493 624
494 607
495 585
496 509
496 516
496 528
497 618
498 651
499 604
500 595
502 585
502 588
503 591
503 549
504 527
505 514
505 519
505 608
506 564
506 645
508 584
508 544
509 558
510 529
511 521
512 655
513 546
514 539
514 585
515 608
515 570
516 641
516 528
516 529
517 632
518 695
518 576
518 635
518 541
519 668
521 643
521 645
523 628
523 620
524 531
524 545
525 583
526 684
526 674
527 674
529 597
529 538
530 626
531 602
531 581
531 665
532 682
532 660
532 640
532 597
533 600
533 533
534 675
534 601
534 560
535 650
536 582
537 553
537 585
538 612
538 640
540 589
540 601
541 661
542 592
542 606
543 695
544 691
544 633
544 598
545 563
546 564
546 680
548 627
548 651
548 582
549 669
553 633
554 679
554 577
554 639
555 614
555 567
555 687
556 693
556 667
557 557
558 619
558 676
558 616
559 561
560 600
561 598
561 565
561 646
562 614
562 665
563 648
563 700
564 669
564 582
566 599
566 571
567 630
567 629
569 672
569 583
570 684
571 589
572 685
572 603
573 581
573 573
574 677
575 575
576 697
577 639
578 607
579 666
580 680
584 652
584 691
586 675
586 606
587 625
587 641
587 611
590 678
590 644
590 664
592 647
595 647
596 687
596 663
596 638
597 660
602 665
603 609
604 670
604 647
604 678
605 664
605 620
606 697
609 609
610 671
610 617
611 690
611 623
613 664
614 687
614 625
615 660
615 682
616 642
618 657
619 619
622 683
625 663
626 689
636 649
636 636
639 642
640 656
640 643
643 659
644 686
646 654
646 669
648 658
652 665
654 657
657 683
657 670
658 667
660 672
661 663
662 663
662 662
668 673
670 683
673 678
675 697
678 696
680 680
684 695
685 685
691 691
