700 2234
1 642
1 498
1 472
1 348
1 15
1 352
2 228
2 210
2 324
2 189
2 574
2 546
2 106
2 356
2 438
3 69
3 32
3 593
3 83
3 255
3 316
3 386
4 597
4 4
4 673
4 586
4 537
4 255
5 685
5 128
5 201
5 404
5 536
5 18
6 104
6 599
6 619
6 627
6 16
6 81
6 444
7 387
7 7
7 52
7 174
7 197
8 76
8 556
8 166
8 388
8 559
8 548
8 569
9 118
9 517
9 655
9 153
9 557
9 417
10 601
10 157
10 699
10 323
10 161
10 678
11 605
11 165
11 11
11 390
11 268
11 176
11 617
12 519
12 523
12 611
12 285
12 262
12 279
12 110
13 538
13 128
13 540
13 87
13 24
13 234
14 211
14 680
14 606
14 79
14 206
14 107
15 651
15 152
15 429
15 417
15 416
15 110
16 585
16 258
16 588
16 697
16 143
17 290
17 103
17 228
17 162
17 412
17 698
17 284
17 667
17 491
18 680
18 222
18 132
18 261
18 201
18 594
18 131
19 271
19 134
19 288
19 19
20 524
20 495
20 521
20 647
20 655
20 27
20 620
20 113
21 661
21 488
21 188
21 647
21 458
22 257
22 539
22 35
22 139
22 241
23 199
23 661
23 113
23 524
23 227
23 620
24 363
24 134
24 390
24 283
24 299
24 171
24 468
25 87
25 397
25 218
25 547
25 597
26 76
26 320
26 26
26 158
26 318
26 584
26 634
26 418
27 645
27 293
27 488
27 698
27 689
27 244
28 147
28 28
28 645
28 126
29 374
29 134
29 29
29 189
29 109
29 274
30 157
30 319
30 30
30 261
30 544
30 95
31 642
31 432
31 638
31 570
31 136
31 45
31 562
31 125
31 507
32 233
32 593
32 248
32 573
33 532
33 277
33 596
33 33
33 562
33 142
34 305
34 210
34 189
34 678
34 279
34 591
34 394
35 474
35 460
35 259
35 529
35 426
35 427
35 464
35 508
36 603
36 368
36 501
36 443
36 688
36 172
36 49
36 90
37 385
37 159
37 226
37 260
37 502
37 69
37 198
37 227
37 373
37 512
37 184
38 263
38 275
38 68
38 554
38 301
38 514
38 175
38 589
39 141
39 513
39 654
39 211
39 672
39 76
40 391
40 136
40 266
40 624
40 692
40 66
41 347
41 401
41 406
41 448
41 584
41 700
41 74
42 410
42 337
42 494
42 641
42 697
42 155
43 616
43 301
43 227
43 512
43 685
43 316
43 388
44 424
44 633
44 551
44 98
44 408
44 75
45 563
45 642
45 321
45 139
46 666
46 46
46 247
46 47
46 53
46 615
46 576
47 235
47 137
47 533
47 547
47 304
48 116
48 369
48 96
48 684
48 483
48 610
48 100
49 690
49 564
49 82
49 260
49 344
50 409
50 300
50 241
50 578
50 246
50 607
51 540
51 214
51 143
51 146
51 552
51 617
52 409
52 677
52 131
52 130
52 73
52 590
52 600
53 419
53 129
53 102
53 476
53 699
53 445
54 513
54 699
54 669
54 574
54 420
54 183
55 402
55 664
55 313
55 618
55 80
55 696
55 574
55 117
56 60
56 155
56 518
56 446
56 557
56 598
57 520
57 172
57 82
57 334
57 162
58 427
58 686
58 692
58 250
58 154
58 444
58 465
59 272
59 277
59 662
59 550
59 477
59 196
59 459
59 233
60 677
60 351
60 514
60 127
60 453
60 221
60 223
61 289
61 306
61 633
61 504
61 256
61 628
62 556
62 62
62 215
62 585
63 430
63 578
63 583
63 85
63 266
64 518
64 681
64 446
64 239
64 171
64 197
65 141
65 320
65 654
65 657
65 505
66 290
66 549
66 66
66 196
67 300
67 363
67 608
67 264
67 373
67 580
67 71
67 566
68 516
68 144
68 275
68 424
68 208
69 616
69 226
69 372
69 331
70 630
70 663
70 252
70 108
70 321
70 242
70 249
70 545
71 557
71 608
71 78
71 641
72 155
72 327
72 91
72 163
72 477
72 349
73 384
73 444
73 131
73 319
74 673
74 537
74 388
74 443
74 255
75 579
75 442
75 625
75 255
75 589
76 680
76 366
76 342
76 521
76 552
77 223
77 351
77 329
77 145
77 575
77 236
78 409
78 583
78 300
78 389
79 513
79 657
79 680
79 630
79 634
79 660
79 450
79 415
80 569
80 542
80 625
80 129
81 156
81 463
81 353
81 535
81 84
82 412
82 195
82 545
82 368
83 342
83 331
83 616
83 433
84 396
84 156
84 361
84 189
84 492
84 122
84 126
84 338
84 639
85 578
85 607
85 626
85 341
85 679
86 407
86 156
86 173
86 287
86 127
86 613
86 208
87 638
87 132
87 685
87 115
88 265
88 623
88 381
88 183
88 560
89 445
89 692
89 489
89 267
89 656
90 690
90 443
90 501
90 567
91 296
91 576
91 254
91 269
91 243
92 141
92 657
92 654
92 211
92 486
92 685
93 440
93 164
93 322
93 204
93 126
94 366
94 655
94 561
94 397
94 658
94 548
94 471
94 605
95 457
95 393
95 203
95 286
96 420
96 682
96 99
96 653
96 610
97 399
97 551
97 308
97 560
97 310
98 164
98 551
98 295
98 302
98 182
99 567
99 184
99 533
99 358
100 137
100 595
100 451
100 399
101 376
101 576
101 349
101 311
101 203
101 112
102 546
102 591
102 419
102 180
103 400
103 162
103 290
103 176
103 632
104 212
104 407
104 619
104 688
104 361
105 563
105 454
105 695
105 222
105 643
105 249
106 546
106 187
106 601
106 314
107 657
107 320
107 411
107 476
107 472
107 669
108 694
108 190
108 216
108 604
108 358
108 491
108 252
109 140
109 269
109 688
109 340
109 500
109 245
109 612
110 429
110 505
110 636
110 281
110 656
111 258
111 345
111 452
111 444
111 557
112 327
112 349
112 296
112 154
113 524
113 621
113 286
113 640
113 408
114 229
114 599
114 527
114 212
114 127
115 540
115 470
115 160
115 327
115 490
116 382
116 621
116 610
116 650
117 530
117 493
117 495
117 647
118 676
118 656
118 379
118 376
119 287
119 361
119 627
119 619
119 313
119 580
119 270
119 526
120 198
120 170
120 356
120 178
120 698
121 211
121 606
121 654
121 411
121 556
121 349
122 659
122 599
122 126
122 351
123 544
123 439
123 231
123 123
124 466
124 405
124 625
124 569
124 379
125 563
125 642
125 694
125 409
125 469
126 527
126 353
126 329
127 456
127 213
128 272
128 503
128 461
129 348
129 666
129 210
129 323
129 359
129 157
129 305
129 699
129 332
130 283
130 380
130 166
130 413
130 479
130 555
130 673
131 600
131 445
131 250
131 267
132 561
132 246
132 160
132 242
132 470
133 544
133 392
133 425
133 528
133 141
133 347
134 354
134 140
134 390
134 693
134 297
134 171
134 466
135 391
135 162
135 228
135 400
135 232
135 290
135 435
135 698
136 549
136 624
136 391
136 337
136 254
137 429
137 502
137 452
137 148
137 451
137 346
138 286
138 497
138 441
138 622
138 312
138 613
138 567
139 147
139 335
139 257
139 157
140 288
140 507
140 323
140 458
141 211
141 164
141 654
141 680
142 220
142 273
142 672
142 476
142 278
142 581
142 158
142 174
143 177
143 258
143 201
143 146
143 465
143 202
144 171
144 646
144 161
144 488
144 587
145 333
145 453
145 329
145 531
145 411
145 449
146 408
146 649
146 338
146 177
147 147
147 289
147 261
147 587
148 184
148 511
148 148
149 395
149 528
149 417
149 566
149 524
149 151
149 667
149 382
149 240
150 619
150 176
150 165
150 612
150 432
150 552
151 181
151 153
151 536
151 444
151 667
151 377
152 497
152 523
152 416
152 250
152 286
152 632
153 655
153 153
154 404
154 503
154 470
154 540
154 644
154 158
155 155
155 192
155 163
155 339
156 467
156 479
157 247
157 601
157 699
157 591
158 246
158 404
158 679
159 198
159 181
159 301
159 288
159 636
159 335
160 201
160 503
160 679
160 406
160 222
160 234
161 386
161 240
161 663
161 424
161 587
162 624
162 455
162 317
162 653
162 449
163 239
163 326
163 446
163 585
163 311
163 576
163 334
164 459
164 292
164 622
164 182
164 378
165 464
165 650
165 684
165 340
166 360
166 203
166 631
167 392
167 653
167 665
167 284
167 563
167 298
168 385
168 648
168 522
168 399
168 387
168 235
169 391
169 179
169 624
169 400
169 210
170 556
170 330
170 356
170 497
170 436
170 355
171 660
171 364
171 362
171 500
171 180
172 344
172 569
172 612
172 690
172 565
173 173
173 353
173 247
173 188
174 265
174 402
174 199
174 365
174 328
175 683
175 669
175 328
175 219
175 365
176 408
176 332
176 585
177 644
177 422
177 251
177 186
177 588
178 556
178 447
178 442
178 215
178 296
178 330
179 520
179 179
179 579
179 370
180 516
180 683
180 261
180 456
181 316
181 342
181 301
182 575
182 551
182 463
182 589
182 377
183 367
183 402
183 525
183 681
183 571
183 219
183 623
184 274
184 304
185 648
185 596
185 550
185 185
185 572
185 483
185 235
186 258
186 422
186 612
186 301
187 678
187 210
187 601
187 684
187 332
187 216
188 664
188 293
188 530
189 666
189 555
190 641
190 475
190 675
190 422
191 642
191 428
191 694
191 474
191 411
192 518
192 506
192 446
192 549
193 291
193 565
193 334
193 344
193 650
194 275
194 514
194 531
194 221
194 343
195 653
195 665
195 676
195 298
196 572
196 205
196 550
196 498
196 403
197 374
197 345
197 614
197 590
198 331
198 635
198 248
198 230
199 265
199 402
199 664
200 643
200 337
200 216
200 410
200 348
200 494
200 420
201 594
201 253
202 553
202 308
202 202
203 413
203 354
203 649
203 487
204 431
204 440
204 575
204 302
204 469
204 377
205 522
205 280
205 550
205 312
206 548
206 658
206 218
206 209
207 517
207 382
207 528
207 207
207 384
208 359
208 645
208 683
208 462
209 333
209 223
209 351
209 389
209 573
210 341
210 268
211 513
211 670
212 657
212 527
212 463
212 361
212 584
212 627
213 583
213 582
213 455
213 461
213 427
214 529
214 415
214 225
214 433
215 341
215 436
215 685
216 515
216 663
216 491
217 394
217 395
217 667
217 543
217 425
217 251
218 547
218 307
218 395
219 365
219 574
219 643
219 649
220 463
220 656
220 309
220 388
220 333
221 531
221 351
221 545
222 234
222 246
223 305
223 344
223 426
224 272
224 532
224 294
224 277
224 227
224 260
224 248
225 231
225 652
225 418
225 464
225 238
226 550
226 478
226 348
227 331
227 592
227 635
228 520
228 577
228 616
228 470
228 307
229 266
229 229
229 290
230 677
230 449
230 462
230 236
231 393
231 538
231 413
231 410
232 279
232 632
232 416
232 456
233 550
233 399
233 648
234 685
234 506
235 648
235 277
236 389
236 469
236 684
237 665
237 652
237 628
237 426
237 300
238 529
238 415
238 652
238 667
239 518
239 349
239 625
239 431
240 634
240 645
240 424
241 557
241 608
241 583
241 290
242 485
242 675
242 382
243 327
243 598
243 681
243 530
244 493
244 495
244 620
244 659
245 635
245 413
245 390
245 416
246 572
246 343
246 700
247 546
247 305
248 616
248 593
249 515
249 630
249 527
250 303
250 445
250 452
251 400
251 394
251 425
251 327
252 395
252 675
252 592
252 585
253 601
253 482
253 340
253 543
254 326
254 349
254 598
255 471
255 422
256 568
256 663
256 604
256 358
256 491
257 490
257 415
257 652
257 493
257 542
258 475
258 262
258 650
259 529
259 609
259 628
259 557
259 276
259 433
260 593
260 342
260 373
260 478
260 512
261 294
261 386
261 535
261 275
262 612
262 649
262 447
262 268
262 368
263 289
263 504
263 263
264 687
264 264
264 430
264 539
264 409
264 568
265 574
265 281
265 525
265 403
265 664
266 624
266 317
266 357
267 586
267 614
267 489
267 464
267 438
268 649
268 552
269 404
269 390
269 270
269 692
269 466
269 374
269 344
270 507
270 390
270 602
270 271
270 466
270 374
271 523
271 297
271 632
272 399
272 280
272 572
272 631
273 277
273 478
273 695
273 578
273 671
273 581
273 327
273 598
274 274
274 369
274 567
274 511
275 646
275 683
276 652
276 609
276 276
276 490
277 399
277 312
277 461
277 672
278 375
278 695
278 615
278 401
278 524
279 429
279 409
279 668
280 385
280 459
280 475
280 627
281 371
281 319
281 360
281 544
282 528
282 384
282 536
282 517
282 289
283 396
283 538
283 371
283 356
283 674
284 432
284 672
284 656
284 695
284 516
284 535
285 523
285 519
285 668
285 663
285 611
285 309
286 505
286 611
286 628
286 298
287 463
287 467
287 396
287 613
288 527
288 660
288 362
288 507
289 611
289 448
290 325
290 385
290 577
291 381
291 569
291 501
291 462
291 387
292 322
292 295
292 378
292 573
292 589
293 521
293 639
293 535
293 564
293 640
294 662
294 596
294 572
294 441
295 302
295 295
295 431
296 574
296 598
296 491
296 311
297 660
297 688
297 684
297 299
298 375
298 672
298 309
299 602
299 688
299 510
299 500
300 532
300 580
300 578
300 688
300 568
300 508
301 636
301 457
301 536
301 372
302 519
302 560
302 642
302 377
303 387
303 686
303 444
303 661
304 304
304 629
304 307
304 451
305 546
306 642
306 646
306 306
306 641
307 534
307 526
307 471
307 700
308 553
308 480
308 308
308 464
309 665
309 392
309 379
310 485
310 314
310 642
310 694
310 673
310 610
311 518
311 506
311 697
312 648
312 522
312 609
312 572
313 434
313 669
313 446
314 314
314 428
314 326
314 359
315 558
315 437
315 460
315 556
315 506
315 453
316 478
316 685
316 331
316 323
317 520
317 549
317 631
318 634
318 411
318 513
318 609
319 370
319 354
319 525
319 484
320 654
320 505
320 606
321 642
321 321
321 526
321 474
322 571
322 431
322 551
322 523
323 419
323 546
323 324
323 332
323 591
324 512
324 601
324 542
325 520
325 325
325 427
326 393
326 518
326 460
326 339
326 349
327 423
327 576
328 571
328 525
328 612
329 674
329 514
329 531
329 677
330 454
330 556
330 595
331 635
331 351
332 666
332 475
332 620
333 372
333 351
333 462
334 690
334 691
334 451
335 415
335 426
335 418
336 557
336 430
336 580
336 583
336 586
337 497
337 643
337 410
337 675
338 442
338 447
338 597
338 460
339 423
339 576
339 692
339 598
340 422
340 518
341 597
341 454
341 486
342 457
342 531
343 350
343 594
343 503
343 380
343 489
345 654
345 419
345 663
345 693
346 682
346 420
346 502
346 633
347 599
347 394
347 421
348 562
348 474
349 446
349 422
350 540
350 561
350 404
350 674
350 614
351 514
352 694
352 428
352 481
352 513
353 407
353 467
353 432
353 518
354 631
354 393
355 436
355 356
355 556
355 678
355 362
355 495
356 558
357 577
357 651
357 622
357 677
358 643
358 410
358 369
359 570
359 638
359 432
360 484
360 544
360 638
361 621
362 390
362 468
362 364
363 557
363 583
363 568
364 660
364 364
364 374
365 525
365 499
365 367
366 657
366 411
366 473
366 671
366 525
367 696
367 664
367 637
368 541
368 697
369 502
369 389
370 398
370 435
370 698
371 606
371 582
371 583
372 531
372 514
372 383
373 593
373 488
375 671
375 615
375 691
375 376
376 653
376 671
377 553
378 509
378 575
378 521
379 665
379 676
379 554
380 393
380 674
380 439
380 649
381 437
381 458
381 669
382 395
382 417
382 641
383 389
383 456
383 677
383 555
384 528
384 394
385 550
385 459
386 633
386 516
386 529
387 693
388 388
388 397
389 469
389 483
390 468
390 500
390 410
390 602
391 624
391 696
391 435
392 591
392 392
392 672
393 559
393 544
393 631
393 551
394 517
394 395
394 655
395 536
395 543
395 421
395 592
396 467
396 396
396 619
397 397
397 537
398 398
398 549
398 466
399 596
399 483
399 648
399 532
400 435
400 520
401 548
401 534
401 621
402 678
402 509
402 693
403 571
403 669
403 696
403 664
404 470
404 603
404 679
404 594
405 647
405 521
405 530
405 639
405 493
406 406
406 635
406 547
407 527
407 407
407 486
408 644
408 650
409 687
409 579
410 675
411 670
411 411
411 673
411 473
412 622
412 651
412 523
412 441
412 539
413 555
413 674
413 530
414 513
414 473
414 414
414 578
414 584
414 606
415 539
415 427
416 570
416 622
416 583
417 655
417 463
417 421
418 418
418 628
419 496
419 666
419 594
420 629
420 451
421 536
421 566
421 621
422 650
423 668
423 681
423 657
424 646
424 681
425 607
425 517
425 641
426 482
426 609
426 433
427 464
427 490
428 485
428 434
428 474
428 482
429 519
429 587
430 509
430 564
430 608
431 502
431 480
431 560
432 481
432 642
433 689
433 614
433 508
434 563
434 570
434 642
435 586
435 650
436 558
436 455
436 670
436 454
436 597
437 651
437 437
437 447
437 684
438 473
438 686
438 452
439 484
439 439
440 560
440 637
440 447
440 575
441 523
441 651
441 510
442 556
442 460
443 690
443 691
443 487
445 590
445 614
446 672
446 576
447 461
447 556
447 660
447 582
448 537
448 700
448 514
449 453
449 450
450 514
450 531
450 677
450 453
451 682
452 547
452 616
452 489
453 469
454 556
454 558
455 460
455 521
455 537
456 514
456 541
457 457
458 581
458 630
458 618
458 571
459 662
460 582
461 558
461 486
461 564
462 486
462 531
462 469
463 492
464 482
464 490
465 468
465 686
465 590
466 507
467 659
467 683
468 660
470 603
470 675
471 537
471 636
472 570
472 472
473 584
474 498
475 515
476 653
476 676
476 493
477 647
477 524
477 535
477 697
477 493
478 512
478 500
478 515
479 676
479 656
479 692
480 551
480 553
480 589
480 637
481 483
481 562
481 570
482 636
483 483
484 544
484 569
485 485
485 498
487 538
487 559
487 674
487 635
488 626
489 590
491 515
492 527
492 599
492 506
493 620
493 495
494 515
494 499
494 504
495 689
495 621
496 666
496 496
496 661
497 523
497 611
498 638
499 641
499 604
499 663
499 629
501 690
501 645
503 593
503 561
504 516
504 645
504 634
505 651
506 681
508 546
508 539
509 568
509 586
509 687
510 651
510 519
510 510
511 696
511 567
511 621
513 584
515 643
516 661
517 686
517 592
519 523
519 632
519 559
520 577
521 524
521 689
522 662
522 549
522 532
524 620
525 596
525 664
526 534
526 605
526 700
526 658
527 619
527 627
528 672
529 539
530 647
530 689
531 533
533 682
533 573
533 595
534 534
535 647
535 621
536 579
536 690
538 559
539 609
541 542
541 541
542 564
542 545
543 543
543 581
543 566
544 555
545 569
545 573
547 605
548 592
549 624
549 626
549 577
549 644
551 553
552 558
552 617
553 696
554 646
554 645
554 656
555 607
555 560
557 678
557 579
557 626
557 640
557 595
559 674
561 594
561 603
562 638
563 694
565 691
565 697
565 583
566 667
567 573
568 626
570 694
571 687
572 604
574 618
575 682
578 687
578 586
578 607
579 687
579 583
580 687
580 666
581 671
581 665
582 597
583 607
584 654
584 598
584 658
587 646
587 590
588 649
588 650
588 631
590 600
592 667
592 615
593 636
595 629
595 610
599 599
600 686
600 698
602 602
603 679
604 630
605 659
606 680
608 609
609 670
611 668
611 676
613 698
613 668
615 615
617 662
617 642
618 669
618 648
620 623
620 639
622 668
623 696
623 669
625 691
629 670
630 648
632 668
633 633
634 654
634 646
635 636
637 637
639 647
640 689
640 661
642 694
643 643
644 650
645 646
647 661
647 683
652 656
653 676
653 682
656 656
656 695
658 658
658 673
659 659
660 688
663 675
670 670
678 686
691 691
692 693
698 698
