700 6262
1 447
1 689
1 129
1 670
1 597
1 400
1 360
1 519
1 223
1 570
1 153
1 101
1 1
1 454
1 262
1 284
1 53
1 316
1 80
1 606
1 622
2 344
2 20
2 565
2 147
2 583
2 204
2 29
2 288
2 196
2 278
2 298
2 489
2 551
2 668
2 192
2 658
2 669
2 35
2 697
2 200
3 251
3 699
3 320
3 405
3 682
3 646
3 339
3 427
3 69
3 487
3 557
3 3
3 39
3 391
3 521
3 307
3 81
3 98
3 109
3 241
4 4
4 626
4 55
4 253
4 454
4 676
4 154
4 273
4 661
4 128
4 407
4 46
4 497
4 174
4 647
4 184
4 199
4 88
4 202
5 641
5 249
5 412
5 16
5 77
5 133
5 420
5 5
5 283
5 376
5 281
5 71
5 373
5 433
5 655
5 450
5 461
5 213
5 479
5 239
6 25
6 131
6 260
6 358
6 228
6 678
6 424
6 535
6 208
6 559
6 51
6 96
6 6
6 639
6 21
6 691
6 337
6 117
6 380
6 573
7 123
7 516
7 263
7 11
7 72
7 362
7 488
7 326
7 311
7 121
7 628
7 54
7 7
7 193
7 563
7 309
7 205
7 348
7 608
8 263
8 121
8 54
8 326
8 488
8 509
8 561
8 348
8 205
8 563
8 258
8 366
8 8
8 386
8 536
8 309
8 311
8 72
8 362
8 494
9 651
9 125
9 323
9 130
9 642
9 389
9 393
9 18
9 441
9 469
9 19
9 9
9 183
9 117
9 406
9 558
9 66
9 589
9 333
9 463
9 246
10 426
10 468
10 187
10 569
10 173
10 82
10 123
10 567
10 591
10 436
10 212
10 367
10 430
10 340
10 588
10 677
10 554
10 687
10 318
11 516
11 263
11 309
11 11
11 205
11 221
11 362
11 561
11 536
11 348
11 563
11 326
11 522
11 311
11 72
11 628
11 509
12 695
12 100
12 139
12 407
12 454
12 273
12 55
12 184
12 676
12 647
12 253
12 275
12 193
12 497
12 607
12 531
12 199
12 88
12 697
12 530
13 609
13 422
13 481
13 545
13 625
13 185
13 169
13 330
13 256
13 672
13 345
13 164
13 690
13 495
13 156
13 33
13 419
13 45
13 107
14 321
14 609
14 351
14 310
14 181
14 286
14 460
14 662
14 140
14 528
14 529
14 14
14 357
14 347
14 285
14 562
14 590
14 462
14 235
14 119
14 35
15 150
15 259
15 131
15 137
15 192
15 157
15 505
15 15
15 17
15 525
15 464
15 399
15 617
15 657
15 538
15 62
15 67
15 587
15 595
15 614
15 502
16 377
16 641
16 392
16 655
16 71
16 373
16 77
16 359
16 420
16 213
16 593
16 376
16 16
16 281
16 602
16 124
17 131
17 399
17 612
17 192
17 67
17 595
17 374
17 17
17 505
17 259
17 538
17 137
17 454
17 587
17 222
17 240
18 223
18 535
18 130
18 389
18 18
18 393
18 243
18 183
18 246
18 534
18 19
18 406
18 395
18 558
18 589
18 78
19 528
19 130
19 642
19 389
19 393
19 526
19 78
19 183
19 663
19 534
19 19
19 160
19 558
19 700
19 463
19 243
20 477
20 658
20 147
20 200
20 298
20 336
20 238
20 29
20 668
20 565
20 551
20 278
20 288
20 185
20 665
20 583
20 204
20 489
21 117
21 621
21 535
21 337
21 691
21 51
21 678
21 21
21 380
21 329
21 56
21 158
21 400
21 414
21 172
21 228
22 386
22 148
22 498
22 477
22 182
22 480
22 252
22 125
22 547
22 160
22 64
22 603
22 585
22 233
22 549
22 442
22 474
22 629
22 373
22 293
23 643
23 520
23 394
23 651
23 654
23 401
23 432
23 458
23 290
23 438
23 667
23 74
23 102
23 237
23 437
24 515
24 268
24 694
24 644
24 85
24 598
24 83
24 650
24 415
24 514
24 611
24 269
24 24
24 362
24 292
24 299
24 356
25 457
25 350
25 657
25 26
25 693
25 207
25 322
25 447
25 25
25 437
25 236
25 584
25 619
25 451
26 657
26 350
26 236
26 451
26 447
26 465
26 452
26 437
26 674
26 693
26 390
26 322
26 539
26 212
26 343
27 275
27 143
27 402
27 533
27 151
27 152
27 43
27 116
27 411
27 270
27 649
27 459
27 247
27 683
27 491
27 416
27 675
27 600
27 475
27 352
28 129
28 153
28 360
28 132
28 284
28 113
28 670
28 262
28 519
28 110
28 622
28 53
28 80
28 570
28 527
28 316
28 328
28 101
29 658
29 665
29 668
29 669
29 29
29 278
29 196
29 93
29 147
29 336
29 583
29 76
29 35
29 551
29 298
29 200
29 204
30 391
30 651
30 654
30 237
30 30
30 438
30 394
30 520
30 689
30 576
30 242
30 74
30 401
30 125
30 432
30 102
31 417
31 174
31 330
31 345
31 419
31 206
31 103
31 327
31 76
31 45
31 256
31 690
31 495
31 625
31 208
31 545
31 164
31 185
31 504
32 260
32 271
32 159
32 686
32 32
32 79
32 215
32 439
32 89
32 575
32 225
32 548
32 167
32 505
32 161
32 560
32 179
33 672
33 545
33 625
33 169
33 327
33 345
33 419
33 330
33 256
33 481
33 103
33 107
33 164
33 487
33 45
33 690
33 434
33 76
33 206
33 358
34 235
34 159
34 34
34 686
34 260
34 353
34 492
34 195
34 122
34 483
34 684
34 215
34 439
34 624
34 548
34 167
34 560
34 575
34 89
34 225
34 109
35 164
35 658
35 147
35 278
35 665
35 668
35 669
35 583
35 336
35 489
35 35
35 697
35 200
36 527
36 413
36 49
36 446
36 61
36 52
36 381
36 63
36 58
36 36
36 680
36 511
36 197
36 458
36 553
36 431
36 176
36 582
36 201
36 377
37 282
37 155
37 410
37 543
37 638
37 541
37 41
37 586
37 633
37 530
37 37
37 403
37 482
37 678
37 301
37 70
37 231
37 378
38 648
38 144
38 272
38 671
38 126
38 467
38 174
38 594
38 156
38 229
38 384
38 38
38 640
38 83
38 423
38 695
38 342
38 100
38 615
38 234
38 141
38 694
39 405
39 632
39 50
39 98
39 682
39 241
39 307
39 81
39 339
39 320
39 646
39 487
39 251
39 624
39 69
39 472
39 105
39 109
39 183
40 146
40 274
40 664
40 291
40 162
40 168
40 369
40 685
40 141
40 574
40 546
40 219
40 679
40 245
40 203
40 443
40 68
40 332
40 630
40 688
41 261
41 530
41 403
41 282
41 155
41 540
41 543
41 410
41 302
41 231
41 541
41 633
41 466
41 483
41 70
41 506
41 378
41 638
42 136
42 354
42 178
42 448
42 556
42 620
42 177
42 294
42 592
42 42
42 264
42 382
42 361
42 135
42 300
42 306
42 190
42 198
42 336
42 541
42 496
43 649
43 402
43 151
43 411
43 416
43 675
43 683
43 220
43 115
43 352
43 533
43 507
43 43
43 459
44 267
44 395
44 287
44 422
44 428
44 555
44 645
44 244
44 370
44 279
44 44
44 338
44 652
44 105
44 577
44 211
44 87
44 227
44 478
45 549
45 504
45 327
45 545
45 185
45 481
45 471
45 690
45 164
45 76
45 419
45 300
45 434
45 206
45 107
46 139
46 273
46 154
46 55
46 531
46 497
46 275
46 88
46 199
46 661
46 193
46 647
46 150
46 97
46 189
46 454
46 253
47 261
47 530
47 403
47 541
47 378
47 410
47 302
47 688
47 506
47 282
47 543
47 466
47 231
47 586
47 97
47 638
48 601
48 341
48 571
48 368
48 455
48 363
48 112
48 588
48 449
48 572
48 513
48 202
48 500
48 503
48 664
48 313
48 203
48 476
48 111
48 496
49 280
49 188
49 431
49 315
49 381
49 61
49 446
49 49
49 413
49 508
49 197
49 385
49 341
49 52
49 201
50 628
50 646
50 521
50 405
50 682
50 427
50 632
50 487
50 81
50 323
50 251
50 339
50 699
50 573
50 98
51 424
51 559
51 535
51 158
51 358
51 172
51 444
51 96
51 65
51 329
51 117
51 51
51 56
51 445
51 208
52 385
52 280
52 413
52 176
52 201
52 484
52 511
52 527
52 508
52 58
52 52
52 202
52 446
52 63
52 377
52 427
53 129
53 132
53 519
53 153
53 597
53 670
53 262
53 316
53 606
53 110
53 80
53 223
53 270
53 328
53 113
53 446
54 199
54 258
54 536
54 309
54 563
54 121
54 509
54 488
54 326
54 516
54 366
54 221
54 257
54 311
54 348
54 362
54 494
54 628
54 231
55 350
55 647
55 273
55 531
55 661
55 150
55 154
55 676
55 88
55 383
55 497
55 223
55 199
55 626
55 253
56 535
56 158
56 678
56 559
56 691
56 414
56 208
56 380
56 329
56 621
56 172
56 581
56 692
56 445
56 337
56 96
56 228
56 117
57 584
57 518
57 304
57 250
57 573
57 60
57 578
57 616
57 396
57 75
57 324
57 120
57 106
57 552
57 612
57 698
57 319
57 210
57 470
57 485
57 490
57 493
58 527
58 280
58 553
58 431
58 176
58 377
58 413
58 484
58 680
58 201
58 385
58 197
58 572
58 315
58 188
58 63
59 220
59 513
59 313
59 503
59 111
59 572
59 59
59 500
59 627
59 112
59 341
59 476
59 631
59 280
59 449
59 368
60 664
60 491
60 396
60 660
60 408
60 324
60 120
60 490
60 616
60 210
60 485
60 493
60 106
60 539
60 470
60 250
61 465
61 280
61 413
61 553
61 431
61 176
61 582
61 446
61 484
61 201
61 680
61 511
61 140
61 130
62 574
62 259
62 137
62 525
62 399
62 157
62 240
62 62
62 473
62 587
62 617
62 67
62 89
62 192
62 464
62 222
62 502
63 385
63 413
63 431
63 315
63 446
63 201
63 197
63 280
63 508
63 527
63 176
63 521
63 377
63 381
64 386
64 388
64 442
64 160
64 64
64 474
64 477
64 634
64 346
64 125
64 182
64 372
64 465
64 480
64 97
64 233
64 140
64 254
65 158
65 678
65 172
65 444
65 559
65 414
65 96
65 208
65 621
65 424
65 228
65 337
65 117
65 118
65 380
66 284
66 130
66 393
66 534
66 558
66 183
66 440
66 293
66 700
66 642
66 246
66 66
66 320
66 589
67 259
67 399
67 67
67 137
67 505
67 612
67 240
67 374
67 157
67 538
67 661
67 486
68 141
68 146
68 404
68 664
68 544
68 546
68 162
68 607
68 332
68 398
68 630
68 574
68 679
68 370
68 453
68 219
68 348
68 405
69 364
69 521
69 682
69 699
69 307
69 433
69 241
69 109
69 632
69 646
69 405
69 69
69 472
70 530
70 403
70 155
70 301
70 302
70 688
70 540
70 633
70 586
70 410
70 231
70 371
70 395
70 466
70 506
70 378
71 655
71 281
71 412
71 420
71 421
71 450
71 479
71 359
71 392
71 602
71 124
71 376
71 119
71 77
71 213
71 239
71 373
71 621
72 516
72 263
72 536
72 494
72 509
72 628
72 205
72 258
72 488
72 72
72 540
72 566
73 257
73 397
73 673
73 325
73 266
73 696
73 303
73 312
73 73
73 653
73 524
73 305
73 532
73 582
73 99
74 643
74 520
74 394
74 651
74 417
74 290
74 432
74 391
74 401
74 171
74 576
74 165
74 617
75 280
75 396
75 698
75 573
75 579
75 106
75 485
75 578
75 304
75 250
75 660
75 490
75 552
75 596
75 493
76 672
76 164
76 185
76 330
76 107
76 327
76 545
76 504
76 495
76 471
76 256
76 535
76 302
77 641
77 392
77 281
77 461
77 602
77 239
77 359
77 593
77 421
77 124
77 420
77 696
77 373
77 249
78 276
78 79
78 389
78 406
78 293
78 558
78 183
78 440
78 441
78 333
78 642
78 663
78 299
78 469
79 271
79 159
79 161
79 548
79 686
79 560
79 195
79 215
79 79
79 122
79 483
79 492
79 217
80 144
80 128
80 132
80 570
80 110
80 108
80 328
80 360
80 255
80 606
80 316
80 301
80 597
80 622
80 113
81 646
81 405
81 682
81 433
81 307
81 320
81 98
81 241
81 427
81 105
81 323
81 376
81 487
81 251
82 677
82 295
82 173
82 567
82 569
82 187
82 318
82 456
82 289
82 430
82 254
82 501
82 554
82 223
82 367
83 514
83 515
83 650
83 269
83 659
83 415
83 299
83 499
83 598
83 216
83 277
83 564
83 405
83 85
83 356
83 635
84 265
84 524
84 142
84 532
84 542
84 429
84 305
84 696
84 145
84 266
84 99
84 566
84 656
84 623
84 517
84 359
85 515
85 644
85 650
85 269
85 91
85 624
85 635
85 611
85 415
85 598
85 514
85 85
86 386
86 388
86 148
86 547
86 442
86 125
86 372
86 474
86 182
86 603
86 160
86 498
86 252
86 634
86 594
86 97
86 233
86 687
87 387
87 645
87 395
87 279
87 418
87 422
87 428
87 211
87 636
87 334
87 577
87 218
87 227
87 148
88 273
88 531
88 407
88 154
88 676
88 193
88 184
88 383
88 139
88 626
88 515
88 639
89 277
89 161
89 548
89 684
89 179
89 439
89 217
89 483
89 492
89 167
89 122
89 500
90 390
90 539
90 674
90 322
90 451
90 457
90 335
90 207
90 276
90 236
90 90
90 657
90 465
90 581
90 350
90 127
90 543
91 644
91 650
91 659
91 694
91 216
91 598
91 91
91 564
91 514
91 635
91 515
91 268
91 279
91 611
92 219
92 214
92 270
92 143
92 152
92 675
92 475
92 402
92 247
92 459
92 649
92 151
92 411
92 352
92 541
92 507
92 379
93 658
93 147
93 665
93 298
93 565
93 697
93 583
93 200
93 288
93 599
93 238
93 336
93 669
93 315
94 289
94 554
94 436
94 567
94 569
94 187
94 318
94 591
94 468
94 430
94 426
94 123
94 367
94 501
94 472
95 615
95 547
95 523
95 549
95 435
95 314
95 605
95 375
95 365
95 604
95 170
95 186
95 331
95 317
95 484
95 355
95 613
95 618
95 491
95 512
96 535
96 414
96 678
96 559
96 444
96 337
96 228
96 691
96 208
96 621
96 335
96 105
96 241
97 547
97 182
97 585
97 480
97 125
97 386
97 252
97 474
97 498
97 629
97 477
97 387
97 372
98 317
98 521
98 433
98 699
98 323
98 557
98 427
98 632
98 405
98 320
98 341
98 487
98 588
99 524
99 142
99 653
99 145
99 542
99 303
99 305
99 312
99 696
99 266
99 429
99 673
99 605
99 368
100 640
100 409
100 666
100 695
100 580
100 594
100 423
100 126
100 156
100 224
100 384
100 648
100 144
100 615
100 234
101 129
101 132
101 400
101 153
101 670
101 570
101 597
101 110
101 519
101 328
101 255
101 360
101 477
101 108
101 113
102 520
102 394
102 654
102 667
102 417
102 290
102 165
102 432
102 689
102 438
102 458
102 651
102 508
102 242
102 118
103 126
103 529
103 169
103 434
103 185
103 206
103 481
103 471
103 327
103 672
103 419
103 256
103 444
103 625
104 522
104 528
104 529
104 662
104 286
104 562
104 692
104 310
104 351
104 610
104 357
104 140
104 462
104 104
104 510
105 292
105 482
105 521
105 427
105 433
105 307
105 320
105 472
105 487
105 251
105 699
105 241
106 396
106 408
106 304
106 470
106 490
106 698
106 573
106 485
106 106
106 660
106 444
107 545
107 690
107 330
107 345
107 169
107 185
107 419
107 327
107 256
107 672
107 526
107 625
108 388
108 132
108 262
108 400
108 284
108 316
108 328
108 606
108 360
108 597
108 223
108 519
108 542
109 646
109 405
109 682
109 427
109 557
109 307
109 320
109 339
109 699
109 433
109 632
110 184
110 129
110 262
110 519
110 153
110 284
110 670
110 570
110 316
110 328
110 597
110 606
110 223
110 622
110 113
110 255
110 124
111 177
111 571
111 572
111 478
111 363
111 202
111 226
111 455
111 503
111 341
111 631
111 313
111 392
111 368
112 513
112 313
112 202
112 588
112 476
112 226
112 631
112 203
112 363
112 503
112 478
112 627
112 352
113 132
113 400
113 670
113 570
113 328
113 597
113 519
113 153
113 255
113 463
114 136
114 264
114 166
114 300
114 177
114 306
114 448
114 194
114 347
114 361
114 190
114 294
114 425
114 178
114 615
114 565
115 649
115 270
115 152
115 411
115 416
115 459
115 475
115 220
115 379
115 352
115 507
115 151
115 247
115 630
115 333
116 263
116 270
116 675
116 550
116 459
116 220
116 416
116 600
116 402
116 143
116 649
116 475
116 411
116 420
116 379
117 535
117 158
117 172
117 559
117 691
117 581
117 329
117 621
117 358
117 171
117 557
118 391
118 138
118 401
118 290
118 171
118 432
118 438
118 576
118 237
118 667
118 394
118 458
118 417
118 282
119 332
119 522
119 140
119 285
119 692
119 310
119 590
119 462
119 662
119 460
119 510
119 214
119 181
119 326
120 645
120 396
120 660
120 304
120 573
120 319
120 490
120 493
120 470
120 616
120 578
120 485
120 305
121 561
121 563
121 311
121 258
121 348
121 205
121 263
121 494
121 121
121 628
121 430
122 260
122 271
122 161
122 179
122 195
122 215
122 217
122 225
122 439
122 191
122 167
122 321
122 412
123 640
123 299
123 554
123 173
123 687
123 436
123 187
123 456
123 340
123 677
123 501
123 430
123 254
123 190
124 435
124 641
124 133
124 392
124 281
124 283
124 412
124 461
124 213
124 359
124 239
125 148
125 160
125 547
125 182
125 585
125 474
125 603
125 477
125 634
126 134
126 648
126 144
126 640
126 272
126 409
126 666
126 156
126 224
126 126
126 615
126 650
127 657
127 276
127 539
127 437
127 452
127 457
127 465
127 209
127 343
127 584
127 451
127 619
127 390
127 409
128 647
128 273
128 531
128 661
128 150
128 193
128 383
128 626
128 253
128 184
128 497
128 199
128 139
128 294
129 670
129 223
129 153
129 262
129 255
129 519
129 606
129 360
129 570
129 640
129 328
130 700
130 393
130 246
130 642
130 469
130 558
130 406
130 333
130 526
130 293
130 389
130 534
130 441
131 253
131 505
131 595
131 502
131 259
131 587
131 612
131 222
131 525
131 486
131 374
131 473
131 137
131 399
131 538
131 240
132 328
132 570
132 519
132 670
132 284
132 597
132 255
132 153
132 262
132 333
132 400
132 316
133 432
133 334
133 353
133 239
133 373
133 412
133 359
133 392
133 421
133 655
133 281
133 602
133 529
133 283
133 420
133 450
133 461
133 213
134 576
134 234
134 423
134 640
134 666
134 174
134 615
134 409
134 384
134 467
134 695
134 272
134 580
134 604
134 144
134 156
134 671
134 224
135 517
135 618
135 135
135 314
135 604
135 331
135 491
135 613
135 365
135 605
135 435
135 149
135 210
135 549
135 639
135 512
136 178
136 294
136 592
136 596
136 264
136 248
136 354
136 166
136 136
136 177
136 190
136 501
136 425
136 300
136 306
136 194
136 347
137 157
137 464
137 399
137 538
137 502
137 240
137 374
137 525
137 614
137 617
137 222
137 413
137 192
137 473
137 612
137 486
138 643
138 391
138 651
138 171
138 654
138 237
138 520
138 458
138 432
138 138
138 401
138 576
138 664
138 667
138 290
138 593
139 497
139 454
139 184
139 193
139 275
139 661
139 253
139 154
139 150
139 531
139 647
139 407
139 516
139 273
139 676
139 189
139 383
139 176
139 315
140 321
140 462
140 214
140 285
140 610
140 140
140 351
140 286
140 357
140 460
140 310
140 235
140 662
140 181
140 609
140 227
140 548
141 291
141 274
141 168
141 544
141 332
141 141
141 443
141 630
141 453
141 162
141 685
141 404
141 398
141 146
141 308
141 219
141 369
142 257
142 265
142 266
142 524
142 397
142 566
142 673
142 312
142 542
142 532
142 325
142 656
142 190
142 653
142 303
142 696
142 623
143 173
143 649
143 152
143 402
143 151
143 507
143 247
143 143
143 416
143 459
143 600
143 643
143 533
143 675
143 683
144 695
144 409
144 594
144 224
144 174
144 423
144 144
144 156
144 384
144 580
144 640
144 272
144 671
144 681
145 257
145 266
145 524
145 397
145 656
145 532
145 673
145 566
145 542
145 145
145 325
145 429
145 282
145 163
146 398
146 219
146 332
146 308
146 274
146 168
146 453
146 443
146 574
146 607
146 544
146 615
146 546
146 291
146 245
146 282
147 565
147 196
147 298
147 658
147 238
147 278
147 200
147 551
147 344
147 204
147 586
147 665
147 288
147 697
147 599
147 489
148 386
148 388
148 372
148 629
148 498
148 477
148 346
148 634
148 547
148 148
148 208
148 160
148 568
148 442
148 585
148 474
148 252
149 423
149 328
149 523
149 512
149 365
149 604
149 297
149 639
149 491
149 186
149 435
149 355
149 375
149 545
149 549
149 170
149 314
149 317
149 331
149 613
150 619
150 242
150 531
150 275
150 454
150 199
150 626
150 184
150 647
150 150
150 189
150 193
150 497
150 383
150 255
150 331
151 402
151 220
151 600
151 550
151 151
151 416
151 459
151 649
151 675
151 683
151 673
151 475
151 352
151 507
151 247
151 571
152 533
152 247
152 411
152 600
152 152
152 550
152 270
152 475
152 675
152 390
152 683
152 220
152 352
153 562
153 259
153 262
153 606
153 670
153 153
153 553
153 284
153 328
153 597
153 622
153 583
154 273
154 275
154 154
154 193
154 184
154 531
154 383
154 626
154 163
154 253
154 262
154 307
155 530
155 302
155 466
155 378
155 586
155 403
155 410
155 506
155 540
155 301
155 543
155 258
155 541
156 640
156 409
156 234
156 384
156 423
156 695
156 580
156 594
156 229
156 615
156 342
156 427
156 681
156 467
156 224
157 453
157 259
157 502
157 595
157 612
157 525
157 240
157 617
157 222
157 505
157 614
157 491
157 192
157 486
157 586
158 535
158 581
158 380
158 621
158 208
158 329
158 358
158 678
158 172
158 444
158 190
158 414
158 424
158 337
159 260
159 439
159 560
159 686
159 215
159 684
159 161
159 191
159 483
159 548
159 271
159 384
159 167
159 195
159 217
159 353
160 388
160 629
160 547
160 477
160 252
160 634
160 160
160 346
160 603
160 480
160 366
160 568
160 442
161 353
161 492
161 179
161 161
161 271
161 686
161 215
161 260
161 258
161 548
161 167
161 684
161 191
161 225
161 483
161 445
162 546
162 291
162 369
162 630
162 168
162 274
162 679
162 664
162 404
162 544
162 245
162 699
162 443
162 574
162 310
163 679
163 265
163 524
163 397
163 653
163 656
163 532
163 673
163 325
163 566
163 266
163 429
163 416
163 303
163 312
163 396
163 203
164 458
164 672
164 545
164 504
164 471
164 345
164 330
164 206
164 169
164 327
164 690
164 625
165 391
165 520
165 394
165 651
165 401
165 290
165 242
165 643
165 654
165 417
165 237
165 432
165 667
165 204
165 438
166 443
166 300
166 178
166 306
166 190
166 448
166 264
166 637
166 592
166 354
166 248
166 620
166 394
166 294
166 194
166 198
166 361
167 271
167 560
167 225
167 215
167 195
167 167
167 575
167 684
167 548
167 485
167 686
167 439
167 191
167 217
167 353
168 664
168 544
168 546
168 574
168 308
168 404
168 630
168 607
168 679
168 453
168 660
168 685
168 332
168 369
168 245
168 361
169 178
169 672
169 545
169 419
169 330
169 481
169 471
169 345
169 169
169 283
169 690
169 208
170 273
170 517
170 435
170 170
170 491
170 365
170 512
170 523
170 375
170 605
170 180
170 186
170 479
170 317
170 331
170 364
171 643
171 394
171 651
171 654
171 417
171 401
171 576
171 520
171 290
171 458
171 391
171 689
171 546
171 432
171 330
172 281
172 414
172 678
172 691
172 228
172 445
172 621
172 358
172 444
172 337
172 545
172 559
172 581
172 208
173 289
173 677
173 554
173 426
173 430
173 436
173 173
173 212
173 569
173 187
173 501
174 640
174 666
174 423
174 224
174 174
174 234
174 229
174 467
174 594
174 671
175 514
175 644
175 650
175 268
175 269
175 659
175 277
175 292
175 299
175 694
175 499
175 624
175 415
175 515
175 222
175 564
176 385
176 280
176 553
176 431
176 413
176 446
176 680
176 201
176 484
176 377
176 188
176 508
177 264
177 294
177 425
177 620
177 248
177 637
177 178
177 448
177 596
177 306
177 354
178 692
178 425
178 556
178 306
178 190
178 620
178 264
178 300
178 248
178 448
178 592
178 347
178 258
178 256
178 589
179 686
179 560
179 483
179 260
179 225
179 684
179 575
179 215
179 492
179 191
179 513
179 217
179 353
179 605
179 247
180 523
180 435
180 317
180 613
180 604
180 331
180 355
180 639
180 491
180 549
180 375
180 180
180 452
180 186
180 618
180 481
181 662
181 285
181 286
181 562
181 510
181 609
181 528
181 529
181 214
181 522
181 310
181 181
181 321
181 460
181 610
182 388
182 547
182 182
182 372
182 629
182 346
182 233
182 568
182 634
182 477
182 300
182 442
182 603
182 252
183 402
183 526
183 663
183 293
183 642
183 558
183 441
183 406
183 440
183 333
184 647
184 273
184 275
184 407
184 676
184 497
184 383
184 661
184 189
184 199
184 626
185 419
185 206
185 345
185 471
185 327
185 434
185 672
185 481
185 504
185 633
185 625
185 256
186 523
186 605
186 355
186 618
186 186
186 331
186 512
186 317
186 517
186 549
186 414
186 604
186 613
187 289
187 426
187 430
187 367
187 456
187 318
187 254
187 212
187 677
187 332
187 340
188 474
188 192
188 527
188 280
188 446
188 431
188 511
188 385
188 381
188 582
188 413
188 668
188 197
189 647
189 253
189 454
189 531
189 193
189 676
189 661
189 275
189 189
189 370
189 626
189 383
190 497
190 264
190 306
190 448
190 361
190 425
190 194
190 294
190 190
190 592
190 257
191 260
191 548
191 684
191 560
191 483
191 271
191 575
191 225
191 686
191 439
191 603
191 353
191 313
192 259
192 525
192 374
192 222
192 617
192 595
192 240
192 614
192 464
192 612
192 502
193 647
193 275
193 407
193 531
193 661
193 253
193 459
193 199
193 238
194 425
194 300
194 592
194 620
194 556
194 448
194 198
194 354
194 264
194 306
194 553
194 347
194 440
195 260
195 686
195 560
195 548
195 195
195 271
195 217
195 684
195 656
195 492
196 658
196 665
196 551
196 298
196 565
196 697
196 344
196 489
196 583
196 599
196 196
196 200
196 204
196 336
197 527
197 680
197 511
197 484
197 413
197 280
197 508
197 385
197 553
197 691
197 582
197 377
197 381
198 264
198 294
198 425
198 556
198 448
198 248
198 637
198 354
198 300
198 198
198 436
198 592
198 596
198 620
199 647
199 273
199 531
199 454
199 626
199 253
199 275
199 568
200 278
200 288
200 551
200 599
200 565
200 336
200 200
201 343
201 385
201 413
201 431
201 508
201 315
201 680
201 554
201 379
202 571
202 449
202 455
202 496
202 313
202 588
202 202
202 572
202 363
202 627
202 476
202 232
202 500
203 603
203 616
203 571
203 572
203 449
203 455
203 476
203 203
203 513
203 226
203 341
203 588
203 232
203 368
203 627
203 500
204 308
204 278
204 665
204 697
204 336
204 668
204 565
204 599
204 282
204 489
205 258
205 263
205 536
205 563
205 488
205 221
205 366
205 362
205 608
205 516
205 601
206 677
206 419
206 434
206 327
206 471
206 206
206 495
206 547
206 345
206 625
206 371
207 390
207 657
207 539
207 693
207 452
207 584
207 457
207 276
207 343
207 451
207 335
207 619
207 374
207 209
208 414
208 445
208 444
208 581
208 380
208 691
209 657
209 276
209 674
209 693
209 437
209 451
209 457
209 447
209 350
209 209
209 584
209 393
210 396
210 660
210 552
210 573
210 579
210 324
210 578
210 616
210 250
210 408
210 518
210 265
210 485
211 387
211 395
211 418
211 422
211 577
211 338
211 279
211 230
211 334
211 287
211 555
211 296
211 605
211 218
211 244
211 636
212 338
212 289
212 295
212 554
212 426
212 430
212 687
212 567
212 591
212 340
212 400
212 367
213 392
213 655
213 281
213 420
213 450
213 376
213 593
213 641
213 239
213 255
213 479
213 359
214 522
214 529
214 285
214 562
214 692
214 321
214 460
214 351
214 214
214 662
214 528
214 235
215 271
215 548
215 684
215 686
215 439
215 217
215 392
215 353
215 483
215 243
216 514
216 644
216 650
216 659
216 415
216 292
216 564
216 515
216 635
216 499
216 277
216 216
216 356
216 624
216 309
217 260
217 684
217 439
217 560
217 492
217 548
217 688
218 645
218 395
218 279
218 537
218 287
218 418
218 334
218 555
218 244
218 227
218 218
218 292
218 636
218 375
219 404
219 664
219 443
219 574
219 453
219 308
219 685
219 332
219 544
219 369
219 607
220 533
220 411
220 416
220 550
220 683
220 270
220 507
220 675
220 402
220 379
221 582
221 516
221 561
221 309
221 311
221 628
221 608
221 258
221 348
221 326
221 563
221 388
222 498
222 259
222 399
222 464
222 222
222 614
222 240
222 306
222 374
222 362
223 262
223 519
223 670
223 316
223 328
223 606
223 360
223 223
223 622
223 623
223 449
224 640
224 272
224 409
224 666
224 671
224 423
224 681
224 594
224 467
224 264
224 229
224 234
225 548
225 684
225 686
225 560
225 439
225 575
225 353
225 469
225 507
225 572
226 228
226 513
226 571
226 572
226 449
226 455
226 478
226 503
226 226
226 627
226 232
226 496
226 306
226 500
227 387
227 645
227 279
227 537
227 287
227 418
227 555
227 577
227 338
227 230
227 267
228 535
228 414
228 559
228 691
228 445
228 444
228 621
228 581
228 251
229 648
229 272
229 671
229 681
229 467
229 342
229 640
229 384
229 666
229 229
230 394
230 645
230 267
230 395
230 652
230 279
230 537
230 287
230 428
230 338
230 387
230 577
230 448
231 452
231 530
231 403
231 688
231 282
231 301
231 541
231 540
231 261
231 378
231 506
232 483
232 513
232 313
232 572
232 449
232 476
232 631
232 478
232 232
232 496
232 471
232 363
232 368
232 500
232 503
233 386
233 388
233 547
233 585
233 603
233 346
233 372
233 474
233 498
233 233
233 634
233 252
234 640
234 409
234 423
234 342
234 615
234 648
234 580
234 681
234 265
235 522
235 528
235 285
235 286
235 310
235 351
235 590
235 609
235 610
235 235
235 510
236 276
236 539
236 674
236 693
236 451
236 584
236 350
236 619
236 343
236 457
236 447
236 663
236 555
236 559
237 391
237 520
237 401
237 667
237 458
237 654
237 689
237 417
237 394
237 237
237 666
237 641
237 301
238 450
238 669
238 565
238 583
238 599
238 344
238 658
238 238
238 665
238 697
238 698
239 655
239 283
239 412
239 421
239 359
239 249
239 602
239 450
239 592
239 320
240 546
240 525
240 399
240 614
240 374
240 617
240 685
240 466
241 646
241 405
241 682
241 699
241 320
241 307
241 433
241 487
241 427
242 643
242 520
242 654
242 401
242 689
242 576
242 651
242 391
242 432
242 458
242 438
243 642
243 389
243 663
243 534
243 293
243 440
243 589
243 463
243 700
243 333
243 526
243 406
243 246
244 387
244 645
244 395
244 652
244 296
244 428
244 334
244 537
244 422
244 418
244 267
244 270
245 546
245 291
245 308
245 443
245 574
245 369
245 404
245 398
245 453
245 607
245 529
245 632
246 389
246 393
246 406
246 293
246 440
246 589
246 333
246 463
246 663
246 646
247 402
247 675
247 550
247 683
247 247
247 507
247 270
247 379
247 551
248 264
248 294
248 425
248 556
248 300
248 592
248 354
248 620
248 382
248 636
249 420
249 421
249 461
249 593
249 602
249 376
249 281
249 359
249 249
249 373
249 478
250 518
250 396
250 660
250 304
250 319
250 578
250 324
250 616
250 490
250 493
250 612
251 252
251 521
251 405
251 427
251 323
251 339
251 251
251 682
252 346
252 477
252 498
252 634
252 442
252 386
252 547
252 553
253 531
253 275
253 626
253 497
253 661
253 337
254 289
254 295
254 687
254 569
254 318
254 591
254 254
254 501
254 456
254 436
254 424
255 262
255 400
255 284
255 622
255 670
255 316
255 328
255 519
255 644
256 322
256 545
256 434
256 327
256 495
256 481
256 625
257 257
257 312
257 532
257 429
257 542
257 524
257 266
257 696
257 305
257 265
257 397
257 653
257 656
257 601
257 642
258 287
258 516
258 536
258 488
258 263
258 311
258 326
258 348
258 608
258 563
258 366
258 494
258 561
259 259
259 595
259 538
259 473
259 617
259 612
259 486
259 399
259 587
259 464
260 560
260 439
260 686
260 271
260 483
260 353
260 492
260 575
260 470
261 301
261 530
261 482
261 403
261 410
261 506
261 586
261 543
261 466
261 302
261 688
261 541
261 268
261 371
262 570
262 597
262 519
262 262
262 360
262 400
262 284
262 316
262 328
263 628
263 488
263 516
263 561
263 263
263 608
263 362
263 563
263 326
263 494
263 509
264 306
264 448
264 382
264 556
264 425
264 361
264 596
264 408
264 294
264 592
265 265
265 696
265 303
265 266
265 429
265 542
265 653
265 397
265 480
265 532
265 312
266 295
266 303
266 656
266 397
266 601
266 623
266 566
266 325
266 542
266 532
266 341
266 653
266 305
266 696
267 645
267 422
267 537
267 387
267 296
267 577
267 636
267 338
267 428
267 279
267 267
267 348
267 652
267 418
267 555
268 644
268 650
268 635
268 694
268 269
268 514
268 299
268 268
268 499
268 515
268 277
268 522
268 598
268 611
268 356
268 656
269 514
269 644
269 650
269 635
269 499
269 356
269 598
269 415
269 694
269 299
269 460
269 277
270 649
270 533
270 675
270 416
270 352
270 507
270 459
270 683
270 379
270 621
270 402
270 550
270 600
271 409
271 492
271 548
271 686
271 575
271 560
271 271
271 448
271 684
272 648
272 640
272 384
272 681
272 580
272 423
272 272
272 567
272 615
273 647
273 531
273 497
273 676
273 661
273 626
274 398
274 544
274 679
274 443
274 685
274 274
274 630
274 607
274 404
274 308
274 473
275 647
275 497
275 383
275 626
275 454
275 661
275 407
275 275
275 473
275 298
276 657
276 350
276 335
276 276
276 343
276 674
276 390
276 447
276 465
276 451
276 457
276 431
276 485
277 387
277 570
277 514
277 515
277 277
277 635
277 644
277 356
277 659
277 292
277 564
277 598
278 658
278 278
278 551
278 697
278 344
278 669
278 668
278 520
278 298
278 565
278 336
278 599
279 645
279 395
279 652
279 555
279 370
279 636
279 537
279 387
279 422
279 544
279 418
279 428
279 334
280 527
280 381
280 484
280 446
280 511
280 680
280 413
280 553
280 582
280 431
280 315
281 641
281 593
281 283
281 373
281 412
281 281
281 420
281 450
281 376
282 327
282 282
282 541
282 403
282 410
282 371
282 378
282 540
282 302
282 506
283 641
283 283
283 412
283 602
283 376
283 373
283 392
283 650
283 450
284 585
284 519
284 670
284 570
284 316
284 400
284 328
284 597
284 606
284 360
285 522
285 528
285 590
285 562
285 529
285 351
285 286
285 460
285 613
285 609
285 610
285 510
286 522
286 662
286 590
286 529
286 310
286 351
286 692
286 357
286 413
286 464
287 387
287 645
287 395
287 652
287 537
287 370
287 555
287 636
287 422
287 428
287 296
287 334
288 392
288 658
288 665
288 668
288 669
288 551
288 288
288 489
288 697
288 561
288 583
288 336
288 599
289 430
289 367
289 569
289 567
289 295
289 591
289 677
289 340
289 289
289 426
289 687
289 456
290 391
290 520
290 651
290 667
290 417
290 689
290 432
290 401
290 633
290 458
290 512
291 398
291 664
291 332
291 443
291 544
291 404
291 685
291 630
291 369
291 319
291 679
291 308
291 607
292 451
292 590
292 515
292 644
292 650
292 659
292 694
292 299
292 611
292 635
292 495
293 620
293 389
293 393
293 526
293 406
293 663
293 558
293 534
293 463
293 440
293 589
293 469
294 637
294 382
294 592
294 300
294 294
294 425
294 556
294 347
294 620
295 295
295 687
295 567
295 430
295 554
295 501
295 468
295 569
295 426
295 436
295 456
296 387
296 645
296 395
296 555
296 577
296 636
296 652
296 370
296 422
296 418
296 296
296 428
296 334
296 419
296 319
297 517
297 523
297 605
297 364
297 355
297 491
297 512
297 613
297 618
297 317
297 375
297 297
297 425
297 604
298 531
298 665
298 551
298 658
298 583
298 668
298 669
298 565
298 599
298 344
299 415
299 356
299 650
299 624
299 694
299 564
299 598
299 515
299 635
300 425
300 300
300 361
300 354
300 596
300 471
300 306
300 592
300 347
300 637
300 382
300 455
301 541
301 543
301 403
301 378
301 586
301 301
301 638
301 633
301 482
302 489
302 410
302 541
302 530
302 543
302 638
302 302
302 466
302 482
303 524
303 397
303 656
303 542
303 429
303 532
303 312
303 601
303 305
303 487
303 325
304 618
304 396
304 552
304 490
304 573
304 408
304 578
304 579
304 349
304 319
304 664
304 324
304 493
305 397
305 653
305 656
305 601
305 696
305 325
305 566
305 429
305 312
305 435
306 425
306 347
306 448
306 620
306 550
306 592
306 354
306 361
306 637
306 487
307 646
307 405
307 427
307 323
307 472
307 557
307 307
307 320
307 339
308 404
308 664
308 544
308 546
308 685
308 308
308 369
308 443
308 574
308 332
309 536
309 563
309 561
309 628
309 608
309 366
309 509
309 348
309 488
309 311
309 362
310 528
310 662
310 590
310 610
310 357
310 522
310 321
310 462
310 609
310 510
311 516
311 536
311 509
311 366
311 488
311 311
311 326
311 494
311 628
312 434
312 524
312 397
312 532
312 542
312 429
312 601
312 648
312 623
313 513
313 631
313 496
313 363
313 476
313 588
313 571
313 449
313 368
313 500
313 572
313 627
314 523
314 549
314 375
314 639
314 364
314 512
314 491
314 317
314 314
314 331
314 628
314 604
314 355
314 365
315 643
315 395
315 680
315 431
315 508
315 527
315 446
315 511
315 385
315 381
315 582
315 484
315 377
316 519
316 400
316 670
316 597
316 622
316 544
316 606
317 517
317 549
317 435
317 512
317 491
317 355
317 364
317 375
317 331
317 605
318 677
318 426
318 687
318 456
318 567
318 430
318 591
318 436
318 468
318 343
318 501
318 602
318 503
319 408
319 552
319 698
319 493
319 490
319 396
319 579
319 324
319 660
319 578
320 369
320 646
320 521
320 557
320 433
320 699
320 427
320 323
321 522
321 528
321 529
321 692
321 662
321 357
321 321
321 609
321 654
321 590
321 610
322 390
322 657
322 437
322 447
322 674
322 539
322 619
322 465
322 457
322 322
322 451
322 452
322 584
322 335
322 408
323 646
323 521
323 682
323 427
323 557
323 405
323 472
323 487
323 632
324 396
324 660
324 408
324 698
324 579
324 518
324 493
324 552
324 326
324 349
324 616
324 490
325 524
325 656
325 623
325 696
325 653
325 566
325 673
325 491
326 563
326 561
326 362
326 536
326 628
326 488
326 401
326 348
326 509
327 672
327 419
327 345
327 330
327 504
327 471
327 545
327 490
328 570
328 597
328 400
328 606
328 622
329 527
329 535
329 414
329 444
329 445
329 581
329 691
329 358
329 424
329 636
329 337
329 380
330 672
330 434
330 625
330 495
330 545
330 419
330 504
331 517
331 549
331 604
331 435
331 639
331 613
331 375
332 657
332 398
332 404
332 679
332 607
332 332
332 345
333 642
333 393
333 406
333 558
333 589
333 440
333 663
333 463
333 389
334 387
334 645
334 418
334 428
334 577
334 395
334 422
334 370
334 334
335 390
335 539
335 674
335 452
335 584
335 437
335 465
335 657
335 693
335 457
335 619
335 532
335 343
335 612
335 577
336 414
336 668
336 565
336 697
336 669
336 344
336 599
337 559
337 444
337 445
337 424
337 621
337 358
338 387
338 652
338 537
338 418
338 422
338 555
338 428
338 370
338 636
338 338
338 416
339 635
339 682
339 557
339 433
339 646
339 405
339 521
339 472
339 457
339 487
339 632
340 404
340 567
340 456
340 468
340 367
340 677
340 430
340 340
340 591
340 554
340 700
341 660
341 571
341 572
341 476
341 588
341 631
341 368
341 455
341 367
341 500
342 648
342 666
342 671
342 681
342 342
342 467
342 384
342 409
342 594
342 498
342 615
342 611
342 533
343 657
343 539
343 674
343 447
343 465
343 350
343 452
343 584
343 437
344 556
344 658
344 668
344 669
344 697
344 565
344 551
344 489
344 585
345 545
345 690
345 434
345 495
345 471
345 481
346 388
346 442
346 474
346 346
346 372
346 568
346 477
346 634
346 598
346 629
346 347
347 448
347 382
347 556
347 596
347 592
347 361
347 637
348 561
348 536
348 348
348 362
348 488
348 608
349 518
349 396
349 408
349 552
349 698
349 579
349 470
349 349
349 660
349 490
349 485
349 428
349 616
350 447
350 437
350 452
350 674
350 451
350 584
350 457
350 619
350 607
351 528
351 662
351 692
351 460
351 529
351 510
351 609
351 400
351 610
351 526
352 649
352 533
352 416
352 550
352 600
352 402
352 352
352 581
352 379
352 500
353 548
353 439
353 575
353 684
353 560
353 492
354 556
354 637
354 592
354 382
354 448
354 554
354 361
354 355
355 523
355 435
355 605
355 618
355 355
355 365
355 364
355 375
355 639
356 514
356 650
356 415
356 624
356 564
356 515
356 499
356 648
357 692
357 462
357 610
357 529
357 460
357 590
357 562
357 357
357 366
358 436
358 535
358 678
358 424
358 559
358 691
358 358
358 380
359 641
359 392
359 655
359 412
359 450
359 593
359 602
359 479
360 400
360 670
360 570
360 622
360 360
361 596
361 361
361 620
361 637
361 425
361 382
362 516
362 563
362 608
362 494
363 571
363 478
363 363
363 455
363 503
363 627
363 496
363 368
363 549
364 517
364 523
364 549
364 435
364 604
364 613
364 365
364 639
364 512
365 401
365 517
365 618
365 549
365 512
365 604
365 523
365 494
365 639
366 561
366 608
366 494
366 536
366 488
366 366
366 628
366 509
366 699
367 677
367 426
367 430
367 436
367 468
367 569
367 687
367 622
368 411
368 455
368 588
368 476
368 627
368 513
369 398
369 664
369 544
369 574
369 453
369 679
369 685
370 395
370 652
370 555
370 418
370 636
370 387
370 546
371 530
371 403
371 541
371 482
371 506
371 633
371 410
371 638
371 378
371 543
371 586
372 568
372 477
372 480
372 498
372 634
372 386
372 603
372 691
373 392
373 655
373 412
373 421
373 450
373 461
373 420
374 525
374 464
374 595
374 612
374 614
374 473
374 409
375 517
375 639
375 375
375 512
376 641
376 421
376 450
376 655
376 461
376 376
376 472
377 385
377 527
377 680
377 431
377 582
377 508
377 511
377 430
378 672
378 403
378 410
378 586
378 378
379 402
379 416
379 507
379 683
379 459
379 675
379 550
380 535
380 414
380 424
380 559
380 445
380 678
380 673
380 627
381 413
381 680
381 553
381 431
381 582
381 511
381 446
381 648
382 556
382 596
382 620
382 382
382 592
382 544
383 531
383 661
383 407
383 626
383 454
383 552
383 560
384 648
384 640
384 409
384 671
384 594
384 467
384 469
385 484
385 413
385 385
385 431
385 446
385 553
385 511
385 527
385 426
385 680
385 646
386 388
386 477
386 568
386 603
386 629
386 480
386 442
386 386
386 601
386 606
387 645
387 537
387 652
387 387
387 428
387 577
387 636
388 498
388 568
388 388
388 634
388 474
388 547
388 625
389 499
389 642
389 469
389 393
389 441
389 526
389 563
389 663
389 534
389 700
389 463
390 451
390 674
390 465
390 452
390 447
390 584
390 539
390 619
390 390
390 424
390 437
390 457
391 458
391 438
391 689
391 643
391 391
391 654
391 667
391 529
391 394
391 401
391 576
392 655
392 641
392 479
392 421
392 392
392 461
393 642
393 589
393 393
393 406
393 694
393 526
393 663
393 558
393 440
393 700
394 643
394 432
394 417
394 576
394 651
394 520
394 438
394 458
394 654
394 667
394 689
394 673
395 645
395 652
395 537
395 577
395 422
395 555
396 408
396 396
396 485
396 573
396 552
396 578
396 470
397 566
397 623
397 601
397 656
397 640
397 429
397 696
398 685
398 443
398 453
398 404
398 679
398 574
398 544
398 664
398 398
398 546
399 505
399 614
399 612
399 587
399 525
399 399
399 464
399 486
399 596
400 519
400 400
400 670
400 626
400 570
400 606
401 643
401 520
401 654
401 438
401 417
401 458
401 576
401 617
402 683
402 550
402 533
402 507
402 411
402 600
402 475
402 675
403 410
403 506
403 403
403 543
403 638
403 540
403 457
403 541
404 607
404 679
404 404
404 574
404 664
404 443
404 544
404 546
404 685
404 453
404 513
405 610
405 405
405 433
405 632
405 682
405 557
405 487
406 642
406 406
406 534
406 589
406 441
406 553
406 440
406 700
406 469
407 467
407 647
407 531
407 661
407 497
407 676
407 573
407 454
407 516
408 675
408 518
408 578
408 660
408 470
408 616
408 493
408 485
409 640
409 695
409 423
409 681
409 615
409 671
409 580
409 594
410 530
410 541
410 540
410 586
410 633
410 482
410 506
410 493
410 688
410 466
410 638
411 649
411 459
411 416
411 533
411 550
411 600
411 507
411 683
412 641
412 655
412 602
412 461
412 479
412 420
412 450
413 484
413 553
413 582
413 527
413 482
413 680
413 446
414 678
414 444
414 581
414 621
414 691
415 624
415 598
415 515
415 499
415 650
415 659
415 415
415 521
415 564
415 684
416 675
416 507
416 475
416 600
417 643
417 651
417 667
417 438
417 417
417 689
417 576
417 662
418 652
418 537
418 577
418 422
418 555
418 418
419 672
419 434
419 481
419 545
419 625
419 495
419 471
420 641
420 655
420 593
420 602
420 479
420 486
420 421
421 641
421 655
421 593
421 461
421 421
421 503
421 479
422 645
422 537
422 555
422 422
422 428
422 577
423 640
423 666
423 695
423 615
423 671
423 681
423 515
424 678
424 535
424 444
424 445
424 424
424 621
424 581
425 448
425 596
425 620
425 556
425 461
425 592
425 637
425 678
426 630
426 677
426 554
426 567
426 436
426 664
426 591
426 468
426 501
427 521
427 682
427 632
427 433
427 427
427 472
428 555
428 652
428 428
429 524
429 653
429 656
429 429
429 532
429 673
429 623
429 549
429 566
430 647
430 677
430 436
430 591
430 468
430 501
430 687
431 527
431 680
431 511
431 553
431 582
432 643
432 654
432 520
432 576
432 458
433 655
433 646
433 632
433 433
433 521
433 497
433 699
434 594
434 672
434 545
434 625
434 434
434 471
434 495
435 549
435 639
435 523
435 491
435 605
435 517
435 618
436 677
436 468
436 554
436 591
436 456
436 569
437 657
437 457
437 674
437 693
437 447
437 619
437 452
437 437
437 584
437 465
438 643
438 520
438 651
438 667
438 689
438 540
438 458
439 548
439 492
439 686
439 483
439 533
440 539
440 642
440 663
440 534
440 558
440 469
440 700
440 463
441 661
441 599
441 642
441 534
441 558
441 700
441 589
441 526
441 633
441 463
442 547
442 568
442 498
442 480
442 585
442 629
442 495
442 474
443 546
443 685
443 574
444 559
444 691
444 535
444 621
444 678
444 653
444 581
445 622
445 535
445 678
445 445
446 514
446 511
446 582
447 657
447 539
447 674
447 451
447 452
447 584
447 619
448 637
448 448
448 462
448 596
449 484
449 571
449 500
449 572
449 588
449 455
449 631
450 641
450 602
450 479
450 461
450 593
451 539
451 693
451 657
451 457
451 465
451 584
451 654
452 657
452 674
452 457
452 584
452 452
452 465
452 510
453 693
453 574
453 546
453 664
453 685
453 630
453 607
454 661
454 647
454 454
454 497
454 680
454 626
455 523
455 513
455 478
455 496
455 627
455 571
455 572
455 631
455 588
456 677
456 569
456 456
456 591
456 687
456 649
456 468
456 542
457 539
457 693
457 584
457 619
457 663
458 651
458 643
458 689
459 649
459 550
459 459
459 683
459 527
459 600
460 522
460 529
460 662
460 562
460 692
460 590
460 609
460 528
460 574
460 462
461 655
461 602
461 461
462 522
462 562
462 692
462 590
462 662
462 529
462 462
462 664
462 510
463 642
463 663
463 700
463 589
463 692
464 538
464 587
464 612
464 617
464 464
464 486
465 619
465 674
465 465
466 668
466 541
466 688
466 638
466 586
466 633
466 482
466 506
466 663
467 648
467 640
467 666
467 681
467 695
467 467
468 677
468 554
468 687
468 567
468 637
469 536
469 526
469 589
469 642
469 469
470 518
470 660
470 698
470 579
470 485
470 552
470 578
470 470
471 680
471 545
471 481
471 495
471 611
471 504
472 521
472 557
472 699
472 472
472 649
472 487
473 525
473 538
473 587
473 505
473 502
473 473
473 617
473 614
474 585
474 629
474 603
474 568
474 474
474 477
474 480
474 498
475 533
475 675
475 649
475 550
475 475
475 507
475 592
476 478
476 631
476 588
476 500
476 476
477 585
477 603
477 568
478 579
478 540
478 513
478 571
478 478
478 496
478 503
479 655
479 593
479 602
479 479
479 696
480 547
480 568
480 585
480 603
480 629
480 498
480 536
480 597
481 672
481 690
481 504
481 545
481 625
482 530
482 540
482 543
482 688
482 638
482 586
483 681
483 548
483 686
483 575
484 676
484 527
484 680
484 553
484 582
484 508
485 502
485 698
485 573
485 518
485 578
485 616
485 493
486 525
486 538
486 587
486 612
486 614
486 502
486 505
486 638
486 617
487 646
487 632
488 516
488 563
488 488
488 494
488 509
489 658
489 665
489 668
489 669
489 551
489 697
490 518
490 698
490 579
490 660
490 552
491 517
491 523
491 604
491 549
492 560
492 548
492 492
493 579
493 616
493 660
493 573
493 542
494 516
494 536
494 561
494 608
494 563
494 592
494 509
495 575
495 672
495 625
496 624
496 517
496 571
496 496
496 627
496 503
497 531
497 661
497 676
498 568
498 547
499 515
499 644
499 564
499 694
499 598
499 611
499 624
500 572
500 588
500 631
501 687
501 567
501 569
501 591
501 677
501 501
501 661
502 525
502 595
502 614
502 612
502 617
502 505
502 608
503 519
503 513
503 571
503 631
504 672
504 545
504 690
504 504
504 649
505 525
505 538
505 595
505 614
505 617
505 567
506 586
506 638
506 633
506 506
507 533
507 683
508 680
508 582
508 527
508 553
508 585
508 569
509 516
509 628
509 561
509 510
510 522
510 528
510 662
510 590
510 610
510 692
511 564
511 598
511 527
511 680
512 604
512 618
512 517
513 627
513 631
513 588
513 513
513 571
513 572
514 598
514 644
514 635
514 514
514 515
514 659
514 694
515 626
515 595
515 644
515 624
515 635
515 659
515 650
516 608
516 563
516 561
516 536
517 639
517 517
517 613
517 523
517 549
517 604
517 605
517 618
518 578
518 579
518 573
518 616
518 518
518 660
518 698
518 520
518 552
519 597
519 519
519 570
519 622
520 643
520 654
520 667
520 576
520 651
520 641
521 646
521 699
521 529
521 557
522 610
522 590
522 522
522 546
522 529
522 662
522 562
523 613
523 523
523 604
523 549
523 618
524 696
524 653
524 566
524 532
524 526
524 673
524 601
524 623
525 595
525 587
525 525
525 540
525 538
525 617
526 526
526 700
526 663
526 642
527 553
527 527
527 680
527 582
528 590
528 662
528 529
528 528
528 692
528 562
528 609
528 610
529 692
529 609
529 529
529 590
529 562
529 683
530 638
530 633
530 586
530 688
530 540
531 626
531 647
531 676
532 653
532 656
532 696
532 673
532 627
532 542
533 649
533 550
533 683
533 533
533 600
534 638
534 642
534 558
534 534
534 679
534 589
535 581
535 691
535 559
535 678
536 561
536 608
536 563
537 577
537 537
537 636
537 677
537 659
538 595
538 614
538 612
538 587
538 621
539 657
539 693
539 674
539 619
539 690
540 587
540 649
540 541
540 543
540 688
541 543
541 633
541 586
542 637
542 653
542 656
542 696
543 543
543 688
543 633
543 586
543 638
544 630
544 685
544 544
544 679
544 595
545 545
545 690
545 672
545 651
546 664
546 546
546 630
546 679
546 685
546 607
547 634
547 568
547 629
547 585
548 575
548 686
548 560
549 605
549 613
549 639
549 618
550 649
550 675
550 664
551 658
551 665
551 669
551 565
551 583
552 660
552 578
552 616
552 552
552 573
552 698
552 575
552 579
553 680
553 553
554 677
554 569
554 591
554 554
554 590
555 645
555 652
555 636
555 577
556 620
556 556
556 592
556 596
557 646
557 699
557 557
557 632
557 682
558 642
558 700
558 670
559 678
559 691
560 684
560 575
561 561
561 608
561 583
562 609
562 662
562 562
562 590
563 628
563 563
564 644
564 650
564 659
564 624
564 694
564 635
564 564
564 611
565 668
565 669
565 599
565 658
566 674
566 629
566 653
566 673
566 623
566 656
566 696
567 687
567 567
567 647
567 569
567 591
568 603
568 629
568 568
568 634
569 687
569 591
570 606
570 578
571 627
571 572
571 588
572 572
572 627
572 588
572 631
573 660
573 578
573 573
573 579
574 664
574 630
575 684
575 686
576 654
576 667
576 576
577 645
577 652
578 660
578 698
578 578
578 616
579 698
579 660
580 648
580 666
580 671
580 695
580 681
580 580
580 640
580 619
580 594
581 581
581 678
581 675
583 658
583 668
583 697
584 657
584 674
584 693
585 629
585 585
585 634
585 604
586 633
587 587
587 612
587 617
587 614
588 631
589 700
589 663
590 662
590 609
590 591
591 687
592 626
592 596
593 641
593 655
593 593
593 602
594 648
594 666
594 681
594 695
594 594
595 595
595 614
596 596
596 620
597 670
597 606
598 694
598 598
598 624
599 665
599 669
599 697
599 668
600 675
600 600
600 649
600 615
601 653
601 673
601 696
601 656
601 623
602 641
603 603
603 629
604 604
604 639
605 613
605 605
605 618
606 622
607 664
607 679
607 685
608 636
608 696
609 662
609 610
610 610
610 692
611 659
611 611
611 635
611 644
611 624
611 694
612 617
613 639
613 613
613 618
614 615
615 671
615 681
615 640
615 615
616 698
616 616
619 674
619 693
619 665
621 691
621 669
622 622
623 673
623 623
623 653
624 650
624 659
624 694
625 672
626 676
628 628
630 679
630 685
630 664
630 682
631 631
632 682
632 699
633 688
634 636
635 659
636 645
637 637
640 648
640 666
640 695
641 655
642 700
643 643
643 689
643 654
643 667
644 644
644 694
644 650
644 659
645 652
646 646
646 699
647 647
647 676
647 661
648 666
648 648
648 695
648 671
648 674
649 649
649 683
649 691
650 694
651 654
651 667
651 689
652 652
653 673
653 674
653 656
654 689
656 696
657 657
657 674
657 693
658 665
658 697
658 658
658 669
659 659
659 694
660 698
660 660
661 661
661 676
662 662
662 692
663 663
663 700
664 685
664 679
665 669
665 697
666 666
667 667
668 668
669 669
670 670
671 695
671 681
671 671
672 690
673 686
673 673
674 693
676 676
676 685
677 687
678 678
679 679
679 685
681 695
681 681
682 682
683 683
684 684
687 687
688 688
689 689
690 690
690 700
692 692
693 693
699 699
