800 9373
1 229
1 294
1 189
1 419
1 97
1 1
1 161
1 583
1 538
1 199
1 287
1 512
1 730
1 570
1 160
1 36
1 698
1 633
1 788
1 691
1 89
1 77
1 314
1 578
2 521
2 514
2 10
2 340
2 525
2 156
2 405
2 527
2 20
2 268
2 391
2 148
2 2
2 158
2 663
2 576
2 120
2 126
2 154
2 540
2 38
2 183
3 744
3 385
3 43
3 611
3 519
3 273
3 644
3 123
3 288
3 456
3 430
3 149
3 271
3 736
3 620
3 32
3 554
3 363
3 689
3 511
3 799
4 33
4 164
4 388
4 248
4 233
4 129
4 731
4 781
4 567
4 131
4 106
4 147
4 81
4 222
4 659
4 683
4 582
4 612
4 160
4 666
4 529
4 757
4 254
5 674
5 647
5 33
5 176
5 776
5 315
5 501
5 789
5 551
5 242
5 269
5 693
5 409
5 526
5 703
5 265
5 5
5 395
5 287
5 783
5 277
5 434
5 571
5 231
5 760
5 393
5 763
6 513
6 24
6 762
6 528
6 103
6 190
6 221
6 709
6 101
6 758
6 537
6 791
6 198
6 108
6 650
6 452
6 606
6 469
6 271
6 365
6 159
6 92
6 501
6 614
6 740
7 490
7 231
7 480
7 155
7 755
7 779
7 113
7 487
7 266
7 702
7 7
7 429
7 381
7 402
7 656
7 146
7 141
7 194
7 737
7 400
7 226
7 616
7 748
7 495
7 124
7 313
8 770
8 374
8 329
8 353
8 744
8 290
8 184
8 423
8 225
8 658
8 14
8 350
8 780
8 741
8 8
8 492
8 139
8 585
8 546
8 792
8 163
8 427
8 393
8 450
8 395
9 304
9 9
9 66
9 751
9 328
9 368
9 688
9 539
9 174
9 281
9 500
9 673
9 588
9 53
9 178
9 125
9 557
9 443
9 107
9 35
9 421
9 177
9 57
9 468
9 727
10 345
10 642
10 120
10 20
10 663
10 276
10 405
10 422
10 715
10 396
10 156
10 48
10 527
10 536
10 391
10 10
10 355
10 219
10 525
10 148
10 340
11 523
11 319
11 593
11 334
11 788
11 681
11 206
11 228
11 596
11 717
11 625
11 707
11 586
11 764
11 671
11 187
11 370
11 11
11 223
11 657
11 459
11 732
11 622
11 580
12 298
12 114
12 270
12 305
12 668
12 463
12 208
12 356
12 416
12 172
12 232
12 450
12 436
12 291
12 283
12 559
12 12
12 91
12 328
12 286
12 439
12 447
12 721
13 502
13 786
13 261
13 136
13 395
13 734
13 186
13 191
13 508
13 13
13 127
13 506
13 619
13 712
13 580
13 578
13 80
13 746
13 675
13 401
13 560
13 179
13 695
13 55
13 255
14 568
14 780
14 423
14 122
14 132
14 746
14 350
14 374
14 329
14 139
14 741
14 184
14 729
14 677
14 353
14 163
14 290
14 509
14 644
14 658
14 792
14 225
14 561
14 444
15 768
15 621
15 721
15 262
15 79
15 753
15 761
15 371
15 613
15 313
15 352
15 509
15 72
15 453
15 84
15 112
15 562
15 339
15 672
15 210
15 47
15 689
15 63
15 708
15 104
15 343
16 795
16 655
16 285
16 760
16 786
16 700
16 462
16 258
16 476
16 711
16 531
16 725
16 675
16 793
16 503
16 467
16 796
16 461
16 470
16 544
16 348
16 245
16 420
17 776
17 265
17 269
17 526
17 783
17 182
17 501
17 703
17 17
17 617
17 315
17 693
17 789
17 458
17 551
17 176
17 434
17 196
17 92
17 33
17 571
18 382
18 141
18 130
18 260
18 645
18 380
18 137
18 27
18 769
18 532
18 18
18 236
18 217
18 227
18 627
18 666
18 301
18 448
18 467
18 21
18 550
18 614
18 247
18 309
19 152
19 178
19 385
19 519
19 288
19 620
19 611
19 572
19 149
19 118
19 271
19 19
19 239
19 251
19 456
19 363
19 644
19 49
19 349
19 799
19 32
19 430
19 609
20 671
20 168
20 514
20 642
20 391
20 268
20 396
20 527
20 148
20 158
20 276
20 663
20 536
20 576
20 405
20 422
20 90
20 99
20 48
20 715
20 340
20 120
20 784
20 447
21 242
21 769
21 130
21 645
21 134
21 137
21 301
21 217
21 686
21 21
21 282
21 236
21 550
21 260
21 627
21 247
21 39
21 762
21 27
21 72
22 144
22 530
22 787
22 662
22 745
22 327
22 589
22 722
22 404
22 800
22 382
22 22
22 738
22 56
22 209
22 598
22 162
22 427
22 46
22 408
22 547
22 59
22 590
22 344
22 477
23 515
23 533
23 406
23 100
23 488
23 98
23 312
23 275
23 68
23 23
23 69
23 628
23 37
23 140
23 345
23 581
23 778
23 470
23 578
23 383
23 649
23 328
24 513
24 771
24 791
24 469
24 159
24 115
24 709
24 758
24 606
24 537
24 762
24 696
24 108
24 190
24 568
24 101
24 221
24 322
24 363
24 198
24 290
24 462
25 791
25 393
25 279
25 365
25 749
25 591
25 309
25 457
25 631
25 274
25 362
25 573
25 697
25 94
25 690
25 594
25 29
25 341
25 620
25 483
25 157
25 446
25 63
26 411
26 393
26 274
26 697
26 365
26 341
26 718
26 704
26 175
26 26
26 631
26 362
26 591
26 94
26 157
26 29
26 594
26 384
26 562
26 690
26 309
26 573
26 457
26 749
27 378
27 260
27 134
27 137
27 532
27 661
27 666
27 769
27 27
27 282
27 550
27 627
27 130
27 484
27 217
27 739
27 75
27 301
27 686
27 333
27 227
27 614
27 236
27 380
28 408
28 386
28 259
28 263
28 521
28 394
28 397
28 237
28 546
28 28
28 584
28 470
28 354
28 297
28 355
28 632
28 392
28 395
28 159
28 330
28 85
28 219
28 483
28 253
28 289
28 352
28 42
29 393
29 274
29 279
29 309
29 175
29 157
29 573
29 631
29 704
29 594
29 117
29 365
29 341
29 591
29 718
29 749
29 170
29 568
29 690
29 697
29 457
29 777
30 766
30 510
30 88
30 31
30 626
30 597
30 338
30 437
30 674
30 577
30 293
30 337
30 243
30 403
30 569
30 747
30 238
30 195
30 261
30 181
30 672
30 376
30 385
30 572
31 766
31 403
31 88
31 31
31 82
31 577
31 195
31 238
31 672
31 569
31 95
31 597
31 437
31 510
31 293
31 747
31 740
31 56
31 169
31 564
31 338
31 626
31 327
31 644
32 800
32 475
32 385
32 644
32 519
32 271
32 273
32 149
32 799
32 251
32 430
32 363
32 288
32 554
32 572
32 609
32 643
32 257
32 43
32 736
32 239
33 459
33 776
33 265
33 526
33 789
33 277
33 409
33 703
33 296
33 176
33 693
33 33
33 315
33 242
33 458
33 698
33 434
33 571
33 617
33 628
33 499
34 551
34 417
34 34
34 489
34 192
34 678
34 759
34 629
34 164
34 765
34 714
34 203
34 180
34 684
34 636
34 482
34 706
34 781
34 100
34 50
34 743
34 378
34 144
35 168
35 614
35 539
35 281
35 174
35 66
35 368
35 468
35 588
35 177
35 673
35 194
35 292
35 178
35 500
35 125
35 727
35 709
35 137
35 421
35 53
35 328
35 723
35 751
36 654
36 538
36 287
36 161
36 419
36 168
36 229
36 89
36 44
36 583
36 603
36 83
36 160
36 691
36 76
36 294
36 199
36 257
36 295
36 698
36 303
36 323
37 435
37 590
37 515
37 778
37 140
37 275
37 533
37 406
37 451
37 713
37 324
37 628
37 100
37 77
37 37
37 383
37 709
37 132
37 312
37 69
37 359
38 138
38 391
38 268
38 396
38 276
38 148
38 663
38 536
38 156
38 540
38 514
38 38
38 120
38 642
38 715
38 525
38 95
38 436
39 236
39 649
39 653
39 438
39 336
39 39
39 303
39 553
39 431
39 558
39 295
39 481
39 317
39 621
39 505
39 331
39 186
39 781
39 679
39 428
39 685
39 185
39 74
39 491
40 93
40 259
40 375
40 520
40 641
40 193
40 790
40 40
40 643
40 733
40 585
40 754
40 556
40 618
40 196
40 87
40 230
40 190
40 330
40 682
40 440
40 201
40 361
41 187
41 651
41 534
41 167
41 183
41 425
41 448
41 67
41 306
41 728
41 566
41 181
41 366
41 735
41 763
41 623
41 210
41 424
41 377
41 640
41 701
41 224
42 389
42 135
42 652
42 398
42 150
42 240
42 798
42 278
42 785
42 42
42 90
42 604
42 111
42 726
42 126
42 498
42 737
42 72
42 218
43 523
43 682
43 385
43 644
43 519
43 271
43 149
43 288
43 43
43 273
43 572
43 456
43 251
43 609
43 736
43 451
43 469
43 611
43 239
44 538
44 287
44 160
44 419
44 294
44 691
44 730
44 199
44 76
44 44
44 161
44 698
44 83
44 603
44 570
44 189
44 238
44 597
44 229
44 512
44 386
44 397
44 75
45 646
45 794
45 795
45 724
45 51
45 624
45 375
45 58
45 314
45 358
45 449
45 773
45 45
45 302
45 128
45 720
45 65
45 296
45 97
45 46
45 474
45 351
45 486
45 504
45 202
45 208
46 773
46 794
46 795
46 710
46 314
46 720
46 464
46 486
46 358
46 65
46 724
46 58
46 504
46 351
46 646
46 46
46 277
46 51
46 474
46 624
46 407
46 52
47 277
47 226
47 632
47 299
47 262
47 197
47 613
47 104
47 352
47 562
47 364
47 371
47 72
47 84
47 507
47 708
47 63
47 74
47 627
47 689
47 453
47 79
47 339
47 112
47 753
48 514
48 642
48 525
48 148
48 158
48 536
48 268
48 576
48 156
48 391
48 405
48 120
48 48
48 715
48 527
48 445
48 171
48 188
48 78
48 57
49 106
49 284
49 541
49 170
49 171
49 561
49 213
49 49
49 667
49 460
49 304
49 441
49 215
49 442
49 502
49 544
49 165
49 596
49 681
49 64
49 595
49 102
49 379
50 164
50 62
50 417
50 767
50 192
50 142
50 765
50 50
50 482
50 739
50 629
50 180
50 489
50 636
50 706
50 426
50 204
50 263
50 714
50 250
51 59
51 375
51 724
51 449
51 720
51 773
51 65
51 795
51 302
51 624
51 486
51 511
51 51
51 504
51 128
51 74
51 790
51 314
51 710
51 351
52 417
52 116
52 407
52 414
52 418
52 166
52 300
52 687
52 548
52 471
52 360
52 413
52 415
52 543
52 75
52 52
52 600
52 747
52 323
52 325
52 335
52 719
52 211
52 99
53 553
53 281
53 539
53 688
53 178
53 723
53 53
53 292
53 727
53 468
53 673
53 751
53 66
53 328
53 557
53 690
53 274
53 57
53 588
53 368
54 516
54 772
54 264
54 154
54 676
54 563
54 435
54 454
54 705
54 109
54 54
54 86
54 70
54 307
54 466
54 310
54 647
54 68
54 301
54 61
54 93
54 110
54 565
54 668
55 512
55 741
55 327
55 775
55 136
55 560
55 179
55 308
55 401
55 508
55 712
55 473
55 695
55 578
55 55
55 395
55 475
55 430
55 186
55 574
55 580
55 127
56 144
56 530
56 787
56 404
56 408
56 152
56 800
56 162
56 547
56 327
56 382
56 738
56 662
56 722
56 477
56 59
56 799
56 338
56 322
56 590
56 209
56 532
56 308
57 421
57 174
57 688
57 177
57 468
57 292
57 751
57 588
57 723
57 539
57 194
57 673
57 125
57 57
57 500
57 433
58 222
58 595
58 773
58 794
58 795
58 302
58 351
58 646
58 375
58 449
58 58
58 720
58 65
58 624
58 486
58 186
58 311
58 710
58 474
58 511
59 583
59 144
59 530
59 787
59 404
59 162
59 547
59 408
59 598
59 589
59 745
59 322
59 800
59 722
59 590
59 738
59 457
59 327
59 344
59 194
60 709
60 649
60 653
60 679
60 685
60 558
60 303
60 431
60 433
60 438
60 185
60 74
60 317
60 481
60 621
60 505
60 331
60 295
60 790
60 325
60 579
60 716
61 516
61 676
61 563
61 307
61 310
61 647
61 435
61 110
61 70
61 772
61 154
61 212
61 109
61 86
61 466
61 454
61 332
61 630
61 235
61 705
61 214
61 105
61 639
61 524
61 125
62 417
62 164
62 678
62 426
62 684
62 180
62 482
62 142
62 62
62 250
62 636
62 706
62 767
62 378
62 743
62 629
62 733
62 248
62 714
62 759
62 799
63 738
63 460
63 432
63 369
63 262
63 562
63 104
63 112
63 761
63 708
63 377
63 84
63 63
63 197
63 364
63 86
63 72
63 79
63 753
63 509
64 541
64 544
64 165
64 171
64 304
64 215
64 602
64 213
64 442
64 349
64 460
64 561
64 379
64 170
64 64
64 441
64 169
64 481
64 704
65 563
65 794
65 302
65 314
65 710
65 375
65 646
65 486
65 720
65 464
65 773
65 128
65 624
65 504
65 96
65 580
65 724
65 474
66 161
66 281
66 539
66 673
66 292
66 421
66 177
66 178
66 194
66 368
66 66
66 688
66 328
66 723
66 418
66 712
66 468
66 727
66 420
67 412
67 651
67 143
67 680
67 425
67 424
67 306
67 566
67 183
67 701
67 448
67 534
67 167
67 728
67 623
67 181
67 735
67 356
67 620
67 205
67 343
67 763
68 160
68 778
68 140
68 275
68 533
68 406
68 312
68 451
68 324
68 68
68 383
68 98
68 628
68 488
68 69
68 458
68 582
68 100
68 359
68 751
68 620
69 515
69 778
69 275
69 406
69 451
69 324
69 359
69 713
69 383
69 98
69 77
69 140
69 100
69 312
69 628
69 69
69 170
69 345
69 488
69 234
69 633
70 264
70 154
70 676
70 435
70 454
70 214
70 772
70 93
70 70
70 307
70 109
70 332
70 310
70 86
70 639
70 92
70 584
70 466
70 212
71 142
71 257
71 129
71 131
71 529
71 659
71 147
71 582
71 612
71 683
71 254
71 757
71 233
71 465
71 607
71 248
71 388
71 622
71 72
71 725
71 81
71 222
71 106
71 509
72 596
72 355
72 100
72 562
72 689
72 313
72 453
72 197
72 72
72 104
72 761
72 262
72 112
72 583
72 79
72 613
72 753
72 377
72 507
72 509
73 744
73 742
73 710
73 439
73 651
73 534
73 680
73 425
73 424
73 566
73 167
73 183
73 448
73 143
73 205
73 73
73 343
73 118
73 292
73 210
73 224
74 664
74 553
74 679
74 685
74 431
74 433
74 438
74 185
74 317
74 579
74 74
74 558
74 331
74 295
74 388
74 735
74 716
74 336
74 372
74 505
74 585
75 487
75 407
75 543
75 166
75 555
75 687
75 323
75 600
75 719
75 413
75 300
75 414
75 99
75 471
75 415
75 325
75 533
75 335
75 373
76 538
76 160
76 161
76 419
76 570
76 189
76 199
76 583
76 97
76 603
76 168
76 229
76 691
76 287
76 89
76 83
76 238
76 338
76 725
76 481
77 515
77 778
77 275
77 533
77 406
77 451
77 324
77 713
77 628
77 633
77 98
77 359
77 77
77 345
77 312
77 532
77 100
77 179
78 648
78 153
78 432
78 316
78 188
78 634
78 342
78 475
78 91
78 411
78 200
78 78
78 145
78 384
78 387
78 223
78 252
78 322
78 599
78 479
79 315
79 670
79 262
79 562
79 708
79 352
79 339
79 753
79 689
79 761
79 197
79 104
79 509
79 112
79 334
79 143
79 364
79 325
80 596
80 261
80 775
80 136
80 179
80 308
80 580
80 712
80 508
80 574
80 80
80 734
80 578
80 191
80 473
80 401
80 376
80 253
80 630
80 506
81 119
81 338
81 257
81 388
81 131
81 781
81 659
81 567
81 465
81 106
81 683
81 529
81 233
81 248
81 254
81 222
81 278
81 626
81 731
81 607
81 757
81 794
81 719
82 672
82 674
82 293
82 437
82 577
82 195
82 82
82 95
82 338
82 238
82 88
82 597
82 169
82 626
82 243
82 564
82 381
82 459
82 747
82 721
82 300
82 201
83 654
83 538
83 287
83 161
83 419
83 294
83 189
83 583
83 168
83 97
83 160
83 199
83 691
83 730
83 83
83 535
83 603
84 262
84 562
84 689
84 313
84 708
84 453
84 339
84 371
84 112
84 753
84 761
84 84
84 507
84 364
84 656
84 505
84 352
84 613
84 104
84 509
84 522
85 386
85 259
85 392
85 521
85 394
85 546
85 297
85 584
85 330
85 632
85 249
85 253
85 219
85 354
85 524
85 483
85 85
85 726
85 470
85 355
86 516
86 772
86 647
86 264
86 154
86 676
86 563
86 435
86 307
86 310
86 454
86 466
86 93
86 214
86 109
86 533
86 416
86 105
87 109
87 641
87 643
87 520
87 549
87 682
87 556
87 440
87 193
87 87
87 790
87 491
87 230
87 485
87 121
87 618
87 772
87 583
87 733
87 496
88 766
88 403
88 293
88 437
88 338
88 169
88 95
88 337
88 597
88 747
88 88
88 238
88 577
88 674
88 782
88 269
88 626
88 510
88 307
89 538
89 287
89 160
89 161
89 168
89 570
89 698
89 189
89 199
89 583
89 294
89 97
89 730
89 691
89 419
89 616
89 90
89 229
89 512
90 389
90 777
90 522
90 652
90 398
90 785
90 150
90 798
90 218
90 135
90 737
90 220
90 111
90 90
90 658
90 363
90 604
90 498
90 637
91 390
91 153
91 432
91 316
91 188
91 200
91 599
91 472
91 244
91 634
91 384
91 133
91 648
91 387
91 740
91 479
91 252
91 243
91 419
92 513
92 650
92 791
92 568
92 452
92 709
92 198
92 469
92 92
92 108
92 537
92 606
92 771
92 762
92 159
92 758
92 538
92 643
92 221
92 115
93 772
93 647
93 264
93 676
93 563
93 310
93 454
93 332
93 307
93 516
93 214
93 639
93 105
93 110
93 435
93 724
93 451
93 447
93 112
94 568
94 347
94 605
94 279
94 157
94 175
94 309
94 446
94 457
94 697
94 573
94 749
94 690
94 718
94 117
94 94
94 399
94 343
95 403
95 169
95 564
95 437
95 337
95 338
95 95
95 243
95 672
95 747
95 597
95 195
95 569
95 626
95 665
95 149
95 706
95 330
95 418
96 774
96 640
96 280
96 665
96 410
96 587
96 216
96 399
96 272
96 670
96 207
96 499
96 493
96 615
96 784
96 768
96 96
96 414
96 235
96 107
96 752
97 538
97 160
97 161
97 419
97 294
97 691
97 570
97 698
97 189
97 199
97 730
97 97
97 603
97 535
97 484
97 353
97 468
98 672
98 192
98 515
98 140
98 533
98 312
98 324
98 581
98 713
98 345
98 275
98 406
98 451
98 359
98 287
98 374
98 234
98 633
98 383
99 404
99 413
99 414
99 543
99 415
99 548
99 555
99 335
99 719
99 600
99 166
99 418
99 300
99 255
99 687
99 264
99 468
99 360
100 515
100 140
100 275
100 312
100 451
100 713
100 345
100 324
100 406
100 628
100 633
100 359
100 235
100 234
100 756
100 372
101 513
101 771
101 650
101 528
101 791
101 537
101 159
101 696
101 190
101 452
101 221
101 606
101 709
101 103
101 568
101 108
101 655
101 740
101 115
101 146
101 673
102 703
102 782
102 667
102 541
102 544
102 170
102 171
102 595
102 213
102 349
102 602
102 284
102 502
102 442
102 441
102 215
102 561
102 191
102 608
102 761
103 513
103 771
103 650
103 528
103 791
103 159
103 568
103 696
103 190
103 709
103 606
103 452
103 103
103 198
103 115
103 167
103 424
103 762
103 260
104 262
104 313
104 708
104 453
104 197
104 613
104 364
104 371
104 562
104 761
104 377
104 352
104 250
104 418
105 772
105 647
105 154
105 563
105 310
105 705
105 466
105 332
105 454
105 307
105 639
105 105
105 110
105 435
105 248
105 644
105 109
105 759
105 254
105 649
105 335
106 129
106 781
106 529
106 659
106 147
106 683
106 582
106 465
106 612
106 233
106 131
106 567
106 388
106 248
106 757
106 635
106 254
106 545
106 514
106 736
107 774
107 399
107 272
107 280
107 665
107 410
107 797
107 151
107 784
107 768
107 207
107 369
107 499
107 216
107 615
107 493
107 670
107 209
107 730
107 750
107 241
108 513
108 528
108 791
108 537
108 159
108 452
108 568
108 108
108 650
108 771
108 115
108 198
108 190
108 550
108 180
108 521
109 516
109 772
109 647
109 154
109 676
109 563
109 435
109 307
109 310
109 705
109 332
109 212
109 214
109 411
109 110
109 123
110 516
110 772
110 676
110 307
110 310
110 454
110 212
110 332
110 563
110 154
110 110
110 647
110 270
110 500
111 695
111 389
111 777
111 652
111 398
111 785
111 150
111 278
111 443
111 604
111 135
111 240
111 126
111 798
111 737
111 111
111 550
111 498
112 383
112 346
112 433
112 262
112 562
112 708
112 197
112 339
112 613
112 364
112 352
112 112
112 753
112 761
112 371
112 377
112 509
112 323
113 517
113 266
113 779
113 141
113 400
113 146
113 155
113 702
113 487
113 490
113 495
113 402
113 113
113 226
113 231
113 381
113 434
113 554
113 755
113 116
113 124
113 312
114 480
114 692
114 283
114 668
114 286
114 289
114 291
114 172
114 173
114 305
114 436
114 447
114 450
114 463
114 721
114 608
114 356
114 367
114 552
114 308
114 555
115 681
115 650
115 528
115 568
115 452
115 198
115 221
115 696
115 190
115 771
115 513
115 791
115 758
115 302
115 619
116 800
116 517
116 266
116 779
116 141
116 400
116 146
116 402
116 155
116 480
116 226
116 487
116 231
116 748
116 755
116 702
116 490
116 362
116 124
116 381
117 148
117 274
117 279
117 157
117 175
117 690
117 309
117 697
117 573
117 446
117 704
117 457
117 594
117 362
117 718
117 749
117 596
117 386
117 631
118 765
118 157
118 385
118 644
118 519
118 273
118 149
118 799
118 554
118 430
118 572
118 456
118 736
118 611
118 239
118 609
118 698
118 603
119 523
119 788
119 660
119 535
119 671
119 319
119 334
119 228
119 119
119 459
119 681
119 657
119 206
119 635
119 625
119 764
119 370
119 531
119 391
120 268
120 525
120 527
120 276
120 148
120 540
120 422
120 715
120 391
120 514
120 156
120 120
120 204
120 568
121 528
121 461
121 641
121 643
121 790
121 549
121 682
121 440
121 445
121 193
121 196
121 585
121 230
121 361
121 491
121 326
121 520
121 630
121 553
122 770
122 132
122 139
122 780
122 658
122 792
122 677
122 423
122 184
122 729
122 350
122 225
122 741
122 122
122 374
122 427
122 340
122 380
122 618
122 430
123 639
123 547
123 679
123 385
123 519
123 273
123 799
123 288
123 609
123 736
123 611
123 644
123 271
123 620
123 123
123 239
123 359
123 363
124 266
124 400
124 656
124 402
124 429
124 487
124 616
124 231
124 490
124 495
124 702
124 146
124 141
124 779
124 381
124 693
124 470
124 130
124 699
124 560
125 281
125 539
125 673
125 292
125 421
125 588
125 723
125 468
125 727
125 500
125 177
125 751
125 328
125 688
125 174
125 595
126 777
126 522
126 652
126 398
126 278
126 311
126 218
126 240
126 497
126 135
126 126
126 443
126 798
126 737
126 518
126 690
127 294
127 209
127 156
127 261
127 775
127 395
127 560
127 308
127 186
127 574
127 734
127 506
127 508
127 401
127 191
127 179
127 427
127 697
128 773
128 646
128 795
128 314
128 449
128 720
128 464
128 375
128 504
128 358
128 511
128 302
128 710
128 624
128 486
128 643
128 728
128 749
128 520
129 248
129 607
129 612
129 781
129 622
129 129
129 582
129 233
129 731
129 131
129 567
129 257
129 659
129 254
129 529
129 227
129 232
129 683
129 465
129 222
129 367
129 150
130 769
130 666
130 301
130 227
130 137
130 130
130 217
130 550
130 614
130 532
130 260
130 380
130 247
130 645
130 282
130 350
130 333
130 484
130 624
130 701
131 629
131 257
131 388
131 254
131 465
131 131
131 248
131 622
131 607
131 233
131 731
131 612
131 683
131 757
131 265
131 379
131 529
131 567
131 222
132 741
132 350
132 677
132 225
132 780
132 184
132 746
132 770
132 658
132 729
132 374
132 163
132 139
132 290
132 329
132 492
132 132
132 315
132 423
132 427
132 353
132 744
132 684
132 465
133 387
133 472
133 475
133 756
133 411
133 342
133 244
133 479
133 634
133 252
133 432
133 200
133 390
133 223
133 133
133 153
133 740
133 601
133 588
133 145
133 316
133 599
133 262
133 448
133 497
134 769
134 260
134 686
134 333
134 227
134 236
134 614
134 380
134 134
134 627
134 532
134 217
134 301
134 247
134 661
134 618
134 294
134 137
134 550
135 379
135 619
135 398
135 777
135 785
135 604
135 726
135 218
135 443
135 220
135 498
135 150
135 637
135 798
135 278
135 497
135 135
135 321
135 522
135 652
135 311
135 240
136 784
136 261
136 775
136 473
136 308
136 395
136 712
136 508
136 630
136 695
136 574
136 186
136 619
136 580
136 179
136 513
136 177
136 401
136 560
136 191
136 578
136 734
136 506
137 769
137 260
137 686
137 282
137 614
137 645
137 301
137 217
137 484
137 333
137 666
137 236
137 227
137 661
137 537
137 317
137 550
137 627
137 247
137 380
138 766
138 345
138 518
138 318
138 138
138 256
138 321
138 478
138 444
138 346
138 692
138 299
138 412
138 552
138 542
138 320
138 267
138 313
138 664
138 669
138 545
138 347
138 559
139 513
139 374
139 658
139 329
139 427
139 353
139 741
139 492
139 746
139 729
139 225
139 163
139 290
139 792
139 423
139 468
139 572
139 184
139 350
139 431
140 515
140 778
140 345
140 140
140 488
140 533
140 324
140 383
140 628
140 406
140 312
140 713
140 275
140 450
140 793
140 581
140 234
140 430
141 517
141 779
141 748
141 381
141 616
141 480
141 429
141 495
141 702
141 231
141 402
141 155
141 656
141 490
141 487
141 220
141 400
141 146
141 755
141 708
142 575
142 164
142 180
142 767
142 739
142 678
142 629
142 743
142 765
142 636
142 489
142 714
142 706
142 142
142 250
142 482
142 378
142 521
142 426
142 684
142 203
143 671
143 651
143 623
143 306
143 183
143 167
143 343
143 680
143 366
143 224
143 534
143 728
143 143
143 448
143 205
143 661
143 234
143 425
143 181
143 566
143 701
143 763
144 290
144 530
144 404
144 162
144 662
144 144
144 209
144 722
144 598
144 738
144 477
144 745
144 152
144 322
144 275
144 408
144 800
144 547
144 589
144 382
144 542
144 175
144 456
145 206
145 203
145 489
145 387
145 153
145 244
145 411
145 479
145 342
145 316
145 648
145 432
145 188
145 756
145 223
145 634
145 145
145 626
145 599
145 472
145 618
146 517
146 266
146 779
146 400
146 656
146 429
146 487
146 480
146 381
146 702
146 226
146 231
146 755
146 616
146 675
146 402
146 245
147 257
147 388
147 781
147 659
147 233
147 254
147 683
147 147
147 622
147 529
147 612
147 757
147 607
147 567
147 517
147 569
147 582
147 465
148 510
148 514
148 391
148 268
148 527
148 276
148 158
148 715
148 405
148 156
148 340
148 396
148 725
148 663
148 540
148 422
148 576
148 240
149 488
149 623
149 385
149 273
149 519
149 456
149 609
149 554
149 620
149 363
149 572
149 736
149 650
149 267
149 430
149 611
149 239
149 251
150 777
150 398
150 785
150 150
150 311
150 278
150 798
150 637
150 218
150 604
150 389
150 498
150 497
150 577
150 443
150 726
150 240
151 530
151 774
151 640
151 784
151 272
151 615
151 493
151 768
151 665
151 750
151 670
151 151
151 280
151 752
151 369
151 587
151 410
151 352
151 723
151 797
151 216
151 235
151 499
152 214
152 426
152 408
152 382
152 547
152 404
152 344
152 800
152 787
152 477
152 530
152 590
152 722
152 152
152 162
152 340
152 327
152 589
152 598
153 390
153 648
153 223
153 384
153 252
153 740
153 634
153 479
153 387
153 244
153 188
153 472
153 599
153 200
153 343
153 579
153 411
153 432
153 475
153 211
153 496
154 772
154 647
154 264
154 154
154 307
154 639
154 676
154 563
154 435
154 516
154 454
154 310
154 646
154 262
154 705
154 466
154 507
154 251
155 238
155 266
155 779
155 400
155 656
155 702
155 616
155 748
155 381
155 226
155 231
155 402
155 429
155 155
155 205
155 480
155 487
155 490
155 495
156 564
156 514
156 642
156 391
156 268
156 396
156 527
156 276
156 663
156 405
156 536
156 158
156 715
156 540
156 690
156 576
156 600
157 393
157 279
157 362
157 175
157 157
157 591
157 457
157 341
157 309
157 704
157 446
157 749
157 365
157 176
157 697
157 573
157 712
158 514
158 268
158 525
158 396
158 527
158 536
158 405
158 642
158 158
158 391
158 715
158 540
158 674
158 379
158 422
159 650
159 528
159 537
159 771
159 159
159 198
159 568
159 606
159 762
159 513
159 696
159 190
159 339
159 559
159 452
159 469
159 221
159 758
160 654
160 538
160 287
160 512
160 168
160 698
160 160
160 161
160 199
160 229
160 570
160 730
160 196
160 294
160 691
160 189
160 583
160 603
161 654
161 287
161 161
161 294
161 691
161 570
161 229
161 168
161 419
161 199
161 249
161 583
161 512
161 337
161 329
162 530
162 787
162 662
162 408
162 590
162 738
162 589
162 382
162 477
162 598
162 800
162 745
162 344
162 274
162 615
162 327
162 470
162 790
162 311
163 770
163 658
163 792
163 290
163 746
163 427
163 353
163 780
163 163
163 492
163 225
163 329
163 374
163 246
163 760
163 677
163 423
163 184
163 729
163 350
163 744
163 237
163 602
163 718
163 185
163 556
164 739
164 714
164 767
164 426
164 743
164 180
164 378
164 636
164 765
164 164
164 417
164 678
164 684
164 567
164 203
164 629
164 708
165 590
165 782
165 541
165 460
165 171
165 379
165 544
165 561
165 667
165 565
165 502
165 349
165 170
165 441
165 595
165 284
165 304
165 341
165 521
165 442
165 215
166 732
166 627
166 407
166 413
166 543
166 415
166 418
166 420
166 548
166 335
166 471
166 323
166 373
166 211
166 414
166 360
166 506
166 213
166 555
166 300
166 325
166 600
166 255
167 635
167 680
167 701
167 425
167 167
167 763
167 424
167 623
167 210
167 224
167 735
167 651
167 181
167 366
167 610
167 375
167 306
167 566
167 183
167 343
168 287
168 419
168 189
168 691
168 698
168 199
168 583
168 570
168 654
168 294
168 538
168 168
168 512
168 730
168 603
168 785
169 766
169 403
169 672
169 674
169 243
169 337
169 569
169 293
169 195
169 169
169 437
169 747
169 597
169 238
169 564
169 353
169 460
169 577
169 626
169 376
169 755
169 354
169 604
170 176
170 667
170 544
170 460
170 442
170 782
170 561
170 215
170 213
170 441
170 595
170 541
170 170
170 565
170 202
170 257
170 171
170 601
170 602
170 379
171 782
171 667
171 284
171 544
171 460
171 379
171 502
171 349
171 602
171 441
171 595
171 601
171 304
171 181
171 205
171 565
171 768
172 599
172 223
172 668
172 291
172 298
172 559
172 367
172 463
172 173
172 208
172 416
172 270
172 447
172 608
172 232
172 450
172 244
172 661
172 305
172 436
172 721
173 730
173 283
173 668
173 416
173 289
173 291
173 298
173 463
173 436
173 208
173 173
173 450
173 305
173 367
173 286
173 310
173 281
173 447
173 608
173 689
173 191
174 281
174 539
174 673
174 292
174 557
174 751
174 421
174 194
174 178
174 328
174 177
174 727
174 688
174 468
174 174
174 438
174 500
175 322
175 279
175 274
175 697
175 718
175 446
175 631
175 749
175 365
175 457
175 393
175 341
175 362
175 616
175 690
175 573
176 459
176 776
176 526
176 409
176 458
176 501
176 176
176 242
176 575
176 315
176 434
176 617
176 789
176 693
176 330
176 182
176 571
176 703
176 303
177 405
177 261
177 292
177 421
177 557
177 751
177 368
177 539
177 328
177 688
177 723
177 194
177 331
177 386
177 178
177 468
177 456
178 209
178 268
178 281
178 673
178 421
178 557
178 688
178 751
178 468
178 723
178 727
178 539
178 564
178 328
178 368
178 500
179 535
179 626
179 261
179 775
179 395
179 401
179 560
179 473
179 308
179 179
179 712
179 630
179 580
179 480
179 186
179 574
179 191
179 506
180 417
180 636
180 482
180 706
180 203
180 759
180 489
180 192
180 743
180 426
180 767
180 714
180 349
180 695
180 378
180 377
181 625
181 581
181 476
181 539
181 651
181 680
181 424
181 306
181 534
181 728
181 763
181 224
181 181
181 412
181 205
181 210
181 735
181 623
182 577
182 776
182 265
182 269
182 783
182 789
182 277
182 409
182 551
182 296
182 501
182 182
182 575
182 242
182 526
182 606
182 399
182 315
182 571
182 458
182 617
182 496
183 651
183 424
183 306
183 566
183 680
183 210
183 534
183 224
183 448
183 735
183 183
183 701
183 205
183 746
183 366
183 623
183 763
184 770
184 780
184 427
184 746
184 423
184 741
184 184
184 658
184 744
184 353
184 492
184 624
184 255
184 729
184 592
184 491
185 422
185 553
185 679
185 428
185 685
185 558
185 431
185 331
185 303
185 438
185 649
185 653
185 433
185 716
185 336
185 483
186 775
186 401
186 560
186 308
186 695
186 191
186 619
186 473
186 186
186 395
186 799
186 290
186 712
186 630
186 733
187 523
187 788
187 660
187 593
187 681
187 206
187 657
187 625
187 707
187 334
187 764
187 228
187 732
187 370
187 717
187 671
187 319
187 351
187 330
187 412
187 675
187 615
188 387
188 411
188 432
188 648
188 390
188 384
188 599
188 756
188 740
188 475
188 252
188 342
188 244
188 316
188 792
188 200
188 472
188 727
189 654
189 294
189 691
189 199
189 570
189 603
189 287
189 419
189 730
189 189
189 245
189 229
189 512
189 414
190 513
190 771
190 650
190 528
190 791
190 696
190 758
190 190
190 452
190 762
190 709
190 568
190 497
190 548
190 198
190 221
190 606
190 753
190 401
191 706
191 397
191 261
191 775
191 401
191 560
191 308
191 574
191 695
191 619
191 580
191 508
191 473
191 548
191 578
191 712
191 630
191 506
192 678
192 426
192 482
192 739
192 417
192 684
192 767
192 743
192 250
192 203
192 489
192 759
192 378
192 636
192 629
192 641
192 706
192 714
192 765
192 734
193 691
193 264
193 435
193 643
193 790
193 549
193 682
193 556
193 641
193 193
193 361
193 754
193 201
193 585
193 707
193 543
193 196
193 491
193 496
193 443
194 515
194 462
194 539
194 673
194 292
194 421
194 557
194 688
194 588
194 727
194 751
194 468
194 743
194 328
194 500
194 220
195 766
195 403
195 674
195 569
195 376
195 672
195 437
195 238
195 564
195 195
195 293
195 243
195 747
195 532
195 277
196 641
196 520
196 790
196 682
196 556
196 549
196 754
196 201
196 440
196 643
196 485
196 585
196 326
196 630
196 647
196 496
197 689
197 313
197 708
197 453
197 262
197 371
197 197
197 613
197 509
197 352
197 562
197 507
197 336
197 640
197 753
197 761
197 377
198 513
198 528
198 791
198 537
198 696
198 452
198 709
198 469
198 758
198 606
198 762
198 771
198 380
198 220
198 350
198 621
199 654
199 538
199 287
199 730
199 698
199 419
199 229
199 583
199 320
199 270
199 608
200 610
200 494
200 390
200 648
200 411
200 316
200 384
200 432
200 200
200 252
200 342
200 756
200 244
200 357
200 524
200 599
200 634
201 643
201 682
201 440
201 326
201 520
201 201
201 641
201 485
201 733
201 585
201 618
201 754
201 496
201 230
201 646
202 297
202 655
202 796
202 675
202 711
202 503
202 202
202 700
202 760
202 245
202 786
202 592
202 793
202 725
202 246
202 462
202 327
202 204
202 461
202 467
202 348
202 363
203 417
203 678
203 426
203 684
203 714
203 629
203 203
203 765
203 378
203 489
203 706
203 759
203 596
203 739
204 258
204 655
204 796
204 285
204 700
204 204
204 675
204 476
204 461
204 711
204 793
204 467
204 462
204 760
204 347
204 559
204 357
204 246
205 321
205 794
205 281
205 651
205 534
205 680
205 425
205 366
205 728
205 448
205 205
205 285
205 210
205 224
205 623
206 657
206 788
206 535
206 671
206 319
206 707
206 586
206 459
206 334
206 625
206 660
206 228
206 764
206 523
206 370
206 206
206 635
207 221
207 454
207 409
207 774
207 399
207 640
207 784
207 272
207 280
207 410
207 797
207 670
207 587
207 750
207 235
207 207
207 499
207 532
207 426
207 216
207 615
207 493
207 752
207 369
208 603
208 624
208 270
208 283
208 668
208 289
208 291
208 559
208 305
208 447
208 450
208 436
208 463
208 356
208 721
208 460
208 367
209 530
209 787
209 404
209 662
209 408
209 800
209 589
209 738
209 382
209 344
209 322
209 598
209 745
209 209
209 722
210 617
210 534
210 425
210 424
210 306
210 366
210 566
210 735
210 651
210 448
210 728
210 235
210 739
210 343
211 225
211 407
211 413
211 543
211 415
211 420
211 548
211 300
211 323
211 335
211 373
211 719
211 255
211 325
211 555
211 414
211 444
211 600
211 360
212 516
212 772
212 647
212 264
212 435
212 307
212 705
212 332
212 466
212 310
212 563
212 676
212 639
212 454
212 513
212 763
212 214
212 383
213 265
213 782
213 667
213 541
213 544
213 304
213 561
213 565
213 441
213 601
213 442
213 284
213 502
213 215
213 610
213 277
213 349
213 379
213 368
214 516
214 772
214 647
214 307
214 310
214 705
214 332
214 466
214 639
214 676
214 264
214 563
214 214
214 448
215 284
215 544
215 304
215 561
215 442
215 595
215 349
215 215
215 601
215 667
215 602
215 441
215 401
215 432
215 348
215 591
215 665
216 774
216 640
216 784
216 272
216 280
216 665
216 410
216 797
216 235
216 399
216 587
216 499
216 615
216 241
216 493
216 520
216 394
216 750
216 752
216 369
216 768
216 428
216 373
217 769
217 645
217 532
217 661
217 282
217 550
217 301
217 236
217 333
217 484
217 227
217 627
217 397
217 265
217 614
217 247
217 380
217 505
217 754
218 338
218 389
218 777
218 522
218 652
218 785
218 443
218 278
218 726
218 218
218 311
218 604
218 435
218 476
218 220
218 737
218 240
218 497
218 498
218 637
219 386
219 259
219 392
219 521
219 394
219 524
219 397
219 546
219 297
219 219
219 470
219 355
219 632
219 237
219 330
219 747
219 398
219 610
219 483
219 354
219 253
220 767
220 389
220 777
220 522
220 652
220 398
220 785
220 278
220 798
220 311
220 443
220 604
220 240
220 550
220 737
221 771
221 568
221 696
221 469
221 650
221 791
221 758
221 528
221 762
221 537
221 452
221 598
221 606
222 586
222 287
222 257
222 388
222 529
222 659
222 567
222 731
222 248
222 582
222 622
222 233
222 465
222 252
222 607
222 612
222 527
223 648
223 411
223 432
223 316
223 342
223 252
223 387
223 223
223 244
223 634
223 740
223 472
223 709
223 479
224 534
224 425
224 651
224 701
224 680
224 566
224 735
224 424
224 306
224 448
224 763
224 253
224 478
225 770
225 780
225 792
225 290
225 677
225 423
225 427
225 329
225 353
225 350
225 744
225 729
225 318
225 741
225 746
225 492
225 720
225 557
226 517
226 266
226 400
226 402
226 429
226 702
226 490
226 495
226 381
226 779
226 231
226 226
226 748
226 537
226 755
226 377
227 597
227 381
227 584
227 769
227 661
227 282
227 550
227 301
227 645
227 666
227 614
227 777
227 515
227 484
228 523
228 788
228 660
228 535
228 681
228 459
228 717
228 596
228 319
228 671
228 657
228 586
228 635
228 625
228 651
228 690
228 370
228 764
228 659
229 654
229 691
229 570
229 583
229 603
229 730
229 512
229 698
229 287
229 303
229 637
229 774
230 690
230 641
230 520
230 556
230 326
230 585
230 754
230 491
230 549
230 682
230 485
230 445
230 790
230 496
230 691
230 419
230 361
230 618
231 517
231 779
231 656
231 429
231 616
231 755
231 231
231 748
231 400
231 495
231 750
231 490
231 381
231 718
231 278
232 626
232 276
232 270
232 668
232 286
232 416
232 298
232 439
232 447
232 450
232 721
232 356
232 559
232 608
232 367
232 605
232 374
233 388
233 781
233 582
233 731
233 612
233 683
233 233
233 465
233 757
233 530
233 397
233 756
234 778
234 275
234 406
234 451
234 581
234 713
234 488
234 359
234 345
234 383
234 234
234 312
234 515
234 375
234 263
234 633
234 697
234 641
235 625
235 774
235 640
235 272
235 665
235 797
235 410
235 784
235 750
235 493
235 768
235 670
235 628
235 257
235 369
236 541
236 260
236 532
236 661
236 282
236 666
236 686
236 333
236 236
236 645
236 301
236 691
236 627
236 247
237 386
237 263
237 392
237 521
237 394
237 524
237 397
237 297
237 584
237 330
237 610
237 483
237 632
237 546
237 259
237 742
237 484
238 672
238 293
238 564
238 437
238 569
238 577
238 337
238 766
238 597
238 243
238 397
238 376
238 467
239 503
239 644
239 271
239 273
239 554
239 430
239 736
239 611
239 609
239 572
239 519
239 385
239 799
239 488
239 302
240 389
240 777
240 522
240 652
240 785
240 278
240 798
240 737
240 604
240 637
240 498
240 296
240 497
241 302
241 399
241 640
241 784
241 797
241 670
241 493
241 665
241 752
241 272
241 499
241 241
241 280
241 369
241 615
241 507
241 275
241 768
241 673
242 535
242 776
242 269
242 783
242 551
242 296
242 693
242 575
242 617
242 703
242 571
242 789
242 265
242 434
242 559
242 501
243 766
243 403
243 672
243 674
243 293
243 564
243 437
243 569
243 577
243 510
243 376
243 338
243 316
243 684
243 773
244 702
244 576
244 387
244 390
244 648
244 411
244 432
244 316
244 342
244 472
244 475
244 479
244 756
244 384
245 294
245 258
245 655
245 531
245 793
245 796
245 675
245 700
245 711
245 461
245 462
245 592
245 467
245 348
245 503
245 638
245 246
245 760
246 258
246 655
246 793
246 796
246 285
246 700
246 462
246 592
246 467
246 348
246 725
246 786
246 357
246 760
246 784
246 426
246 414
247 769
247 645
247 661
247 666
247 484
247 333
247 686
247 614
247 380
247 627
247 260
247 257
247 262
248 787
248 257
248 388
248 781
248 683
248 731
248 607
248 612
248 622
248 757
248 756
249 293
249 386
249 259
249 263
249 392
249 521
249 394
249 524
249 546
249 330
249 610
249 483
249 355
249 354
249 297
249 632
249 574
249 302
249 253
249 324
250 678
250 426
250 706
250 739
250 765
250 767
250 714
250 378
250 743
250 250
250 759
250 489
250 482
250 732
250 364
250 629
250 484
251 644
251 519
251 273
251 799
251 288
251 554
251 572
251 609
251 736
251 271
251 385
251 251
251 456
251 724
252 402
252 390
252 648
252 411
252 316
252 472
252 479
252 634
252 740
252 387
252 659
252 268
252 655
253 386
253 392
253 521
253 394
253 546
253 584
253 470
253 610
253 355
253 742
253 330
253 397
253 483
253 259
253 598
253 576
254 257
254 388
254 781
254 529
254 659
254 683
254 465
254 731
254 612
254 757
254 607
254 381
254 351
255 638
255 579
255 407
255 413
255 414
255 418
255 555
255 300
255 687
255 323
255 335
255 471
255 373
255 543
255 530
256 518
256 412
256 669
256 542
256 545
256 299
256 694
256 444
256 320
256 455
256 346
256 494
256 638
256 321
256 605
256 318
256 256
256 284
257 529
257 582
257 257
257 567
257 683
257 622
257 731
257 659
257 465
257 515
257 322
257 781
257 607
257 757
257 587
257 352
258 310
258 760
258 357
258 796
258 592
258 725
258 700
258 655
258 786
258 285
258 503
258 348
258 467
258 711
258 675
258 366
258 549
258 462
259 748
259 394
259 259
259 742
259 584
259 397
259 524
259 297
259 330
259 610
259 392
259 386
259 521
259 311
259 263
259 470
259 441
259 793
259 735
260 666
260 301
260 380
260 282
260 661
260 645
260 484
260 333
260 260
260 627
260 769
260 537
260 532
260 550
260 686
260 614
261 574
261 401
261 506
261 775
261 580
261 619
261 308
261 712
261 578
261 473
261 695
261 746
261 395
261 560
261 734
262 615
262 364
262 339
262 509
262 453
262 507
262 613
262 689
262 313
262 603
262 708
262 352
262 753
262 761
262 371
262 377
263 386
263 610
263 355
263 483
263 470
263 263
263 584
263 742
263 392
263 524
263 397
263 394
263 497
263 659
263 297
263 330
263 632
263 372
264 516
264 647
264 307
264 772
264 310
264 639
264 332
264 264
264 466
264 454
264 435
264 660
264 676
264 563
264 705
264 362
265 776
265 296
265 693
265 501
265 458
265 617
265 434
265 789
265 409
265 526
265 551
265 703
265 265
265 627
265 269
265 783
265 277
265 315
266 517
266 656
266 755
266 748
266 400
266 702
266 381
266 490
266 480
266 429
266 487
266 784
266 531
266 402
266 710
266 604
267 518
267 444
267 346
267 552
267 692
267 694
267 638
267 318
267 542
267 320
267 347
267 299
267 321
267 664
267 494
267 669
267 545
267 743
267 303
267 412
267 699
267 455
268 391
268 663
268 525
268 540
268 514
268 405
268 276
268 396
268 340
268 527
268 422
268 607
268 536
268 576
268 715
269 776
269 693
269 458
269 277
269 409
269 575
269 617
269 434
269 571
269 269
269 296
269 415
269 747
269 526
269 789
269 551
269 703
269 501
269 667
270 552
270 724
270 447
270 291
270 283
270 439
270 356
270 367
270 289
270 608
270 416
270 270
270 322
270 681
270 668
270 298
270 305
270 436
270 463
270 306
271 391
271 385
271 644
271 611
271 363
271 271
271 456
271 736
271 519
271 572
271 430
271 620
271 491
271 658
271 799
271 288
272 640
272 784
272 665
272 587
272 750
272 410
272 774
272 670
272 399
272 615
272 797
272 280
272 499
272 345
272 347
272 752
272 369
273 644
273 611
273 385
273 273
273 363
273 620
273 736
273 519
273 430
273 456
273 665
273 550
273 554
273 609
274 394
274 393
274 690
274 591
274 573
274 594
274 309
274 279
274 362
274 718
274 697
274 749
274 446
274 341
274 449
274 340
274 631
274 471
275 792
275 581
275 383
275 628
275 533
275 275
275 345
275 312
275 633
275 727
275 463
275 488
276 492
276 477
276 391
276 525
276 396
276 527
276 663
276 536
276 422
276 540
276 340
276 514
276 689
277 776
277 526
277 783
277 789
277 501
277 551
277 434
277 571
277 277
277 409
277 296
277 715
277 315
277 575
277 703
278 318
278 396
278 522
278 652
278 398
278 785
278 777
278 278
278 311
278 498
278 441
278 798
278 443
278 726
278 604
278 497
278 637
279 542
279 393
279 341
279 690
279 591
279 594
279 697
279 457
279 573
279 446
279 749
279 332
279 604
279 309
279 704
279 362
279 365
279 631
279 286
279 644
280 704
280 399
280 640
280 784
280 587
280 493
280 665
280 670
280 774
280 797
280 410
280 768
280 286
280 767
280 369
281 686
281 751
281 688
281 421
281 368
281 500
281 281
281 588
281 557
281 328
281 288
281 539
281 673
281 292
281 723
281 727
282 769
282 532
282 661
282 666
282 282
282 333
282 614
282 686
282 645
282 484
282 786
282 524
282 692
282 366
283 668
283 291
283 367
283 305
283 447
283 356
283 286
283 416
283 439
283 436
283 298
283 463
283 283
283 720
283 289
283 559
283 608
284 782
284 561
284 667
284 284
284 441
284 565
284 544
284 460
284 304
284 601
284 502
284 541
284 602
284 442
284 557
284 293
284 595
284 349
285 676
285 739
285 655
285 793
285 796
285 725
285 461
285 462
285 357
285 760
285 675
285 531
285 476
285 711
285 502
285 618
285 750
285 401
286 289
286 356
286 439
286 305
286 416
286 668
286 447
286 298
286 559
286 291
286 367
286 450
286 436
286 381
286 608
287 538
287 419
287 654
287 603
287 570
287 691
287 583
287 698
287 730
287 331
287 294
287 512
287 564
288 654
288 385
288 644
288 519
288 736
288 799
288 572
288 620
288 554
288 430
288 345
288 342
288 456
288 609
289 668
289 416
289 447
289 291
289 559
289 436
289 463
289 608
289 289
289 356
289 305
289 594
289 298
289 439
289 367
290 770
290 780
290 792
290 658
290 746
290 374
290 492
290 350
290 741
290 290
290 677
290 729
290 526
290 358
291 668
291 416
291 559
291 291
291 436
291 439
291 356
291 450
291 314
291 622
291 298
291 305
291 463
291 608
292 293
292 539
292 673
292 292
292 751
292 557
292 368
292 723
292 727
292 688
292 357
292 623
292 421
292 328
292 500
293 766
293 403
293 672
293 674
293 747
293 510
293 577
293 337
293 338
293 597
293 293
293 564
293 569
293 626
293 376
293 410
294 538
294 419
294 654
294 570
294 698
294 603
294 512
294 730
294 583
294 691
294 606
295 567
295 653
295 716
295 428
295 481
295 372
295 431
295 679
295 303
295 579
295 295
295 438
295 317
295 649
295 685
295 336
295 657
295 420
295 553
295 433
295 621
296 746
296 776
296 789
296 409
296 551
296 526
296 315
296 571
296 783
296 693
296 575
296 617
296 733
296 640
296 703
297 388
297 386
297 397
297 392
297 354
297 297
297 483
297 632
297 584
297 394
297 330
297 352
297 610
297 742
298 668
298 416
298 608
298 298
298 439
298 450
298 367
298 721
298 521
298 642
298 305
298 447
298 463
298 448
299 770
299 518
299 664
299 669
299 545
299 318
299 455
299 692
299 478
299 347
299 346
299 605
299 699
299 542
299 552
299 722
299 694
299 638
300 347
300 413
300 414
300 415
300 548
300 373
300 687
300 407
300 555
300 360
300 418
300 543
300 325
300 323
300 749
300 719
301 660
301 645
301 661
301 666
301 550
301 380
301 333
301 686
301 707
301 633
301 627
302 794
302 795
302 646
302 710
302 358
302 624
302 724
302 464
302 504
302 474
302 449
302 351
302 720
302 792
302 486
303 649
303 653
303 685
303 558
303 431
303 336
303 303
303 438
303 679
303 433
303 716
303 579
303 505
303 506
304 782
304 541
304 304
304 561
304 379
304 595
304 565
304 460
304 601
304 349
304 442
304 312
304 441
304 602
304 502
305 668
305 721
305 439
305 356
305 463
305 436
305 367
305 571
305 556
305 447
305 450
305 588
306 651
306 680
306 424
306 425
306 448
306 534
306 728
306 735
306 366
306 623
306 306
306 566
306 682
307 516
307 676
307 563
307 705
307 639
307 310
307 435
307 454
307 647
307 332
307 503
307 482
308 661
308 795
308 401
308 734
308 775
308 508
308 619
308 574
308 695
308 395
308 578
308 630
308 506
309 380
309 573
309 393
309 704
309 309
309 749
309 690
309 718
309 594
309 603
309 697
309 446
309 591
309 365
310 764
310 647
310 435
310 332
310 563
310 676
310 466
310 705
310 742
310 639
310 634
311 697
311 761
311 389
311 522
311 398
311 785
311 798
311 497
311 726
311 604
311 777
311 650
311 443
311 737
312 515
312 778
312 533
312 324
312 312
312 383
312 345
312 406
312 628
312 392
312 713
312 633
312 500
313 793
313 562
313 339
313 352
313 613
313 364
313 453
313 377
313 313
313 761
313 436
313 708
313 753
313 509
314 694
314 646
314 794
314 795
314 710
314 474
314 375
314 773
314 624
314 351
314 464
314 449
314 720
314 427
314 724
314 486
314 504
315 537
315 526
315 783
315 789
315 409
315 551
315 434
315 458
315 575
315 754
315 617
315 501
315 559
316 387
316 390
316 384
316 342
316 472
316 648
316 634
316 599
316 756
316 724
316 456
316 475
316 479
316 740
317 387
317 553
317 558
317 431
317 433
317 317
317 716
317 505
317 336
317 679
317 438
317 685
317 572
317 758
317 579
317 331
317 481
318 693
318 518
318 664
318 412
318 669
318 542
318 545
318 692
318 699
318 494
318 347
318 638
318 552
318 320
318 650
318 321
318 455
318 605
318 478
319 523
319 657
319 788
319 535
319 671
319 681
319 660
319 764
319 635
319 370
319 593
319 586
319 732
319 319
319 618
319 707
319 717
319 334
319 596
319 625
319 424
320 518
320 664
320 669
320 545
320 552
320 694
320 444
320 412
320 542
320 347
320 638
320 692
320 321
320 428
320 459
320 455
321 674
321 780
321 518
321 412
321 542
321 694
321 699
321 347
321 478
321 638
321 444
321 692
321 605
321 494
321 787
322 787
322 404
322 800
322 547
322 530
322 738
322 662
322 382
322 322
322 722
322 344
322 745
322 477
322 507
322 327
322 589
322 406
323 466
323 734
323 407
323 413
323 414
323 548
323 415
323 600
323 420
323 555
323 325
323 543
323 335
323 471
323 373
324 537
324 515
324 778
324 406
324 451
324 628
324 713
324 383
324 633
324 581
324 488
324 709
324 345
324 507
325 407
325 413
325 414
325 543
325 420
325 555
325 687
325 471
325 335
325 418
325 325
325 548
325 438
325 600
326 641
326 643
326 790
326 549
326 445
326 361
326 485
326 491
326 618
326 326
326 733
326 754
326 682
326 556
326 486
326 481
326 585
327 787
327 404
327 662
327 408
327 327
327 382
327 344
327 598
327 477
327 547
327 722
327 589
327 590
328 660
328 509
328 368
328 421
328 673
328 500
328 539
328 507
328 751
329 780
329 423
329 427
329 744
329 770
329 329
329 792
329 677
329 374
329 353
329 658
329 692
329 741
329 746
329 492
329 361
330 394
330 524
330 397
330 546
330 742
330 330
330 632
330 355
330 386
330 470
330 610
330 354
330 608
331 649
331 653
331 553
331 679
331 685
331 558
331 431
331 579
331 428
331 505
331 481
331 716
331 376
331 468
331 336
331 621
332 729
332 772
332 676
332 563
332 454
332 435
332 466
332 332
332 726
332 662
332 678
332 595
333 616
333 769
333 645
333 661
333 666
333 686
333 550
333 614
333 333
333 379
333 695
333 484
334 523
334 657
334 788
334 660
334 681
334 707
334 586
334 671
334 625
334 717
334 732
334 334
334 534
334 526
334 593
334 635
334 686
334 368
335 407
335 414
335 543
335 418
335 548
335 555
335 687
335 373
335 413
335 415
335 741
335 719
335 600
335 360
336 392
336 720
336 649
336 553
336 685
336 558
336 431
336 433
336 438
336 579
336 653
336 367
336 674
336 372
336 505
337 766
337 403
337 672
337 674
337 564
337 437
337 577
337 338
337 510
337 337
337 597
337 376
337 369
337 626
337 504
338 766
338 403
338 674
338 564
338 437
338 569
338 577
338 672
338 510
338 338
339 402
339 689
339 708
339 339
339 364
339 753
339 352
339 509
339 562
339 780
339 490
339 613
339 371
339 600
340 514
340 642
340 396
340 536
340 405
340 422
340 715
340 525
340 527
340 540
340 342
340 613
340 371
341 538
341 787
341 429
341 393
341 573
341 446
341 457
341 718
341 591
341 594
341 580
341 722
341 365
341 631
342 390
342 384
342 634
342 472
342 479
342 740
342 599
342 432
342 387
342 751
342 653
342 756
343 505
343 364
343 651
343 425
343 566
343 701
343 424
343 534
343 763
343 735
343 728
343 448
343 623
344 747
344 530
344 787
344 404
344 662
344 547
344 589
344 590
344 745
344 477
344 598
344 443
344 784
344 464
345 460
345 778
345 533
345 581
345 345
345 451
345 406
345 633
345 359
345 488
345 415
346 764
346 470
346 518
346 542
346 692
346 699
346 444
346 669
346 478
346 664
346 455
346 494
346 545
346 552
346 355
346 347
346 605
346 588
347 664
347 669
347 692
347 694
347 699
347 455
347 605
347 545
347 638
347 347
347 665
348 655
348 531
348 793
348 675
348 700
348 461
348 592
348 467
348 725
348 476
348 796
348 462
348 348
348 357
348 760
348 439
349 779
349 541
349 544
349 441
349 601
349 602
349 561
349 442
349 502
349 465
349 516
350 770
350 792
350 677
350 423
350 427
350 658
350 353
350 780
350 741
350 746
350 744
350 786
350 398
350 799
351 773
351 646
351 794
351 449
351 710
351 464
351 474
351 486
351 624
351 511
351 724
351 616
351 358
351 519
352 405
352 711
352 708
352 453
352 507
352 761
352 377
352 689
352 613
352 371
353 780
353 658
353 677
353 423
353 427
353 744
353 741
353 492
353 770
353 402
353 746
353 449
353 433
353 520
354 386
354 394
354 546
354 584
354 470
354 610
354 483
354 632
354 392
354 524
354 742
354 397
354 702
354 680
355 392
355 521
355 394
355 524
355 470
355 610
355 386
355 483
355 632
355 397
355 355
355 742
356 416
356 439
356 463
356 721
356 450
356 447
356 608
356 559
356 619
356 490
356 534
357 483
357 655
357 786
357 796
357 700
357 711
357 592
357 467
357 476
357 725
357 531
357 462
357 357
357 719
357 503
357 723
357 418
358 773
358 646
358 795
358 710
358 720
358 464
358 724
358 474
358 794
358 511
358 624
358 375
358 504
358 449
358 443
359 778
359 533
359 406
359 451
359 488
359 359
359 633
359 628
359 383
359 515
359 360
359 718
360 413
360 543
360 548
360 687
360 471
360 407
360 360
360 555
360 420
360 600
360 711
360 617
361 641
361 520
361 549
361 682
361 556
361 440
361 445
361 585
361 361
361 643
361 491
361 485
361 543
362 702
362 393
362 690
362 697
362 704
362 591
362 718
362 362
362 573
362 448
363 647
363 385
363 799
363 572
363 456
363 611
363 519
363 430
363 620
363 614
364 562
364 689
364 613
364 364
364 507
364 371
364 453
364 514
364 753
364 509
365 393
365 697
365 704
365 457
365 591
365 573
365 594
365 446
365 631
365 480
365 497
365 556
366 783
366 534
366 680
366 735
366 424
366 366
366 566
366 763
366 448
366 583
366 623
367 416
367 436
367 447
367 450
367 463
367 608
367 791
368 482
368 532
368 536
368 673
368 557
368 727
368 751
368 539
368 468
369 774
369 399
369 410
369 797
369 670
369 587
369 752
369 784
369 499
369 768
369 414
370 523
370 657
370 788
370 660
370 535
370 671
370 681
370 586
370 732
370 707
370 625
370 717
370 635
370 583
370 397
370 764
370 472
371 752
371 708
371 453
371 753
371 371
371 507
371 562
371 553
371 377
371 509
372 515
372 649
372 679
372 428
372 558
372 716
372 621
372 438
372 653
372 553
372 505
372 372
372 685
372 481
372 508
373 776
373 407
373 413
373 414
373 543
373 415
373 418
373 420
373 548
373 555
373 687
373 719
373 504
374 770
374 780
374 658
374 792
374 677
374 423
374 427
374 729
374 744
374 746
374 741
374 571
374 761
374 382
374 449
375 773
375 646
375 794
375 795
375 710
375 724
375 474
375 511
375 375
375 376
375 504
376 766
376 672
376 674
376 564
376 437
376 569
376 747
376 626
376 597
376 403
376 510
376 615
376 511
376 390
376 630
377 731
377 562
377 689
377 708
377 453
377 761
377 507
377 509
377 753
377 445
378 417
378 678
378 426
378 706
378 714
378 482
378 636
378 489
378 684
378 739
378 708
378 415
379 667
379 541
379 561
379 565
379 595
379 601
379 502
379 782
379 379
379 715
379 380
380 513
380 769
380 661
380 550
380 614
380 627
380 645
381 779
381 400
381 480
381 616
381 748
381 429
381 437
381 666
382 530
382 404
382 662
382 800
382 589
382 722
382 598
382 477
382 547
382 590
383 515
383 533
383 581
383 628
383 488
383 383
384 387
384 390
384 648
384 599
384 475
384 472
384 756
384 384
384 479
384 431
384 559
385 646
385 799
385 620
385 611
385 385
385 736
385 430
385 406
385 644
385 519
385 554
385 609
386 597
386 483
386 521
386 524
386 392
386 742
386 632
386 546
386 470
386 540
386 394
386 584
386 601
386 725
387 390
387 472
387 411
387 740
387 599
387 634
387 432
387 479
387 475
387 387
387 756
387 389
387 648
388 622
388 612
388 465
388 683
388 567
388 388
388 731
388 582
388 659
388 592
388 781
388 529
388 653
389 443
389 389
389 798
389 604
389 652
389 777
389 497
389 398
389 498
389 560
389 446
389 522
389 726
389 737
389 637
390 411
390 432
390 472
390 634
390 475
390 479
390 756
390 740
390 495
390 648
390 413
391 391
391 663
391 536
391 525
391 514
391 422
391 576
391 527
391 396
391 642
391 405
392 394
392 392
392 397
392 584
392 521
392 742
392 524
392 546
392 538
392 470
392 610
393 648
393 393
393 718
393 697
393 594
393 457
393 749
393 446
393 690
393 573
393 704
393 445
394 521
394 470
394 610
394 742
394 397
394 520
394 546
395 578
395 712
395 630
395 695
395 473
395 508
395 775
395 395
395 506
395 401
395 437
395 580
395 734
396 514
396 642
396 405
396 663
396 576
396 715
396 536
396 525
396 527
396 784
396 422
397 524
397 470
397 742
397 546
397 584
397 632
397 610
398 522
398 777
398 737
398 604
398 637
398 785
398 652
398 484
398 443
399 569
399 599
399 774
399 797
399 768
399 399
399 750
399 615
399 665
399 640
399 435
399 740
399 670
399 752
400 517
400 480
400 616
400 487
400 429
400 702
400 755
400 400
400 667
400 402
400 490
400 495
401 775
401 734
401 619
401 712
401 473
401 560
401 508
401 630
401 578
401 695
402 656
402 616
402 748
402 517
402 490
402 495
402 429
402 402
402 702
402 480
402 755
402 483
402 432
403 597
403 569
403 747
403 510
403 626
403 672
403 403
403 564
403 704
403 536
403 674
403 577
404 530
404 787
404 404
404 722
404 662
404 800
404 589
404 590
404 477
404 465
404 408
404 547
404 738
405 705
405 514
405 642
405 525
405 527
405 663
405 576
405 540
406 515
406 533
406 581
406 451
406 628
406 406
406 488
406 633
406 426
406 472
407 548
407 420
407 471
407 407
407 418
407 413
407 414
407 415
407 482
407 555
407 687
407 719
408 530
408 787
408 738
408 800
408 745
408 722
408 598
408 547
408 408
408 630
408 589
408 477
409 593
409 526
409 789
409 571
409 575
409 617
409 501
409 693
409 434
409 535
409 703
409 458
410 774
410 752
410 615
410 410
410 670
410 499
410 640
410 665
410 784
410 427
410 493
411 581
411 648
411 411
411 472
411 432
411 756
411 627
411 599
411 475
411 740
412 441
412 518
412 478
412 692
412 545
412 494
412 669
412 412
412 699
412 638
412 444
412 455
412 542
412 552
412 694
412 605
413 510
413 545
413 420
413 548
413 543
413 418
413 413
413 527
413 414
413 415
413 555
413 687
413 719
414 463
414 555
414 471
414 415
414 719
414 687
414 418
414 420
415 731
415 543
415 719
415 548
415 555
415 471
415 600
415 415
415 418
415 728
416 632
416 668
416 439
416 447
416 436
416 450
416 721
416 657
416 675
417 767
417 714
417 489
417 765
417 684
417 759
417 743
417 678
417 739
417 417
417 706
417 426
417 566
417 482
418 687
418 471
418 418
418 555
418 719
418 600
418 420
419 654
419 583
419 698
419 691
419 512
419 419
419 603
419 521
419 727
419 570
419 730
420 771
420 473
420 543
420 420
420 719
420 600
420 687
420 555
420 471
421 421
421 468
421 588
421 557
421 539
421 723
421 673
421 582
421 709
421 688
422 642
422 525
422 527
422 536
422 540
422 715
422 663
422 576
422 610
423 780
423 658
423 792
423 677
423 744
423 427
423 741
423 430
423 798
423 729
424 434
424 636
424 450
424 680
424 425
424 763
424 534
424 735
424 651
424 799
424 566
425 769
425 679
425 689
425 651
425 534
425 680
425 701
425 728
425 735
425 506
425 552
425 448
425 623
426 678
426 482
426 714
426 489
426 759
426 767
426 706
426 743
426 765
426 426
426 684
426 739
426 652
427 770
427 658
427 792
427 677
427 746
427 492
427 427
427 693
427 741
427 744
428 732
428 512
428 713
428 663
428 649
428 653
428 679
428 438
428 431
428 685
428 433
428 621
428 558
428 771
428 481
428 505
429 570
429 517
429 779
429 702
429 490
429 495
429 616
429 487
429 614
429 480
429 748
429 755
429 740
430 770
430 519
430 799
430 736
430 609
430 456
431 511
431 649
431 553
431 558
431 433
431 679
431 579
431 764
431 438
431 716
431 481
431 621
432 583
432 648
432 634
432 479
432 472
432 740
432 756
433 653
433 553
433 558
433 649
433 716
433 433
433 505
433 679
433 481
433 438
433 621
434 776
434 526
434 783
434 617
434 458
434 434
434 693
434 703
434 610
434 571
434 575
434 548
435 516
435 647
435 676
435 563
435 466
435 639
435 772
435 435
435 454
435 705
435 607
435 493
435 574
436 782
436 721
436 668
436 447
436 436
436 588
436 450
437 766
437 672
437 674
437 564
437 597
437 577
437 437
437 712
437 569
437 747
437 626
437 510
438 696
438 724
438 653
438 553
438 679
438 685
438 558
438 579
438 649
438 501
438 735
439 782
439 602
439 559
439 608
439 463
439 439
439 721
440 643
440 520
440 549
440 682
440 618
440 790
440 445
440 485
440 556
440 440
440 733
440 641
440 607
440 772
440 585
440 754
441 782
441 667
441 544
441 561
441 565
441 441
441 460
441 442
441 602
441 595
441 601
442 636
442 782
442 541
442 544
442 561
442 565
442 667
442 601
442 460
442 442
442 790
442 468
442 595
442 602
443 785
443 737
443 637
443 798
443 522
443 652
443 680
443 726
443 497
443 498
444 518
444 669
444 542
444 545
444 552
444 692
444 694
444 699
444 638
444 478
444 664
444 455
444 605
444 704
445 627
445 641
445 643
445 520
445 549
445 682
445 445
445 790
445 556
445 585
445 491
445 733
445 485
446 606
446 697
446 573
446 704
446 594
446 631
446 446
446 532
446 729
446 591
447 450
447 463
447 668
447 721
447 790
448 661
448 651
448 534
448 680
448 566
448 701
448 448
448 735
448 763
449 582
449 584
449 773
449 646
449 795
449 511
449 794
449 624
449 504
449 486
449 720
449 710
449 474
449 522
450 450
450 463
450 721
451 678
451 515
451 451
451 713
451 581
451 488
451 778
451 633
451 552
452 513
452 771
452 568
452 696
452 762
452 452
452 650
452 791
452 758
452 586
452 649
452 709
452 469
452 498
453 667
453 669
453 562
453 708
453 507
453 613
453 689
453 579
453 550
453 761
454 516
454 772
454 647
454 676
454 563
454 705
454 466
454 514
454 639
454 752
455 664
455 669
455 542
455 552
455 692
455 694
455 638
455 494
455 478
455 605
455 704
455 667
456 799
456 554
456 736
456 609
456 611
456 620
456 572
457 690
457 718
457 697
457 749
457 457
457 645
457 715
457 591
457 594
457 631
457 643
458 776
458 783
458 551
458 575
458 703
458 458
458 617
458 501
458 583
458 483
459 523
459 788
459 671
459 681
459 586
459 660
459 596
459 459
459 657
459 732
459 717
459 593
459 707
459 635
459 591
460 782
460 667
460 541
460 544
460 565
460 502
460 595
460 601
460 602
461 531
461 796
461 711
461 461
461 503
461 725
461 675
461 700
461 467
461 462
461 793
461 784
461 592
461 476
462 655
462 700
462 711
462 462
462 786
462 793
462 531
462 760
462 503
462 725
463 776
463 668
463 722
463 721
463 608
464 773
464 474
464 511
464 724
464 794
464 486
464 710
464 464
464 795
464 624
464 629
465 529
465 659
465 582
465 757
465 465
465 607
465 781
465 631
465 612
465 622
466 772
466 647
466 563
466 705
466 639
466 769
467 786
467 793
467 796
467 700
467 711
467 592
467 675
467 476
467 492
467 725
467 503
468 539
468 557
468 688
468 588
468 507
468 500
469 513
469 771
469 650
469 568
469 709
469 791
469 469
469 762
469 606
469 537
469 492
469 564
469 798
470 524
470 742
470 521
470 483
470 546
470 610
470 632
471 543
471 548
471 555
471 687
471 600
471 471
472 480
472 648
472 599
472 472
472 475
472 756
472 637
473 570
473 531
473 560
473 695
473 574
473 578
473 580
473 619
473 775
473 672
473 506
474 646
474 794
474 624
474 724
474 795
474 486
474 773
474 476
474 574
474 511
475 599
475 648
475 740
475 479
475 475
475 756
475 639
475 749
476 502
476 715
476 655
476 786
476 531
476 796
476 675
476 711
476 760
476 793
476 528
477 530
477 662
477 547
477 787
477 590
477 738
477 598
477 780
477 745
477 728
478 664
478 545
478 692
478 694
478 699
478 605
478 542
478 518
478 669
478 478
478 726
479 645
479 648
479 599
479 756
479 726
479 570
480 779
480 656
480 702
480 616
480 490
480 495
480 517
480 755
480 748
480 506
480 623
481 631
481 649
481 653
481 553
481 685
481 579
481 716
481 505
481 679
481 575
481 621
482 747
482 678
482 684
482 489
482 765
482 629
482 759
482 743
482 714
482 739
482 636
483 521
483 524
483 546
483 584
483 483
483 632
483 742
483 504
484 722
484 769
484 645
484 532
484 661
484 550
484 686
484 666
484 560
484 627
485 641
485 520
485 790
485 556
485 618
485 496
485 491
485 549
485 485
485 733
485 682
485 711
485 533
485 754
486 490
486 773
486 646
486 794
486 795
486 720
486 724
486 659
486 579
486 504
487 714
487 517
487 779
487 656
487 495
487 748
487 490
487 616
487 719
487 666
488 529
488 778
488 533
488 581
488 633
488 713
488 628
488 675
489 698
489 684
489 743
489 765
489 489
489 767
489 739
489 749
489 629
489 759
489 636
490 677
490 656
490 517
490 490
490 637
490 495
490 755
490 613
491 650
491 520
491 790
491 549
491 556
491 585
491 643
491 618
491 491
492 770
492 780
492 792
492 677
492 729
492 741
492 746
492 625
493 774
493 784
493 665
493 670
493 615
493 587
493 797
493 752
493 768
493 685
493 750
494 758
494 518
494 664
494 545
494 552
494 699
494 605
494 669
494 638
494 694
494 692
494 646
495 517
495 779
495 656
495 702
495 616
495 667
495 723
495 755
496 578
496 534
496 735
496 643
496 790
496 682
496 556
496 585
496 733
496 496
496 520
497 688
497 522
497 652
497 785
497 604
497 737
497 498
497 710
497 637
497 736
498 777
498 522
498 785
498 798
498 604
498 737
498 726
498 722
498 637
499 656
499 774
499 665
499 670
499 587
499 615
499 640
499 752
499 797
499 751
500 673
500 557
500 688
500 588
500 727
500 751
500 723
500 554
501 776
501 526
501 551
501 571
501 575
501 617
501 693
501 536
502 782
502 561
502 565
502 601
502 602
502 667
502 544
502 541
503 786
503 793
503 700
503 592
503 711
503 675
503 503
503 796
503 511
504 773
504 646
504 794
504 720
504 624
504 795
504 511
504 724
505 649
505 653
505 553
505 679
505 558
505 621
505 685
506 580
506 712
506 734
506 630
506 508
506 560
506 619
506 578
507 562
507 689
507 708
507 753
507 761
507 613
507 555
508 695
508 574
508 578
508 580
508 712
508 734
508 619
508 508
508 566
509 516
509 675
509 613
509 761
510 766
510 672
510 674
510 569
510 577
510 597
510 626
510 564
510 778
511 729
511 773
511 646
511 710
511 794
511 511
511 795
511 744
512 654
512 538
512 691
512 698
512 603
512 730
512 570
513 709
513 791
513 513
513 528
513 771
513 568
513 650
513 537
513 696
513 758
513 762
513 646
514 642
514 576
514 663
514 525
514 715
514 540
514 514
514 723
514 536
515 743
515 533
515 778
515 628
515 581
515 713
515 633
516 516
516 639
516 705
516 772
516 647
516 563
516 793
516 676
516 582
517 755
517 656
517 748
517 616
517 702
517 517
517 681
518 605
518 664
518 692
518 542
518 552
518 669
518 699
518 775
518 685
518 545
518 694
518 638
519 609
519 572
519 736
519 644
519 519
519 554
519 799
519 568
520 641
520 643
520 549
520 585
520 754
520 618
520 556
520 682
521 658
521 742
521 584
521 524
522 637
522 726
522 798
522 737
522 522
522 785
523 717
523 657
523 593
523 671
523 660
523 681
523 707
523 596
523 535
523 586
523 649
523 625
523 764
523 603
523 701
524 742
524 632
524 524
524 546
524 734
524 610
525 645
525 642
525 663
525 525
525 536
525 527
525 766
525 689
525 540
525 576
526 703
526 551
526 783
526 575
526 526
526 572
526 571
526 785
527 642
527 715
527 527
527 607
527 540
528 650
528 771
528 696
528 528
528 762
528 709
528 568
528 537
528 628
528 694
528 687
529 757
529 567
529 781
529 582
529 659
529 607
529 731
529 612
529 539
529 622
530 662
530 722
530 530
530 745
530 738
530 598
530 573
530 800
530 547
530 589
530 590
531 796
531 700
531 531
531 675
531 760
531 793
531 655
531 711
531 592
531 786
531 551
532 769
532 645
532 550
532 614
532 686
532 661
532 627
532 666
533 778
533 581
533 628
533 679
533 582
533 713
534 701
534 735
534 651
534 680
534 534
534 728
534 623
534 566
535 788
535 660
535 681
535 586
535 535
535 593
535 671
535 596
535 625
535 635
535 717
536 642
536 663
536 715
536 576
536 601
537 771
537 650
537 791
537 537
537 709
537 568
537 762
537 758
537 606
538 654
538 730
538 583
538 603
538 538
538 786
538 691
538 570
538 698
539 539
539 588
539 557
539 751
539 673
539 688
539 753
539 727
540 772
540 576
540 715
540 642
540 540
540 731
541 782
541 667
541 595
541 561
541 602
541 544
541 601
541 562
541 565
541 558
542 664
542 694
542 545
542 638
542 542
542 605
542 669
542 552
542 692
542 699
543 791
543 543
543 548
543 600
543 719
543 701
543 763
543 554
544 782
544 667
544 561
544 565
544 602
544 544
544 720
544 595
545 739
545 664
545 699
545 692
545 669
545 638
545 552
546 584
546 546
546 742
546 791
546 762
546 632
547 787
547 662
547 800
547 598
547 722
547 589
547 547
547 590
548 548
548 600
548 762
548 555
548 719
549 641
549 556
549 733
549 585
549 754
549 618
549 682
549 549
549 662
550 769
550 645
550 666
550 627
550 593
550 650
550 686
550 715
551 789
551 693
551 703
551 575
551 551
551 778
551 571
551 617
552 664
552 638
552 694
552 552
552 692
552 699
552 663
552 605
553 649
553 653
553 558
553 716
553 621
553 679
553 773
554 644
554 620
554 572
554 609
554 799
554 554
554 736
554 611
555 657
555 555
555 687
555 600
556 753
556 790
556 585
556 754
556 682
556 556
556 733
557 688
557 727
557 588
557 751
557 557
557 723
558 679
558 621
558 579
558 716
558 649
558 559
559 730
559 612
559 750
559 668
559 721
559 608
560 759
560 775
560 630
560 580
560 712
560 574
560 619
560 756
560 695
560 578
560 734
561 707
561 782
561 667
561 595
561 565
561 619
561 601
561 602
562 613
562 562
562 689
562 787
562 641
563 772
563 647
563 676
563 705
563 639
563 773
563 641
564 674
564 766
564 672
564 564
564 569
564 577
564 597
564 747
564 763
565 782
565 667
565 601
565 602
565 706
566 651
566 701
566 728
566 680
566 566
566 654
566 735
567 707
567 781
567 659
567 683
567 757
567 731
567 582
567 567
567 607
567 612
567 622
567 695
568 771
568 650
568 791
568 606
568 762
568 758
568 696
568 709
569 577
569 674
569 597
569 747
569 626
569 657
569 651
570 654
570 730
570 570
570 691
570 698
570 622
570 594
571 762
571 783
571 703
571 776
571 591
571 733
571 575
572 612
572 644
572 611
572 572
572 609
573 690
573 704
573 718
573 631
573 573
573 639
573 749
574 775
574 630
574 619
574 734
574 574
574 620
574 578
575 783
575 789
575 693
575 703
575 643
575 617
575 723
576 642
576 663
576 576
577 766
577 672
577 674
577 626
577 577
577 597
577 747
578 578
578 619
578 734
578 580
578 712
578 630
579 653
579 579
579 649
579 679
579 589
579 716
580 700
580 695
580 734
580 602
580 712
581 778
581 628
581 633
581 713
581 581
581 773
581 592
582 659
582 683
582 607
582 757
582 622
582 582
582 731
582 612
582 754
583 654
583 691
583 730
583 603
583 650
583 709
583 633
584 632
584 584
584 737
585 790
585 643
585 618
585 647
585 754
586 657
586 660
586 671
586 681
586 707
586 625
586 586
586 788
586 596
586 747
586 717
586 732
586 764
587 796
587 774
587 640
587 784
587 665
587 670
587 750
587 797
587 587
587 768
587 759
587 752
588 673
588 688
588 751
588 723
588 727
589 800
589 722
589 745
589 589
589 686
589 781
590 691
590 771
590 787
590 662
590 800
590 598
590 745
590 738
591 762
591 704
591 718
591 631
591 749
591 594
592 655
592 786
592 700
592 711
592 725
592 796
592 675
592 760
593 657
593 788
593 660
593 681
593 707
593 593
593 732
593 764
593 671
593 596
593 757
593 635
594 718
594 594
594 697
594 631
594 749
594 735
595 667
595 782
595 601
596 788
596 671
596 707
596 717
596 596
596 732
596 681
596 660
596 657
596 635
596 713
597 766
597 672
597 674
597 597
597 765
598 787
598 662
598 722
598 800
598 598
598 747
598 760
599 648
599 740
599 756
600 792
600 687
600 719
601 782
601 667
601 797
601 602
602 667
602 782
602 774
603 654
603 698
603 730
603 691
603 741
604 652
604 798
604 777
604 737
604 637
605 664
605 669
605 694
605 638
605 699
605 642
605 613
606 771
606 650
606 696
606 709
606 606
606 758
606 677
607 684
607 659
607 683
607 731
607 757
607 781
607 798
608 721
608 608
608 668
609 799
609 611
609 609
609 763
609 776
609 736
610 742
610 632
610 775
611 644
611 799
611 620
611 736
611 671
611 626
612 781
612 731
612 612
612 622
613 689
613 753
614 769
614 645
614 686
614 627
614 666
615 774
615 640
615 797
615 670
615 768
615 784
615 752
615 750
616 779
616 656
616 702
616 726
616 748
617 783
617 789
617 703
617 666
617 638
618 755
618 643
618 682
618 790
618 641
618 754
619 640
619 775
619 695
619 708
620 788
620 644
620 799
620 646
621 649
621 716
621 679
621 685
621 621
622 745
622 659
622 683
622 757
622 731
622 751
623 680
623 728
623 651
623 623
624 646
624 794
624 710
624 720
625 657
625 671
625 707
625 717
625 764
625 788
625 625
625 732
625 635
626 672
626 674
626 626
627 769
627 645
627 666
628 778
628 713
628 669
629 678
629 714
629 739
629 765
629 767
629 759
629 743
629 706
629 744
629 636
630 703
630 757
630 695
630 734
630 789
631 718
631 704
631 690
631 673
632 742
632 640
633 778
633 713
633 787
634 648
634 740
634 634
634 756
634 646
635 657
635 707
635 732
635 671
635 660
635 764
635 788
635 667
636 684
636 706
636 739
636 678
636 743
636 759
636 767
636 765
637 798
637 726
637 652
637 675
638 669
638 692
638 719
639 772
639 647
639 676
639 710
640 784
640 665
640 797
640 750
640 640
640 670
641 716
641 643
641 641
641 733
641 754
641 682
642 715
642 663
642 642
642 783
642 693
643 733
643 682
643 643
643 775
643 790
644 644
644 736
645 743
645 769
645 666
645 645
645 686
646 720
646 795
646 710
647 772
647 647
647 676
648 756
648 648
648 740
648 657
649 649
649 679
649 685
649 716
650 771
650 791
650 758
650 650
650 696
650 709
651 757
651 742
651 763
651 680
651 728
651 719
651 701
652 796
652 777
652 785
652 737
652 798
652 652
653 685
653 716
653 653
653 679
653 784
654 730
654 691
654 654
654 698
654 665
654 767
655 796
655 655
655 711
655 786
655 768
655 793
655 700
655 725
656 779
656 755
656 656
656 709
656 702
656 748
657 671
657 764
657 707
657 788
657 657
657 681
657 660
657 730
658 780
658 792
658 744
658 658
658 729
658 741
658 746
658 668
659 696
659 781
659 800
659 683
659 757
660 717
660 671
660 681
660 660
660 788
660 707
660 732
660 764
661 769
661 686
661 661
662 738
662 787
662 745
662 662
662 754
662 778
663 663
664 664
664 699
664 669
664 780
664 692
664 694
665 774
665 784
665 670
665 797
666 666
666 686
666 737
667 667
668 668
668 685
669 692
669 699
669 669
669 694
670 748
670 774
670 784
670 768
670 789
670 752
671 788
671 764
671 732
671 671
671 681
671 717
672 766
672 674
672 747
672 718
672 727
672 680
673 727
673 673
673 751
673 688
673 798
674 766
674 747
675 786
675 793
675 700
675 675
675 711
675 760
675 796
675 688
676 772
676 744
676 705
677 770
677 780
677 792
677 744
677 677
677 729
677 746
678 714
678 759
678 767
678 678
678 706
678 739
678 743
679 679
679 685
679 716
680 680
680 701
680 735
680 763
681 707
681 717
681 732
681 681
681 701
682 790
682 754
682 733
683 731
683 781
683 683
683 777
683 749
684 759
684 684
684 765
684 767
684 706
684 739
685 685
685 711
685 744
686 686
686 769
687 719
687 687
687 707
688 688
688 723
688 727
688 751
689 705
689 689
689 761
690 690
690 718
690 749
690 704
690 719
690 697
691 698
691 730
692 699
692 694
693 776
693 783
693 789
693 693
693 697
693 703
694 699
695 775
695 695
695 712
695 734
696 717
696 771
696 791
696 696
696 762
696 746
697 718
697 749
697 704
698 698
698 762
699 745
699 716
700 786
700 793
700 796
700 760
700 788
700 711
700 725
701 728
701 701
701 763
702 779
702 702
702 748
703 783
703 789
704 718
705 772
705 705
706 759
706 765
706 767
706 743
706 739
707 788
707 732
707 707
707 717
707 764
708 779
708 753
709 771
709 791
709 762
709 758
710 773
710 795
710 724
710 720
710 794
711 711
711 796
711 725
711 783
712 775
712 743
712 734
713 778
713 713
714 743
714 767
714 759
714 739
714 714
714 765
717 788
717 717
717 764
717 745
717 732
718 718
720 773
720 794
720 795
720 724
721 721
722 800
722 745
722 738
722 787
722 775
723 789
723 727
724 773
724 794
724 795
724 724
725 786
725 796
725 725
726 733
726 777
726 737
726 726
726 775
728 728
728 763
729 770
729 780
729 746
729 729
729 744
729 797
731 781
731 731
732 788
732 732
733 790
733 733
734 775
735 763
737 798
737 777
738 787
738 800
738 738
738 764
739 789
739 743
739 759
739 781
740 756
741 770
741 780
741 792
741 744
743 767
743 743
743 765
744 770
744 780
744 792
744 746
745 787
745 800
745 745
746 770
747 766
747 797
748 755
748 779
750 774
750 784
750 750
750 797
750 752
750 768
752 774
752 797
752 752
752 784
752 768
753 769
753 761
754 790
755 779
757 781
758 771
758 791
758 758
759 759
760 786
760 793
760 796
762 771
764 788
765 767
766 766
767 775
768 774
768 784
770 770
770 780
770 792
771 771
771 791
771 777
772 772
773 773
773 794
774 797
775 788
776 789
776 783
776 776
777 785
777 798
777 777
779 779
780 795
780 792
781 781
782 782
783 783
783 789
783 791
784 784
784 797
785 785
785 798
786 796
786 793
786 786
787 800
787 787
788 788
788 789
790 790
791 791
793 793
793 796
794 794
794 795
795 795
797 797
798 798
800 800
