800 11408
1 673
1 403
1 190
1 611
1 536
1 149
1 166
1 439
1 161
1 1
1 198
1 682
1 754
1 791
1 632
1 756
1 237
1 172
1 353
1 165
1 318
1 580
1 451
1 272
1 30
1 569
1 89
2 40
2 270
2 401
2 205
2 304
2 294
2 755
2 2
2 410
2 520
2 267
2 651
2 42
2 272
2 588
2 387
2 792
2 235
2 623
2 352
2 772
2 200
2 521
2 450
2 33
2 693
2 251
2 171
3 366
3 68
3 800
3 404
3 616
3 250
3 487
3 650
3 488
3 325
3 513
3 782
3 452
3 168
3 664
3 107
3 17
3 113
3 73
3 712
3 473
3 3
3 594
3 494
3 619
3 118
3 318
3 691
3 119
4 260
4 554
4 258
4 529
4 111
4 431
4 62
4 438
4 209
4 551
4 691
4 14
4 608
4 263
4 704
4 522
4 444
4 36
4 531
4 595
4 703
4 335
4 70
4 353
4 445
4 785
4 670
4 503
4 644
4 309
4 49
5 787
5 632
5 550
5 206
5 258
5 770
5 514
5 581
5 391
5 736
5 743
5 78
5 789
5 341
5 717
5 25
5 5
5 645
5 312
5 727
5 738
5 450
5 117
5 489
5 526
5 289
5 83
5 483
5 740
6 780
6 794
6 789
6 261
6 134
6 773
6 133
6 562
6 288
6 6
6 345
6 247
6 95
6 18
6 45
6 275
6 627
6 181
6 216
6 379
6 142
6 314
6 671
6 218
6 143
6 469
6 604
6 221
6 243
6 126
6 186
7 386
7 132
7 262
7 628
7 578
7 779
7 788
7 29
7 51
7 609
7 729
7 618
7 533
7 330
7 7
7 367
7 277
7 409
7 687
7 152
7 321
7 432
7 222
7 575
7 663
8 626
8 458
8 796
8 786
8 653
8 597
8 8
8 437
8 501
8 731
8 784
8 678
8 163
8 668
8 337
8 344
8 282
8 393
8 293
8 565
8 46
8 387
8 531
8 238
8 521
8 398
8 417
8 503
8 654
8 745
9 647
9 188
9 465
9 301
9 10
9 450
9 766
9 683
9 120
9 291
9 681
9 728
9 159
9 176
9 331
9 506
9 640
9 303
9 9
9 197
9 230
9 223
9 580
9 402
9 777
9 598
9 746
9 620
9 112
9 731
9 428
10 470
10 728
10 10
10 640
10 766
10 598
10 291
10 490
10 303
10 120
10 331
10 230
10 746
10 681
10 197
10 506
10 159
10 602
10 301
10 450
10 365
10 17
10 318
10 777
10 683
10 465
10 750
10 477
10 666
10 244
10 213
11 16
11 515
11 260
11 228
11 594
11 271
11 11
11 351
11 613
11 229
11 599
11 585
11 576
11 555
11 590
11 108
11 326
11 349
11 343
11 492
11 642
11 204
11 282
11 58
11 449
11 584
11 481
11 103
11 125
11 562
11 340
12 559
12 774
12 392
12 162
12 370
12 739
12 93
12 12
12 726
12 226
12 49
12 164
12 708
12 191
12 26
12 50
12 607
12 432
12 90
12 737
12 707
12 733
12 713
12 436
12 144
12 561
12 593
12 340
13 605
13 649
13 372
13 421
13 200
13 468
13 273
13 554
13 583
13 170
13 48
13 238
13 201
13 456
13 53
13 689
13 13
13 206
13 550
13 396
13 183
13 275
13 760
13 797
13 424
13 441
13 67
13 227
13 485
13 296
13 277
14 263
14 522
14 36
14 209
14 258
14 335
14 96
14 551
14 444
14 62
14 503
14 431
14 691
14 529
14 14
14 531
14 670
14 704
14 111
14 608
14 15
14 652
14 106
14 438
14 703
14 595
14 727
15 486
15 771
15 389
15 361
15 548
15 323
15 119
15 15
15 306
15 212
15 413
15 41
15 110
15 157
15 158
15 758
15 502
15 671
15 223
15 577
15 469
15 129
15 333
15 557
15 692
15 56
16 61
16 259
16 187
16 43
16 545
16 175
16 750
16 523
16 405
16 629
16 57
16 179
16 98
16 373
16 16
16 218
16 698
16 63
16 369
16 735
16 420
16 20
16 565
16 31
16 419
16 254
16 510
16 62
16 314
17 741
17 513
17 650
17 782
17 800
17 17
17 664
17 225
17 404
17 118
17 250
17 488
17 616
17 619
17 107
17 487
17 452
17 712
17 591
17 131
17 193
17 62
17 325
17 68
17 73
17 473
17 113
18 768
18 445
18 76
18 261
18 773
18 133
18 142
18 143
18 18
18 423
18 181
18 562
18 134
18 216
18 247
18 275
18 627
18 345
18 288
18 221
18 729
18 206
18 188
18 45
18 255
19 797
19 349
19 516
19 264
19 394
19 527
19 463
19 742
19 234
19 775
19 219
19 381
19 466
19 603
19 543
19 546
19 21
19 199
19 710
19 573
19 92
19 684
19 389
19 467
19 451
19 150
19 109
19 512
19 462
20 565
20 527
20 385
20 428
20 314
20 64
20 505
20 732
20 571
20 308
20 601
20 382
20 60
20 720
20 665
20 455
20 406
20 327
20 39
20 359
20 694
20 212
20 738
20 44
20 167
20 58
20 575
20 633
20 596
20 136
20 659
21 135
21 515
21 775
21 264
21 394
21 527
21 234
21 199
21 516
21 603
21 543
21 710
21 219
21 512
21 21
21 573
21 546
21 109
21 684
21 742
21 306
21 644
21 446
21 667
21 92
21 455
21 370
22 784
22 130
22 266
22 278
22 182
22 213
22 630
22 189
22 761
22 702
22 255
22 508
22 733
22 685
22 97
22 763
22 695
22 430
22 22
22 224
22 713
22 513
22 44
22 36
22 716
22 79
22 246
22 164
23 131
23 780
23 781
23 534
23 188
23 329
23 448
23 500
23 589
23 61
23 54
23 363
23 442
23 204
23 443
23 23
23 256
23 310
23 496
23 749
23 797
23 474
23 602
23 457
23 440
23 202
23 231
23 368
24 129
24 49
24 530
24 276
24 407
24 127
24 659
24 371
24 411
24 429
24 299
24 94
24 747
24 460
24 538
24 494
24 657
24 564
24 722
24 305
24 24
24 498
24 551
24 191
24 539
24 714
24 461
24 253
25 31
25 712
25 516
25 391
25 341
25 509
25 480
25 717
25 289
25 312
25 581
25 526
25 78
25 483
25 738
25 770
25 514
25 740
25 462
25 743
25 789
25 180
25 488
25 703
25 83
25 215
25 566
25 223
25 494
26 501
26 456
26 85
26 757
26 392
26 144
26 593
26 162
26 164
26 707
26 432
26 561
26 737
26 74
26 50
26 26
26 340
26 226
26 726
26 739
26 45
26 503
26 268
26 49
26 191
26 708
26 370
26 339
27 474
27 390
27 776
27 138
27 140
27 524
27 362
27 507
27 91
27 27
27 752
27 705
27 104
27 232
27 295
27 436
27 637
27 82
27 621
27 112
27 375
27 442
27 199
27 38
27 37
27 100
27 620
27 241
27 377
27 143
27 247
28 399
28 518
28 265
28 268
28 528
28 535
28 427
28 284
28 660
28 171
28 380
28 549
28 596
28 169
28 117
28 570
28 472
28 121
28 28
28 185
28 290
28 373
28 397
28 352
28 300
28 184
29 482
29 234
29 743
29 386
29 132
29 262
29 779
29 788
29 533
29 277
29 663
29 152
29 281
29 409
29 330
29 618
29 687
29 367
29 493
29 578
29 628
29 761
29 520
29 489
29 51
29 732
30 792
30 403
30 149
30 791
30 536
30 611
30 30
30 165
30 632
30 166
30 754
30 198
30 89
30 237
30 172
30 756
30 569
30 353
30 682
30 439
30 492
30 417
30 639
30 161
30 673
30 35
30 190
30 112
31 259
31 523
31 405
31 43
31 218
31 750
31 510
31 179
31 98
31 735
31 419
31 373
31 606
31 629
31 57
31 420
31 698
31 31
31 545
31 175
31 478
31 92
31 63
31 254
31 565
31 493
31 185
31 429
32 648
32 137
32 154
32 798
32 415
32 614
32 474
32 71
32 675
32 475
32 355
32 80
32 744
32 605
32 544
32 610
32 709
32 32
32 451
32 52
32 759
32 72
32 751
32 507
32 724
32 115
32 791
32 198
32 241
32 689
32 608
32 663
32 491
33 465
33 387
33 517
33 520
33 651
33 272
33 401
33 792
33 410
33 352
33 235
33 772
33 294
33 205
33 42
33 40
33 693
33 304
33 33
33 267
33 41
33 744
33 635
33 588
33 623
33 755
33 617
34 80
34 643
34 388
34 141
34 783
34 402
34 146
34 612
34 354
34 34
34 338
34 753
34 214
34 484
34 615
34 547
34 764
34 641
34 553
34 787
34 217
34 449
34 554
34 626
34 207
34 91
35 403
35 149
35 791
35 536
35 673
35 754
35 756
35 632
35 190
35 318
35 161
35 569
35 237
35 172
35 198
35 682
35 89
35 35
35 611
35 439
35 312
35 234
35 132
35 166
35 353
35 677
36 263
36 522
36 785
36 531
36 444
36 431
36 335
36 608
36 438
36 551
36 503
36 529
36 691
36 36
36 704
36 111
36 209
36 62
36 670
36 773
36 456
36 469
36 703
36 96
37 331
37 218
37 373
37 390
37 776
37 138
37 140
37 524
37 436
37 752
37 621
37 377
37 295
37 705
37 637
37 100
37 104
37 91
37 37
37 112
37 188
37 615
37 358
37 82
37 232
37 362
37 620
37 241
37 375
37 507
37 642
37 83
37 762
38 653
38 398
38 786
38 282
38 668
38 417
38 163
38 293
38 678
38 565
38 393
38 501
38 194
38 344
38 38
38 521
38 337
38 46
38 437
38 597
38 205
38 647
38 399
38 481
38 533
39 153
39 703
39 236
39 367
39 406
39 665
39 505
39 633
39 167
39 428
39 58
39 694
39 359
39 732
39 489
39 601
39 327
39 382
39 575
39 308
39 60
39 743
39 262
39 248
39 571
39 455
39 720
40 387
40 772
40 517
40 520
40 651
40 267
40 270
40 272
40 792
40 294
40 623
40 410
40 251
40 205
40 401
40 588
40 304
40 755
40 693
40 235
40 362
40 109
40 497
40 352
40 789
41 98
41 507
41 771
41 389
41 158
41 758
41 692
41 313
41 548
41 212
41 110
41 123
41 157
41 119
41 413
41 323
41 306
41 193
41 577
41 557
41 60
41 353
41 563
41 56
41 223
42 777
42 387
42 772
42 517
42 520
42 651
42 267
42 270
42 272
42 401
42 410
42 294
42 755
42 304
42 235
42 352
42 205
42 693
42 251
42 623
42 701
42 475
42 641
42 588
42 468
42 278
43 523
43 545
43 420
43 373
43 259
43 179
43 698
43 369
43 750
43 63
43 175
43 57
43 629
43 43
43 187
43 419
43 218
43 735
43 254
43 388
43 60
43 263
43 606
43 98
43 600
43 410
43 183
43 512
44 294
44 118
44 595
44 778
44 395
44 654
44 532
44 279
44 418
44 348
44 220
44 44
44 81
44 662
44 357
44 374
44 65
44 718
44 336
44 210
44 147
44 50
44 524
44 444
44 572
44 586
44 88
44 628
45 214
45 480
45 261
45 134
45 773
45 142
45 275
45 288
45 627
45 181
45 379
45 133
45 45
45 243
45 247
45 216
45 221
45 562
45 126
45 183
45 302
45 295
45 469
45 345
45 95
45 94
46 73
46 521
46 653
46 398
46 393
46 786
46 796
46 282
46 194
46 678
46 417
46 565
46 437
46 731
46 344
46 163
46 337
46 458
46 293
46 501
46 520
46 748
46 598
46 597
47 401
47 352
47 257
47 136
47 139
47 537
47 556
47 174
47 433
47 47
47 122
47 66
47 435
47 298
47 511
47 233
47 309
47 491
47 566
47 701
47 459
47 564
47 172
47 519
47 59
47 723
47 725
47 499
47 494
48 598
48 792
48 338
48 396
48 273
48 421
48 550
48 424
48 554
48 468
48 227
48 441
48 53
48 170
48 200
48 183
48 238
48 689
48 583
48 201
48 48
48 713
48 637
48 67
48 456
48 206
48 210
48 528
48 139
48 127
49 392
49 162
49 164
49 432
49 561
49 50
49 607
49 707
49 726
49 49
49 340
49 739
49 93
49 774
49 593
49 144
49 90
49 370
49 226
49 246
49 708
49 74
49 737
50 497
50 774
50 392
50 144
50 162
50 164
50 432
50 561
50 708
50 90
50 593
50 340
50 370
50 226
50 726
50 739
50 607
50 707
50 299
50 447
50 181
50 74
50 93
51 452
51 622
51 132
51 788
51 533
51 277
51 663
51 152
51 281
51 409
51 687
51 779
51 51
51 321
51 330
51 618
51 578
51 757
51 609
51 425
51 750
51 749
51 729
52 399
52 154
52 798
52 415
52 544
52 675
52 559
52 115
52 709
52 71
52 80
52 475
52 605
52 744
52 648
52 614
52 137
52 759
52 610
52 52
52 624
52 659
52 702
52 451
52 724
52 474
52 355
52 412
52 598
52 209
53 649
53 396
53 421
53 550
53 424
53 554
53 689
53 583
53 200
53 441
53 170
53 238
53 201
53 273
53 372
53 183
53 53
53 227
53 485
53 331
53 293
53 135
53 67
53 456
53 206
53 468
53 409
53 371
54 131
54 780
54 781
54 534
54 797
54 202
54 440
54 310
54 368
54 204
54 54
54 256
54 443
54 61
54 749
54 231
54 329
54 448
54 589
54 496
54 536
54 716
54 778
54 188
54 500
54 615
54 427
54 130
54 361
55 446
55 365
55 187
55 600
55 519
55 397
55 793
55 426
55 178
55 563
55 706
55 333
55 715
55 625
55 70
55 55
55 384
55 658
55 86
55 332
55 378
55 696
55 467
55 104
55 322
55 477
55 482
55 760
55 757
55 432
56 709
56 218
56 590
56 670
56 718
56 300
56 389
56 158
56 671
56 413
56 548
56 557
56 306
56 692
56 361
56 313
56 56
56 223
56 110
56 650
56 610
56 126
56 577
56 323
56 212
56 758
56 119
56 173
57 523
57 405
57 545
57 419
57 179
57 369
57 175
57 510
57 57
57 218
57 63
57 420
57 606
57 750
57 98
57 629
57 254
57 698
57 403
57 716
57 438
57 187
57 735
57 350
58 385
58 406
58 665
58 167
58 428
58 694
58 327
58 64
58 720
58 575
58 314
58 505
58 601
58 382
58 633
58 308
58 455
58 359
58 732
58 191
58 759
58 776
58 60
59 679
59 352
59 334
59 576
59 189
59 257
59 136
59 537
59 174
59 435
59 309
59 566
59 186
59 66
59 701
59 122
59 491
59 725
59 298
59 59
59 181
59 564
59 643
59 580
59 723
59 499
59 511
59 274
60 443
60 749
60 325
60 583
60 385
60 406
60 167
60 308
60 694
60 327
60 489
60 601
60 571
60 382
60 428
60 732
60 633
60 60
60 139
60 793
60 314
60 64
60 455
60 359
61 486
61 131
61 780
61 781
61 534
61 797
61 310
61 442
61 188
61 589
61 749
61 61
61 496
61 440
61 329
61 363
61 368
61 202
61 500
61 407
61 736
61 448
61 256
61 175
61 114
62 522
62 785
62 531
62 670
62 551
62 431
62 691
62 438
62 444
62 335
62 595
62 703
62 96
62 258
62 209
62 529
62 263
62 503
62 645
62 433
62 704
62 275
62 66
63 408
63 259
63 523
63 405
63 419
63 420
63 175
63 179
63 698
63 187
63 735
63 373
63 606
63 629
63 218
63 369
63 63
63 149
63 598
63 399
63 98
63 254
63 510
63 524
64 145
64 755
64 385
64 406
64 665
64 167
64 428
64 308
64 694
64 571
64 455
64 489
64 64
64 314
64 575
64 720
64 327
64 732
64 230
64 139
64 231
64 359
64 633
64 435
64 538
65 547
65 438
65 395
65 652
65 654
65 147
65 148
65 532
65 662
65 418
65 572
65 220
65 357
65 586
65 778
65 374
65 210
65 88
65 336
65 65
65 665
65 504
65 237
65 718
65 81
65 348
66 225
66 257
66 136
66 139
66 537
66 298
66 556
66 174
66 433
66 435
66 309
66 566
66 186
66 701
66 233
66 491
66 66
66 122
66 723
66 130
66 749
66 580
66 459
66 725
67 135
67 649
67 396
67 273
67 421
67 424
67 554
67 183
67 441
67 468
67 238
67 689
67 485
67 67
67 200
67 227
67 550
67 456
67 409
67 230
67 360
67 583
67 201
67 206
67 502
68 513
68 650
68 782
68 664
68 800
68 168
68 325
68 473
68 68
68 73
68 712
68 488
68 616
68 113
68 225
68 487
68 591
68 107
68 404
68 101
68 503
68 77
68 118
68 250
68 263
69 153
69 283
69 287
69 676
69 679
69 686
69 558
69 696
69 699
69 574
69 471
69 208
69 114
69 72
69 383
69 242
69 87
69 624
69 69
69 719
69 75
69 737
69 155
69 453
69 600
69 366
69 751
69 124
69 477
69 277
69 143
69 714
70 188
70 207
70 519
70 397
70 426
70 563
70 322
70 793
70 482
70 70
70 715
70 760
70 178
70 477
70 106
70 498
70 622
70 86
70 333
70 706
70 462
70 547
70 774
70 711
70 625
70 384
70 596
71 648
71 399
71 154
71 798
71 415
71 544
71 675
71 559
71 451
71 80
71 115
71 709
71 744
71 137
71 759
71 355
71 474
71 71
71 475
71 276
71 327
71 572
71 605
71 610
71 124
72 153
72 283
72 287
72 676
72 686
72 558
72 696
72 699
72 574
72 242
72 208
72 624
72 87
72 679
72 471
72 366
72 124
72 75
72 72
72 95
72 225
72 148
72 719
72 751
72 114
72 383
73 588
73 513
73 650
73 782
73 664
73 800
73 325
73 712
73 487
73 452
73 73
73 616
73 118
73 473
73 591
73 107
73 225
73 168
73 797
73 688
73 488
73 619
73 250
73 394
74 200
74 345
74 774
74 144
74 162
74 164
74 432
74 191
74 707
74 340
74 726
74 607
74 370
74 90
74 93
74 561
74 226
74 708
74 593
74 413
74 350
74 536
74 737
74 151
75 301
75 153
75 283
75 287
75 679
75 686
75 696
75 699
75 574
75 114
75 471
75 208
75 624
75 600
75 366
75 383
75 719
75 676
75 751
75 124
75 350
75 134
75 716
75 242
75 517
75 322
75 414
76 769
76 794
76 541
76 286
76 674
76 677
76 567
76 445
76 324
76 666
76 631
76 99
76 76
76 248
76 721
76 495
76 478
76 240
76 85
76 734
76 236
76 670
76 139
76 261
77 795
77 412
77 292
77 177
77 434
77 307
77 316
77 196
77 638
77 470
77 741
77 592
77 77
77 160
77 634
77 626
77 211
77 280
77 101
77 376
77 446
77 764
77 588
77 701
77 635
77 699
77 147
77 216
78 652
78 770
78 645
78 391
78 526
78 789
78 581
78 717
78 462
78 341
78 312
78 740
78 514
78 743
78 727
78 509
78 215
78 480
78 736
78 738
78 399
78 129
78 554
78 483
78 575
79 419
79 730
79 668
79 519
79 426
79 760
79 380
79 130
79 278
79 182
79 695
79 189
79 702
79 713
79 716
79 685
79 213
79 224
79 266
79 630
79 97
79 783
79 693
79 372
79 246
79 761
79 255
80 648
80 399
80 154
80 798
80 415
80 544
80 675
80 559
80 451
80 474
80 137
80 115
80 744
80 759
80 709
80 610
80 80
80 724
80 508
80 647
80 475
80 605
80 355
80 208
80 782
80 421
80 701
81 487
81 395
81 652
81 147
81 532
81 662
81 572
81 718
81 336
81 374
81 654
81 220
81 586
81 81
81 790
81 102
81 357
81 418
81 778
81 265
81 123
81 376
81 88
81 348
82 390
82 776
82 138
82 524
82 295
82 436
82 620
82 91
82 232
82 362
82 637
82 375
82 100
82 377
82 705
82 82
82 140
82 112
82 621
82 85
82 570
82 200
82 507
82 95
83 514
83 645
83 789
83 289
83 312
83 717
83 581
83 391
83 215
83 341
83 509
83 743
83 740
83 483
83 770
83 736
83 727
83 83
83 526
83 267
83 643
83 738
83 330
84 547
84 463
84 220
84 661
84 542
84 799
84 680
84 297
84 560
84 180
84 568
84 700
84 447
84 319
84 582
84 467
84 479
84 244
84 745
84 765
84 364
84 497
84 623
84 372
84 122
84 222
84 360
84 639
84 407
84 722
85 112
85 769
85 794
85 541
85 286
85 414
85 674
85 296
85 425
85 567
85 324
85 721
85 669
85 666
85 631
85 248
85 445
85 734
85 495
85 478
85 746
85 419
85 240
85 461
86 519
86 397
86 793
86 563
86 715
86 333
86 86
86 178
86 332
86 482
86 106
86 322
86 426
86 498
86 625
86 477
86 760
86 622
86 706
86 89
86 357
86 659
86 570
87 451
87 153
87 283
87 287
87 676
87 679
87 696
87 699
87 574
87 719
87 208
87 600
87 124
87 471
87 87
87 686
87 114
87 366
87 558
87 232
87 505
87 782
87 624
87 242
87 383
87 497
87 571
87 268
88 523
88 395
88 652
88 654
88 147
88 148
88 662
88 790
88 418
88 572
88 586
88 210
88 279
88 348
88 778
88 102
88 220
88 532
88 718
88 312
88 463
88 477
88 357
88 535
89 791
89 536
89 161
89 165
89 166
89 682
89 172
89 439
89 318
89 754
89 198
89 237
89 673
89 403
89 569
89 89
89 756
89 190
89 647
89 599
89 597
89 353
89 564
90 146
90 437
90 343
90 392
90 162
90 561
90 707
90 340
90 726
90 93
90 164
90 607
90 593
90 774
90 226
90 739
90 432
90 191
90 519
90 508
90 590
90 370
91 239
91 390
91 776
91 138
91 140
91 524
91 436
91 705
91 621
91 104
91 362
91 507
91 620
91 637
91 91
91 377
91 295
91 752
91 123
91 379
91 100
91 241
91 112
91 375
92 559
92 728
92 498
92 516
92 775
92 264
92 394
92 527
92 150
92 667
92 543
92 684
92 710
92 199
92 463
92 466
92 219
92 234
92 381
92 567
92 200
92 589
92 742
92 512
92 745
93 774
93 392
93 144
93 164
93 432
93 561
93 191
93 593
93 726
93 162
93 737
93 707
93 607
93 340
93 739
93 708
93 370
93 536
93 749
93 412
94 446
94 741
94 294
94 786
94 659
94 276
94 539
94 299
94 688
94 305
94 564
94 714
94 722
94 494
94 657
94 530
94 253
94 538
94 342
94 94
94 335
94 215
94 747
95 598
95 575
95 261
95 134
95 773
95 142
95 288
95 423
95 181
95 345
95 604
95 247
95 143
95 216
95 133
95 562
95 243
95 627
95 275
95 122
95 610
95 379
95 126
95 157
96 378
96 258
96 263
96 522
96 529
96 785
96 531
96 670
96 431
96 438
96 703
96 704
96 335
96 209
96 595
96 551
96 691
96 111
96 444
96 739
96 256
96 356
96 511
97 235
97 527
97 327
97 130
97 266
97 278
97 685
97 430
97 182
97 695
97 189
97 702
97 713
97 716
97 213
97 733
97 224
97 255
97 508
97 128
97 202
97 444
97 658
97 761
97 763
98 259
98 523
98 545
98 419
98 420
98 175
98 179
98 218
98 606
98 735
98 98
98 750
98 629
98 373
98 510
98 187
98 570
98 354
98 369
98 344
98 273
98 583
98 729
99 283
99 519
99 711
99 769
99 794
99 666
99 541
99 286
99 414
99 669
99 674
99 677
99 296
99 425
99 567
99 445
99 324
99 721
99 478
99 734
99 99
99 543
99 161
99 236
99 248
99 788
100 610
100 329
100 390
100 776
100 138
100 140
100 524
100 295
100 436
100 705
100 104
100 377
100 507
100 637
100 620
100 375
100 112
100 752
100 317
100 175
100 527
100 232
100 362
100 241
100 381
100 357
100 628
101 647
101 408
101 795
101 412
101 160
101 292
101 177
101 434
101 316
101 579
101 196
101 592
101 211
101 470
101 741
101 638
101 634
101 635
101 307
101 101
101 375
101 315
101 158
101 626
101 376
101 736
101 413
102 463
102 778
102 652
102 654
102 147
102 662
102 279
102 790
102 572
102 586
102 718
102 210
102 532
102 348
102 220
102 148
102 336
102 357
102 374
102 418
102 414
102 732
102 781
103 355
103 515
103 260
103 271
103 555
103 449
103 326
103 584
103 585
103 590
103 594
103 599
103 343
103 349
103 228
103 613
103 229
103 125
103 351
103 642
103 103
103 279
103 513
104 230
104 390
104 776
104 138
104 140
104 295
104 436
104 232
104 524
104 752
104 104
104 112
104 362
104 637
104 620
104 621
104 377
104 208
104 567
104 689
104 507
105 452
105 551
105 595
105 607
105 525
105 269
105 656
105 274
105 151
105 416
105 422
105 173
105 690
105 311
105 697
105 317
105 328
105 587
105 346
105 203
105 350
105 453
105 194
105 175
105 640
106 519
106 397
106 793
106 322
106 706
106 711
106 715
106 332
106 333
106 477
106 622
106 760
106 178
106 658
106 498
106 378
106 563
106 384
106 106
106 202
106 615
106 461
106 700
107 777
107 650
107 404
107 664
107 800
107 168
107 452
107 712
107 591
107 473
107 225
107 616
107 488
107 619
107 513
107 113
107 487
107 107
107 653
107 120
107 118
107 250
107 174
107 361
108 647
108 211
108 642
108 515
108 271
108 584
108 585
108 599
108 349
108 351
108 228
108 613
108 229
108 492
108 108
108 555
108 590
108 449
108 481
108 326
108 394
108 706
108 235
108 125
109 318
109 516
109 775
109 394
109 667
109 543
109 684
109 573
109 710
109 463
109 466
109 603
109 742
109 234
109 264
109 150
109 109
109 512
109 185
109 549
109 232
110 777
110 218
110 219
110 290
110 771
110 389
110 157
110 158
110 413
110 557
110 692
110 193
110 323
110 223
110 502
110 671
110 123
110 577
110 110
110 641
110 263
110 758
110 119
110 276
111 285
111 420
111 155
111 613
111 258
111 263
111 529
111 785
111 531
111 670
111 551
111 691
111 438
111 444
111 703
111 704
111 335
111 209
111 595
111 728
111 239
111 503
112 682
112 390
112 776
112 138
112 140
112 524
112 295
112 436
112 705
112 232
112 362
112 620
112 621
112 752
112 241
112 637
112 571
112 528
112 156
112 427
113 177
113 650
113 782
113 404
113 800
113 168
113 325
113 712
113 225
113 487
113 619
113 591
113 488
113 664
113 513
113 616
113 473
113 113
113 373
113 522
113 514
114 153
114 283
114 287
114 676
114 679
114 686
114 558
114 699
114 574
114 208
114 471
114 366
114 751
114 624
114 242
114 600
114 719
114 383
114 180
114 400
114 508
115 648
115 137
115 399
115 154
115 798
115 415
115 544
115 675
115 559
115 451
115 709
115 724
115 474
115 605
115 355
115 614
115 475
115 115
115 134
115 515
115 759
115 220
116 646
116 135
116 655
116 400
116 145
116 285
116 672
116 552
116 302
116 454
116 457
116 464
116 486
116 748
116 365
116 239
116 252
116 129
116 249
116 245
116 358
116 476
116 506
116 311
116 226
116 768
116 667
117 252
117 528
117 660
117 535
117 284
117 290
117 169
117 171
117 184
117 596
117 472
117 156
117 192
117 121
117 549
117 265
117 268
117 427
117 380
117 300
117 744
117 661
117 640
117 690
118 513
118 650
118 782
118 404
118 664
118 168
118 452
118 325
118 712
118 591
118 473
118 487
118 619
118 118
118 616
118 225
118 571
118 758
118 250
118 481
119 800
119 478
119 297
119 130
119 771
119 389
119 157
119 671
119 413
119 548
119 557
119 306
119 313
119 323
119 361
119 758
119 158
119 123
119 168
119 658
120 777
120 540
120 159
120 681
120 683
120 301
120 176
120 197
120 331
120 598
120 728
120 602
120 230
120 490
120 291
120 766
120 465
120 506
120 640
120 450
120 384
120 516
120 130
120 482
120 571
120 607
121 196
121 405
121 518
121 268
121 660
121 535
121 284
121 156
121 290
121 427
121 300
121 185
121 570
121 596
121 504
121 549
121 184
121 171
121 121
121 449
121 301
121 442
121 380
121 191
122 610
122 600
122 625
122 745
122 257
122 139
122 537
122 298
122 556
122 174
122 433
122 435
122 186
122 701
122 580
122 459
122 723
122 499
122 752
122 669
122 511
123 536
123 567
123 142
123 627
123 671
123 413
123 548
123 557
123 692
123 313
123 193
123 577
123 323
123 212
123 361
123 502
123 157
123 721
123 606
123 700
124 160
124 153
124 283
124 287
124 679
124 686
124 558
124 696
124 699
124 719
124 208
124 366
124 751
124 383
124 574
124 600
124 124
124 292
124 159
124 550
124 479
125 642
125 515
125 260
125 271
125 555
125 576
125 449
125 590
125 594
125 599
125 343
125 349
125 351
125 228
125 585
125 492
125 229
125 613
125 326
125 660
125 331
125 764
125 372
125 367
125 628
126 261
126 773
126 133
126 143
126 275
126 288
126 423
126 216
126 221
126 627
126 604
126 247
126 243
126 126
126 345
126 562
126 181
126 379
126 237
126 697
126 651
126 380
126 309
127 141
127 731
127 657
127 530
127 659
127 407
127 539
127 299
127 429
127 688
127 305
127 714
127 461
127 722
127 747
127 494
127 253
127 460
127 127
127 276
127 402
127 467
128 650
128 130
128 266
128 767
128 685
128 430
128 182
128 702
128 716
128 213
128 224
128 246
128 763
128 508
128 255
128 189
128 713
128 278
128 695
128 630
128 761
128 309
128 200
128 796
128 164
129 285
129 672
129 358
129 476
129 552
129 748
129 454
129 768
129 646
129 302
129 636
129 239
129 135
129 245
129 464
129 129
129 400
129 457
129 486
129 655
129 252
129 697
129 545
129 145
129 365
129 249
129 161
129 206
129 727
129 186
130 631
130 246
130 189
130 430
130 761
130 508
130 763
130 255
130 695
130 767
130 213
130 130
130 278
130 266
130 702
130 630
130 650
130 685
130 182
130 713
130 733
130 224
131 749
131 781
131 131
131 256
131 534
131 368
131 442
131 202
131 363
131 496
131 204
131 797
131 780
131 329
131 448
131 188
131 589
131 231
131 692
131 544
131 757
131 310
131 440
131 443
131 500
131 194
131 441
131 799
131 695
132 651
132 386
132 262
132 757
132 663
132 330
132 367
132 493
132 628
132 618
132 321
132 277
132 687
132 788
132 409
132 609
132 281
132 132
132 157
132 652
132 533
132 152
132 578
132 729
133 168
133 391
133 261
133 134
133 773
133 143
133 247
133 379
133 288
133 469
133 423
133 604
133 133
133 142
133 221
133 275
133 243
133 345
133 659
133 409
133 197
133 562
133 181
133 216
134 675
134 681
134 423
134 627
134 143
134 275
134 604
134 562
134 288
134 181
134 261
134 379
134 773
134 247
134 469
134 134
134 466
134 437
134 142
134 216
134 221
134 243
135 646
135 135
135 768
135 365
135 145
135 655
135 464
135 476
135 285
135 252
135 400
135 358
135 249
135 302
135 672
135 636
135 454
135 552
135 245
135 651
135 457
135 486
135 377
136 509
136 423
136 257
136 309
136 435
136 433
136 580
136 298
136 725
136 136
136 511
136 139
136 491
136 499
136 556
136 174
136 459
136 233
136 361
136 561
136 537
136 566
136 186
136 701
137 648
137 798
137 475
137 744
137 724
137 675
137 544
137 610
137 451
137 614
137 559
137 709
137 474
137 154
137 355
137 137
137 605
137 759
137 399
137 725
137 391
137 287
137 415
137 800
137 793
137 518
137 213
138 390
138 140
138 752
138 241
138 507
138 362
138 776
138 375
138 377
138 621
138 138
138 295
138 637
138 705
138 629
138 503
138 502
138 524
138 436
138 232
138 620
138 742
139 280
139 205
139 617
139 573
139 257
139 309
139 725
139 566
139 491
139 459
139 433
139 723
139 174
139 186
139 580
139 460
139 774
139 537
139 298
139 556
139 701
140 188
140 390
140 776
140 621
140 241
140 752
140 507
140 295
140 375
140 705
140 620
140 377
140 140
140 637
140 541
140 619
140 561
140 436
140 232
140 362
141 755
141 641
141 643
141 388
141 146
141 207
141 484
141 553
141 338
141 354
141 730
141 217
141 753
141 141
141 617
141 402
141 783
141 764
141 334
141 155
141 428
141 365
141 787
141 547
141 214
141 612
141 615
141 794
141 323
142 604
142 216
142 345
142 288
142 562
142 247
142 181
142 773
142 261
142 379
142 423
142 627
142 469
142 275
142 142
142 426
142 368
142 143
142 221
142 278
143 759
143 261
143 773
143 469
143 604
143 143
143 275
143 243
143 221
143 181
143 562
143 345
143 423
143 247
143 627
143 727
143 379
143 537
143 212
144 355
144 155
144 403
144 631
144 306
144 774
144 392
144 593
144 561
144 739
144 370
144 144
144 226
144 737
144 607
144 340
144 334
144 595
144 571
144 162
144 432
144 191
144 707
145 307
145 646
145 655
145 672
145 464
145 285
145 302
145 249
145 457
145 476
145 358
145 486
145 454
145 252
145 636
145 768
145 145
145 239
145 202
145 160
145 552
145 748
145 245
145 676
145 783
145 338
145 193
146 239
146 641
146 643
146 388
146 783
146 402
146 617
146 484
146 217
146 612
146 354
146 338
146 547
146 787
146 764
146 146
146 155
146 730
146 334
146 587
146 631
147 684
147 395
147 652
147 654
147 374
147 336
147 357
147 532
147 220
147 586
147 778
147 348
147 572
147 147
147 148
147 279
147 210
147 719
147 548
147 662
147 418
147 718
147 526
147 269
148 706
148 715
148 652
148 336
148 532
148 790
148 279
148 778
148 654
148 586
148 662
148 572
148 374
148 418
148 220
148 348
148 357
148 395
148 557
148 511
148 601
148 718
148 472
148 758
149 798
149 403
149 682
149 149
149 569
149 166
149 611
149 754
149 353
149 536
149 237
149 632
149 190
149 756
149 172
149 318
149 791
149 407
149 767
149 672
149 673
149 165
149 439
149 198
150 672
150 755
150 599
150 424
150 468
150 516
150 775
150 264
150 527
150 543
150 466
150 381
150 150
150 394
150 684
150 199
150 710
150 512
150 234
150 744
150 530
150 169
150 667
150 546
150 573
150 219
150 603
150 742
150 312
150 491
151 221
151 548
151 525
151 269
151 697
151 350
151 203
151 311
151 320
151 173
151 690
151 274
151 656
151 453
151 416
151 356
151 328
151 315
151 347
151 587
151 422
151 448
151 201
151 317
151 339
152 383
152 386
152 779
152 533
152 277
152 663
152 493
152 409
152 609
152 628
152 788
152 729
152 152
152 262
152 757
152 618
152 321
152 774
152 378
152 270
152 367
153 679
153 558
153 208
153 366
153 471
153 686
153 696
153 153
153 751
153 574
153 676
153 624
153 719
153 383
153 287
153 434
153 230
153 283
153 699
153 600
153 242
153 799
153 290
153 499
154 648
154 399
154 759
154 415
154 154
154 724
154 355
154 744
154 605
154 798
154 709
154 614
154 610
154 451
154 474
154 616
154 750
154 546
154 544
154 675
154 559
154 475
154 312
154 386
155 641
155 783
155 402
155 214
155 617
155 338
155 730
155 643
155 553
155 354
155 764
155 547
155 753
155 484
155 615
155 612
155 334
155 388
155 217
155 683
155 178
155 564
156 683
156 436
156 796
156 704
156 518
156 265
156 268
156 528
156 535
156 284
156 300
156 185
156 171
156 290
156 549
156 184
156 192
156 596
156 427
156 504
156 660
156 176
156 312
156 570
156 472
157 743
157 729
157 771
157 389
157 157
157 548
157 502
157 361
157 323
157 758
157 306
157 193
157 223
157 577
157 692
157 158
157 413
157 429
157 339
157 671
157 557
157 407
157 714
158 235
158 785
158 633
158 379
158 433
158 771
158 389
158 413
158 158
158 223
158 548
158 671
158 502
158 692
158 306
158 343
158 732
158 271
158 557
158 313
158 193
158 577
158 212
158 361
159 777
159 540
159 506
159 159
159 301
159 291
159 766
159 640
159 490
159 683
159 176
159 197
159 602
159 465
159 303
159 331
159 230
159 746
159 318
159 731
159 542
159 450
159 598
159 728
159 758
160 647
160 280
160 795
160 412
160 592
160 376
160 408
160 434
160 177
160 635
160 292
160 307
160 470
160 626
160 196
160 316
160 446
160 638
160 634
160 211
160 160
160 697
160 579
160 741
160 462
161 403
161 791
161 536
161 166
161 237
161 632
161 754
161 318
161 682
161 198
161 569
161 439
161 190
161 353
161 161
161 611
161 756
161 165
161 445
161 365
161 673
161 172
161 776
161 281
162 729
162 345
162 499
162 774
162 392
162 340
162 432
162 162
162 737
162 726
162 593
162 708
162 707
162 561
162 645
162 601
162 476
162 164
162 739
162 311
163 510
163 521
163 653
163 398
163 393
163 784
163 282
163 796
163 668
163 417
163 293
163 344
163 731
163 337
163 786
163 501
163 437
163 458
163 194
163 597
163 529
163 746
163 699
163 678
163 565
163 723
164 797
164 691
164 609
164 392
164 739
164 708
164 370
164 707
164 774
164 726
164 593
164 561
164 191
164 164
164 281
164 340
164 607
164 737
164 226
165 741
165 673
165 172
165 318
165 569
165 682
165 190
165 756
165 611
165 754
165 536
165 198
165 403
165 632
165 237
165 166
165 353
165 469
165 394
165 448
166 403
166 791
166 673
166 632
166 353
166 439
166 237
166 318
166 756
166 682
166 172
166 611
166 166
166 536
166 185
166 487
166 549
166 569
166 190
166 521
166 546
167 385
167 665
167 575
167 308
167 314
167 167
167 455
167 720
167 489
167 428
167 694
167 406
167 505
167 327
167 732
167 382
167 601
167 429
167 616
167 681
167 571
167 633
167 181
167 191
168 513
168 650
168 404
168 664
168 800
168 487
168 488
168 452
168 225
168 168
168 616
168 782
168 250
168 712
168 591
168 473
168 210
168 412
168 325
168 619
168 483
169 207
169 518
169 265
169 268
169 528
169 660
169 535
169 284
169 290
169 549
169 427
169 184
169 596
169 472
169 169
169 300
169 380
169 171
169 603
169 766
169 608
169 185
169 504
170 368
170 569
170 599
170 649
170 396
170 273
170 421
170 550
170 554
170 227
170 201
170 170
170 456
170 468
170 372
170 206
170 200
170 485
170 689
170 183
170 791
170 643
170 393
170 441
170 583
170 238
170 622
170 738
170 428
171 520
171 518
171 265
171 268
171 528
171 660
171 535
171 284
171 427
171 596
171 171
171 472
171 185
171 192
171 504
171 300
171 549
171 553
171 578
171 184
171 380
172 270
172 403
172 791
172 536
172 673
172 754
172 756
172 611
172 569
172 237
172 353
172 632
172 198
172 439
172 393
172 306
172 208
172 190
172 318
172 770
173 525
173 269
173 656
173 416
173 422
173 690
173 697
173 339
173 274
173 311
173 203
173 173
173 587
173 315
173 320
173 317
173 347
173 356
173 350
173 421
173 288
173 453
173 346
174 680
174 180
174 508
174 257
174 537
174 298
174 556
174 723
174 499
174 511
174 459
174 491
174 725
174 233
174 435
174 186
174 193
174 651
174 433
174 309
174 566
174 371
175 259
175 523
175 405
175 545
175 420
175 373
175 218
175 750
175 254
175 179
175 175
175 698
175 419
175 735
175 629
175 369
175 354
175 181
175 187
175 606
175 510
175 250
175 441
176 291
176 681
176 303
176 450
176 746
176 197
176 766
176 490
176 728
176 683
176 176
176 465
176 506
176 301
176 230
176 640
176 540
176 331
176 716
176 717
176 196
176 602
177 647
177 408
177 280
177 292
177 316
177 434
177 634
177 795
177 579
177 307
177 470
177 446
177 635
177 638
177 592
177 626
177 412
177 196
177 376
177 666
177 482
177 211
177 741
177 699
177 738
178 612
178 591
178 519
178 397
178 658
178 793
178 322
178 482
178 622
178 477
178 426
178 498
178 378
178 178
178 711
178 333
178 760
178 706
178 625
178 384
178 467
178 239
178 332
178 289
178 203
178 747
179 744
179 746
179 259
179 523
179 405
179 419
179 420
179 369
179 606
179 218
179 179
179 373
179 510
179 750
179 335
179 792
179 757
179 698
179 209
179 203
179 747
180 485
180 445
180 240
180 661
180 542
180 799
180 680
180 297
180 497
180 360
180 244
180 745
180 479
180 222
180 467
180 195
180 447
180 180
180 458
180 752
180 700
180 582
180 364
180 639
181 750
181 597
181 261
181 773
181 288
181 423
181 562
181 221
181 247
181 604
181 345
181 243
181 275
181 455
181 741
181 469
181 627
182 352
182 603
182 266
182 685
182 430
182 508
182 246
182 763
182 255
182 630
182 278
182 761
182 702
182 189
182 716
182 713
182 695
182 277
182 269
182 402
182 213
183 635
183 241
183 649
183 396
183 421
183 424
183 689
183 468
183 372
183 200
183 273
183 583
183 441
183 485
183 238
183 201
183 183
183 797
183 456
183 227
184 217
184 601
184 265
184 268
184 660
184 535
184 284
184 549
184 300
184 427
184 528
184 192
184 380
184 472
184 290
184 596
184 504
184 310
184 429
184 605
184 185
185 434
185 518
185 268
185 528
185 660
185 535
185 284
185 300
185 472
185 570
185 265
185 427
185 290
185 380
185 476
185 767
185 192
185 596
185 504
186 507
186 257
186 537
186 298
186 511
186 433
186 725
186 459
186 186
186 723
186 309
186 499
186 566
186 233
186 580
186 335
186 701
186 491
187 440
187 259
187 523
187 405
187 545
187 419
187 420
187 698
187 373
187 606
187 187
187 369
187 254
187 735
187 750
187 510
187 658
187 393
187 218
187 629
187 764
187 703
188 634
188 780
188 781
188 310
188 440
188 442
188 443
188 188
188 534
188 256
188 363
188 202
188 589
188 749
188 329
188 448
188 204
188 368
188 369
188 335
188 562
189 751
189 266
189 767
189 685
189 695
189 716
189 761
189 246
189 224
189 278
189 713
189 189
189 430
189 255
189 733
189 702
189 645
189 786
189 213
189 630
189 763
190 536
190 673
190 439
190 569
190 198
190 682
190 791
190 756
190 353
190 754
190 632
190 403
190 190
190 597
190 411
190 267
190 237
190 578
191 197
191 227
191 319
191 392
191 726
191 607
191 370
191 432
191 226
191 593
191 774
191 191
191 340
191 739
191 559
191 707
191 708
192 626
192 231
192 696
192 536
192 437
192 674
192 662
192 268
192 528
192 660
192 535
192 290
192 427
192 300
192 570
192 380
192 472
192 549
192 307
192 465
192 306
192 596
192 504
193 685
193 771
193 389
193 413
193 548
193 557
193 323
193 692
193 313
193 306
193 193
193 671
193 361
193 502
193 541
193 669
193 758
194 651
194 653
194 398
194 393
194 784
194 786
194 282
194 796
194 668
194 417
194 293
194 731
194 344
194 337
194 194
194 521
194 678
194 437
194 746
194 258
194 458
194 597
194 501
195 783
195 210
195 644
195 542
195 799
195 297
195 560
195 700
195 447
195 680
195 765
195 244
195 745
195 364
195 639
195 195
195 582
195 360
195 497
195 661
195 419
195 694
195 385
195 467
195 222
195 479
196 647
196 280
196 412
196 434
196 316
196 446
196 579
196 211
196 376
196 470
196 638
196 795
196 292
196 741
196 592
196 408
196 307
196 196
196 419
196 626
196 634
197 540
197 291
197 681
197 683
197 301
197 450
197 230
197 197
197 640
197 777
197 490
197 602
197 506
197 598
197 746
197 303
197 351
197 611
197 331
197 465
197 766
197 217
197 737
198 791
198 536
198 682
198 756
198 632
198 673
198 237
198 439
198 569
198 198
198 353
198 611
198 403
198 222
198 598
198 754
198 586
199 516
199 775
199 527
199 667
199 543
199 684
199 573
199 710
199 463
199 394
199 381
199 234
199 219
199 466
199 264
199 742
199 512
199 777
199 439
199 378
199 603
199 320
200 649
200 396
200 273
200 421
200 550
200 456
200 201
200 554
200 689
200 441
200 227
200 583
200 485
200 424
200 707
200 770
200 468
200 431
201 412
201 396
201 273
201 421
201 550
201 424
201 554
201 441
201 206
201 201
201 649
201 583
201 689
201 456
201 679
201 343
201 258
201 468
201 227
201 485
201 238
201 511
202 780
202 781
202 534
202 310
202 440
202 442
202 443
202 329
202 202
202 368
202 797
202 589
202 204
202 749
202 500
202 530
202 235
202 215
202 496
202 256
202 740
203 653
203 773
203 221
203 656
203 274
203 690
203 311
203 697
203 317
203 328
203 203
203 320
203 356
203 269
203 350
203 416
203 762
203 339
203 315
203 452
203 347
204 780
204 781
204 534
204 797
204 310
204 440
204 442
204 443
204 448
204 329
204 500
204 496
204 231
204 363
204 368
204 589
204 204
204 247
204 679
204 749
204 256
204 671
204 342
205 387
205 772
205 517
205 520
205 651
205 267
205 270
205 272
205 792
205 410
205 294
205 304
205 693
205 205
205 235
205 588
205 352
205 249
205 658
205 755
205 413
206 772
206 641
206 649
206 421
206 550
206 554
206 441
206 583
206 227
206 273
206 424
206 456
206 485
206 689
206 372
206 238
206 635
206 680
207 646
207 641
207 643
207 388
207 783
207 402
207 787
207 547
207 553
207 615
207 612
207 764
207 617
207 730
207 484
207 753
207 217
207 207
207 214
207 755
207 354
207 356
208 310
208 283
208 676
208 686
208 558
208 696
208 574
208 719
208 383
208 242
208 699
208 751
208 471
208 679
208 624
208 322
208 427
208 600
208 366
208 716
209 287
209 267
209 258
209 522
209 785
209 531
209 431
209 691
209 438
209 444
209 335
209 703
209 551
209 503
209 670
209 263
209 634
209 430
209 224
210 440
210 363
210 368
210 271
210 778
210 654
210 532
210 790
210 418
210 718
210 336
210 210
210 662
210 279
210 395
210 584
210 570
211 647
211 408
211 280
211 795
211 412
211 292
211 434
211 307
211 316
211 446
211 579
211 592
211 470
211 741
211 634
211 376
211 638
211 541
211 689
211 358
211 236
212 751
212 568
212 604
212 309
212 725
212 389
212 671
212 413
212 548
212 577
212 323
212 313
212 758
212 306
212 771
212 223
212 607
212 623
212 361
212 315
212 539
213 474
213 614
213 706
213 266
213 767
213 695
213 702
213 716
213 713
213 763
213 508
213 278
213 733
213 246
213 685
213 649
213 224
214 626
214 245
214 641
214 643
214 388
214 402
214 787
214 547
214 553
214 334
214 338
214 764
214 484
214 730
214 217
214 612
214 783
214 615
214 339
214 774
214 617
214 721
214 360
214 300
215 606
215 576
215 514
215 391
215 526
215 789
215 289
215 581
215 717
215 462
215 341
215 727
215 509
215 480
215 215
215 736
215 770
215 378
215 493
215 799
215 740
215 743
216 521
216 462
216 779
216 618
216 261
216 275
216 562
216 469
216 627
216 288
216 345
216 216
216 247
216 423
216 678
216 235
216 604
216 221
216 379
217 242
217 641
217 643
217 388
217 783
217 402
217 787
217 547
217 334
217 338
217 217
217 753
217 615
217 730
217 617
217 598
217 354
217 293
217 622
217 543
218 259
218 523
218 405
218 419
218 420
218 698
218 629
218 218
218 735
218 510
218 545
218 369
218 606
218 343
219 516
219 775
219 264
219 394
219 527
219 667
219 543
219 546
219 684
219 573
219 710
219 466
219 381
219 463
219 603
219 742
219 219
219 459
219 261
219 234
220 442
220 337
220 778
220 395
220 652
220 654
220 532
220 279
220 790
220 586
220 718
220 336
220 220
220 374
220 348
220 710
220 357
220 657
221 674
221 261
221 773
221 288
221 423
221 345
221 604
221 275
221 627
221 379
221 469
221 243
221 349
222 553
222 644
222 661
222 799
222 680
222 297
222 560
222 568
222 700
222 447
222 582
222 319
222 765
222 244
222 745
222 364
222 639
222 479
222 370
222 724
222 797
222 360
222 630
223 517
223 617
223 771
223 692
223 577
223 557
223 758
223 306
223 389
223 313
223 361
223 502
223 323
223 413
223 639
223 688
224 266
224 767
224 278
224 685
224 702
224 713
224 716
224 733
224 763
224 430
224 630
224 508
224 246
224 695
224 255
224 758
224 645
224 761
225 513
225 650
225 782
225 664
225 800
225 452
225 325
225 712
225 473
225 616
225 619
225 487
225 404
225 488
225 250
225 582
225 750
225 265
226 728
226 444
226 284
226 548
226 774
226 708
226 607
226 340
226 593
226 226
226 392
226 279
226 714
226 651
226 739
226 370
226 688
227 649
227 396
227 273
227 421
227 424
227 554
227 689
227 583
227 441
227 372
227 456
227 550
227 485
227 530
227 657
227 346
228 642
228 515
228 260
228 271
228 555
228 576
228 326
228 584
228 585
228 590
228 594
228 599
228 343
228 351
228 228
228 229
228 449
228 379
228 499
228 387
228 519
228 426
229 267
229 642
229 515
229 260
229 271
229 555
229 576
229 449
229 326
229 585
229 590
229 594
229 343
229 349
229 599
229 351
229 584
229 481
229 629
229 609
229 617
229 492
230 540
230 291
230 681
230 683
230 303
230 450
230 331
230 598
230 602
230 777
230 230
230 640
230 301
230 465
230 506
230 749
230 282
230 746
230 490
230 766
230 362
230 372
231 780
231 781
231 534
231 797
231 310
231 440
231 442
231 443
231 448
231 329
231 500
231 496
231 589
231 231
231 363
231 749
231 368
231 550
231 724
231 405
231 796
231 661
232 420
232 390
232 776
232 436
232 241
232 621
232 375
232 620
232 752
232 377
232 524
232 362
232 705
232 644
232 682
232 563
232 637
232 720
232 392
232 370
233 464
233 698
233 793
233 711
233 667
233 257
233 537
233 298
233 556
233 433
233 435
233 566
233 459
233 723
233 725
233 233
233 579
233 349
233 538
233 491
233 253
234 516
234 775
234 264
234 527
234 667
234 543
234 546
234 573
234 603
234 512
234 394
234 742
234 381
234 684
234 595
234 704
234 389
234 774
235 517
235 520
235 651
235 270
235 272
235 401
235 792
235 410
235 294
235 304
235 267
235 755
235 251
235 387
235 772
235 588
235 361
235 623
235 481
235 684
235 535
236 448
236 621
236 573
236 769
236 794
236 666
236 414
236 669
236 674
236 677
236 296
236 425
236 567
236 445
236 734
236 286
236 248
236 495
236 721
236 631
236 702
237 403
237 791
237 536
237 673
237 682
237 569
237 318
237 353
237 439
237 632
237 611
237 320
237 556
237 665
237 754
238 442
238 731
238 396
238 273
238 421
238 550
238 424
238 554
238 689
238 583
238 456
238 485
238 468
238 785
238 278
238 561
238 512
238 469
238 265
238 411
239 434
239 646
239 655
239 400
239 285
239 552
239 302
239 457
239 476
239 486
239 358
239 365
239 768
239 464
239 239
239 636
239 454
239 245
239 647
239 252
239 249
239 353
239 790
239 480
240 259
240 678
240 794
240 541
240 286
240 414
240 669
240 674
240 296
240 425
240 445
240 721
240 478
240 495
240 666
240 631
240 324
240 769
240 567
240 240
240 331
240 248
241 768
241 390
241 776
241 524
241 295
241 436
241 705
241 362
241 620
241 752
241 375
241 507
241 377
241 637
241 600
241 593
242 287
242 676
242 679
242 558
242 696
242 699
242 574
242 719
242 600
242 366
242 686
242 624
242 283
242 242
242 770
242 693
242 388
242 248
242 357
243 647
243 387
243 382
243 261
243 773
243 275
243 288
243 423
243 562
243 469
243 345
243 604
243 627
243 247
243 691
243 666
243 456
243 379
244 644
244 542
244 799
244 680
244 560
244 700
244 319
244 467
244 479
244 360
244 497
244 297
244 582
244 639
244 765
244 447
244 364
244 661
244 605
244 772
245 646
245 655
245 400
245 672
245 552
245 302
245 454
245 457
245 464
245 476
245 486
245 358
245 748
245 365
245 252
245 285
245 245
245 405
245 636
245 768
245 668
245 492
245 472
245 761
246 310
246 773
246 266
246 767
246 278
246 685
246 430
246 695
246 733
246 630
246 702
246 761
246 508
246 713
246 583
246 683
246 466
246 255
247 292
247 664
247 261
247 773
247 275
247 288
247 423
247 562
247 627
247 379
247 615
247 685
247 723
248 541
248 286
248 414
248 669
248 674
248 296
248 567
248 445
248 734
248 631
248 794
248 677
248 721
248 478
248 324
248 666
248 769
248 762
248 678
249 646
249 655
249 400
249 285
249 672
249 552
249 454
249 464
249 476
249 358
249 748
249 365
249 252
249 486
249 768
249 302
249 249
249 739
249 326
249 636
250 513
250 404
250 664
250 452
250 325
250 712
250 591
250 487
250 616
250 488
250 619
250 250
250 800
250 564
250 313
250 794
251 735
251 387
251 517
251 651
251 267
251 270
251 272
251 401
251 410
251 294
251 693
251 623
251 520
251 588
251 304
251 352
251 772
251 251
251 261
251 473
251 371
252 655
252 400
252 285
252 672
252 552
252 302
252 454
252 464
252 476
252 486
252 358
252 365
252 748
252 768
252 646
252 481
252 472
252 636
252 500
252 364
253 791
253 279
253 657
253 530
253 407
253 411
253 539
253 688
253 305
253 722
253 494
253 371
253 538
253 253
253 342
253 276
253 429
253 564
253 500
253 669
254 259
254 523
254 545
254 419
254 420
254 698
254 735
254 629
254 373
254 750
254 254
254 606
254 405
254 369
254 401
254 780
254 321
255 785
255 266
255 767
255 278
255 430
255 695
255 702
255 713
255 685
255 733
255 508
255 255
255 648
255 281
256 780
256 781
256 534
256 797
256 310
256 442
256 448
256 329
256 589
256 496
256 368
256 443
256 500
256 749
256 440
256 654
256 450
256 579
256 495
256 321
256 257
257 531
257 537
257 580
257 725
257 298
257 433
257 459
257 491
257 511
257 723
257 499
257 309
257 566
257 535
257 437
257 556
257 313
258 475
258 691
258 785
258 703
258 529
258 551
258 258
258 438
258 608
258 263
258 431
258 704
258 522
258 595
258 531
258 361
258 474
258 670
259 302
259 373
259 629
259 698
259 510
259 750
259 545
259 405
259 420
259 369
259 606
259 259
259 319
259 344
259 523
259 623
259 734
260 624
260 507
260 642
260 515
260 576
260 584
260 594
260 492
260 271
260 260
260 481
260 326
260 351
260 349
260 449
260 585
260 655
260 688
260 590
260 599
260 343
260 563
261 261
261 423
261 627
261 379
261 562
261 604
261 345
261 310
261 711
261 773
261 275
262 420
262 386
262 330
262 493
262 628
262 729
262 687
262 409
262 578
262 788
262 618
262 281
262 262
262 609
262 367
262 321
262 663
262 277
262 480
262 476
262 278
262 779
262 533
262 339
263 273
263 691
263 531
263 335
263 785
263 703
263 670
263 503
263 595
263 444
263 551
263 704
263 529
263 263
263 637
263 624
263 522
263 431
263 438
263 381
264 516
264 775
264 684
264 667
264 546
264 381
264 463
264 512
264 742
264 573
264 543
264 466
264 710
264 603
264 264
264 591
264 683
264 315
264 527
264 702
265 440
265 683
265 756
265 625
265 505
265 518
265 549
265 300
265 535
265 528
265 660
265 380
265 284
265 290
265 570
265 472
265 615
265 268
265 596
265 504
266 457
266 716
266 733
266 430
266 713
266 266
266 278
266 763
266 508
266 685
266 767
266 470
266 445
266 323
266 695
266 761
267 387
267 772
267 517
267 520
267 792
267 755
267 401
267 294
267 304
267 267
267 693
267 588
267 651
267 352
267 272
267 270
267 455
267 623
267 613
268 488
268 554
268 518
268 472
268 660
268 300
268 596
268 504
268 427
268 284
268 528
268 549
268 570
268 338
268 359
268 535
268 290
268 317
269 302
269 349
269 702
269 525
269 422
269 453
269 315
269 317
269 690
269 656
269 320
269 346
269 587
269 328
269 350
269 697
269 311
269 416
269 383
269 407
269 274
269 347
270 735
270 387
270 772
270 651
270 520
270 792
270 401
270 588
270 304
270 352
270 410
270 517
270 693
270 272
270 294
270 484
270 278
270 623
270 535
271 642
271 599
271 492
271 271
271 349
271 585
271 590
271 613
271 576
271 584
271 481
271 343
271 555
271 326
271 569
271 738
271 594
271 406
272 772
272 517
272 651
272 272
272 294
272 792
272 387
272 623
272 693
272 520
272 401
272 588
272 609
272 628
272 604
272 410
272 304
272 352
272 755
273 649
273 396
273 424
273 468
273 485
273 550
273 441
273 421
273 456
273 372
273 554
273 273
273 583
273 781
273 689
273 341
274 710
274 662
274 277
274 525
274 656
274 422
274 274
274 762
274 347
274 339
274 350
274 416
274 320
274 317
274 697
274 328
274 346
274 315
274 336
274 301
274 690
274 587
275 675
275 288
275 469
275 275
275 345
275 604
275 423
275 773
275 576
275 286
275 562
275 379
275 315
276 290
276 278
276 737
276 530
276 657
276 342
276 494
276 714
276 460
276 411
276 461
276 429
276 305
276 659
276 688
276 299
276 538
276 276
276 771
276 605
276 747
277 779
277 788
277 321
277 409
277 618
277 687
277 628
277 757
277 386
277 367
277 330
277 533
277 277
277 729
277 578
277 281
277 609
277 493
278 669
278 767
278 630
278 278
278 685
278 763
278 733
278 702
278 713
278 761
278 430
278 695
278 716
278 508
278 389
279 488
279 293
279 550
279 778
279 395
279 654
279 532
279 662
279 357
279 586
279 790
279 374
279 348
279 418
279 718
279 652
279 650
279 283
279 572
279 336
280 647
280 408
280 307
280 376
280 635
280 292
280 446
280 638
280 316
280 280
280 470
280 741
280 634
280 795
280 579
280 592
280 434
280 693
280 527
280 412
280 626
280 331
280 483
281 662
281 386
281 779
281 788
281 409
281 281
281 578
281 321
281 609
281 729
281 330
281 367
281 533
281 618
281 663
281 493
281 348
281 449
281 687
281 757
282 521
282 653
282 398
282 393
282 784
282 786
282 731
282 458
282 796
282 344
282 668
282 437
282 678
282 565
282 501
282 282
282 723
282 642
282 492
282 417
282 293
282 337
282 760
282 298
283 471
283 624
283 679
283 699
283 283
283 287
283 574
283 558
283 676
283 686
283 719
283 696
283 366
283 418
283 733
283 600
283 383
283 643
283 334
283 702
284 679
284 543
284 518
284 660
284 535
284 549
284 427
284 290
284 300
284 528
284 504
284 380
284 596
284 597
284 771
284 570
284 713
285 646
285 400
285 365
285 457
285 672
285 655
285 285
285 302
285 552
285 636
285 748
285 476
285 454
285 358
285 662
285 417
285 486
285 450
285 558
286 769
286 666
286 495
286 541
286 794
286 414
286 734
286 567
286 669
286 631
286 445
286 425
286 478
286 721
286 286
286 296
286 665
286 485
286 694
286 677
286 324
287 698
287 600
287 696
287 719
287 699
287 686
287 574
287 366
287 287
287 676
287 751
287 290
287 490
287 679
287 558
287 471
287 624
287 383
288 582
288 773
288 379
288 288
288 423
288 469
288 627
288 562
288 665
288 737
288 675
288 345
288 580
288 422
289 552
289 770
289 514
289 645
289 391
289 526
289 789
289 509
289 312
289 740
289 736
289 717
289 483
289 743
289 738
289 462
289 727
289 581
289 787
289 777
290 640
290 489
290 518
290 528
290 535
290 472
290 300
290 660
290 504
290 549
290 427
290 380
290 570
291 777
291 540
291 490
291 598
291 506
291 746
291 303
291 450
291 728
291 681
291 301
291 683
291 465
291 291
291 331
291 550
291 312
291 300
291 602
291 766
291 304
291 297
292 647
292 408
292 795
292 412
292 446
292 307
292 626
292 635
292 316
292 376
292 638
292 592
292 741
292 579
292 634
292 470
292 315
292 564
292 434
292 589
292 529
292 578
293 521
293 393
293 784
293 786
293 796
293 668
293 417
293 293
293 458
293 731
293 501
293 437
293 678
293 344
293 337
293 653
293 767
293 597
293 541
294 387
294 772
294 520
294 651
294 401
294 792
294 304
294 517
294 588
294 410
294 294
294 799
294 755
295 390
295 776
295 524
295 637
295 295
295 621
295 375
295 377
295 507
295 620
295 362
295 705
295 332
295 671
295 411
295 436
295 710
295 340
296 693
296 769
296 794
296 666
296 541
296 414
296 669
296 674
296 677
296 631
296 495
296 567
296 478
296 324
296 445
296 734
296 538
296 559
297 696
297 784
297 417
297 644
297 661
297 542
297 799
297 568
297 479
297 639
297 467
297 497
297 745
297 560
297 297
297 680
297 364
297 362
297 700
297 447
297 319
297 582
297 360
297 765
298 673
298 689
298 537
298 459
298 701
298 491
298 566
298 499
298 435
298 725
298 298
298 723
298 433
298 591
298 316
298 556
298 309
298 580
298 511
299 531
299 414
299 530
299 659
299 538
299 411
299 539
299 305
299 564
299 407
299 494
299 722
299 371
299 429
299 657
299 714
299 460
299 534
299 468
299 542
299 688
299 461
300 322
300 518
300 528
300 660
300 427
300 596
300 472
300 549
300 300
300 570
300 630
301 329
301 777
301 681
301 683
301 602
301 303
301 450
301 331
301 301
301 506
301 598
301 728
301 490
301 766
301 540
301 767
301 339
301 465
301 746
301 640
301 754
301 546
301 514
302 646
302 655
302 400
302 672
302 552
302 457
302 358
302 302
302 768
302 454
302 464
302 486
302 636
302 606
302 476
302 748
302 365
302 565
302 421
303 368
303 777
303 540
303 681
303 683
303 303
303 465
303 746
303 331
303 598
303 766
303 640
303 490
303 602
303 414
303 536
303 523
303 450
303 718
303 687
303 656
304 454
304 387
304 772
304 517
304 520
304 651
304 401
304 792
304 410
304 588
304 304
304 787
304 688
304 693
304 623
304 755
305 404
305 336
305 771
305 659
305 538
305 539
305 688
305 305
305 722
305 461
305 411
305 714
305 657
305 530
305 494
305 358
305 443
305 581
305 564
305 371
306 487
306 771
306 671
306 413
306 548
306 557
306 502
306 758
306 306
306 313
306 361
306 577
306 624
306 390
306 692
307 647
307 795
307 412
307 434
307 408
307 316
307 446
307 592
307 470
307 579
307 741
307 634
307 626
307 376
307 638
307 635
307 706
307 534
307 409
307 385
307 361
308 584
308 385
308 732
308 633
308 571
308 308
308 575
308 601
308 720
308 359
308 694
308 406
308 382
308 665
308 455
308 428
308 483
308 415
308 507
309 537
309 556
309 433
309 435
309 580
309 725
309 701
309 723
309 566
309 309
309 499
309 491
309 459
310 780
310 534
310 781
310 442
310 310
310 496
310 363
310 448
310 443
310 500
310 368
310 797
310 350
310 589
310 749
310 718
310 461
311 354
311 551
311 549
311 525
311 416
311 422
311 690
311 328
311 339
311 311
311 347
311 697
311 453
311 587
311 317
311 711
311 705
311 350
311 356
312 514
312 645
312 391
312 526
312 483
312 341
312 462
312 581
312 717
312 743
312 789
312 770
312 312
312 509
312 430
312 727
312 480
312 736
312 740
313 749
313 735
313 721
313 479
313 771
313 389
313 671
313 413
313 548
313 557
313 577
313 692
313 323
313 502
313 758
313 482
313 433
313 361
314 523
314 546
314 385
314 406
314 428
314 694
314 571
314 489
314 314
314 665
314 382
314 327
314 601
314 505
314 359
314 575
314 455
314 441
314 768
314 720
314 732
314 633
315 664
315 403
315 661
315 525
315 656
315 416
315 422
315 690
315 315
315 587
315 350
315 762
315 453
315 328
315 527
315 317
315 339
315 346
315 347
316 647
316 408
316 795
316 412
316 434
316 579
316 376
316 626
316 634
316 470
316 316
316 446
316 367
316 443
316 437
316 611
316 333
316 789
316 609
317 558
317 359
317 504
317 525
317 416
317 422
317 690
317 697
317 346
317 762
317 347
317 317
317 341
317 542
317 328
317 587
317 339
318 331
318 403
318 791
318 673
318 682
318 439
318 536
318 353
318 756
318 318
318 595
318 459
319 421
319 706
319 644
319 661
319 799
319 680
319 560
319 568
319 700
319 447
319 497
319 360
319 364
319 479
319 319
319 467
319 765
319 327
319 601
319 639
319 695
320 524
320 666
320 472
320 525
320 656
320 416
320 422
320 697
320 346
320 356
320 347
320 587
320 339
320 762
320 320
320 453
320 342
320 432
320 328
321 730
321 324
321 386
321 779
321 788
321 533
321 663
321 409
321 687
321 729
321 757
321 493
321 628
321 367
321 713
321 525
321 618
321 505
322 519
322 397
322 658
322 793
322 426
322 563
322 706
322 332
322 477
322 711
322 322
322 625
322 622
322 333
322 715
322 498
322 482
322 577
322 503
323 655
323 489
323 671
323 413
323 557
323 758
323 692
323 502
323 577
323 361
323 323
323 761
324 792
324 769
324 794
324 666
324 541
324 414
324 669
324 674
324 677
324 425
324 567
324 445
324 734
324 324
324 721
324 495
324 565
324 706
324 631
324 560
324 687
324 737
325 782
325 404
325 800
325 452
325 488
325 616
325 487
325 513
325 591
325 473
325 619
325 325
325 692
325 444
325 712
325 492
325 717
326 642
326 515
326 576
326 449
326 343
326 599
326 492
326 585
326 351
326 326
326 613
326 590
326 349
326 481
326 623
326 342
326 625
326 584
326 725
326 726
326 530
327 406
327 665
327 428
327 694
327 571
327 455
327 382
327 359
327 489
327 385
327 505
327 575
327 601
327 353
327 794
327 720
327 732
327 633
327 762
328 366
328 525
328 656
328 416
328 422
328 690
328 350
328 356
328 762
328 339
328 587
328 328
328 607
328 330
328 636
328 346
329 780
329 781
329 534
329 797
329 440
329 442
329 443
329 448
329 496
329 363
329 368
329 749
329 329
329 658
330 514
330 391
330 386
330 779
330 788
330 533
330 663
330 578
330 687
330 628
330 757
330 618
330 330
330 409
330 682
330 434
330 729
330 609
331 777
331 540
331 681
331 450
331 506
331 598
331 766
331 331
331 640
331 602
331 490
331 465
331 728
331 599
331 568
331 533
332 592
332 636
332 519
332 397
332 658
332 793
332 426
332 563
332 711
332 715
332 498
332 477
332 378
332 760
332 333
332 706
332 622
332 712
332 766
332 735
332 466
332 778
332 697
333 519
333 397
333 793
333 426
333 563
333 706
333 711
333 760
333 482
333 715
333 477
333 622
333 384
333 625
333 378
333 651
333 656
333 498
334 643
334 388
334 783
334 787
334 547
334 553
334 641
334 334
334 753
334 764
334 612
334 730
334 484
334 338
334 354
334 402
334 393
334 617
334 385
334 346
335 588
335 449
335 529
335 785
335 531
335 670
335 551
335 691
335 438
335 444
335 703
335 503
335 595
335 681
335 385
335 608
335 739
336 458
336 778
336 395
336 652
336 654
336 532
336 662
336 790
336 418
336 572
336 586
336 718
336 336
336 372
336 460
336 357
337 400
337 612
337 653
337 393
337 786
337 668
337 417
337 678
337 437
337 565
337 458
337 337
337 398
337 731
337 442
337 695
337 344
337 501
338 544
338 629
338 641
338 643
338 388
338 402
338 787
338 547
338 553
338 615
338 338
338 764
338 753
338 783
338 360
338 730
338 612
338 484
338 617
338 359
339 525
339 656
339 416
339 422
339 690
339 697
339 453
339 587
339 346
339 356
339 686
340 415
340 376
340 774
340 392
340 561
340 708
340 593
340 707
340 432
340 726
340 737
340 607
340 459
341 541
341 770
341 514
341 645
341 391
341 526
341 789
341 581
341 462
341 738
341 740
341 509
341 341
341 727
341 743
341 571
341 504
341 480
341 483
342 520
342 787
342 436
342 428
342 657
342 530
342 659
342 407
342 538
342 411
342 539
342 688
342 564
342 714
342 460
342 461
342 722
342 342
342 794
342 699
342 747
342 371
343 638
343 632
343 642
343 515
343 555
343 576
343 449
343 584
343 585
343 590
343 594
343 613
343 481
343 351
343 355
343 349
343 492
344 766
344 521
344 653
344 398
344 784
344 668
344 417
344 678
344 458
344 597
344 731
344 437
344 501
344 473
344 765
344 460
345 424
345 423
345 562
345 469
345 773
345 627
345 379
345 345
345 604
346 525
346 656
346 416
346 422
346 690
346 697
346 453
346 762
346 347
346 346
346 350
346 356
346 754
347 500
347 616
347 717
347 656
347 416
347 422
347 697
347 453
347 587
347 525
347 347
347 509
347 652
347 412
347 356
348 752
348 778
348 395
348 652
348 532
348 662
348 790
348 572
348 586
348 718
348 348
348 357
348 374
348 795
348 427
348 669
348 504
349 642
349 449
349 584
349 590
349 594
349 599
349 585
349 351
349 555
349 349
349 613
349 515
349 652
349 481
349 492
349 774
350 393
350 418
350 525
350 422
350 690
350 453
350 656
350 350
350 697
350 360
350 441
350 762
350 530
351 724
351 373
351 574
351 515
351 576
351 449
351 585
351 594
351 555
351 590
351 599
351 492
351 613
351 644
351 468
351 680
351 481
352 750
352 387
352 772
352 517
352 520
352 651
352 792
352 410
352 693
352 588
352 352
352 755
352 401
352 786
352 608
352 360
353 403
353 791
353 439
353 756
353 611
353 632
353 353
353 682
353 587
353 616
353 754
353 393
354 623
354 388
354 783
354 402
354 787
354 553
354 612
354 643
354 547
354 641
354 730
354 617
354 484
354 565
354 405
354 615
354 764
354 362
354 381
355 648
355 399
355 798
355 415
355 544
355 675
355 559
355 451
355 709
355 474
355 610
355 744
355 759
355 724
355 475
355 784
355 683
355 558
355 723
356 592
356 655
356 464
356 525
356 656
356 416
356 422
356 697
356 453
356 356
356 762
356 611
356 494
357 778
357 395
357 654
357 662
357 718
357 357
357 586
357 418
357 374
357 572
357 379
358 646
358 655
358 400
358 457
358 464
358 476
358 748
358 552
358 365
358 636
358 486
358 358
358 536
358 463
358 497
359 385
359 406
359 665
359 428
359 571
359 575
359 720
359 601
359 732
359 694
359 505
359 359
359 382
359 415
360 700
360 582
360 467
360 479
360 542
360 745
360 680
360 360
360 644
360 364
360 799
360 639
360 466
361 771
361 671
361 413
361 557
361 692
361 389
361 577
362 776
362 524
362 436
362 507
362 377
362 375
362 621
362 752
362 620
362 749
362 637
363 797
363 440
363 442
363 443
363 448
363 589
363 496
363 534
363 780
363 749
363 368
363 781
363 363
363 652
363 679
363 500
363 459
363 416
364 800
364 644
364 661
364 542
364 799
364 680
364 560
364 700
364 447
364 582
364 467
364 479
364 364
364 639
364 511
364 491
364 765
364 379
365 646
365 655
365 400
365 672
365 552
365 454
365 457
365 464
365 476
365 486
365 748
365 365
365 373
365 700
365 768
365 439
366 676
366 686
366 696
366 574
366 719
366 471
366 600
366 558
366 679
366 624
366 699
366 567
366 751
366 383
366 637
367 795
367 512
367 743
367 386
367 779
367 788
367 533
367 663
367 409
367 578
367 618
367 609
367 493
367 756
367 628
368 780
368 781
368 797
368 442
368 589
368 749
368 496
368 448
368 443
368 534
368 500
368 394
368 578
369 523
369 405
369 545
369 419
369 420
369 698
369 750
369 373
369 735
369 510
369 369
369 380
369 704
369 629
369 503
370 778
370 392
370 432
370 561
370 707
370 708
370 607
370 737
370 726
370 593
370 473
371 657
371 530
371 659
371 538
371 411
371 539
371 429
371 688
371 564
371 714
371 460
371 722
371 371
371 494
371 747
371 461
372 552
372 649
372 421
372 550
372 424
372 554
372 689
372 441
372 583
372 456
372 468
372 485
372 372
372 396
372 381
372 531
372 511
373 523
373 405
373 419
373 420
373 606
373 735
373 750
373 629
373 698
373 545
373 771
374 450
374 551
374 395
374 652
374 654
374 532
374 662
374 790
374 418
374 586
374 718
374 374
374 463
374 602
374 447
375 390
375 524
375 436
375 705
375 621
375 752
375 637
375 377
375 375
375 468
375 496
375 506
375 507
375 575
376 647
376 408
376 412
376 434
376 446
376 579
376 592
376 741
376 635
376 638
376 626
376 634
376 563
376 705
376 701
377 390
377 776
377 705
377 621
377 752
377 436
377 377
377 507
377 617
377 577
378 544
378 776
378 519
378 397
378 658
378 793
378 426
378 563
378 706
378 711
378 715
378 477
378 482
378 622
378 384
378 625
378 498
378 455
378 515
379 423
379 469
379 604
379 627
379 796
379 701
380 518
380 528
380 660
380 549
380 427
380 570
380 504
380 380
380 472
380 682
381 516
381 775
381 667
381 543
381 546
381 684
381 573
381 710
381 463
381 466
381 603
381 742
381 381
382 385
382 406
382 665
382 428
382 694
382 571
382 575
382 455
382 720
382 601
382 732
382 633
382 505
382 480
382 497
382 580
383 679
383 686
383 558
383 696
383 574
383 600
383 751
383 624
383 676
383 699
383 471
383 592
383 788
384 398
384 519
384 397
384 793
384 426
384 563
384 706
384 711
384 715
384 477
384 625
384 498
384 384
384 760
384 520
384 450
384 683
385 602
385 428
385 406
385 665
385 385
385 633
385 720
385 489
385 455
385 694
385 577
385 571
385 575
385 732
385 505
386 425
386 628
386 578
386 779
386 533
386 618
386 409
386 687
386 609
386 788
386 663
386 493
386 757
386 747
386 534
387 651
387 792
387 755
387 623
387 410
387 387
387 772
387 520
387 401
387 588
387 526
387 602
387 517
387 581
387 788
388 641
388 643
388 787
388 730
388 753
388 615
388 547
388 783
388 617
388 402
388 612
388 764
388 701
388 678
388 553
389 484
389 791
389 692
389 548
389 771
389 671
389 389
389 502
389 758
389 557
389 563
389 413
389 577
390 712
390 524
390 705
390 752
390 776
390 436
390 621
390 637
390 738
390 608
390 498
390 620
391 770
391 645
391 727
391 514
391 581
391 738
391 789
391 391
391 736
391 480
391 509
391 740
391 462
391 710
391 526
391 717
391 483
391 743
392 774
392 739
392 707
392 607
392 432
392 392
392 726
392 708
392 561
392 598
392 618
392 593
393 490
393 521
393 398
393 437
393 731
393 786
393 678
393 796
393 668
393 393
393 597
393 593
393 417
393 565
393 458
393 501
393 666
393 430
394 648
394 516
394 775
394 463
394 543
394 546
394 667
394 527
394 684
394 466
394 742
394 512
394 394
394 573
394 578
394 710
394 603
395 778
395 718
395 532
395 654
395 790
395 572
395 418
395 662
395 395
395 652
395 512
395 777
395 608
395 586
396 795
396 634
396 649
396 550
396 689
396 441
396 468
396 396
396 421
396 485
396 554
396 753
396 408
396 778
396 424
396 583
396 456
397 482
397 519
397 498
397 793
397 715
397 397
397 711
397 622
397 477
397 706
397 760
397 597
397 626
397 411
397 658
397 426
397 563
397 625
398 521
398 653
398 796
398 784
398 668
398 731
398 786
398 437
398 678
398 501
398 398
398 565
398 597
398 441
398 641
398 458
398 658
399 648
399 744
399 709
399 605
399 475
399 675
399 399
399 724
399 759
399 474
399 610
399 559
399 798
399 451
399 748
399 765
399 415
399 544
399 476
399 486
399 797
400 655
400 646
400 636
400 552
400 748
400 400
400 464
400 768
400 672
400 486
400 611
400 781
400 454
400 457
400 513
401 772
401 517
401 520
401 651
401 410
401 693
401 401
401 623
401 792
401 465
401 526
401 755
402 641
402 643
402 547
402 787
402 484
402 553
402 617
402 764
402 612
402 730
402 615
402 572
402 680
402 497
402 753
402 537
403 536
403 611
403 403
403 791
403 632
403 682
403 756
403 569
403 439
403 754
403 728
403 673
404 520
404 513
404 650
404 800
404 473
404 452
404 591
404 487
404 404
404 619
404 782
404 664
404 616
404 598
404 737
404 488
405 780
405 523
405 750
405 545
405 405
405 698
405 735
405 606
405 629
405 562
405 420
405 510
405 760
405 734
405 790
405 661
405 690
406 677
406 489
406 406
406 505
406 633
406 694
406 601
406 720
406 571
406 665
406 575
406 549
406 467
406 428
406 455
407 746
407 495
407 657
407 530
407 460
407 407
407 539
407 688
407 461
407 722
407 714
407 564
407 659
407 538
407 470
407 429
408 647
408 408
408 635
408 626
408 412
408 579
408 470
408 434
408 795
408 741
408 446
408 592
408 638
408 634
408 738
408 762
408 476
408 570
408 733
408 429
409 779
409 788
409 663
409 609
409 409
409 729
409 578
409 687
409 757
409 560
409 726
410 772
410 517
410 588
410 410
410 623
410 693
410 520
410 755
410 651
410 792
410 482
410 459
410 593
411 781
411 642
411 657
411 659
411 538
411 714
411 539
411 747
411 460
411 688
411 722
411 564
411 530
411 442
411 676
411 429
411 461
412 795
412 626
412 647
412 635
412 434
412 470
412 592
412 634
412 579
412 638
412 446
412 479
412 741
412 692
413 771
413 671
413 548
413 557
413 413
413 502
413 758
413 545
413 692
413 577
414 473
414 769
414 794
414 666
414 541
414 721
414 478
414 674
414 567
414 495
414 445
414 631
414 669
414 647
414 677
414 425
414 734
414 770
414 596
415 798
415 605
415 759
415 451
415 675
415 475
415 709
415 744
415 474
415 610
415 614
415 724
415 415
415 649
415 559
415 710
415 700
415 525
416 769
416 525
416 697
416 453
416 587
416 416
416 762
416 516
416 553
416 422
416 690
417 521
417 653
417 786
417 796
417 678
417 417
417 784
417 597
417 437
417 565
417 767
417 712
417 501
418 648
418 652
418 654
418 532
418 662
418 790
418 718
418 418
418 586
418 572
418 702
418 699
419 523
419 545
419 510
419 750
419 419
419 606
419 735
419 420
419 629
419 648
419 641
419 509
420 545
420 420
420 698
420 629
420 523
420 606
420 525
420 697
421 649
421 554
421 424
421 689
421 550
421 441
421 468
421 583
421 456
421 485
421 483
422 656
422 422
422 587
422 762
422 525
422 485
422 506
422 657
423 773
423 604
423 562
423 423
423 469
423 613
423 696
423 627
424 649
424 550
424 424
424 485
424 583
424 468
424 689
424 441
424 456
424 764
425 759
425 705
425 769
425 794
425 541
425 669
425 677
425 478
425 721
425 674
425 734
425 666
425 631
425 495
425 567
425 458
425 635
426 519
426 793
426 706
426 760
426 625
426 658
426 482
426 498
426 563
426 715
426 477
426 622
426 426
426 587
426 711
427 518
427 528
427 535
427 660
427 472
427 596
427 570
427 427
427 797
428 665
428 455
428 505
428 601
428 575
428 571
428 732
428 489
428 633
428 720
428 694
428 435
429 644
429 680
429 538
429 539
429 460
429 429
429 747
429 659
429 714
429 461
429 494
429 559
429 688
430 772
430 668
430 685
430 761
430 430
430 702
430 733
430 767
430 763
430 630
430 508
430 789
430 695
430 726
431 658
431 529
431 531
431 670
431 551
431 785
431 704
431 431
431 522
431 691
431 595
431 444
431 608
431 656
431 463
431 438
431 703
431 708
432 555
432 541
432 774
432 561
432 432
432 737
432 739
432 726
432 708
432 593
432 521
432 646
432 707
433 540
433 510
433 478
433 604
433 763
433 556
433 459
433 537
433 580
433 499
433 435
433 488
433 765
434 647
434 795
434 635
434 626
434 579
434 446
434 592
434 741
434 470
434 753
434 634
434 638
434 490
435 660
435 537
435 556
435 701
435 511
435 566
435 435
435 580
435 723
435 499
435 491
435 454
435 725
435 539
436 776
436 524
436 436
436 507
436 705
436 620
436 500
436 637
437 653
437 784
437 786
437 796
437 668
437 678
437 565
437 437
437 731
437 501
437 720
437 458
437 597
437 539
438 529
438 785
438 670
438 551
438 691
438 438
438 704
438 522
438 444
438 634
438 549
438 703
438 595
438 608
439 791
439 536
439 673
439 682
439 439
439 632
439 611
439 569
439 754
439 778
439 457
439 756
440 780
440 781
440 534
440 797
440 442
440 500
440 448
440 440
440 496
440 589
440 749
440 443
441 649
441 550
441 554
441 456
441 689
441 468
441 441
441 583
441 559
442 534
442 797
442 442
442 500
442 496
442 589
442 780
442 781
442 544
442 443
442 448
443 780
443 781
443 534
443 797
443 500
443 443
443 749
443 589
443 588
443 533
443 496
444 635
444 522
444 529
444 785
444 551
444 691
444 670
444 503
444 704
444 595
444 608
444 641
444 532
445 769
445 666
445 541
445 669
445 674
445 677
445 721
445 478
445 734
445 631
445 495
445 713
445 566
446 798
446 795
446 647
446 470
446 446
446 579
446 592
446 634
446 638
446 603
446 741
446 635
446 752
446 560
447 644
447 542
447 799
447 680
447 560
447 568
447 700
447 467
447 497
447 479
447 582
447 447
447 765
447 661
447 675
447 555
447 745
447 639
448 780
448 797
448 781
448 500
448 448
448 534
448 589
448 749
448 584
448 658
448 639
448 665
448 453
449 606
449 642
449 555
449 576
449 481
449 590
449 584
449 449
449 585
449 613
449 515
449 620
449 631
449 594
449 599
449 716
449 671
450 777
450 540
450 681
450 683
450 640
450 490
450 465
450 450
450 728
450 506
450 666
450 598
450 602
450 746
451 648
451 798
451 675
451 559
451 709
451 610
451 475
451 614
451 744
451 544
451 605
451 474
451 495
451 464
451 724
451 759
452 534
452 545
452 513
452 650
452 782
452 664
452 800
452 452
452 591
452 487
452 473
452 619
452 453
452 488
453 697
453 690
453 762
453 587
453 656
453 525
453 453
453 647
453 542
454 655
454 672
454 464
454 454
454 486
454 552
454 768
454 748
454 636
454 646
454 572
454 771
454 457
454 476
454 767
455 694
455 575
455 505
455 455
455 633
455 601
455 509
455 797
455 720
455 732
455 489
456 649
456 550
456 554
456 689
456 485
456 468
456 583
456 456
456 489
457 646
457 672
457 552
457 636
457 768
457 748
457 457
457 464
457 486
457 539
457 492
457 476
457 629
458 484
458 682
458 653
458 784
458 786
458 796
458 668
458 565
458 731
458 501
458 458
458 672
458 597
458 532
459 471
459 537
459 566
459 580
459 723
459 725
459 511
459 701
459 727
460 525
460 657
460 530
460 538
460 539
460 688
460 714
460 461
460 564
460 460
460 659
460 547
460 559
460 722
460 747
460 494
461 467
461 657
461 530
461 659
461 538
461 564
461 747
461 539
461 722
461 714
461 688
461 692
462 555
462 770
462 514
462 789
462 645
462 727
462 736
462 717
462 738
462 480
462 740
462 526
462 743
462 509
462 483
463 516
463 775
463 667
463 543
463 573
463 710
463 546
463 684
463 463
463 466
463 603
463 512
463 491
464 646
464 655
464 672
464 552
464 636
464 748
464 476
464 768
464 663
464 715
465 777
465 540
465 683
465 465
465 598
465 490
465 602
465 640
465 746
465 728
465 506
465 668
465 573
465 722
466 670
466 775
466 527
466 667
466 543
466 546
466 684
466 573
466 710
466 742
466 466
466 576
466 683
466 603
466 512
467 644
467 661
467 799
467 560
467 568
467 700
467 479
467 745
467 582
467 497
467 756
467 595
468 649
468 550
468 554
468 689
468 583
468 547
469 510
469 736
469 773
469 469
469 604
469 491
469 606
469 627
469 577
470 647
470 795
470 579
470 592
470 635
470 638
470 470
470 528
470 490
470 626
470 634
470 532
470 538
471 676
471 679
471 686
471 558
471 696
471 699
471 574
471 719
471 471
471 624
471 751
471 600
471 576
471 620
471 595
471 687
472 660
472 535
472 549
472 570
472 472
472 528
472 518
472 504
472 695
473 513
473 782
473 664
473 800
473 712
473 591
473 488
473 616
473 473
473 743
473 497
473 487
474 648
474 544
474 675
474 709
474 724
474 559
474 798
474 614
474 744
474 605
474 610
474 479
474 475
474 759
475 648
475 798
475 544
475 559
475 724
475 605
475 610
475 744
475 475
475 709
475 614
475 512
475 784
475 602
475 719
475 644
476 646
476 655
476 672
476 476
476 486
476 636
476 552
476 718
476 768
476 764
476 799
477 519
477 793
477 711
477 658
477 622
477 482
477 625
477 715
477 563
477 498
477 767
477 760
478 780
478 547
478 769
478 794
478 666
478 669
478 674
478 567
478 721
478 677
478 734
478 495
478 645
479 644
479 661
479 542
479 799
479 560
479 568
479 700
479 582
479 745
479 565
480 651
480 770
480 514
480 645
480 526
480 789
480 581
480 717
480 727
480 509
480 743
480 740
480 483
480 480
480 630
480 736
481 642
481 555
481 576
481 584
481 594
481 590
481 585
481 492
481 481
481 515
481 599
481 613
481 690
482 658
482 793
482 563
482 706
482 711
482 715
482 622
482 625
482 760
482 482
482 498
483 770
483 514
483 789
483 581
483 717
483 727
483 645
483 736
483 526
483 483
483 738
483 740
484 552
484 641
484 643
484 783
484 787
484 553
484 730
484 612
484 753
484 615
484 547
484 736
485 649
485 550
485 554
485 689
485 485
485 613
485 566
486 646
486 655
486 672
486 552
486 748
486 486
486 636
486 768
486 631
487 513
487 650
487 664
487 800
487 712
487 782
487 616
487 619
487 487
487 488
488 513
488 650
488 712
488 591
488 616
488 782
488 619
488 664
488 800
488 708
489 665
489 694
489 575
489 732
489 571
489 489
489 505
489 720
489 693
489 633
490 579
490 748
490 777
490 683
490 598
490 728
490 602
490 746
490 766
490 640
490 496
490 506
490 502
491 734
491 568
491 537
491 701
491 580
491 723
491 566
491 508
491 499
491 511
492 642
492 515
492 555
492 585
492 590
492 594
492 599
492 613
492 576
492 669
492 707
493 686
493 769
493 779
493 788
493 533
493 663
493 687
493 578
493 729
493 609
493 618
493 757
493 493
493 681
494 513
494 603
494 720
494 657
494 538
494 539
494 564
494 722
494 530
494 747
494 714
494 797
495 653
495 769
495 794
495 666
495 541
495 669
495 674
495 677
495 567
495 734
495 559
495 627
496 780
496 781
496 534
496 797
496 749
496 496
496 500
496 508
496 757
496 782
496 688
497 643
497 753
497 625
497 644
497 661
497 542
497 799
497 680
497 560
497 568
497 700
497 582
497 765
498 519
498 658
498 793
498 563
498 711
498 715
498 622
498 498
498 651
498 594
498 760
498 556
499 537
499 556
499 566
499 499
499 725
499 701
499 511
499 723
499 783
499 659
500 781
500 534
500 749
500 500
500 780
500 797
500 628
501 521
501 653
501 784
501 796
501 678
501 565
501 731
501 786
501 553
501 571
501 645
501 601
502 665
502 671
502 548
502 557
502 692
502 771
502 758
502 502
502 534
503 522
503 785
503 670
503 551
503 691
503 703
503 704
503 595
503 503
503 531
503 639
504 518
504 528
504 660
504 535
504 549
504 596
504 570
504 716
504 713
505 639
505 665
505 694
505 575
505 571
505 505
505 633
505 601
505 743
506 777
506 540
506 683
506 598
506 728
506 602
506 640
506 681
506 762
506 545
506 685
506 632
507 759
507 776
507 524
507 620
507 621
507 507
508 582
508 767
508 695
508 713
508 716
508 733
508 630
508 761
508 763
508 601
509 770
509 514
509 645
509 526
509 789
509 581
509 717
509 727
509 736
509 740
509 743
509 738
509 771
509 773
510 523
510 545
510 698
510 606
510 735
510 750
510 629
510 510
510 524
511 724
511 779
511 537
511 566
511 701
511 556
511 511
512 516
512 775
512 527
512 667
512 543
512 546
512 684
512 573
512 710
512 742
513 664
513 513
513 650
513 619
513 782
513 591
513 712
513 616
513 800
513 722
514 717
514 645
514 727
514 743
514 736
514 740
514 514
514 581
514 738
514 789
514 770
514 562
514 685
514 707
514 739
515 553
515 642
515 594
515 613
515 590
515 599
515 584
515 555
515 576
515 585
515 796
515 783
516 546
516 742
516 527
516 516
516 775
516 684
516 573
516 710
516 613
516 757
516 667
516 603
516 618
517 772
517 693
517 517
517 588
517 623
517 792
517 755
517 520
517 549
517 651
517 650
517 767
518 616
518 532
518 535
518 596
518 518
518 549
518 528
518 773
518 533
518 660
518 570
519 625
519 658
519 563
519 793
519 715
519 760
519 519
519 622
519 711
520 772
520 588
520 520
520 623
520 755
520 693
520 651
520 792
520 727
521 673
521 653
521 796
521 597
521 521
521 731
521 678
521 786
521 784
521 668
521 599
522 551
522 670
522 691
522 608
522 595
522 785
522 529
522 703
522 522
522 531
522 562
522 717
522 614
522 677
522 652
523 750
523 698
523 523
523 735
523 755
523 606
523 629
524 776
524 637
524 705
524 621
524 524
524 752
524 620
524 670
524 533
525 740
525 525
525 587
525 690
525 656
525 697
525 762
526 676
526 643
526 654
526 770
526 645
526 789
526 526
526 740
526 581
526 738
526 572
526 762
526 717
526 727
526 743
527 612
527 703
527 710
527 667
527 543
527 742
527 603
527 684
527 638
527 546
527 573
528 605
528 554
528 528
528 535
528 570
528 583
528 660
528 549
528 596
529 640
529 529
529 551
529 785
529 595
529 691
529 704
529 670
529 608
529 746
529 559
529 531
530 784
530 585
530 669
530 657
530 530
530 722
530 714
530 659
530 581
530 538
531 785
531 691
531 704
531 551
531 670
531 608
531 703
531 595
532 778
532 652
532 654
532 532
532 586
532 790
532 662
532 572
533 594
533 779
533 618
533 729
533 578
533 628
533 533
533 687
533 788
533 663
533 609
533 757
534 780
534 781
534 749
534 534
534 797
534 591
534 670
534 589
535 596
535 549
535 660
535 570
536 791
536 754
536 673
536 536
536 756
536 632
536 602
536 569
536 611
536 538
537 566
537 725
537 723
537 701
537 556
537 694
537 580
538 657
538 659
538 722
538 688
538 539
538 564
538 747
538 714
539 657
539 659
539 564
539 747
539 539
539 714
539 722
540 614
540 777
540 746
540 683
540 598
540 540
540 728
540 640
540 681
540 766
540 602
540 610
540 633
540 686
540 693
540 722
541 699
541 574
541 769
541 666
541 794
541 631
541 721
541 674
541 734
541 669
541 677
542 661
542 568
542 644
542 639
542 745
542 765
542 542
542 582
542 799
542 700
542 680
542 667
542 797
542 669
542 560
543 775
543 667
543 603
543 684
543 573
543 710
543 546
543 672
543 697
544 648
544 798
544 605
544 544
544 610
544 724
544 709
544 614
544 759
544 744
544 581
544 675
544 582
545 545
545 735
545 698
545 606
545 629
545 708
545 706
545 750
546 667
546 573
546 775
546 710
546 546
546 603
546 742
546 684
546 593
547 641
547 643
547 783
547 787
547 547
547 764
547 753
547 615
547 553
547 612
547 730
547 617
547 704
548 640
548 609
548 713
548 771
548 671
548 758
548 548
548 561
548 692
549 635
549 660
549 570
549 621
549 641
549 596
550 588
550 649
550 554
550 583
550 560
551 785
551 670
551 703
551 704
551 691
551 551
551 595
551 608
551 627
552 646
552 672
552 636
552 748
552 552
552 655
552 768
552 664
553 641
553 643
553 783
553 787
553 730
553 617
553 764
553 615
553 612
553 753
553 564
554 649
554 554
554 689
554 583
555 569
555 642
555 599
555 594
555 590
555 555
555 613
555 585
555 584
555 576
555 660
555 785
555 659
556 752
556 725
556 566
556 580
556 723
556 556
556 658
556 790
556 701
557 771
557 671
557 692
557 577
557 758
557 675
557 598
557 560
558 676
558 686
558 624
558 574
558 699
558 751
558 696
558 600
558 558
558 679
559 648
559 798
559 610
559 559
559 759
559 614
559 744
559 709
559 724
559 675
559 594
559 605
560 661
560 680
560 700
560 745
560 799
560 765
560 568
560 639
560 644
560 582
561 641
561 774
561 737
561 708
561 593
561 705
561 698
561 605
561 707
561 726
561 607
561 739
562 597
562 773
562 604
562 627
563 658
563 793
563 706
563 760
563 622
563 563
563 686
563 759
563 711
563 715
563 625
564 781
564 657
564 714
564 747
564 722
564 731
565 653
565 784
565 668
565 678
565 786
565 597
565 565
566 701
566 566
566 580
566 723
566 666
566 725
567 769
567 794
567 666
567 677
567 631
567 669
567 567
567 716
567 721
568 674
568 644
568 661
568 799
568 680
568 639
568 765
568 568
568 582
568 745
568 700
569 748
569 791
569 673
569 682
569 569
569 611
569 754
569 756
569 707
570 660
570 570
570 763
571 665
571 575
571 601
571 732
571 720
571 571
572 778
572 652
572 654
572 662
572 790
572 586
572 626
572 738
572 595
572 718
573 775
573 742
573 667
573 603
573 684
573 612
574 676
574 679
574 686
574 699
574 600
574 574
574 696
574 681
574 751
574 586
575 665
575 694
575 720
575 575
575 732
575 633
576 594
576 613
576 599
576 642
576 576
576 590
576 584
576 679
576 585
577 711
577 771
577 671
577 692
577 577
577 634
577 679
578 788
578 687
578 663
578 729
578 779
578 578
578 757
578 618
578 609
579 647
579 592
579 741
579 638
579 795
579 579
579 799
579 582
579 626
579 635
579 613
580 701
580 725
580 580
580 799
580 723
581 645
581 789
581 738
581 770
581 581
581 736
581 743
581 599
581 604
582 644
582 661
582 582
582 799
582 765
582 680
583 649
583 689
583 583
583 586
584 681
584 642
584 584
584 613
584 590
584 594
584 741
584 610
584 775
585 642
585 599
585 590
585 613
585 594
585 585
585 619
585 724
586 629
586 778
586 654
586 790
586 662
586 586
586 718
587 656
587 690
587 697
587 646
587 760
587 612
588 709
588 772
588 651
588 792
588 588
588 660
589 780
589 781
589 797
589 589
589 749
589 608
589 684
589 720
590 642
590 599
590 590
590 613
590 603
590 660
590 594
591 650
591 782
591 664
591 800
591 712
591 591
591 619
591 630
591 705
591 616
592 647
592 795
592 635
592 638
592 634
592 592
592 626
593 707
593 708
593 593
593 739
593 737
593 607
594 599
594 594
594 683
595 670
595 703
595 785
595 704
595 608
596 751
596 694
596 660
597 653
597 784
597 786
597 796
597 668
597 678
597 731
597 695
598 777
598 681
598 683
598 746
598 602
598 640
598 728
598 766
598 688
599 642
599 599
599 613
600 676
600 679
600 686
600 699
600 719
600 696
600 751
600 600
601 694
601 720
601 732
601 665
601 601
601 771
601 633
601 714
602 777
602 681
602 683
602 728
602 640
602 658
602 746
602 766
603 775
603 667
603 710
603 684
603 774
603 742
603 694
604 773
604 604
604 727
604 627
605 648
605 798
605 709
605 724
605 744
605 610
605 759
605 605
605 614
606 698
606 629
606 750
606 735
606 767
607 615
607 761
607 707
607 708
607 726
607 737
607 688
608 781
608 785
608 691
608 703
608 704
608 608
608 643
608 663
609 652
609 779
609 663
609 687
609 788
609 729
609 757
609 618
609 628
610 648
610 675
610 709
610 798
610 610
610 724
610 794
610 614
611 791
611 673
611 682
611 754
611 756
611 611
611 696
611 632
612 641
612 643
612 783
612 730
612 617
612 764
612 787
612 753
612 615
613 650
613 642
613 613
613 654
614 648
614 798
614 709
614 724
614 614
614 744
614 759
614 675
614 621
615 641
615 643
615 783
615 787
615 730
615 615
615 753
615 751
616 782
616 800
616 616
616 619
616 712
616 750
617 641
617 643
617 783
617 787
617 617
617 753
617 764
617 769
617 685
618 779
618 663
618 687
618 757
618 628
618 788
618 787
619 650
619 782
619 664
619 800
619 712
619 619
619 770
619 781
620 776
620 705
620 621
620 752
620 637
620 623
620 796
621 776
621 705
621 621
621 637
621 740
621 650
621 752
621 788
621 716
622 782
622 658
622 793
622 706
622 715
622 711
622 625
623 651
623 792
623 693
623 755
623 772
623 623
623 768
624 676
624 679
624 696
624 699
624 719
624 751
624 686
624 624
624 690
625 658
625 793
625 706
625 715
625 711
625 625
626 647
626 795
626 741
626 626
626 634
626 638
626 636
626 681
626 783
626 736
627 773
628 779
628 788
628 663
628 687
628 729
628 628
628 757
628 733
628 671
629 675
629 698
629 735
630 767
630 685
630 695
630 702
630 716
630 733
630 761
630 763
630 630
630 737
631 769
631 794
631 666
631 674
631 721
631 631
631 660
632 724
632 791
632 682
632 756
632 632
632 779
633 665
633 720
633 732
633 633
633 787
633 714
634 647
634 795
634 741
634 638
634 744
634 635
635 647
635 795
635 741
635 635
635 638
636 646
636 655
636 672
636 748
636 636
636 645
637 776
637 705
637 752
637 737
637 698
637 793
637 707
638 795
638 741
638 671
638 659
639 644
639 661
639 799
639 680
639 745
639 765
639 639
640 777
640 681
640 728
640 746
640 766
640 717
641 753
641 641
641 730
641 787
641 692
641 783
641 764
642 642
642 663
643 753
643 643
643 783
643 787
643 764
643 730
644 700
644 680
644 745
644 644
644 765
644 661
644 799
644 665
645 770
645 743
645 740
645 736
645 645
645 727
645 789
645 763
645 738
646 672
646 768
646 646
646 655
646 769
646 677
646 748
646 649
647 647
647 795
647 741
647 770
647 774
648 675
648 759
648 798
648 724
648 744
648 709
648 713
649 649
649 795
649 689
650 782
650 800
650 650
650 664
650 712
650 689
651 772
651 792
651 651
651 693
651 755
652 778
652 652
652 654
652 790
652 662
653 754
653 668
653 786
653 784
653 678
653 729
653 796
653 731
654 778
654 654
654 662
654 790
654 718
655 672
655 748
655 655
655 670
655 768
655 696
656 786
656 697
656 762
656 690
656 656
656 678
657 765
657 722
657 688
657 659
657 657
657 747
657 714
657 800
658 760
658 715
658 706
658 793
658 658
658 711
659 667
659 722
659 659
659 714
659 747
661 680
661 700
661 661
661 745
661 799
661 765
662 691
662 778
662 662
662 790
662 718
662 771
663 782
663 779
663 729
663 687
663 747
664 782
664 712
664 800
664 664
664 678
665 720
665 665
665 694
666 769
666 794
666 677
666 674
666 734
666 669
666 666
666 721
667 775
667 684
667 710
667 742
668 784
668 786
668 796
668 731
668 678
668 761
669 769
669 677
669 721
669 669
669 674
669 794
669 741
669 734
669 778
670 785
670 703
670 704
670 691
670 725
671 692
671 771
672 672
672 713
672 706
672 748
673 719
673 791
673 754
673 756
673 673
673 683
673 682
674 794
674 677
674 674
674 734
674 769
674 721
675 798
675 724
675 759
675 744
675 709
675 675
675 739
676 676
676 751
676 686
676 699
676 719
676 696
676 795
677 769
677 734
677 721
677 677
677 794
678 784
678 796
678 731
678 678
678 706
679 699
679 719
679 679
679 696
679 686
679 756
679 751
680 682
680 799
680 765
680 700
680 680
680 745
681 777
681 746
681 681
681 728
681 683
681 766
682 791
682 682
682 756
682 754
682 733
683 777
683 728
683 766
683 683
683 746
684 742
684 775
684 710
684 684
685 767
685 713
685 733
685 695
685 716
685 761
685 685
686 719
686 751
686 699
686 686
686 711
686 696
687 765
687 788
687 687
687 729
688 757
688 747
688 722
689 689
690 746
690 742
690 767
690 762
691 785
691 703
691 704
692 758
692 771
692 756
692 727
693 772
693 792
693 755
693 782
694 720
694 700
695 767
695 761
695 713
695 695
695 702
695 733
695 763
696 699
696 696
696 751
696 719
697 762
698 750
698 735
698 698
699 699
699 719
700 721
700 745
700 700
701 725
701 701
701 723
702 798
702 740
702 733
702 716
702 761
702 763
703 785
703 703
703 704
704 785
704 704
705 795
705 776
705 752
705 736
705 786
706 793
706 760
706 715
707 708
707 707
707 726
707 739
708 774
708 739
708 726
708 737
708 733
708 732
709 759
709 798
709 744
709 724
709 709
710 775
710 742
711 793
711 711
711 715
711 760
712 782
712 712
712 790
712 732
713 767
713 713
713 761
713 716
713 733
713 763
714 728
714 747
715 793
715 715
715 770
715 760
716 768
716 733
716 761
716 763
717 770
717 717
717 743
717 738
717 740
717 727
718 790
718 778
718 738
719 766
719 751
719 719
719 746
719 758
720 796
720 732
721 748
721 769
721 794
721 721
721 734
722 722
722 747
723 723
723 725
724 798
724 724
724 759
724 744
725 725
726 774
726 737
726 726
726 739
727 749
727 770
727 789
727 727
727 736
727 738
727 743
728 728
728 777
728 766
729 788
729 729
729 757
729 779
730 783
730 753
730 787
730 764
730 730
731 784
731 786
731 796
732 754
732 732
733 767
733 733
733 763
734 794
734 734
735 735
735 750
736 770
736 789
736 738
736 736
736 740
737 774
737 739
738 770
738 789
738 740
738 743
739 774
740 789
740 770
740 743
741 795
741 741
742 775
742 742
742 764
743 770
743 789
743 765
744 798
744 744
744 778
745 756
745 765
745 745
745 799
746 777
746 766
746 746
747 790
747 747
747 794
748 748
748 768
749 780
749 781
749 797
750 750
751 751
752 776
752 752
753 783
753 787
753 753
753 775
754 754
754 756
755 772
755 792
756 794
757 779
757 788
758 787
758 758
759 759
759 776
760 793
760 760
761 761
761 763
762 762
762 796
763 767
763 763
764 783
764 787
764 764
765 799
765 765
766 777
766 766
768 768
769 769
769 794
770 770
770 789
771 771
771 777
772 792
772 772
772 779
773 775
773 773
774 774
775 775
775 791
777 777
778 778
778 790
779 788
779 779
780 797
780 780
781 781
781 797
782 782
782 800
783 783
783 787
784 786
784 784
784 796
786 786
786 796
787 787
788 788
789 789
790 790
791 791
794 794
795 795
796 796
797 797
798 798
800 800
