800 11411
1 497
1 536
1 517
1 389
1 587
1 345
1 725
1 530
1 662
1 688
1 435
1 602
1 709
1 440
1 138
1 403
1 777
1 361
1 745
1 317
1 763
1 506
1 111
1 121
1 249
1 141
1 447
2 257
2 307
2 640
2 624
2 114
2 583
2 450
2 259
2 577
2 718
2 438
2 354
2 633
2 2
2 690
2 313
2 589
2 626
2 352
2 703
2 643
2 485
2 625
2 425
2 197
2 202
2 582
2 448
2 349
3 665
3 625
3 324
3 391
3 8
3 41
3 475
3 476
3 408
3 474
3 393
3 3
3 323
3 648
3 412
3 721
3 142
3 456
3 568
3 543
3 444
3 246
3 204
3 708
3 402
3 184
3 634
3 550
3 329
3 580
3 229
4 567
4 515
4 353
4 27
4 793
4 565
4 504
4 525
4 396
4 200
4 712
4 137
4 86
4 496
4 17
4 373
4 384
4 181
4 187
4 327
4 94
4 277
4 289
4 634
4 506
4 288
5 135
5 74
5 414
5 794
5 741
5 766
5 527
5 220
5 544
5 742
5 359
5 230
5 797
5 339
5 363
5 627
5 170
5 175
5 582
5 692
5 666
5 796
5 64
5 785
5 391
5 117
5 253
6 385
6 130
6 6
6 87
6 340
6 365
6 705
6 792
6 581
6 404
6 465
6 18
6 244
6 528
6 468
6 224
6 9
6 238
6 13
6 637
6 613
6 314
6 210
6 121
6 204
6 76
6 750
6 258
7 528
7 754
7 726
7 80
7 193
7 684
7 156
7 798
7 252
7 672
7 737
7 629
7 785
7 296
7 548
7 569
7 308
7 423
7 687
7 167
7 286
7 541
7 311
7 724
7 310
7 685
7 428
7 471
7 227
7 784
8 519
8 391
8 393
8 475
8 456
8 568
8 715
8 444
8 721
8 8
8 704
8 184
8 142
8 324
8 323
8 412
8 625
8 41
8 648
8 476
8 250
8 209
8 591
8 402
8 543
8 474
8 634
9 385
9 130
9 238
9 613
9 465
9 340
9 13
9 76
9 365
9 224
9 9
9 622
9 528
9 404
9 637
9 705
9 87
9 468
9 204
9 18
9 742
9 747
9 213
9 792
9 581
9 750
9 244
9 225
10 667
10 513
10 519
10 46
10 416
10 382
10 586
10 210
10 113
10 331
10 502
10 341
10 576
10 168
10 498
10 560
10 110
10 735
10 443
10 605
10 632
10 10
10 422
10 571
10 779
10 169
10 588
10 715
10 686
10 335
10 688
11 131
11 285
11 245
11 148
11 608
11 132
11 101
11 11
11 595
11 56
11 697
11 250
11 215
11 198
11 746
11 287
11 348
11 559
11 127
11 290
11 350
11 397
11 778
11 540
11 667
11 472
11 240
11 768
12 346
12 775
12 522
12 617
12 140
12 270
12 66
12 616
12 318
12 678
12 321
12 356
12 714
12 147
12 503
12 349
12 12
12 53
12 495
12 122
12 311
12 135
12 655
12 277
12 58
12 332
12 362
12 724
13 703
13 385
13 130
13 465
13 528
13 705
13 404
13 365
13 18
13 622
13 13
13 76
13 637
13 204
13 244
13 87
13 340
13 792
13 613
13 488
13 428
13 345
13 581
13 468
13 224
13 238
13 750
13 251
13 201
13 739
13 178
13 294
14 703
14 677
14 56
14 644
14 269
14 421
14 146
14 710
14 395
14 509
14 83
14 635
14 255
14 407
14 679
14 342
14 14
14 310
14 555
14 151
14 727
14 325
14 464
14 233
14 800
14 564
14 211
15 641
15 514
15 387
15 388
15 236
15 512
15 21
15 300
15 262
15 239
15 242
15 105
15 121
15 434
15 614
15 34
15 291
15 273
15 663
15 176
15 749
15 116
15 489
15 285
15 421
15 149
15 368
15 24
15 758
15 664
15 495
16 772
16 390
16 650
16 653
16 84
16 538
16 743
16 621
16 630
16 272
16 764
16 31
16 369
16 16
16 52
16 126
16 467
16 645
16 606
16 579
16 671
16 67
16 72
16 654
16 677
16 600
16 392
16 755
16 389
17 257
17 515
17 137
17 396
17 200
17 86
17 384
17 353
17 504
17 17
17 277
17 288
17 496
17 565
17 525
17 793
17 181
17 762
17 373
17 94
17 636
17 175
17 77
17 27
17 712
17 364
17 592
17 652
18 385
18 130
18 365
18 705
18 528
18 465
18 468
18 244
18 18
18 622
18 224
18 581
18 750
18 340
18 637
18 87
18 238
18 76
18 93
18 683
18 85
18 404
18 792
18 204
18 644
19 665
19 627
19 314
19 425
19 461
19 499
19 552
19 765
19 60
19 161
19 19
19 30
19 669
19 203
19 297
19 99
19 159
19 419
19 557
19 81
19 516
19 261
19 74
19 57
19 282
19 37
19 457
19 208
19 492
19 501
19 165
19 50
19 724
20 70
20 769
20 133
20 778
20 659
20 668
20 54
20 23
20 691
20 437
20 314
20 661
20 573
20 225
20 276
20 68
20 507
20 554
20 680
20 415
20 469
20 20
20 258
20 410
20 411
20 693
20 707
20 628
20 478
21 690
21 641
21 514
21 387
21 262
21 149
21 300
21 749
21 388
21 121
21 663
21 273
21 116
21 105
21 614
21 434
21 242
21 291
21 512
21 176
21 239
21 175
21 240
21 62
21 34
21 236
21 368
21 63
22 685
22 268
22 652
22 401
22 405
22 774
22 432
22 207
22 540
22 128
22 73
22 611
22 249
22 375
22 734
22 22
22 738
22 77
22 69
22 279
22 484
22 81
22 180
22 531
22 209
22 724
22 344
22 609
23 614
23 769
23 133
23 659
23 276
23 225
23 628
23 707
23 778
23 411
23 469
23 68
23 23
23 54
23 691
23 507
23 680
23 693
23 573
23 554
23 746
23 359
23 266
23 668
23 415
23 437
23 714
23 403
24 524
24 531
24 157
24 40
24 195
24 706
24 216
24 719
24 546
24 380
24 490
24 33
24 720
24 542
24 790
24 767
24 757
24 96
24 758
24 182
24 636
24 558
24 602
24 101
24 607
24 619
24 361
25 554
25 32
25 386
25 136
25 783
25 400
25 658
25 533
25 639
25 231
25 219
25 186
25 178
25 319
25 302
25 325
25 330
25 478
25 571
25 92
25 756
25 459
25 335
25 116
25 426
25 328
25 431
26 63
26 297
26 146
26 536
26 564
26 610
26 791
26 95
26 222
26 433
26 670
26 174
26 241
26 61
26 418
26 166
26 211
26 723
26 26
26 676
26 553
26 141
26 319
26 156
26 485
26 618
27 515
27 137
27 396
27 525
27 277
27 712
27 86
27 762
27 187
27 288
27 384
27 27
27 364
27 565
27 496
27 94
27 200
27 181
27 793
27 485
27 574
27 264
27 327
27 353
27 373
27 504
28 392
28 153
28 107
28 305
28 526
28 511
28 453
28 717
28 451
28 165
28 28
28 223
28 173
28 788
28 454
28 102
28 563
28 43
28 38
28 477
28 106
28 537
28 413
28 623
28 55
28 612
29 261
29 646
29 264
29 399
29 656
29 784
29 394
29 294
29 39
29 482
29 410
29 29
29 139
29 125
29 480
29 247
29 306
29 267
29 446
29 593
29 463
29 460
29 515
29 309
29 82
29 376
29 279
29 540
29 763
30 390
30 160
30 516
30 282
30 669
30 60
30 336
30 81
30 297
30 461
30 452
30 499
30 30
30 161
30 419
30 159
30 99
30 203
30 765
30 457
30 32
30 341
30 782
30 552
30 492
30 501
31 438
31 772
31 390
31 523
31 781
31 272
31 671
31 538
31 579
31 630
31 764
31 677
31 621
31 369
31 84
31 52
31 31
31 126
31 743
31 653
31 713
31 240
31 103
31 600
31 606
32 666
32 654
32 145
32 409
32 283
32 103
32 420
32 585
32 488
32 32
32 722
32 63
32 448
32 597
32 642
32 739
32 378
32 129
32 483
32 417
32 234
32 613
32 601
32 289
32 89
32 748
32 505
32 410
33 524
33 531
33 790
33 542
33 558
33 758
33 607
33 757
33 706
33 380
33 182
33 157
33 767
33 636
33 546
33 40
33 33
33 195
33 720
33 96
33 740
33 44
33 784
33 719
33 619
33 415
33 123
33 42
34 514
34 387
34 388
34 262
34 273
34 149
34 239
34 121
34 236
34 291
34 34
34 116
34 368
34 641
34 300
34 614
34 512
34 242
34 749
34 617
34 760
34 449
34 176
34 434
34 105
34 195
34 635
35 110
35 428
35 770
35 134
35 265
35 655
35 275
35 278
35 545
35 673
35 98
35 716
35 598
35 647
35 776
35 343
35 550
35 35
35 51
35 171
35 732
35 381
35 765
35 123
35 681
35 701
35 329
35 335
35 151
35 709
36 354
36 771
36 520
36 143
36 398
36 795
36 158
36 547
36 397
36 36
36 309
36 479
36 254
36 567
36 755
36 91
36 85
36 154
36 192
36 445
36 179
36 124
36 418
36 251
36 298
36 686
36 441
36 487
36 120
37 614
37 427
37 301
37 516
37 282
37 669
37 159
37 419
37 203
37 492
37 461
37 557
37 161
37 336
37 499
37 208
37 81
37 457
37 37
37 99
37 304
37 85
37 772
37 60
37 452
37 765
37 756
37 309
38 347
38 193
38 392
38 526
38 788
38 153
38 165
38 50
38 43
38 477
38 102
38 453
38 451
38 173
38 429
38 223
38 55
38 106
38 454
38 563
38 511
38 769
38 325
38 61
38 717
38 612
38 578
38 500
39 658
39 392
39 261
39 646
39 264
39 266
39 267
39 399
39 656
39 784
39 274
39 306
39 39
39 463
39 294
39 82
39 482
39 593
39 125
39 410
39 98
39 185
39 731
39 376
39 375
40 524
40 531
40 790
40 157
40 542
40 546
40 490
40 607
40 619
40 195
40 719
40 767
40 380
40 758
40 636
40 757
40 96
40 216
40 558
40 720
40 398
40 94
40 247
40 182
40 515
41 391
41 393
41 402
41 408
41 412
41 543
41 456
41 634
41 476
41 715
41 474
41 41
41 648
41 184
41 323
41 475
41 568
41 625
41 324
41 233
41 639
41 263
41 444
41 721
41 717
41 267
42 263
42 782
42 529
42 799
42 674
42 736
42 206
42 497
42 578
42 580
42 62
42 190
42 381
42 229
42 93
42 42
42 315
42 601
42 696
42 689
42 88
42 456
42 90
42 694
42 112
43 526
43 788
43 153
43 43
43 563
43 453
43 392
43 511
43 454
43 173
43 102
43 451
43 305
43 107
43 717
43 165
43 429
43 477
43 55
43 657
43 555
43 247
43 50
43 612
43 106
43 616
43 229
43 418
44 660
44 422
44 424
44 299
44 695
44 177
44 251
44 212
44 180
44 355
44 337
44 334
44 243
44 213
44 312
44 574
44 698
44 702
44 194
44 700
44 427
44 615
44 782
44 502
44 686
44 67
44 486
44 413
44 652
45 258
45 521
45 787
45 293
45 217
45 430
45 455
45 301
45 119
45 699
45 436
45 493
45 256
45 65
45 572
45 228
45 79
45 124
45 594
45 760
45 235
45 439
45 556
45 665
45 260
45 623
45 709
46 513
46 519
46 779
46 416
46 168
46 169
46 586
46 588
46 498
46 560
46 341
46 632
46 502
46 576
46 210
46 113
46 382
46 331
46 110
46 443
46 605
46 60
46 177
46 700
46 366
46 420
47 789
47 163
47 682
47 464
47 754
47 570
47 71
47 347
47 304
47 226
47 730
47 233
47 551
47 196
47 753
47 201
47 379
47 70
47 75
47 470
47 752
47 47
47 350
47 790
47 322
47 214
47 491
47 508
47 223
47 255
48 72
48 281
48 155
48 162
48 292
48 549
48 556
48 303
48 562
48 638
48 346
48 449
48 590
48 189
48 48
48 183
48 246
48 232
48 462
48 733
48 320
48 560
48 710
48 87
48 49
48 185
48 466
48 336
48 647
48 446
49 281
49 155
49 162
49 675
49 549
49 556
49 303
49 562
49 183
49 466
49 292
49 346
49 246
49 590
49 320
49 49
49 462
49 232
49 218
49 733
49 59
49 240
49 404
49 185
49 189
49 141
50 705
50 392
50 526
50 788
50 153
50 165
50 429
50 173
50 305
50 612
50 55
50 107
50 477
50 451
50 511
50 223
50 102
50 50
50 717
50 93
50 436
50 563
50 453
50 454
50 106
50 326
51 197
51 786
51 238
51 623
51 584
51 770
51 776
51 265
51 655
51 275
51 278
51 681
51 171
51 732
51 598
51 713
51 335
51 701
51 673
51 134
51 550
51 694
51 322
51 326
51 716
51 343
51 98
52 772
52 645
52 390
52 650
52 523
52 653
52 781
52 272
52 538
52 671
52 677
52 600
52 84
52 126
52 606
52 621
52 52
52 369
52 630
52 694
52 634
52 700
52 579
52 743
52 275
52 86
52 69
53 117
53 775
53 522
53 140
53 270
53 678
53 122
53 318
53 321
53 311
53 58
53 759
53 616
53 714
53 332
53 356
53 503
53 53
53 495
53 617
53 166
53 172
53 778
53 66
53 349
53 761
53 510
54 769
54 133
54 778
54 659
54 661
54 411
54 668
54 680
54 554
54 691
54 437
54 573
54 507
54 68
54 314
54 693
54 415
54 276
54 707
54 628
54 171
54 490
54 480
54 225
55 291
55 467
55 169
55 392
55 526
55 788
55 153
55 165
55 305
55 563
55 102
55 717
55 429
55 107
55 173
55 612
55 511
55 223
55 250
55 296
55 368
55 451
55 453
55 454
55 477
55 106
55 495
55 268
56 615
56 131
56 132
56 148
56 667
56 285
56 287
56 559
56 56
56 127
56 290
56 697
56 472
56 198
56 250
56 215
56 101
56 608
56 746
56 350
56 370
56 375
56 240
56 245
56 768
56 776
56 532
57 215
57 608
57 155
57 649
57 657
57 150
57 406
57 537
57 481
57 374
57 367
57 620
57 631
57 473
57 362
57 59
57 372
57 57
57 351
57 260
57 147
57 751
57 148
57 326
57 199
57 205
57 78
57 592
57 248
58 637
58 423
58 775
58 522
58 270
58 147
58 678
58 311
58 318
58 140
58 58
58 66
58 714
58 349
58 617
58 759
58 321
58 122
58 761
58 577
58 707
58 591
58 332
58 356
58 616
58 495
58 503
58 473
59 272
59 730
59 649
59 657
59 532
59 406
59 537
59 367
59 205
59 500
59 150
59 481
59 631
59 199
59 59
59 260
59 362
59 326
59 351
59 268
59 359
59 524
59 78
59 620
59 372
59 248
60 210
60 684
60 516
60 282
60 669
60 159
60 161
60 297
60 557
60 99
60 81
60 452
60 336
60 552
60 492
60 499
60 60
60 261
60 529
60 386
60 457
60 203
60 208
61 293
61 526
61 712
61 406
61 791
61 536
61 676
61 166
61 553
61 174
61 431
61 433
61 670
61 211
61 723
61 222
61 610
61 458
61 418
61 564
61 724
61 599
61 681
61 95
61 357
62 673
62 773
62 529
62 674
62 689
62 315
62 190
62 696
62 694
62 263
62 93
62 112
62 580
62 601
62 206
62 497
62 736
62 782
62 578
62 62
62 610
62 439
62 333
62 88
62 229
62 381
63 636
63 129
63 642
63 654
63 145
63 289
63 420
63 505
63 417
63 103
63 748
63 234
63 283
63 89
63 597
63 409
63 488
63 483
63 722
63 378
63 585
63 600
63 739
63 711
63 401
63 751
64 196
64 535
64 280
64 664
64 413
64 160
64 425
64 426
64 172
64 111
64 711
64 539
64 683
64 104
64 596
64 508
64 599
64 97
64 64
64 708
64 463
64 379
64 94
64 584
64 370
64 429
65 258
65 521
65 787
65 293
65 301
65 430
65 436
65 699
65 572
65 119
65 623
65 124
65 295
65 439
65 493
65 79
65 256
65 228
65 217
65 594
65 455
65 710
65 195
65 554
65 235
65 524
65 706
66 198
66 767
66 81
66 775
66 522
66 147
66 678
66 311
66 318
66 332
66 510
66 761
66 122
66 616
66 321
66 503
66 495
66 66
66 682
66 69
66 231
66 714
66 356
66 799
67 660
67 422
67 424
67 299
67 427
67 177
67 180
67 695
67 698
67 700
67 702
67 194
67 337
67 251
67 355
67 67
67 334
67 312
67 574
67 383
67 494
67 217
67 212
67 213
67 232
67 415
67 208
68 769
68 133
68 778
68 659
68 661
68 668
68 415
68 680
68 554
68 691
68 437
68 573
68 707
68 507
68 276
68 411
68 314
68 469
68 225
68 201
68 326
68 452
68 413
68 736
68 433
69 307
69 216
69 268
69 652
69 401
69 405
69 279
69 540
69 209
69 249
69 774
69 360
69 69
69 484
69 734
69 375
69 344
69 724
69 207
69 458
69 107
69 73
69 609
69 738
69 128
70 163
70 551
70 682
70 304
70 322
70 196
70 379
70 75
70 201
70 753
70 491
70 789
70 570
70 464
70 470
70 754
70 347
70 752
70 70
70 730
70 253
70 704
70 214
70 226
70 233
70 634
70 478
70 192
70 620
71 640
71 789
71 163
71 551
71 682
71 304
71 570
71 196
71 379
71 464
71 322
71 491
71 753
71 75
71 201
71 226
71 754
71 214
71 752
71 347
71 470
71 85
71 643
71 329
71 233
71 157
71 767
71 782
71 112
71 90
72 518
72 651
72 780
72 144
72 786
72 152
72 284
72 164
72 566
72 442
72 316
72 489
72 665
72 108
72 371
72 72
72 729
72 534
72 744
72 728
72 383
72 181
72 107
72 731
72 604
72 358
72 494
72 409
72 122
72 396
72 367
73 749
73 606
73 774
73 268
73 401
73 405
73 279
73 540
73 375
73 344
73 128
73 609
73 724
73 249
73 432
73 73
73 484
73 652
73 207
73 83
73 729
73 114
73 209
73 738
74 135
74 527
74 794
74 666
74 796
74 797
74 170
74 692
74 582
74 741
74 74
74 175
74 414
74 117
74 742
74 544
74 339
74 627
74 363
74 230
74 759
74 201
74 517
74 359
74 723
74 115
75 794
75 789
75 163
75 682
75 304
75 570
75 322
75 196
75 201
75 754
75 226
75 470
75 464
75 233
75 753
75 551
75 491
75 752
75 214
75 731
75 340
75 654
75 347
75 525
75 447
76 385
76 528
76 404
76 792
76 705
76 581
76 204
76 244
76 238
76 465
76 224
76 87
76 613
76 130
76 637
76 622
76 365
76 750
76 478
76 399
76 655
76 468
76 340
76 481
77 162
77 684
77 759
77 306
77 268
77 652
77 279
77 432
77 724
77 77
77 611
77 344
77 360
77 774
77 540
77 209
77 609
77 401
77 738
77 378
77 240
77 469
77 207
77 734
77 128
77 777
78 144
78 260
78 649
78 657
78 150
78 406
78 199
78 205
78 500
78 532
78 351
78 473
78 481
78 372
78 537
78 362
78 326
78 631
78 592
78 248
78 264
78 641
78 758
78 620
78 367
78 374
79 258
79 521
79 787
79 295
79 301
79 430
79 439
79 699
79 572
79 455
79 228
79 119
79 79
79 623
79 594
79 493
79 760
79 235
79 124
79 393
79 401
79 491
79 217
79 256
79 453
80 287
80 785
80 541
80 798
80 286
80 548
80 423
80 296
80 167
80 684
80 687
80 308
80 569
80 193
80 685
80 726
80 737
80 80
80 471
80 156
80 601
80 321
80 197
80 227
80 800
81 308
81 516
81 282
81 669
81 161
81 419
81 557
81 452
81 457
81 461
81 336
81 208
81 99
81 552
81 203
81 499
81 501
81 765
81 518
81 115
82 735
82 261
82 264
82 139
82 266
82 784
82 410
82 446
82 463
82 274
82 399
82 482
82 294
82 656
82 267
82 306
82 593
82 646
82 247
82 125
82 478
82 574
82 221
82 480
82 376
83 490
83 305
83 644
83 395
83 269
83 271
83 151
83 407
83 146
83 800
83 310
83 188
83 710
83 555
83 509
83 338
83 635
83 255
83 83
83 421
83 630
83 161
83 141
83 727
83 90
83 118
84 772
84 645
84 390
84 650
84 523
84 653
84 781
84 272
84 538
84 677
84 579
84 467
84 671
84 621
84 764
84 630
84 600
84 606
84 126
84 234
84 640
84 696
84 743
84 369
84 183
84 103
85 796
85 520
85 397
85 143
85 398
85 154
85 795
85 158
85 547
85 298
85 686
85 179
85 309
85 441
85 192
85 85
85 479
85 206
85 687
85 611
85 487
85 120
85 353
85 689
86 702
86 535
86 515
86 137
86 525
86 288
86 565
86 181
86 187
86 364
86 762
86 504
86 86
86 396
86 793
86 200
86 496
86 712
86 357
86 704
86 353
86 602
87 512
87 385
87 130
87 528
87 792
87 705
87 581
87 204
87 465
87 468
87 340
87 244
87 404
87 613
87 87
87 224
87 490
87 603
87 311
87 365
87 750
87 622
87 637
88 720
88 773
88 263
88 529
88 799
88 674
88 689
88 315
88 190
88 578
88 497
88 206
88 782
88 694
88 696
88 93
88 601
88 88
88 736
88 181
88 487
88 714
88 112
88 381
89 760
89 129
89 642
89 409
89 283
89 417
89 448
89 585
89 722
89 123
89 103
89 420
89 654
89 145
89 378
89 505
89 488
89 289
89 597
89 748
89 260
89 441
89 762
89 739
89 137
90 246
90 644
90 395
90 269
90 271
90 151
90 407
90 800
90 421
90 679
90 310
90 342
90 727
90 509
90 188
90 338
90 710
90 146
90 118
90 603
90 754
90 253
90 635
90 255
91 608
91 325
91 771
91 397
91 143
91 154
91 795
91 547
91 298
91 686
91 179
91 309
91 441
91 445
91 192
91 520
91 567
91 254
91 91
91 120
91 534
91 150
91 533
91 487
91 755
91 688
92 386
92 136
92 783
92 400
92 658
92 533
92 302
92 186
92 319
92 325
92 330
92 460
92 219
92 478
92 571
92 756
92 459
92 92
92 231
92 221
92 575
92 746
92 360
93 773
93 263
93 782
93 529
93 799
93 674
93 689
93 694
93 696
93 315
93 580
93 333
93 229
93 112
93 578
93 601
93 93
93 600
93 571
93 736
93 381
94 780
94 131
94 276
94 588
94 721
94 475
94 515
94 396
94 525
94 277
94 565
94 187
94 327
94 200
94 364
94 353
94 793
94 732
94 185
94 158
94 373
94 504
94 602
95 318
95 504
95 791
95 536
95 670
95 418
95 166
95 174
95 431
95 433
95 564
95 458
95 723
95 211
95 485
95 610
95 241
95 553
95 95
95 709
95 304
95 345
95 357
95 751
96 790
96 542
96 546
96 182
96 706
96 195
96 719
96 607
96 720
96 767
96 216
96 619
96 157
96 757
96 558
96 380
96 636
96 531
96 758
96 611
96 178
96 726
96 490
96 411
96 223
96 445
96 495
97 322
97 535
97 280
97 664
97 539
97 413
97 160
97 425
97 426
97 708
97 711
97 584
97 596
97 599
97 575
97 172
97 237
97 747
97 104
97 683
97 109
97 240
97 294
97 175
97 370
97 508
98 134
98 776
98 655
98 275
98 278
98 545
98 673
98 550
98 681
98 701
98 713
98 329
98 335
98 598
98 732
98 770
98 171
98 98
98 343
98 364
98 418
98 302
98 263
99 766
99 785
99 669
99 159
99 161
99 419
99 552
99 208
99 457
99 336
99 297
99 452
99 501
99 492
99 461
99 99
99 567
99 354
99 100
99 499
100 257
100 259
100 561
100 307
100 313
100 703
100 577
100 583
100 589
100 718
100 643
100 438
100 197
100 624
100 690
100 100
100 626
100 354
100 633
100 450
100 352
100 672
100 472
100 217
100 114
100 640
100 776
100 329
101 131
101 132
101 148
101 285
101 290
101 559
101 697
101 595
101 215
101 472
101 348
101 608
101 746
101 667
101 287
101 101
101 350
101 768
101 250
101 552
101 424
101 765
101 240
101 245
101 301
101 605
101 186
101 392
102 675
102 556
102 185
102 304
102 392
102 526
102 788
102 153
102 165
102 429
102 173
102 305
102 563
102 451
102 454
102 717
102 223
102 683
102 482
102 458
102 106
102 107
102 511
103 129
103 642
103 409
103 283
103 417
103 289
103 420
103 448
103 585
103 722
103 597
103 739
103 123
103 103
103 378
103 483
103 654
103 713
103 325
103 488
103 748
104 534
104 622
104 535
104 280
104 664
104 539
104 160
104 425
104 426
104 683
104 575
104 596
104 711
104 111
104 708
104 237
104 109
104 413
104 508
104 599
104 185
104 254
104 759
104 747
104 153
104 688
105 641
105 514
105 387
105 388
105 262
105 273
105 149
105 291
105 434
105 121
105 614
105 236
105 512
105 176
105 368
105 663
105 105
105 242
105 669
105 792
105 622
105 749
105 637
105 660
106 708
106 392
106 153
106 165
106 429
106 305
106 563
106 451
106 453
106 717
106 477
106 612
106 511
106 107
106 173
106 788
106 545
106 564
106 796
107 579
107 526
107 788
107 153
107 165
107 429
107 173
107 563
107 453
107 454
107 477
107 223
107 612
107 451
107 717
107 408
107 634
107 610
108 518
108 780
108 144
108 786
108 534
108 152
108 284
108 566
108 316
108 728
108 729
108 731
108 604
108 358
108 744
108 489
108 442
108 108
108 665
108 371
108 143
108 161
108 462
108 198
108 119
109 304
109 535
109 664
109 413
109 160
109 425
109 172
109 575
109 711
109 599
109 747
109 280
109 596
109 370
109 109
109 584
109 539
109 237
109 111
109 721
109 192
109 175
109 508
110 513
110 519
110 779
110 416
110 168
110 169
110 443
110 576
110 586
110 588
110 210
110 341
110 605
110 366
110 331
110 382
110 502
110 498
110 735
110 113
110 762
110 418
110 632
110 552
110 264
111 434
111 468
111 280
111 664
111 539
111 425
111 426
111 172
111 575
111 708
111 584
111 596
111 599
111 237
111 711
111 413
111 683
111 370
111 508
111 765
111 217
111 516
112 397
112 171
112 773
112 263
112 529
112 674
112 689
112 694
112 696
112 315
112 190
112 578
112 333
112 601
112 799
112 229
112 206
112 580
112 549
112 249
112 497
113 671
113 767
113 513
113 519
113 779
113 416
113 168
113 169
113 576
113 586
113 331
113 588
113 210
113 341
113 605
113 632
113 443
113 560
113 366
113 271
113 544
113 461
113 498
113 382
113 654
114 257
114 259
114 643
114 561
114 438
114 313
114 703
114 577
114 450
114 197
114 583
114 202
114 589
114 354
114 624
114 352
114 640
114 626
114 718
114 690
114 520
114 273
114 601
114 316
114 488
114 510
115 273
115 300
115 243
115 139
115 738
115 433
115 517
115 389
115 138
115 530
115 662
115 317
115 447
115 709
115 587
115 725
115 361
115 745
115 763
115 403
115 740
115 341
115 559
116 641
116 514
116 387
116 388
116 262
116 273
116 663
116 300
116 176
116 434
116 614
116 239
116 242
116 121
116 116
116 512
116 749
116 368
116 235
116 117
116 647
116 365
116 507
116 513
117 135
117 527
117 794
117 666
117 796
117 797
117 414
117 544
117 170
117 175
117 692
117 582
117 220
117 741
117 230
117 627
117 359
117 742
117 339
117 714
117 326
117 253
117 766
117 334
117 549
117 607
117 289
117 599
117 726
117 351
118 427
118 227
118 445
118 644
118 395
118 271
118 146
118 800
118 421
118 555
118 188
118 338
118 727
118 118
118 603
118 342
118 509
118 310
118 679
118 315
118 305
118 160
118 635
118 418
119 562
119 787
119 293
119 295
119 430
119 436
119 439
119 699
119 455
119 594
119 228
119 623
119 521
119 493
119 572
119 760
119 256
119 124
119 301
119 274
119 584
119 208
120 408
120 397
120 398
120 154
120 158
120 547
120 298
120 441
120 445
120 487
120 192
120 479
120 143
120 120
120 771
120 795
120 309
120 567
120 537
120 530
120 772
121 641
121 514
121 387
121 388
121 262
121 149
121 291
121 176
121 614
121 749
121 368
121 242
121 236
121 663
121 239
121 300
121 121
121 723
121 384
121 512
121 288
122 521
122 168
122 775
122 522
122 140
122 270
122 678
122 311
122 318
122 321
122 714
122 332
122 349
122 495
122 761
122 616
122 510
122 122
122 765
123 648
123 129
123 642
123 145
123 417
123 420
123 448
123 585
123 722
123 483
123 748
123 488
123 289
123 234
123 283
123 739
123 123
123 654
123 505
123 329
123 216
123 784
124 258
124 521
124 293
124 295
124 301
124 430
124 436
124 439
124 699
124 572
124 455
124 235
124 493
124 760
124 217
124 256
124 787
124 124
124 526
124 316
124 227
124 734
125 331
125 460
125 545
125 261
125 646
125 139
125 267
125 399
125 784
125 410
125 294
125 306
125 446
125 463
125 480
125 482
125 376
125 125
125 520
125 564
125 478
125 342
126 772
126 645
126 390
126 650
126 653
126 781
126 272
126 538
126 467
126 600
126 621
126 369
126 579
126 126
126 606
126 677
126 764
126 130
126 556
126 666
126 205
127 637
127 132
127 148
127 667
127 285
127 290
127 697
127 198
127 595
127 215
127 472
127 348
127 350
127 608
127 240
127 131
127 746
127 127
127 768
127 646
127 681
127 752
127 732
127 357
128 661
128 500
128 774
128 401
128 279
128 540
128 432
128 207
128 209
128 724
128 344
128 609
128 738
128 484
128 375
128 249
128 268
128 128
128 385
128 702
129 234
129 654
129 642
129 739
129 483
129 417
129 378
129 283
129 409
129 145
129 597
129 748
129 448
129 289
129 488
129 129
129 722
129 335
129 589
129 538
129 420
129 585
129 687
129 557
130 385
130 365
130 528
130 613
130 581
130 224
130 404
130 468
130 622
130 204
130 340
130 130
130 238
130 750
130 465
130 524
130 548
130 333
130 705
130 244
130 637
130 773
131 768
131 287
131 290
131 559
131 348
131 198
131 148
131 132
131 240
131 697
131 215
131 285
131 608
131 595
131 350
131 746
131 131
131 667
131 414
131 322
131 472
131 245
131 250
131 469
131 419
131 550
131 394
132 749
132 622
132 667
132 285
132 350
132 132
132 240
132 287
132 245
132 198
132 250
132 746
132 608
132 559
132 768
132 290
132 215
132 238
132 318
132 275
132 148
132 697
132 595
132 594
132 331
132 237
132 255
133 411
133 659
133 707
133 778
133 469
133 693
133 628
133 573
133 691
133 133
133 769
133 554
133 668
133 314
133 415
133 276
133 661
133 291
133 136
133 273
133 437
133 225
133 397
134 561
134 651
134 369
134 770
134 713
134 545
134 647
134 776
134 377
134 550
134 716
134 343
134 335
134 265
134 134
134 732
134 329
134 701
134 598
134 692
134 754
134 607
134 655
134 278
134 260
135 766
135 666
135 627
135 253
135 796
135 692
135 175
135 741
135 339
135 230
135 797
135 582
135 414
135 359
135 742
135 794
135 220
135 544
135 135
135 704
135 452
135 527
135 170
135 675
135 706
135 785
135 587
136 284
136 685
136 478
136 325
136 231
136 328
136 639
136 533
136 330
136 219
136 386
136 460
136 459
136 136
136 186
136 658
136 756
136 178
136 159
136 382
136 203
136 783
136 400
136 302
136 319
137 624
137 256
137 477
137 515
137 762
137 496
137 373
137 187
137 504
137 181
137 712
137 200
137 396
137 364
137 327
137 353
137 525
137 288
137 666
137 538
137 277
137 793
138 658
138 517
138 777
138 403
138 389
138 138
138 740
138 688
138 662
138 440
138 725
138 317
138 530
138 763
138 587
138 435
138 745
138 141
138 361
138 396
138 436
138 184
138 709
138 345
138 602
138 506
139 424
139 469
139 597
139 261
139 264
139 376
139 399
139 266
139 593
139 247
139 784
139 267
139 274
139 446
139 480
139 139
139 463
139 294
139 394
139 149
139 454
139 306
139 610
140 566
140 579
140 299
140 156
140 775
140 522
140 503
140 495
140 617
140 318
140 140
140 616
140 349
140 714
140 510
140 270
140 759
140 321
140 225
140 768
140 284
140 678
140 311
140 356
140 761
141 239
141 240
141 539
141 288
141 656
141 517
141 389
141 777
141 361
141 403
141 745
141 662
141 530
141 602
141 763
141 440
141 435
141 141
141 175
141 688
141 317
141 709
141 587
141 345
141 740
142 272
142 253
142 551
142 228
142 648
142 324
142 444
142 456
142 412
142 543
142 408
142 474
142 634
142 476
142 475
142 402
142 568
142 704
142 715
142 391
142 249
142 424
142 776
142 184
142 721
142 625
143 630
143 771
143 520
143 397
143 143
143 298
143 192
143 686
143 445
143 479
143 755
143 547
143 254
143 309
143 487
143 398
143 154
143 202
143 517
143 582
143 795
143 179
143 441
144 518
144 651
144 780
144 604
144 358
144 665
144 534
144 383
144 371
144 144
144 566
144 152
144 729
144 316
144 728
144 731
144 786
144 284
144 494
144 244
144 236
144 442
144 489
144 310
145 607
145 642
145 654
145 420
145 145
145 585
145 505
145 483
145 722
145 409
145 739
145 378
145 448
145 283
145 234
145 597
145 417
145 537
145 737
145 379
145 289
145 748
145 268
146 322
146 612
146 463
146 644
146 395
146 271
146 151
146 407
146 338
146 555
146 635
146 800
146 603
146 710
146 146
146 421
146 509
146 342
146 424
146 548
146 679
146 310
146 188
146 727
147 388
147 443
147 568
147 599
147 775
147 522
147 270
147 321
147 503
147 617
147 332
147 759
147 356
147 678
147 349
147 147
147 714
147 311
147 160
147 378
147 620
147 318
147 616
147 761
147 510
148 245
148 348
148 746
148 240
148 697
148 608
148 472
148 250
148 290
148 559
148 287
148 667
148 350
148 768
148 215
148 595
148 442
148 483
148 782
148 285
148 198
148 535
148 167
149 633
149 641
149 514
149 388
149 273
149 239
149 387
149 236
149 663
149 262
149 614
149 749
149 434
149 291
149 300
149 512
149 176
149 188
149 271
149 582
149 368
149 242
149 743
149 544
149 776
150 626
150 780
150 434
150 210
150 598
150 649
150 532
150 372
150 537
150 657
150 481
150 199
150 260
150 351
150 406
150 631
150 150
150 620
150 394
150 636
150 176
150 326
150 205
150 473
150 500
150 248
151 441
151 673
151 333
151 271
151 310
151 338
151 188
151 644
151 269
151 635
151 395
151 509
151 407
151 727
151 555
151 679
151 421
151 342
151 668
151 339
151 710
151 255
152 518
152 651
152 786
152 534
152 731
152 566
152 442
152 489
152 316
152 494
152 383
152 284
152 604
152 358
152 665
152 780
152 744
152 371
152 164
152 630
152 195
152 434
152 729
152 619
152 187
153 392
153 526
153 788
153 451
153 153
153 454
153 563
153 717
153 511
153 453
153 173
153 612
153 477
153 625
153 161
153 165
153 429
153 305
153 394
154 771
154 520
154 397
154 398
154 441
154 179
154 547
154 154
154 755
154 254
154 479
154 567
154 445
154 192
154 158
154 487
154 795
154 347
154 200
154 608
154 298
154 686
154 309
154 389
155 281
155 189
155 246
155 638
155 590
155 675
155 449
155 218
155 292
155 733
155 320
155 562
155 466
155 346
155 162
155 232
155 303
155 185
155 183
155 155
155 312
155 549
155 462
155 716
155 306
155 774
156 728
156 391
156 785
156 156
156 672
156 737
156 798
156 685
156 471
156 684
156 193
156 286
156 428
156 548
156 629
156 167
156 423
156 252
156 569
156 227
156 656
156 250
156 541
156 296
156 687
156 308
156 726
157 627
157 698
157 245
157 531
157 790
157 216
157 758
157 607
157 706
157 767
157 719
157 542
157 757
157 558
157 720
157 380
157 546
157 157
157 524
157 791
157 794
157 195
157 636
157 490
157 619
157 762
157 473
158 570
158 757
158 771
158 397
158 398
158 795
158 158
158 479
158 755
158 567
158 686
158 309
158 179
158 520
158 487
158 547
158 254
158 320
158 602
158 203
158 298
158 441
158 445
158 327
159 516
159 669
159 159
159 419
159 501
159 282
159 765
159 336
159 557
159 461
159 203
159 492
159 552
159 457
159 297
159 499
159 211
159 784
159 462
159 452
160 622
160 769
160 535
160 280
160 539
160 413
160 575
160 664
160 596
160 237
160 683
160 425
160 160
160 584
160 747
160 711
160 172
160 567
160 723
160 370
160 508
160 655
160 463
160 674
161 201
161 629
161 282
161 669
161 203
161 297
161 552
161 461
161 492
161 419
161 452
161 161
161 501
161 499
161 208
161 239
161 281
161 620
161 557
161 457
161 765
161 247
162 604
162 424
162 281
162 232
162 549
162 246
162 183
162 449
162 733
162 162
162 189
162 185
162 303
162 320
162 675
162 590
162 462
162 346
162 620
162 214
162 292
162 562
162 466
162 298
163 259
163 705
163 789
163 304
163 163
163 682
163 491
163 379
163 347
163 551
163 233
163 464
163 214
163 752
163 570
163 470
163 754
163 473
163 645
163 740
163 322
163 196
163 201
163 753
164 518
164 780
164 786
164 534
164 665
164 284
164 489
164 651
164 728
164 358
164 316
164 566
164 729
164 494
164 744
164 383
164 604
164 164
164 442
164 562
164 346
164 540
164 731
164 737
164 617
165 371
165 769
165 392
165 526
165 788
165 429
165 451
165 612
165 563
165 173
165 223
165 453
165 165
165 800
165 382
165 305
165 477
166 791
166 536
166 670
166 418
166 676
166 618
166 166
166 610
166 458
166 357
166 485
166 553
166 564
166 211
166 433
166 591
166 751
166 179
166 396
166 784
166 174
167 489
167 750
167 177
167 785
167 541
167 798
167 286
167 672
167 548
167 423
167 296
167 684
167 428
167 167
167 252
167 308
167 737
167 569
167 309
167 451
167 685
167 687
167 193
167 726
167 629
167 356
167 694
168 220
168 513
168 519
168 779
168 416
168 331
168 586
168 169
168 210
168 341
168 605
168 498
168 576
168 366
168 502
168 168
168 443
168 682
168 332
168 560
168 588
168 735
168 632
168 382
168 612
168 375
169 513
169 519
169 779
169 416
169 382
169 498
169 586
169 605
169 632
169 735
169 210
169 588
169 443
169 169
169 331
169 576
169 424
169 749
169 560
169 366
169 274
170 750
170 527
170 794
170 796
170 797
170 414
170 544
170 766
170 359
170 692
170 741
170 339
170 220
170 666
170 363
170 742
170 230
170 627
170 590
170 638
170 278
170 582
170 296
170 580
170 374
170 405
171 250
171 437
171 234
171 770
171 647
171 776
171 275
171 545
171 673
171 550
171 278
171 171
171 343
171 598
171 681
171 655
171 716
171 377
171 180
171 626
171 713
171 732
171 484
171 447
172 792
172 559
172 245
172 280
172 664
172 539
172 413
172 425
172 426
172 683
172 172
172 575
172 584
172 599
172 535
172 747
172 708
172 186
172 385
172 512
172 237
172 370
173 551
173 546
173 392
173 788
173 429
173 305
173 717
173 454
173 173
173 526
173 612
173 477
173 453
173 525
173 719
173 657
173 451
174 791
174 670
174 676
174 553
174 431
174 485
174 211
174 723
174 751
174 418
174 536
174 610
174 458
174 564
174 433
174 618
174 591
174 222
174 492
174 472
174 573
174 357
175 527
175 666
175 797
175 414
175 794
175 230
175 175
175 627
175 582
175 544
175 741
175 692
175 253
175 742
175 363
175 766
175 339
175 370
175 580
175 747
175 359
175 531
175 672
176 643
176 641
176 514
176 387
176 388
176 262
176 663
176 291
176 614
176 236
176 176
176 434
176 512
176 239
176 273
176 731
176 655
176 553
176 749
176 368
176 481
177 660
177 424
177 299
177 177
177 213
177 700
177 422
177 698
177 355
177 702
177 615
177 212
177 574
177 180
177 243
177 695
177 427
177 334
177 312
177 201
177 757
177 194
177 337
177 486
177 558
177 720
178 224
178 246
178 573
178 280
178 386
178 783
178 400
178 658
178 533
178 302
178 478
178 328
178 191
178 219
178 178
178 231
178 459
178 319
178 251
178 289
178 186
178 325
178 330
179 650
179 404
179 771
179 520
179 398
179 547
179 686
179 298
179 309
179 445
179 397
179 487
179 479
179 179
179 254
179 454
179 587
179 748
179 567
179 441
179 265
179 270
179 481
180 660
180 422
180 299
180 427
180 355
180 698
180 213
180 615
180 702
180 334
180 486
180 424
180 251
180 337
180 695
180 312
180 574
180 180
180 699
180 776
180 292
180 700
180 194
180 243
181 388
181 634
181 585
181 492
181 515
181 396
181 525
181 277
181 793
181 288
181 565
181 373
181 504
181 200
181 712
181 327
181 578
181 355
181 460
181 187
181 353
181 496
181 241
182 531
182 790
182 542
182 558
182 619
182 546
182 636
182 524
182 380
182 758
182 767
182 182
182 607
182 490
182 720
182 216
182 195
182 417
182 270
182 609
182 719
183 281
183 292
183 549
183 556
183 303
183 562
183 246
183 346
183 218
183 449
183 466
183 590
183 638
183 733
183 462
183 185
183 675
183 183
183 184
183 711
183 616
184 518
184 558
184 391
184 648
184 393
184 402
184 408
184 543
184 634
184 474
184 324
184 476
184 456
184 721
184 323
184 444
184 412
184 777
184 567
184 535
184 715
185 281
185 675
185 292
185 549
185 320
185 232
185 466
185 185
185 346
185 562
185 590
185 638
185 246
185 218
185 189
185 733
185 532
185 435
185 449
185 462
185 659
185 289
185 541
185 349
185 207
186 386
186 400
186 533
186 302
186 319
186 186
186 459
186 328
186 478
186 231
186 460
186 658
186 330
186 639
186 221
186 191
186 531
186 505
186 571
186 325
187 427
187 283
187 396
187 277
187 793
187 384
187 712
187 525
187 565
187 288
187 762
187 496
187 327
187 353
187 515
187 200
187 534
187 206
187 373
187 504
188 644
188 395
188 269
188 407
188 679
188 555
188 310
188 421
188 342
188 255
188 509
188 603
188 635
188 710
188 271
188 727
188 188
188 659
188 551
189 313
189 675
189 292
189 549
189 556
189 562
189 346
189 733
189 466
189 246
189 189
189 218
189 638
189 303
189 320
189 449
189 662
189 699
189 241
189 462
189 590
189 378
189 765
190 239
190 523
190 798
190 773
190 263
190 782
190 799
190 674
190 694
190 696
190 315
190 333
190 497
190 601
190 190
190 229
190 736
190 438
190 764
190 777
190 580
191 623
191 386
191 783
191 400
191 658
191 533
191 302
191 571
191 319
191 460
191 330
191 221
191 328
191 478
191 191
191 325
191 639
191 459
191 756
191 348
191 306
191 679
191 219
191 231
191 681
191 480
191 247
191 326
191 338
192 771
192 520
192 398
192 795
192 686
192 445
192 397
192 547
192 755
192 192
192 254
192 441
192 487
192 567
192 479
192 614
192 690
192 617
193 785
193 541
193 798
193 286
193 548
193 296
193 685
193 428
193 471
193 308
193 672
193 726
193 423
193 684
193 227
193 569
193 687
193 252
193 529
193 360
193 629
193 678
193 694
193 315
193 800
194 422
194 424
194 427
194 695
194 312
194 698
194 700
194 574
194 615
194 213
194 355
194 660
194 334
194 702
194 243
194 337
194 299
194 212
194 751
194 730
194 232
194 456
194 264
194 432
195 524
195 531
195 790
195 542
195 546
195 558
195 706
195 636
195 490
195 719
195 216
195 619
195 757
195 767
195 510
195 356
195 720
195 758
195 691
195 497
196 733
196 789
196 551
196 682
196 304
196 570
196 322
196 196
196 753
196 464
196 214
196 347
196 201
196 233
196 752
196 470
196 369
196 585
196 226
196 379
196 416
196 548
196 770
196 399
197 257
197 561
197 690
197 438
197 313
197 703
197 577
197 450
197 626
197 354
197 718
197 307
197 640
197 643
197 589
197 259
197 633
197 352
197 202
197 197
197 641
197 583
197 590
197 754
197 558
198 667
198 287
198 290
198 559
198 697
198 746
198 608
198 348
198 215
198 285
198 350
198 198
198 245
198 472
198 595
198 763
198 768
198 393
198 309
199 649
199 657
199 406
199 351
199 260
199 537
199 362
199 205
199 199
199 367
199 500
199 481
199 248
199 372
199 631
199 473
199 532
199 213
199 709
199 762
200 430
200 515
200 396
200 525
200 277
200 793
200 327
200 496
200 384
200 353
200 288
200 712
200 364
200 200
200 351
200 582
200 504
201 538
201 789
201 551
201 682
201 570
201 322
201 201
201 754
201 304
201 379
201 464
201 226
201 233
201 710
201 470
201 214
201 730
201 347
201 491
201 753
201 584
202 257
202 643
202 561
202 690
202 307
202 438
202 313
202 577
202 583
202 718
202 354
202 259
202 202
202 624
202 450
202 640
202 589
202 633
202 663
202 234
202 406
202 352
202 626
202 649
203 493
203 625
203 370
203 516
203 282
203 669
203 419
203 552
203 297
203 452
203 557
203 492
203 208
203 499
203 501
203 336
203 505
203 652
203 311
204 385
204 528
204 404
204 792
204 365
204 705
204 224
204 581
204 465
204 340
204 238
204 622
204 204
204 244
204 725
204 688
204 480
204 613
204 339
204 348
204 483
204 516
205 470
205 502
205 785
205 260
205 649
205 657
205 406
205 326
205 500
205 537
205 367
205 473
205 592
205 374
205 205
205 620
205 286
205 259
205 351
205 481
205 372
205 631
206 589
206 786
206 218
206 761
206 773
206 263
206 782
206 529
206 799
206 674
206 689
206 696
206 578
206 694
206 736
206 333
206 315
206 206
206 339
206 774
206 601
207 309
207 373
207 421
207 774
207 652
207 401
207 405
207 360
207 375
207 611
207 344
207 540
207 734
207 249
207 432
207 209
207 738
207 529
207 735
207 724
207 484
208 538
208 282
208 669
208 552
208 452
208 457
208 336
208 557
208 765
208 516
208 492
208 208
208 419
208 501
208 297
208 343
208 499
208 782
209 409
209 774
209 268
209 401
209 405
209 279
209 540
209 209
209 432
209 375
209 360
209 249
209 738
209 724
209 580
209 638
209 588
209 734
209 611
209 484
210 583
210 213
210 513
210 519
210 416
210 560
210 576
210 331
210 382
210 341
210 502
210 210
210 632
210 443
210 552
210 605
210 366
210 394
211 752
211 753
211 601
211 670
211 418
211 676
211 553
211 431
211 458
211 591
211 751
211 241
211 357
211 564
211 791
211 610
211 486
211 788
211 485
211 618
212 633
212 621
212 660
212 422
212 424
212 299
212 427
212 312
212 698
212 574
212 702
212 334
212 337
212 695
212 700
212 355
212 213
212 251
212 581
212 320
212 371
212 486
212 706
212 471
212 552
212 305
212 275
212 773
212 676
213 424
213 427
213 695
213 312
213 698
213 700
213 574
213 702
213 334
213 213
213 299
213 660
213 243
213 337
213 445
213 377
213 486
213 615
213 251
214 789
214 551
214 304
214 570
214 464
214 470
214 682
214 491
214 754
214 753
214 322
214 379
214 226
214 752
214 778
214 242
214 446
214 730
214 347
214 233
214 498
215 514
215 750
215 667
215 285
215 287
215 290
215 559
215 697
215 768
215 245
215 608
215 746
215 250
215 472
215 243
215 221
215 348
215 350
215 541
215 440
216 494
216 291
216 524
216 790
216 542
216 546
216 706
216 607
216 216
216 380
216 767
216 757
216 490
216 531
216 619
216 636
216 580
216 752
216 758
216 548
217 559
217 258
217 521
217 787
217 295
217 301
217 430
217 436
217 439
217 699
217 572
217 455
217 594
217 256
217 228
217 235
217 623
217 338
217 602
217 565
217 356
217 649
218 281
218 675
218 549
218 556
218 303
218 320
218 449
218 462
218 590
218 346
218 246
218 218
218 466
218 292
218 638
218 733
218 287
218 543
218 420
219 626
219 663
219 581
219 457
219 386
219 400
219 658
219 533
219 302
219 571
219 319
219 325
219 328
219 459
219 460
219 478
219 639
219 512
219 694
219 729
219 756
219 761
219 696
219 532
220 527
220 666
220 796
220 797
220 414
220 544
220 692
220 363
220 741
220 794
220 766
220 339
220 230
220 742
220 359
220 582
220 627
220 220
220 507
220 646
221 668
221 628
221 765
221 386
221 400
221 658
221 533
221 302
221 319
221 325
221 328
221 459
221 756
221 460
221 221
221 231
221 639
221 327
221 531
221 322
221 727
222 792
222 527
222 226
222 536
222 670
222 676
222 431
222 458
222 591
222 485
222 433
222 610
222 222
222 553
222 564
222 723
222 357
222 791
222 783
222 476
222 713
223 303
223 469
223 382
223 526
223 788
223 429
223 305
223 563
223 454
223 511
223 392
223 717
223 477
223 223
223 387
223 311
224 528
224 404
224 792
224 705
224 581
224 465
224 468
224 340
224 238
224 750
224 637
224 385
224 365
224 622
224 496
224 654
224 613
224 572
225 692
225 769
225 778
225 659
225 661
225 276
225 411
225 668
225 415
225 680
225 691
225 693
225 314
225 628
225 437
225 469
225 507
225 252
225 495
226 236
226 339
226 574
226 789
226 551
226 682
226 304
226 570
226 730
226 347
226 233
226 226
226 379
226 470
226 361
226 333
226 491
226 752
226 753
226 754
226 289
226 499
226 288
227 566
227 638
227 722
227 798
227 286
227 548
227 423
227 684
227 685
227 687
227 726
227 737
227 296
227 541
227 471
227 227
227 785
227 596
227 540
228 521
228 787
228 293
228 295
228 436
228 439
228 699
228 228
228 258
228 760
228 455
228 430
228 493
228 572
228 594
228 623
228 469
228 427
228 235
228 576
228 529
229 559
229 782
229 529
229 799
229 689
229 694
229 696
229 601
229 736
229 773
229 497
229 333
229 229
229 578
229 263
229 580
229 674
229 714
230 239
230 666
230 797
230 414
230 339
230 359
230 796
230 527
230 544
230 363
230 582
230 692
230 627
230 794
230 253
230 509
230 419
230 260
230 232
230 398
230 598
230 357
231 704
231 664
231 386
231 783
231 400
231 658
231 533
231 302
231 571
231 319
231 325
231 328
231 756
231 330
231 478
231 781
231 660
231 722
232 281
232 292
232 549
232 556
232 303
232 562
232 320
232 449
232 466
232 346
232 232
232 590
232 733
232 675
232 462
232 568
232 654
233 789
233 551
233 682
233 304
233 570
233 322
233 464
233 470
233 730
233 752
233 754
233 491
233 347
233 480
233 788
233 629
233 753
233 379
234 666
234 408
234 642
234 409
234 283
234 417
234 448
234 597
234 739
234 483
234 488
234 378
234 234
234 505
234 585
234 727
234 421
234 748
234 774
235 258
235 521
235 787
235 293
235 295
235 301
235 430
235 436
235 699
235 572
235 594
235 493
235 760
235 256
235 439
235 246
235 404
235 274
235 623
235 343
236 641
236 514
236 388
236 262
236 273
236 663
236 291
236 614
236 300
236 434
236 242
236 512
236 368
236 236
236 278
236 326
236 749
236 694
236 342
236 418
237 280
237 664
237 539
237 413
237 426
237 683
237 575
237 708
237 711
237 584
237 596
237 599
237 535
237 370
237 425
237 747
237 237
237 383
237 676
238 385
238 404
238 792
238 705
238 581
238 465
238 468
238 340
238 613
238 365
238 238
238 244
238 622
238 568
238 296
239 641
239 514
239 387
239 388
239 262
239 273
239 663
239 291
239 300
239 614
239 368
239 239
239 749
239 242
239 512
239 430
239 252
239 274
239 553
240 794
240 667
240 285
240 287
240 697
240 595
240 472
240 348
240 350
240 608
240 746
240 559
240 768
240 523
240 704
240 250
240 747
241 576
241 382
241 505
241 508
241 793
241 791
241 536
241 418
241 676
241 553
241 431
241 433
241 564
241 591
241 610
241 485
241 357
241 751
241 743
241 425
242 641
242 387
242 388
242 262
242 273
242 291
242 300
242 434
242 614
242 749
242 368
242 514
242 663
242 249
242 537
242 308
242 700
243 365
243 660
243 422
243 424
243 299
243 427
243 698
243 700
243 574
243 702
243 337
243 355
243 486
243 615
243 312
243 243
243 596
243 344
243 683
243 537
244 792
244 581
244 465
244 468
244 340
244 750
244 244
244 637
244 528
244 613
244 385
244 264
244 268
244 447
244 525
244 657
245 667
245 287
245 559
245 697
245 595
245 472
245 350
245 245
245 290
245 746
245 348
245 608
245 250
245 261
245 768
245 318
246 259
246 731
246 281
246 675
246 292
246 556
246 303
246 320
246 449
246 462
246 466
246 346
246 246
246 498
246 701
247 284
247 731
247 321
247 264
247 267
247 656
247 274
247 410
247 294
247 463
247 593
247 480
247 266
247 646
247 446
247 376
247 784
247 700
248 778
248 586
248 601
248 260
248 657
248 532
248 592
248 367
248 500
248 372
248 374
248 631
248 473
248 537
248 481
248 326
248 351
248 487
248 771
248 445
248 679
249 766
249 594
249 275
249 774
249 268
249 652
249 401
249 432
249 734
249 611
249 360
249 344
249 609
249 405
249 390
249 455
249 278
250 285
250 287
250 290
250 559
250 697
250 595
250 472
250 348
250 608
250 746
250 667
250 250
250 577
250 665
250 733
250 533
251 718
251 527
251 660
251 422
251 424
251 299
251 695
251 312
251 698
251 700
251 574
251 702
251 486
251 615
251 334
251 427
251 337
251 548
251 406
252 528
252 785
252 798
252 286
252 672
252 548
252 428
252 308
252 569
252 471
252 737
252 296
252 687
252 685
252 423
252 252
252 695
252 744
253 527
253 794
253 414
253 544
253 692
253 582
253 339
253 741
253 742
253 363
253 627
253 666
253 359
253 766
253 796
253 253
253 496
253 717
253 373
253 326
254 312
254 771
254 520
254 397
254 398
254 795
254 547
254 298
254 686
254 309
254 441
254 487
254 567
254 445
254 311
254 499
254 730
254 395
255 415
255 717
255 644
255 395
255 269
255 271
255 800
255 421
255 555
255 310
255 710
255 338
255 727
255 635
255 509
255 603
255 342
255 639
256 258
256 521
256 293
256 301
256 430
256 439
256 699
256 572
256 594
256 493
256 623
256 760
256 256
256 436
256 550
256 568
256 412
256 335
257 307
257 583
257 354
257 577
257 626
257 643
257 259
257 718
257 313
257 352
257 624
257 438
257 257
257 633
257 640
257 690
257 406
257 780
257 561
257 450
257 589
258 472
258 293
258 436
258 301
258 455
258 623
258 787
258 295
258 430
258 760
258 493
258 572
258 594
258 258
258 468
258 390
258 521
258 699
258 657
258 432
259 583
259 690
259 626
259 589
259 633
259 313
259 718
259 352
259 354
259 577
259 640
259 450
259 561
259 703
259 259
259 438
259 307
259 396
259 643
259 348
259 659
259 488
260 261
260 601
260 473
260 374
260 649
260 592
260 657
260 532
260 406
260 260
260 326
260 367
260 537
260 500
260 362
260 737
260 365
260 351
260 481
260 620
260 631
260 269
260 389
261 463
261 294
261 267
261 261
261 410
261 274
261 266
261 306
261 482
261 394
261 646
261 593
261 376
261 592
261 507
261 264
261 399
261 480
262 514
262 387
262 388
262 273
262 262
262 368
262 641
262 663
262 434
262 291
262 749
262 614
262 678
262 676
262 794
262 512
262 752
262 436
262 461
262 460
263 358
263 717
263 773
263 497
263 674
263 333
263 782
263 263
263 529
263 381
263 694
263 315
263 736
263 601
263 728
263 651
263 799
263 689
263 578
263 372
264 488
264 646
264 656
264 784
264 294
264 399
264 266
264 410
264 274
264 446
264 264
264 306
264 394
264 620
264 267
264 593
264 376
265 404
265 297
265 770
265 647
265 776
265 681
265 713
265 545
265 278
265 598
265 377
265 275
265 716
265 655
265 550
265 701
265 343
265 265
265 628
265 484
265 673
265 335
266 577
266 562
266 646
266 394
266 274
266 267
266 266
266 399
266 376
266 306
266 446
266 482
266 410
266 656
266 593
266 545
266 488
266 431
266 784
266 294
266 463
267 698
267 402
267 543
267 646
267 394
267 446
267 656
267 294
267 480
267 463
267 267
267 274
267 784
267 593
267 748
267 432
267 399
267 410
267 306
267 482
267 376
267 602
268 753
268 774
268 484
268 405
268 344
268 738
268 611
268 375
268 734
268 279
268 360
268 609
268 268
268 531
268 652
268 401
268 432
268 724
269 651
269 796
269 691
269 644
269 269
269 338
269 727
269 407
269 310
269 421
269 603
269 509
269 555
269 342
269 271
269 635
269 784
269 438
269 710
270 417
270 522
270 349
270 678
270 270
270 759
270 318
270 503
270 321
270 775
270 495
270 510
270 714
270 356
270 646
270 733
270 311
270 332
270 616
271 595
271 644
271 421
271 338
271 395
271 727
271 635
271 342
271 710
271 603
271 800
271 509
271 271
271 650
271 729
271 407
271 679
271 310
272 772
272 645
272 650
272 523
272 653
272 781
272 677
272 538
272 671
272 579
272 764
272 630
272 369
272 272
272 390
272 621
272 461
272 467
272 600
272 606
272 743
272 768
272 428
272 529
273 641
273 514
273 387
273 388
273 300
273 273
273 291
273 749
273 512
273 663
273 368
273 363
273 646
273 434
273 614
273 760
273 380
273 278
274 443
274 394
274 399
274 656
274 784
274 410
274 463
274 274
274 446
274 294
274 593
274 646
274 664
274 480
274 482
275 414
275 692
275 297
275 770
275 776
275 655
275 343
275 278
275 681
275 377
275 732
275 545
275 335
275 647
275 275
275 701
275 716
275 598
276 741
276 769
276 659
276 469
276 314
276 276
276 668
276 437
276 573
276 693
276 680
276 507
276 554
276 661
276 707
276 628
276 415
276 447
276 468
276 411
277 515
277 396
277 525
277 762
277 496
277 373
277 288
277 277
277 353
277 384
277 793
277 504
277 465
277 450
277 534
277 565
277 327
277 364
277 591
278 772
278 770
278 647
278 776
278 655
278 673
278 343
278 716
278 335
278 550
278 598
278 377
278 545
278 681
278 757
278 413
278 329
278 732
278 620
279 787
279 774
279 405
279 738
279 279
279 609
279 540
279 734
279 401
279 484
279 344
279 652
279 432
279 724
279 537
279 558
279 360
279 375
280 789
280 535
280 683
280 575
280 425
280 664
280 711
280 584
280 413
280 539
280 370
280 747
280 596
280 280
280 283
280 585
280 426
280 708
280 599
280 286
281 645
281 292
281 281
281 303
281 562
281 449
281 466
281 733
281 320
281 556
281 462
281 675
281 470
281 674
281 693
281 549
281 590
281 638
281 725
282 516
282 499
282 765
282 282
282 669
282 461
282 419
282 501
282 557
282 492
282 552
282 297
282 336
282 733
282 796
282 696
282 452
282 487
283 623
283 642
283 654
283 409
283 420
283 488
283 505
283 417
283 448
283 585
283 722
283 289
283 283
283 378
283 483
283 563
283 717
283 597
283 739
283 748
284 518
284 651
284 780
284 786
284 534
284 665
284 358
284 371
284 284
284 604
284 744
284 316
284 729
284 731
284 494
284 728
284 649
284 566
284 442
284 489
284 383
284 439
284 642
285 442
285 667
285 287
285 559
285 608
285 290
285 350
285 472
285 285
285 746
285 724
285 378
285 438
285 595
285 348
285 799
286 715
286 541
286 785
286 687
286 684
286 308
286 737
286 286
286 629
286 471
286 296
286 548
286 423
286 428
286 441
286 405
286 672
286 685
286 569
286 726
287 667
287 746
287 348
287 768
287 559
287 287
287 595
287 290
287 608
287 472
287 567
287 406
287 697
287 350
287 788
288 350
288 525
288 793
288 288
288 565
288 515
288 364
288 762
288 353
288 373
288 712
288 327
288 396
288 384
288 496
288 504
289 642
289 654
289 409
289 417
289 420
289 483
289 585
289 289
289 488
289 739
289 722
289 505
289 748
289 597
289 448
290 667
290 746
290 350
290 697
290 595
290 608
290 559
290 290
290 472
290 348
290 573
290 333
290 719
290 439
291 641
291 514
291 388
291 663
291 749
291 387
291 291
291 614
291 512
291 524
291 300
291 306
292 627
292 449
292 320
292 590
292 466
292 549
292 675
292 346
292 733
292 562
292 303
292 556
292 743
292 597
292 641
292 490
292 751
293 521
293 787
293 301
293 295
293 572
293 623
293 430
293 594
293 436
293 455
293 293
293 493
293 760
293 317
293 314
293 439
293 471
293 647
293 351
294 646
294 394
294 656
294 784
294 376
294 399
294 446
294 294
294 480
294 410
294 593
294 641
294 595
294 306
294 463
294 482
295 383
295 797
295 493
295 572
295 439
295 436
295 521
295 594
295 301
295 623
295 455
295 699
295 760
295 430
295 625
295 520
295 579
296 579
296 785
296 541
296 798
296 672
296 423
296 569
296 684
296 629
296 687
296 726
296 548
296 296
296 471
296 358
296 718
296 428
297 434
297 790
297 575
297 516
297 669
297 552
297 557
297 461
297 492
297 457
297 501
297 297
297 419
297 499
297 710
298 397
298 398
298 795
298 547
298 771
298 686
298 479
298 309
298 755
298 567
298 445
298 298
298 441
298 754
298 459
298 487
298 376
299 660
299 422
299 424
299 427
299 299
299 486
299 312
299 695
299 574
299 355
299 698
299 615
299 334
299 337
299 713
299 351
299 700
299 702
300 358
300 641
300 514
300 387
300 388
300 663
300 300
300 434
300 614
300 512
300 749
300 368
300 747
300 344
300 588
300 770
301 521
301 787
301 439
301 455
301 699
301 493
301 760
301 572
301 436
301 430
301 594
301 301
301 751
302 370
302 386
302 783
302 400
302 756
302 459
302 658
302 330
302 571
302 478
302 302
302 319
302 405
302 792
302 635
302 325
302 328
302 460
303 675
303 549
303 556
303 449
303 346
303 733
303 303
303 320
303 638
303 462
303 466
303 701
303 651
303 562
303 590
303 429
304 551
304 682
304 347
304 754
304 464
304 304
304 491
304 753
304 470
304 570
304 379
304 730
304 577
304 322
305 645
305 735
305 788
305 563
305 392
305 511
305 451
305 453
305 717
305 477
305 526
305 612
305 412
306 695
306 501
306 394
306 399
306 656
306 784
306 410
306 593
306 446
306 482
306 480
306 463
306 376
307 643
307 561
307 690
307 633
307 313
307 718
307 703
307 640
307 624
307 354
307 589
307 352
307 307
307 583
307 450
307 626
307 791
307 452
307 438
307 577
307 653
307 648
307 370
307 670
308 785
308 541
308 672
308 423
308 684
308 685
308 428
308 687
308 726
308 798
308 737
308 548
308 308
308 569
308 469
308 587
308 471
308 629
309 733
309 771
309 397
309 398
309 795
309 686
309 547
309 309
309 441
309 520
309 487
309 445
309 479
309 755
309 345
310 383
310 463
310 395
310 407
310 421
310 679
310 310
310 338
310 635
310 342
310 509
310 539
310 659
310 603
311 775
311 522
311 332
311 495
311 318
311 617
311 761
311 503
311 311
311 800
311 447
311 321
311 714
311 349
311 356
311 616
312 422
312 424
312 427
312 695
312 698
312 700
312 615
312 486
312 574
312 702
312 660
312 334
312 312
312 736
312 354
312 337
312 355
312 596
312 629
313 643
313 561
313 690
313 438
313 352
313 633
313 313
313 718
313 354
313 583
313 577
313 703
313 589
313 362
313 655
314 352
314 595
314 769
314 778
314 659
314 661
314 411
314 668
314 415
314 680
314 691
314 437
314 693
314 507
314 314
314 772
314 503
314 573
314 707
314 469
314 628
315 773
315 529
315 674
315 689
315 694
315 696
315 782
315 578
315 580
315 799
315 381
315 497
315 315
315 333
315 595
315 617
315 736
315 431
316 518
316 651
316 665
316 442
316 494
316 731
316 786
316 604
316 534
316 358
316 383
316 729
316 371
316 566
316 744
316 728
316 378
316 588
316 489
316 634
316 762
317 787
317 795
317 517
317 530
317 403
317 662
317 440
317 447
317 587
317 506
317 709
317 725
317 435
317 745
317 763
317 345
317 317
317 612
317 510
318 775
318 349
318 761
318 321
318 332
318 617
318 759
318 495
318 616
318 714
318 510
318 678
318 696
318 503
319 464
319 596
319 386
319 783
319 658
319 533
319 571
319 756
319 325
319 328
319 460
319 459
319 771
319 411
319 479
319 330
319 639
319 458
320 675
320 549
320 562
320 449
320 462
320 638
320 320
320 733
320 332
320 722
320 633
320 466
320 346
321 638
321 720
321 498
321 716
321 775
321 522
321 678
321 761
321 321
321 332
321 503
321 481
321 473
321 349
321 356
321 616
321 617
321 495
321 510
321 344
322 789
322 551
322 682
322 570
322 491
322 754
322 753
322 752
322 470
322 347
322 322
322 379
322 374
322 464
322 730
323 700
323 490
323 391
323 648
323 402
323 408
323 412
323 543
323 323
323 456
323 476
323 474
323 393
323 568
323 475
323 634
323 324
323 482
323 540
323 666
323 721
323 748
323 557
323 713
324 391
324 648
324 393
324 402
324 408
324 412
324 543
324 444
324 475
324 634
324 721
324 456
324 704
324 715
324 476
324 324
324 633
324 639
325 386
325 658
325 571
325 330
325 328
325 325
325 783
325 400
325 459
325 394
325 589
325 756
325 639
325 740
326 571
326 657
326 532
326 406
326 362
326 592
326 473
326 326
326 372
326 367
326 537
326 481
326 351
326 620
326 500
326 374
327 515
327 396
327 525
327 793
327 565
327 496
327 384
327 373
327 762
327 504
327 364
327 712
327 401
327 681
328 783
328 658
328 571
328 533
328 386
328 330
328 460
328 478
328 639
328 328
328 792
328 481
328 497
328 459
328 777
329 718
329 534
329 382
329 726
329 770
329 647
329 776
329 655
329 545
329 673
329 550
329 713
329 377
329 732
329 716
329 335
329 523
329 598
329 440
330 386
330 783
330 400
330 658
330 533
330 571
330 459
330 460
330 478
330 756
330 639
330 330
330 366
330 718
331 513
331 779
331 416
331 560
331 502
331 341
331 605
331 632
331 366
331 382
331 735
331 498
331 519
331 576
331 443
331 331
331 747
331 459
332 783
332 522
332 678
332 495
332 503
332 761
332 759
332 714
332 617
332 356
332 588
332 644
332 545
332 349
333 496
333 773
333 529
333 799
333 674
333 689
333 694
333 696
333 578
333 580
333 381
333 736
333 333
333 406
333 497
334 660
334 422
334 424
334 427
334 695
334 337
334 486
334 355
334 334
334 698
334 702
334 574
334 338
334 777
334 597
334 701
334 609
334 611
335 705
335 402
335 770
335 647
335 776
335 545
335 681
335 713
335 716
335 701
335 343
335 673
335 736
336 729
336 363
336 341
336 516
336 669
336 419
336 557
336 492
336 499
336 461
336 336
336 765
336 452
336 742
336 373
336 406
337 660
337 422
337 427
337 695
337 698
337 700
337 337
337 355
337 574
337 615
337 702
337 577
337 755
337 562
337 486
338 340
338 644
338 395
338 407
338 421
338 679
338 555
338 338
338 800
338 635
338 727
338 603
338 714
338 445
338 342
339 633
339 527
339 794
339 666
339 796
339 797
339 414
339 692
339 582
339 544
339 742
339 741
339 339
339 627
339 362
339 766
339 586
339 520
340 368
340 385
340 528
340 404
340 792
340 705
340 581
340 340
340 750
340 365
340 397
340 518
340 637
340 674
341 494
341 355
341 697
341 519
341 779
341 560
341 443
341 586
341 502
341 382
341 416
341 513
341 576
341 341
341 395
341 786
341 735
341 366
341 756
341 609
341 440
342 616
342 395
342 800
342 421
342 679
342 555
342 710
342 509
342 603
342 407
342 635
342 727
342 644
342 636
343 647
343 545
343 673
343 550
343 681
343 713
343 598
343 770
343 732
343 377
343 343
343 776
343 736
343 363
344 736
344 774
344 652
344 401
344 405
344 432
344 724
344 484
344 540
344 738
344 375
344 344
344 593
344 609
344 611
345 517
345 389
345 777
345 403
345 662
345 688
345 709
345 587
345 602
345 740
345 440
345 345
345 530
345 361
345 725
345 697
345 387
345 506
346 675
346 556
346 449
346 638
346 590
346 733
346 549
346 466
346 485
346 516
347 789
347 551
347 464
347 470
347 730
347 754
347 379
347 753
347 570
347 347
347 640
347 390
347 491
347 752
347 779
348 667
348 559
348 697
348 595
348 746
348 350
348 348
348 472
348 608
348 665
348 768
348 707
349 581
349 549
349 775
349 522
349 503
349 349
349 617
349 759
349 616
349 714
349 672
349 356
349 495
350 559
350 350
350 595
350 608
350 697
350 768
350 472
350 537
350 567
350 746
350 593
351 452
351 649
351 406
351 537
351 592
351 473
351 481
351 532
351 367
351 351
351 500
351 763
351 362
351 620
351 372
351 553
352 643
352 690
352 438
352 703
352 450
352 583
352 589
352 718
352 354
352 633
352 561
352 626
352 624
352 640
352 577
352 679
352 721
352 632
353 654
353 428
353 515
353 396
353 793
353 565
353 353
353 712
353 762
353 525
353 381
353 664
353 373
353 384
354 643
354 561
354 690
354 703
354 577
354 450
354 718
354 589
354 633
354 624
354 438
354 626
354 640
354 586
354 455
355 671
355 660
355 422
355 427
355 695
355 698
355 574
355 702
355 486
355 700
355 424
355 651
355 728
355 462
355 455
355 693
355 398
355 479
355 714
355 603
356 775
356 522
356 714
356 759
356 616
356 510
356 617
356 761
356 356
356 574
356 495
356 503
357 742
357 791
357 536
357 418
357 676
357 431
357 564
357 458
357 591
357 553
357 357
357 485
357 610
357 494
357 618
358 518
358 651
358 786
358 534
358 566
358 442
358 728
358 729
358 731
358 744
358 494
358 371
358 383
358 604
358 489
358 515
358 748
358 664
359 523
359 527
359 794
359 666
359 796
359 797
359 414
359 544
359 582
359 742
359 741
359 359
359 627
359 692
359 420
359 704
359 494
359 486
360 653
360 491
360 679
360 774
360 652
360 405
360 540
360 734
360 609
360 738
360 401
360 432
360 724
360 604
360 437
360 627
360 375
361 792
361 517
361 389
361 530
361 688
361 440
361 709
361 725
361 602
361 745
361 777
361 763
361 662
361 447
361 435
361 587
361 646
361 513
361 506
362 649
362 532
362 406
362 473
362 631
362 620
362 362
362 537
362 481
362 657
362 374
362 592
362 622
362 520
362 500
362 372
362 670
363 794
363 796
363 797
363 414
363 692
363 582
363 741
363 742
363 527
363 766
363 627
363 544
363 363
363 372
363 477
363 422
363 451
364 643
364 571
364 515
364 396
364 525
364 793
364 565
364 712
364 496
364 384
364 762
364 373
364 641
364 623
364 456
364 504
365 467
365 385
365 528
365 404
365 792
365 705
365 465
365 613
365 622
365 365
365 795
365 637
365 410
365 447
366 513
366 519
366 779
366 416
366 560
366 443
366 576
366 586
366 588
366 605
366 735
366 382
366 498
366 502
366 366
366 622
366 728
366 426
366 421
367 589
367 788
367 593
367 649
367 532
367 537
367 592
367 473
367 481
367 367
367 500
367 372
367 502
367 746
367 631
368 514
368 388
368 663
368 749
368 512
368 387
368 641
368 368
368 700
368 767
368 746
368 446
369 772
369 645
369 390
369 523
369 653
369 781
369 538
369 677
369 579
369 743
369 630
369 369
369 606
369 650
369 467
369 416
369 773
369 764
370 535
370 664
370 413
370 425
370 426
370 683
370 575
370 708
370 711
370 599
370 747
370 539
371 518
371 651
371 780
371 786
371 534
371 665
371 566
371 728
371 729
371 731
371 604
371 489
371 494
371 744
371 371
371 625
371 383
371 700
371 638
371 444
372 595
372 693
372 649
372 657
372 532
372 592
372 473
372 500
372 406
372 481
372 572
372 787
372 631
373 515
373 565
373 712
373 496
373 793
373 504
373 762
373 396
373 373
373 782
373 484
374 735
374 639
374 649
374 657
374 532
374 406
374 537
374 592
374 473
374 481
374 620
374 500
374 374
374 538
374 693
374 631
374 763
375 774
375 652
375 401
375 405
375 432
375 734
375 609
375 738
375 611
375 484
375 724
375 513
376 698
376 646
376 394
376 399
376 482
376 410
376 480
376 593
376 463
376 656
376 577
376 632
376 689
377 764
377 464
377 380
377 459
377 770
377 647
377 655
377 545
377 673
377 550
377 681
377 701
377 713
377 716
377 646
377 525
377 595
378 502
378 654
378 409
378 417
378 448
378 585
378 722
378 597
378 739
378 483
378 488
378 420
378 644
378 603
379 789
379 551
379 570
379 470
379 491
379 754
379 753
379 682
379 464
379 730
379 671
379 568
379 618
380 424
380 524
380 531
380 790
380 542
380 546
380 558
380 706
380 720
380 607
380 636
380 490
380 619
380 757
380 758
380 478
380 767
381 773
381 782
381 529
381 799
381 674
381 689
381 694
381 601
381 736
381 497
381 381
381 578
381 405
381 568
381 691
382 513
382 519
382 779
382 560
382 443
382 576
382 586
382 498
382 416
382 588
382 735
382 502
383 518
383 651
383 780
383 786
383 534
383 665
383 728
383 729
383 731
383 604
383 744
383 494
383 383
383 775
383 702
383 506
384 665
384 393
384 425
384 515
384 396
384 525
384 793
384 565
384 712
384 496
384 762
384 787
384 433
384 569
385 750
385 468
385 581
385 465
385 528
385 385
385 404
385 622
385 792
385 705
385 673
385 624
385 481
385 613
385 637
386 658
386 460
386 386
386 571
386 783
386 478
386 639
386 400
386 698
386 768
386 442
386 533
386 459
386 756
387 641
387 514
387 387
387 663
387 614
387 434
387 512
387 388
387 749
387 615
387 722
387 762
387 516
388 514
388 749
388 388
388 641
388 512
388 798
388 663
388 434
388 614
388 676
389 592
389 517
389 745
389 763
389 688
389 389
389 740
389 447
389 777
389 662
389 403
389 602
389 725
389 435
389 440
389 506
389 709
389 587
390 690
390 772
390 645
390 621
390 538
390 653
390 600
390 523
390 630
390 390
390 671
390 781
390 677
390 650
390 764
390 454
390 679
390 467
390 606
390 793
390 745
391 470
391 721
391 634
391 408
391 568
391 475
391 444
391 456
391 476
391 648
391 704
391 625
391 474
391 543
391 393
391 446
391 575
391 402
391 715
391 592
392 437
392 639
392 612
392 453
392 526
392 429
392 511
392 563
392 788
392 392
392 454
392 717
392 603
393 648
393 634
393 721
393 393
393 456
393 543
393 444
393 476
393 715
393 704
393 474
393 475
393 568
393 625
393 741
393 402
393 408
393 737
394 630
394 646
394 593
394 410
394 784
394 480
394 656
394 399
394 446
394 482
394 394
394 463
394 670
395 644
395 727
395 395
395 603
395 679
395 635
395 800
395 710
395 509
395 421
395 555
395 401
395 787
395 407
396 468
396 515
396 504
396 565
396 712
396 762
396 525
396 496
396 487
396 512
396 793
397 755
397 771
397 445
397 487
397 686
397 567
397 479
397 520
397 441
397 397
397 562
397 795
397 547
398 771
398 520
398 686
398 398
398 479
398 487
398 795
398 567
398 755
398 461
398 547
398 441
398 445
398 485
399 646
399 399
399 482
399 656
399 593
399 446
399 410
399 480
399 580
399 439
399 463
400 783
400 533
400 756
400 639
400 658
400 571
400 400
400 460
400 459
400 447
400 550
400 426
401 507
401 774
401 652
401 484
401 609
401 611
401 432
401 734
401 540
401 651
401 714
401 405
401 724
401 738
402 615
402 648
402 456
402 412
402 634
402 475
402 476
402 625
402 715
402 704
402 543
402 408
402 568
402 459
402 444
402 721
402 474
403 414
403 607
403 704
403 791
403 517
403 777
403 435
403 506
403 688
403 740
403 587
403 745
403 763
403 403
403 440
403 782
403 713
403 662
403 447
403 602
404 528
404 792
404 404
404 637
404 465
404 581
404 622
404 705
404 750
404 422
404 468
404 613
404 425
404 591
405 774
405 484
405 405
405 738
405 609
405 611
405 724
405 631
405 658
405 540
405 432
405 734
406 649
406 657
406 532
406 500
406 537
406 592
406 763
406 481
407 580
407 644
407 603
407 407
407 509
407 727
407 710
407 555
407 800
407 679
407 600
407 554
407 536
408 648
408 543
408 444
408 634
408 568
408 715
408 475
408 476
408 408
408 412
408 704
408 456
408 514
408 721
408 474
408 563
409 472
409 642
409 654
409 409
409 420
409 748
409 722
409 585
409 505
409 448
409 739
409 417
409 611
409 483
409 488
410 646
410 656
410 784
410 463
410 482
410 446
410 480
410 410
410 593
410 668
410 662
411 769
411 778
411 661
411 668
411 680
411 469
411 628
411 573
411 659
411 415
411 411
411 507
411 554
411 693
411 759
411 534
411 691
411 437
411 763
412 690
412 666
412 699
412 648
412 475
412 456
412 444
412 704
412 625
412 543
412 634
412 476
412 474
412 568
412 685
412 532
412 715
413 772
413 535
413 664
413 539
413 425
413 413
413 708
413 711
413 426
413 575
413 596
413 508
413 584
413 583
413 599
414 794
414 666
414 796
414 797
414 741
414 527
414 582
414 627
414 766
414 414
414 567
414 544
414 692
414 457
415 768
415 778
415 659
415 661
415 507
415 691
415 469
415 573
415 693
415 415
415 628
415 554
415 668
415 680
415 707
415 771
416 513
416 519
416 779
416 735
416 560
416 443
416 502
416 605
416 498
416 632
416 588
416 416
416 782
416 576
416 586
416 788
417 654
417 722
417 420
417 448
417 597
417 483
417 417
417 585
417 505
417 786
417 757
417 488
417 748
417 687
418 791
418 670
418 751
418 676
418 536
418 485
418 564
418 553
418 723
418 591
418 618
418 458
418 610
418 431
418 433
419 669
419 552
419 457
419 492
419 557
419 452
419 461
419 501
419 765
419 516
419 419
419 727
419 755
420 650
420 570
420 642
420 654
420 420
420 483
420 739
420 597
420 488
420 448
420 479
420 585
420 722
420 748
421 548
421 800
421 421
421 635
421 727
421 509
421 644
421 752
421 679
421 555
421 710
421 603
422 660
422 700
422 424
422 422
422 698
422 695
422 574
422 702
422 746
422 435
422 427
422 486
422 615
423 764
423 642
423 785
423 798
423 672
423 548
423 569
423 541
423 737
423 684
423 687
423 423
423 428
423 575
423 787
423 685
423 471
423 629
423 511
424 660
424 574
424 695
424 424
424 486
424 427
424 700
424 702
424 615
424 698
425 535
425 664
425 539
425 584
425 426
425 711
425 747
425 508
425 683
425 708
425 596
425 575
425 599
426 748
426 535
426 664
426 539
426 426
426 708
426 575
426 596
426 584
426 683
426 711
426 514
426 785
426 599
426 508
426 516
426 732
427 660
427 695
427 427
427 486
427 574
427 615
427 698
427 700
427 702
427 429
428 785
428 541
428 798
428 672
428 685
428 726
428 737
428 428
428 629
428 569
428 684
428 687
428 471
429 788
429 477
429 429
429 511
429 454
429 453
429 563
429 526
429 717
429 612
429 451
430 606
430 472
430 521
430 787
430 493
430 699
430 594
430 436
430 623
430 439
430 615
430 455
430 760
430 719
431 526
431 670
431 676
431 610
431 553
431 458
431 618
431 591
431 433
431 723
431 791
431 431
431 500
431 564
431 485
431 751
432 508
432 487
432 545
432 774
432 540
432 611
432 432
432 724
432 484
432 609
432 468
432 738
433 443
433 543
433 684
433 791
433 536
433 670
433 676
433 485
433 591
433 564
433 618
433 723
433 553
433 678
433 458
433 610
434 561
434 641
434 663
434 749
434 614
434 512
434 434
435 628
435 502
435 644
435 777
435 530
435 662
435 688
435 745
435 740
435 602
435 435
435 447
435 709
435 440
435 452
435 579
435 516
435 506
436 521
436 787
436 455
436 436
436 594
436 439
436 572
436 623
436 493
436 588
436 523
436 699
436 760
437 778
437 659
437 668
437 680
437 554
437 691
437 507
437 573
437 769
437 628
437 469
437 437
437 693
437 529
437 707
438 561
438 690
438 450
438 577
438 438
438 703
438 624
438 626
438 589
438 643
438 640
438 633
438 720
438 725
438 583
438 786
439 521
439 787
439 623
439 572
439 439
439 455
439 493
439 760
439 594
439 517
439 699
439 631
440 701
440 530
440 662
440 447
440 763
440 602
440 587
440 740
440 440
440 777
440 745
440 506
440 688
440 725
441 771
441 520
441 547
441 686
441 445
441 479
441 441
441 648
442 651
442 780
442 786
442 534
442 665
442 566
442 489
442 729
442 728
442 744
442 494
442 442
442 518
442 731
442 666
442 520
443 692
443 513
443 519
443 779
443 560
443 586
443 632
443 588
443 735
443 502
443 443
443 576
443 605
444 543
444 721
444 648
444 474
444 704
444 568
444 456
444 476
444 475
444 444
444 461
444 594
444 715
445 531
445 771
445 520
445 795
445 547
445 567
445 487
445 479
445 719
446 464
446 456
446 646
446 656
446 593
446 446
446 486
446 482
447 668
447 483
447 647
447 517
447 777
447 530
447 662
447 688
447 587
447 740
447 725
447 709
447 506
447 763
448 642
448 654
448 597
448 483
448 448
448 739
448 505
448 748
448 508
448 481
448 585
448 722
448 596
449 675
449 549
449 562
449 466
449 449
449 462
449 673
449 732
449 764
449 590
449 638
450 643
450 561
450 690
450 577
450 624
450 633
450 640
450 589
450 703
450 450
450 583
450 718
450 783
450 757
450 637
450 626
450 575
451 526
451 788
451 563
451 612
451 477
451 451
451 454
451 453
451 580
451 615
452 516
452 552
452 557
452 457
452 452
452 499
452 765
452 492
452 632
452 553
452 501
453 526
453 788
453 612
453 453
453 511
453 454
453 477
453 787
453 651
453 714
453 540
454 526
454 717
454 788
454 511
454 454
454 612
454 780
454 685
454 497
455 521
455 787
455 699
455 572
455 623
455 493
455 594
455 760
455 583
455 581
455 499
455 655
455 555
456 648
456 543
456 568
456 625
456 721
456 715
456 704
456 456
456 537
456 474
456 475
456 501
457 682
457 516
457 552
457 557
457 461
457 501
457 765
457 669
457 457
457 499
457 487
457 578
457 725
458 613
458 791
458 670
458 676
458 553
458 564
458 610
458 591
458 485
458 723
458 503
458 542
458 751
459 538
459 783
459 658
459 533
459 571
459 478
459 639
459 543
459 460
459 756
459 520
460 600
460 486
460 658
460 533
460 571
460 478
460 756
460 783
460 639
460 460
460 729
461 624
461 528
461 708
461 516
461 669
461 552
461 557
461 765
461 499
461 495
461 479
461 492
462 675
462 556
462 562
462 590
462 638
462 733
462 549
462 466
462 617
462 635
462 770
462 565
463 646
463 656
463 463
463 784
463 593
463 480
463 482
464 682
464 570
464 470
464 752
464 754
464 491
464 464
464 551
464 789
464 753
465 528
465 792
465 581
465 465
465 622
465 468
465 613
465 536
465 594
465 735
465 750
465 637
465 474
466 675
466 549
466 556
466 562
466 466
466 733
466 712
466 573
466 764
466 638
467 772
467 645
467 650
467 523
467 653
467 781
467 538
467 671
467 579
467 621
467 467
467 630
467 677
467 743
467 606
467 764
467 794
467 600
468 528
468 792
468 622
468 613
468 581
468 750
468 468
468 705
468 768
469 769
469 778
469 659
469 661
469 668
469 680
469 554
469 691
469 707
469 469
469 573
469 628
470 789
470 551
470 682
470 570
470 491
470 470
470 660
470 730
470 753
471 572
471 785
471 541
471 548
471 685
471 569
471 726
471 687
471 629
471 798
471 471
471 719
471 587
472 667
472 559
472 697
472 595
472 768
472 746
472 608
472 789
473 753
473 649
473 532
473 537
473 592
473 481
473 631
473 500
473 800
474 648
474 704
474 721
474 476
474 475
474 474
474 634
474 543
474 605
474 518
474 496
475 583
475 715
475 721
475 475
475 543
475 476
475 648
475 776
475 739
475 625
475 530
476 613
476 648
476 543
476 704
476 715
476 625
476 721
476 590
476 670
476 600
476 634
477 778
477 526
477 788
477 563
477 511
477 717
477 477
477 505
477 612
478 783
478 658
478 533
478 571
478 756
478 478
478 704
478 639
478 603
479 685
479 520
479 686
479 567
479 755
479 771
479 754
479 632
479 487
480 656
480 784
480 593
480 646
480 482
480 556
480 580
481 649
481 537
481 532
481 592
481 631
481 620
481 500
482 669
482 646
482 593
482 524
482 568
482 708
482 723
483 642
483 654
483 597
483 739
483 722
483 748
483 488
483 585
483 618
483 673
484 510
484 652
484 734
484 738
484 611
484 484
484 609
484 780
485 536
485 591
485 723
485 676
485 791
485 485
485 670
485 664
485 607
485 751
486 583
486 660
486 698
486 700
486 695
486 702
486 615
486 640
487 771
487 520
487 547
487 686
487 567
487 755
487 643
487 662
488 654
488 585
488 722
488 642
488 597
488 748
488 505
488 739
488 564
489 518
489 651
489 780
489 786
489 665
489 566
489 728
489 729
489 744
489 534
489 731
489 489
489 593
489 494
490 781
490 524
490 531
490 546
490 706
490 719
490 607
490 636
490 558
490 619
490 767
490 542
490 757
490 713
490 678
491 789
491 682
491 570
491 730
491 752
491 754
491 551
491 644
491 532
491 753
491 656
492 780
492 516
492 557
492 501
492 492
492 552
492 675
492 701
492 765
492 509
493 594
493 787
493 493
493 521
493 699
493 572
493 685
493 742
493 623
494 518
494 651
494 780
494 786
494 534
494 665
494 566
494 729
494 731
494 604
494 744
494 751
495 775
495 522
495 714
495 616
495 617
495 759
495 678
495 510
495 709
496 515
496 793
496 565
496 712
496 504
496 536
497 787
497 773
497 529
497 799
497 674
497 689
497 694
497 578
497 601
497 696
497 580
497 713
497 610
498 513
498 519
498 779
498 576
498 586
498 588
498 735
498 632
498 560
498 498
498 747
498 502
498 506
499 568
499 516
499 552
499 499
499 557
499 598
499 501
499 517
500 657
500 537
500 592
500 631
500 620
500 532
500 510
500 618
501 516
501 552
501 557
501 669
501 501
501 765
501 717
501 759
502 636
502 513
502 519
502 779
502 560
502 586
502 588
502 605
502 735
502 632
502 756
503 522
503 678
503 617
503 775
503 616
503 761
503 759
503 510
503 547
503 728
503 729
504 525
504 565
504 793
504 712
504 762
504 504
504 536
505 744
505 699
505 642
505 654
505 585
505 722
505 597
505 739
505 748
505 505
505 621
505 792
505 738
506 681
506 509
506 517
506 777
506 530
506 662
506 688
506 725
506 602
506 740
506 709
506 638
507 769
507 778
507 659
507 661
507 668
507 680
507 554
507 691
507 693
507 707
507 507
507 745
508 613
508 664
508 539
508 683
508 708
508 711
508 584
508 596
508 599
508 747
508 508
509 667
509 644
509 800
509 679
509 555
509 727
509 603
509 728
510 737
510 775
510 522
510 678
510 616
510 761
510 617
510 510
510 759
510 592
510 517
511 563
511 717
511 612
511 526
511 511
511 788
511 616
511 562
512 514
512 663
512 614
512 749
512 559
512 662
512 791
513 576
513 735
513 588
513 632
513 605
513 779
513 560
513 519
513 748
513 638
513 586
513 648
514 561
514 641
514 514
514 744
514 696
514 663
514 614
514 749
514 569
515 527
515 515
515 712
515 565
515 600
515 765
515 525
515 793
515 609
516 682
516 552
516 765
516 516
516 669
516 557
517 542
517 740
517 688
517 777
517 745
517 530
517 709
517 587
517 791
517 662
517 602
518 518
518 651
518 728
518 665
518 744
518 566
518 786
518 534
518 780
518 650
518 747
518 731
518 604
519 588
519 519
519 735
519 605
519 586
519 560
519 555
519 619
519 779
519 576
520 739
520 771
520 755
520 795
520 686
520 520
520 729
520 547
520 611
521 521
521 572
521 699
521 623
521 787
521 760
521 792
521 769
521 594
521 567
522 775
522 617
522 616
522 714
522 678
522 761
522 796
522 797
522 794
523 772
523 645
523 650
523 538
523 621
523 606
523 671
523 523
523 781
523 579
523 630
523 764
523 677
523 653
523 735
523 600
523 743
524 660
524 719
524 767
524 558
524 524
524 619
524 758
524 790
524 720
524 607
524 636
524 531
524 716
524 602
524 546
525 762
525 712
525 565
525 793
525 525
526 772
526 563
526 612
526 717
526 788
526 526
526 547
527 666
527 794
527 627
527 766
527 741
527 797
527 692
527 582
527 544
527 527
527 742
527 796
527 752
528 705
528 637
528 622
528 613
528 750
528 581
528 528
528 792
529 773
529 782
529 601
529 689
529 736
529 529
529 716
529 799
529 674
529 694
529 578
530 599
530 784
530 740
530 662
530 530
530 777
530 709
530 602
530 745
530 632
530 668
530 688
530 587
531 719
531 757
531 706
531 542
531 607
531 636
531 558
531 720
531 619
531 546
531 767
531 758
531 790
531 665
531 552
532 661
532 571
532 649
532 657
532 620
532 537
532 592
532 532
532 631
533 783
533 658
533 639
533 533
533 571
533 702
533 661
533 756
534 651
534 780
534 604
534 729
534 731
534 786
534 534
534 566
534 744
534 665
534 794
535 604
535 660
535 683
535 539
535 747
535 535
535 584
535 575
535 664
535 711
535 751
535 708
535 599
536 707
536 670
536 553
536 751
536 536
536 723
536 676
536 591
536 601
536 731
536 618
537 672
537 649
537 657
537 620
537 631
537 636
537 784
537 592
538 645
538 650
538 653
538 781
538 600
538 621
538 538
538 630
538 772
538 606
538 764
538 743
538 671
538 677
538 579
538 693
538 545
538 791
539 664
539 711
539 683
539 575
539 599
539 539
539 596
539 747
539 708
539 793
539 773
540 652
540 724
540 609
540 738
540 540
540 734
540 774
540 611
541 785
541 726
541 548
541 684
541 541
541 569
541 737
541 672
541 687
541 798
541 685
541 711
541 629
542 675
542 790
542 719
542 767
542 619
542 558
542 758
542 720
542 546
542 542
542 706
542 556
542 755
542 607
543 794
543 573
543 715
543 704
543 568
543 634
543 575
543 721
544 653
544 794
544 796
544 582
544 797
544 666
544 544
544 692
544 741
544 627
544 742
544 766
544 711
544 750
544 704
545 770
545 647
545 776
545 545
545 681
545 701
545 713
545 550
545 673
546 706
546 636
546 607
546 790
546 558
546 767
546 619
546 719
546 758
546 546
546 561
546 720
546 585
547 771
547 795
547 755
547 567
547 686
547 754
547 750
547 652
547 565
548 785
548 798
548 672
548 737
548 687
548 685
548 629
548 569
548 548
548 593
549 675
549 549
549 562
549 638
549 733
549 590
549 575
549 556
549 649
550 757
550 779
550 669
550 770
550 647
550 716
550 732
550 655
550 550
550 586
550 681
550 701
550 598
551 789
551 753
551 682
551 570
551 730
551 551
551 752
551 754
551 702
552 669
552 552
552 557
552 783
553 796
553 791
553 670
553 676
553 618
553 723
553 564
553 751
553 553
553 591
553 610
553 595
554 641
554 769
554 659
554 661
554 554
554 707
554 573
554 628
554 778
554 742
554 566
554 691
554 762
555 668
555 644
555 800
555 555
555 679
555 710
555 761
555 695
555 727
555 603
556 675
556 733
556 590
556 562
556 556
556 638
556 633
556 603
556 617
557 560
557 669
557 765
557 557
557 796
558 566
558 790
558 757
558 636
558 706
558 558
558 619
558 758
558 720
558 607
559 667
559 697
559 746
559 595
559 768
559 608
559 724
560 632
560 779
560 605
560 735
560 588
560 576
560 560
560 671
560 564
561 643
561 718
561 561
561 583
561 626
561 633
561 690
561 624
561 589
561 703
561 577
561 640
561 730
562 675
562 733
562 638
562 590
562 577
563 788
563 717
563 612
563 563
563 569
564 659
564 726
564 670
564 723
564 591
564 676
564 751
564 564
564 610
564 618
565 781
565 581
565 793
565 712
565 791
566 651
566 780
566 665
566 728
566 744
566 566
566 604
566 729
566 677
567 640
567 771
567 795
567 686
567 755
567 580
568 621
568 707
568 648
568 568
568 625
568 704
568 684
568 715
568 721
568 634
569 785
569 798
569 672
569 684
569 687
569 685
569 629
569 737
569 569
569 632
569 759
570 743
570 789
570 682
570 754
570 753
570 570
570 685
570 730
570 752
570 713
571 667
571 658
571 639
571 756
571 783
572 787
572 699
572 760
572 623
572 594
572 572
572 655
572 722
573 769
573 659
573 661
573 680
573 691
573 693
573 778
573 628
573 573
573 707
573 774
574 660
574 695
574 698
574 700
574 702
574 615
574 574
574 679
574 593
575 582
575 683
575 708
575 599
575 575
575 613
575 584
576 621
576 661
576 779
576 632
576 588
576 605
576 586
576 746
577 643
577 690
577 703
577 589
577 624
577 640
577 626
577 633
577 577
577 763
577 588
577 712
578 697
578 773
578 782
578 799
578 674
578 694
578 696
578 578
578 736
578 580
578 610
578 601
579 772
579 650
579 653
579 781
579 671
579 677
579 743
579 606
579 645
579 630
579 579
579 764
579 600
580 761
580 773
580 782
580 799
580 674
580 689
580 694
580 696
580 601
580 736
581 792
581 705
581 581
581 750
581 622
581 613
581 637
581 739
582 794
582 666
582 796
582 797
582 692
582 766
582 627
582 742
582 788
582 741
582 615
583 643
583 690
583 703
583 640
583 589
583 626
583 718
583 624
583 633
583 790
584 758
584 664
584 683
584 708
584 711
584 747
584 596
584 599
584 587
585 642
585 654
585 722
585 585
585 673
585 597
586 779
586 605
586 586
586 735
586 793
586 588
586 632
587 777
587 709
587 587
587 740
587 745
587 725
587 705
587 763
588 651
588 779
588 735
588 632
588 605
589 643
589 690
589 703
589 626
589 718
589 633
589 624
589 622
590 675
590 590
590 733
590 638
590 758
590 704
590 793
591 670
591 676
591 610
591 723
591 618
591 791
591 637
591 751
592 649
592 657
592 620
592 592
593 656
593 784
593 646
594 663
594 787
594 699
594 624
594 760
595 667
595 608
595 595
595 697
595 768
595 723
596 683
596 708
596 747
596 599
596 664
596 711
596 596
597 642
597 654
597 722
597 597
597 739
597 663
597 646
598 770
598 647
598 776
598 655
598 673
598 681
598 701
598 713
598 716
598 732
598 705
599 683
599 711
599 708
599 747
599 664
600 772
600 645
600 650
600 653
600 781
600 671
600 677
600 630
600 606
600 621
600 743
600 795
600 662
600 777
601 773
601 799
601 689
601 694
601 696
601 674
601 782
601 736
601 710
602 777
602 688
602 725
602 602
602 740
602 763
603 699
603 657
603 800
603 679
603 603
604 651
604 780
604 786
604 728
604 731
604 604
604 665
604 729
604 745
605 744
605 605
605 735
605 703
605 760
605 632
606 772
606 645
606 650
606 671
606 677
606 743
606 764
606 621
606 606
606 630
606 730
606 790
607 790
607 719
607 636
607 706
607 720
607 619
607 767
607 758
607 727
608 742
608 667
608 697
608 787
608 746
608 768
609 774
609 652
609 734
609 611
609 609
609 724
609 738
610 791
610 670
610 751
610 610
610 618
611 697
611 774
611 652
611 611
611 622
612 691
612 717
612 612
612 626
613 705
613 613
613 792
613 750
613 622
613 637
613 682
614 641
614 663
614 749
614 625
615 660
615 700
615 702
615 615
615 695
616 775
616 678
616 714
616 759
616 617
616 761
617 681
617 775
617 678
617 714
617 761
617 759
618 791
618 670
618 676
618 723
618 618
618 751
618 720
618 692
619 790
619 706
619 719
619 720
619 636
619 757
619 751
619 783
619 758
619 625
620 657
620 631
620 620
620 626
621 772
621 645
621 650
621 671
621 677
621 621
621 653
621 743
621 764
622 705
622 622
622 637
622 655
622 740
623 787
623 623
623 760
624 690
624 703
624 718
624 633
624 640
624 643
624 626
624 624
625 648
625 704
625 721
625 634
625 625
625 713
626 643
626 690
626 640
626 626
626 633
626 723
627 796
627 797
627 741
627 742
627 627
628 769
628 659
628 661
628 668
628 680
628 691
628 693
628 707
628 778
628 754
629 672
629 684
629 687
629 726
629 685
629 798
629 785
629 737
629 704
630 650
630 781
630 671
630 653
630 743
630 677
630 764
630 630
631 657
631 649
631 631
631 653
631 800
632 735
632 779
632 632
632 637
632 681
633 643
633 690
633 703
633 718
633 743
633 778
633 798
634 648
634 715
634 634
635 718
635 644
635 800
635 710
635 727
635 682
635 791
636 790
636 706
636 719
636 720
636 767
636 757
636 758
636 700
637 705
637 750
637 792
638 675
638 638
638 733
638 683
639 783
639 658
639 756
639 648
640 643
640 690
640 703
640 718
640 640
640 641
640 758
641 663
641 749
641 641
641 755
641 696
642 748
642 654
642 739
642 722
642 642
642 793
642 712
643 643
643 718
643 703
643 690
643 687
643 650
643 797
644 710
644 679
644 644
644 743
644 727
645 772
645 743
645 653
645 645
645 764
645 677
645 781
645 650
645 671
645 695
645 710
646 646
646 656
646 771
646 784
647 770
647 647
647 776
647 655
647 713
647 732
647 701
647 673
647 681
647 652
648 768
648 704
648 715
648 648
648 721
649 649
649 657
650 772
650 677
650 650
650 764
650 653
650 781
650 671
650 743
650 771
650 686
651 731
651 651
651 728
651 665
651 744
651 729
651 786
652 658
652 774
652 724
652 652
652 734
652 738
652 740
653 677
653 653
653 743
653 772
653 781
653 671
653 764
654 721
654 748
654 722
654 798
655 770
655 776
655 701
655 732
655 655
655 673
655 681
656 783
656 656
656 784
656 729
657 657
658 783
658 756
659 778
659 661
659 680
659 769
659 668
659 707
659 691
659 693
660 660
660 700
660 695
660 702
660 698
660 730
660 662
661 695
661 769
661 778
661 693
661 668
661 691
661 661
661 680
662 729
662 763
662 662
662 745
662 709
662 725
663 663
663 786
663 749
664 677
664 711
664 747
664 683
664 664
664 708
665 780
665 786
665 728
665 665
665 731
665 744
665 729
666 794
666 666
666 742
666 766
666 692
666 797
666 741
666 796
667 768
667 697
667 667
667 746
668 769
668 778
668 680
668 668
668 693
668 707
669 669
669 765
669 685
670 791
670 676
670 723
670 670
671 772
671 781
671 764
671 671
671 677
671 731
671 743
671 769
672 785
672 798
672 672
672 685
672 726
672 684
672 737
672 676
672 687
673 776
673 701
673 681
673 732
673 673
673 713
673 716
674 782
674 799
674 689
674 696
674 674
674 780
674 694
675 733
675 675
675 719
676 791
676 723
676 676
677 781
677 743
677 677
677 772
677 764
678 775
678 759
678 678
678 714
678 761
678 743
678 727
679 795
679 800
679 727
679 744
679 710
680 769
680 778
680 707
680 691
680 693
680 684
680 754
680 774
681 770
681 776
681 732
681 716
681 701
681 713
682 789
682 753
682 730
682 682
682 754
682 752
683 708
683 747
683 683
683 711
683 732
684 785
684 798
684 737
684 726
684 684
684 685
684 775
685 785
685 798
685 685
685 726
685 737
686 771
686 755
686 759
687 757
687 785
687 798
687 687
687 726
687 756
687 737
688 777
688 688
688 725
688 763
688 740
688 709
688 745
689 773
689 782
689 799
689 736
689 694
689 696
689 725
690 718
690 703
691 778
691 769
691 691
691 693
691 707
692 794
692 796
692 797
692 741
692 742
692 692
692 766
693 769
693 778
693 707
693 747
694 782
694 799
694 736
694 696
695 700
695 698
695 695
695 723
695 702
696 782
696 799
696 773
696 736
696 696
697 697
697 746
697 768
698 702
698 700
699 787
700 702
701 770
701 776
701 701
701 716
701 713
701 732
702 702
702 786
703 703
703 718
703 764
704 715
704 704
704 721
705 792
705 705
705 750
705 734
706 758
706 757
706 790
706 706
706 767
706 719
706 720
707 769
707 707
708 747
708 708
708 746
708 711
709 745
709 777
709 725
709 763
709 740
710 728
710 710
710 727
711 741
711 711
711 745
711 747
712 762
712 712
712 793
713 770
713 776
713 732
713 716
714 742
714 775
714 759
714 714
714 761
715 715
715 721
715 716
716 770
716 732
716 776
716 716
716 764
717 788
717 717
718 718
719 790
719 720
719 757
719 719
719 734
719 758
720 790
720 767
720 758
720 720
720 757
721 749
721 761
722 739
722 772
722 748
723 736
723 791
723 751
724 774
724 738
724 734
724 724
725 777
725 763
725 740
725 725
725 800
726 798
726 785
726 726
726 737
728 780
728 728
728 744
728 786
728 729
728 742
728 731
728 799
729 780
729 786
729 729
729 732
729 744
730 764
730 789
730 730
730 754
730 752
730 753
731 780
731 786
731 744
731 731
731 734
732 770
732 784
733 733
734 774
734 738
734 734
735 779
735 735
736 799
736 773
737 789
737 785
737 798
738 774
738 755
739 748
739 739
740 777
740 745
740 740
741 794
741 796
741 742
741 766
741 797
741 749
741 771
742 796
742 794
742 742
742 766
743 772
743 781
743 764
743 743
743 775
744 780
744 786
744 744
745 765
745 777
745 763
745 745
746 768
746 746
746 792
750 792
750 750
750 797
751 791
752 789
752 754
752 752
753 789
753 754
754 754
755 771
755 795
755 755
755 773
756 783
757 790
757 767
757 757
758 766
758 767
759 775
759 759
759 761
760 787
760 760
760 761
760 795
761 775
762 793
762 762
763 777
764 772
764 781
765 765
766 794
766 796
766 797
766 766
767 790
769 769
769 778
770 770
770 776
771 771
771 795
772 781
772 772
773 799
773 773
773 782
773 800
774 774
775 794
776 776
777 777
778 778
779 779
779 794
780 780
780 786
781 781
782 782
782 799
783 783
784 784
785 798
786 786
787 787
788 788
789 789
790 790
791 791
792 792
793 793
794 797
794 796
795 795
796 796
796 797
797 797
798 798
799 799
800 800
