800 2538
1 304
1 1
1 547
1 359
1 274
1 668
1 169
1 43
1 203
2 551
2 259
2 380
2 496
2 32
2 497
3 379
3 578
3 8
3 3
3 328
3 463
3 630
4 319
4 293
4 98
4 796
4 158
4 437
4 489
4 764
5 585
5 10
5 738
5 5
5 657
5 241
6 513
6 386
6 163
6 357
6 235
6 589
7 485
7 388
7 78
7 164
7 364
7 35
7 555
7 719
7 91
8 80
8 272
8 534
8 608
9 736
9 101
9 194
9 9
9 395
9 438
9 583
10 295
10 455
10 123
10 711
10 395
10 198
11 138
11 393
11 137
11 766
11 776
11 273
11 494
12 591
12 459
12 319
12 405
12 475
12 782
12 204
13 312
13 118
13 87
13 252
13 481
13 407
14 360
14 193
14 53
14 522
14 87
14 450
14 493
15 385
15 225
15 672
15 687
15 591
16 613
16 317
16 114
16 45
16 303
16 549
17 509
17 783
17 263
17 148
17 400
17 597
17 471
18 185
18 394
18 195
18 20
18 289
18 279
18 460
18 226
18 233
18 119
19 298
19 106
19 501
19 98
19 399
19 349
20 526
20 394
20 20
20 50
20 185
21 394
21 748
21 195
21 584
21 756
21 206
21 605
22 203
22 169
22 22
22 206
23 697
23 642
23 349
23 437
23 206
24 419
24 531
24 45
24 601
24 620
25 514
25 646
25 232
25 791
25 576
25 759
25 498
26 391
26 126
26 87
26 171
26 468
27 143
27 404
27 387
27 136
27 522
27 337
28 151
28 156
28 520
28 413
28 210
28 238
29 143
29 136
29 566
29 320
29 208
29 83
30 262
30 779
30 175
30 361
30 560
30 294
31 268
31 396
31 682
31 127
31 271
31 626
32 284
32 110
32 164
32 93
32 94
32 625
32 626
33 652
33 711
33 301
33 211
33 76
33 447
34 432
34 386
34 163
34 69
34 311
34 683
34 353
34 108
34 255
35 174
35 388
35 104
35 658
35 348
35 230
36 280
36 540
36 149
36 734
36 178
37 121
37 723
37 117
37 323
37 517
37 73
38 681
38 59
38 38
38 92
38 693
38 701
38 710
39 187
39 165
39 373
39 577
39 153
40 550
40 582
40 397
40 244
40 56
40 693
41 389
41 742
41 313
41 177
41 95
41 42
41 384
42 344
42 190
42 434
42 772
43 421
43 670
43 506
43 117
43 294
43 734
44 781
44 326
44 459
44 81
44 348
44 685
44 432
45 244
45 559
45 725
45 133
45 531
46 478
46 301
46 443
46 793
46 84
46 211
46 56
47 675
47 409
47 713
47 798
47 678
47 86
48 656
48 168
48 298
48 401
48 519
48 651
48 241
49 525
49 696
49 334
49 219
49 780
49 639
50 423
50 748
50 750
50 93
50 226
51 259
51 646
51 758
51 744
51 724
51 691
52 424
52 365
52 519
52 488
52 717
53 300
53 676
53 170
53 195
53 702
54 147
54 155
54 238
54 383
54 565
55 181
55 220
55 84
55 187
55 473
55 315
55 60
55 243
56 212
56 482
56 734
56 119
57 245
57 170
57 633
57 323
57 216
58 289
58 658
58 129
58 214
58 126
58 588
59 456
59 720
59 309
59 158
59 191
60 548
60 577
60 296
60 368
60 572
60 190
61 259
61 135
61 530
61 408
61 157
61 125
62 264
62 104
62 787
62 388
62 266
63 134
63 535
63 737
63 530
63 149
63 570
63 457
64 416
64 417
64 681
64 693
64 191
64 500
64 454
65 665
65 737
65 651
65 647
65 527
65 718
65 245
66 492
66 476
66 273
66 236
66 701
67 710
67 543
67 316
67 634
67 317
67 453
68 131
68 167
68 561
68 318
68 417
68 721
68 377
69 144
69 69
69 206
70 782
70 539
70 286
70 188
70 466
70 216
70 708
71 86
71 488
71 747
71 383
71 92
72 769
72 167
72 561
72 452
72 510
73 193
73 360
73 522
73 370
73 375
74 177
74 434
74 325
74 696
74 510
74 755
74 83
75 779
75 704
75 303
75 121
75 721
76 367
76 689
76 433
76 706
76 604
76 119
77 268
77 771
77 541
77 294
77 540
77 335
78 787
78 164
78 284
78 419
78 230
79 720
79 607
79 145
79 79
80 392
80 578
80 580
80 463
80 427
81 697
81 319
81 326
81 243
82 306
82 771
82 291
82 799
82 245
82 228
83 566
83 739
83 404
83 757
84 265
84 184
84 722
84 665
84 726
85 710
85 332
85 456
85 582
85 599
86 421
86 798
86 785
86 370
86 458
87 409
87 788
87 452
87 353
88 633
88 522
88 676
88 330
88 250
88 638
89 134
89 387
89 777
89 266
89 696
90 517
90 410
90 142
90 736
90 778
90 97
90 775
90 338
91 719
91 555
91 94
91 490
91 352
92 441
92 603
92 256
92 306
92 246
93 716
93 412
93 316
94 475
94 555
94 705
94 230
95 262
95 532
95 662
95 725
95 97
95 614
95 765
95 256
95 150
95 151
96 432
96 445
96 336
96 302
96 607
96 155
97 130
97 180
97 687
97 630
97 228
98 345
98 733
98 309
98 501
98 636
99 644
99 261
99 483
99 316
99 382
100 578
100 138
100 145
100 457
100 311
100 766
101 264
101 115
101 388
101 164
102 183
102 462
102 615
102 141
102 173
102 107
102 367
103 152
103 134
103 718
103 270
103 251
103 509
104 550
104 388
104 265
104 264
104 555
104 594
105 663
105 436
105 432
105 366
105 168
106 401
106 452
106 329
106 571
106 314
107 161
107 678
107 462
107 216
107 367
108 507
108 513
108 683
108 162
109 654
109 529
109 430
109 150
109 721
109 370
110 719
110 348
110 284
110 567
110 115
110 680
110 176
111 449
111 713
111 782
111 376
111 304
112 517
112 139
112 174
112 736
112 779
113 667
113 461
113 308
113 717
113 296
114 613
114 601
114 338
114 686
115 229
115 388
115 458
115 573
115 412
115 387
116 694
116 412
116 233
116 261
116 364
117 445
117 675
117 552
117 143
118 269
118 171
118 386
118 629
118 290
119 433
119 426
120 532
120 487
120 786
120 363
120 247
120 597
121 704
121 799
121 431
121 777
122 528
122 800
122 677
122 601
122 571
123 713
123 257
123 395
123 198
123 472
124 744
124 137
124 393
124 494
124 751
125 135
125 248
125 157
125 212
125 498
125 316
126 208
126 406
126 516
126 353
127 384
127 268
127 469
127 387
128 667
128 545
128 310
128 686
128 547
128 567
128 414
129 224
129 658
129 768
129 589
129 488
130 716
130 466
130 130
130 139
130 669
130 519
131 769
131 579
131 590
131 741
131 300
131 329
131 229
131 424
132 132
132 414
132 764
132 145
132 133
132 292
133 414
133 133
133 733
133 730
134 134
134 135
134 468
134 770
135 737
135 474
135 144
135 270
135 157
135 498
135 391
136 359
136 729
136 404
136 587
136 273
136 288
136 446
136 715
136 739
137 476
137 536
137 481
137 552
137 457
137 727
137 612
137 766
137 349
137 706
138 393
138 536
138 357
138 273
138 727
139 174
139 142
139 724
139 478
139 618
140 711
140 690
140 140
140 264
140 793
140 447
140 202
140 212
141 397
141 302
141 201
141 678
141 643
141 665
141 441
141 617
142 517
142 262
142 374
142 303
142 180
142 765
143 476
143 712
143 146
144 569
144 654
144 451
144 546
144 563
144 205
144 209
145 595
145 481
145 689
145 536
145 583
146 305
146 712
146 320
146 345
146 566
147 390
147 666
147 227
147 391
147 609
147 238
148 783
148 792
148 346
148 677
148 707
149 433
149 734
149 479
149 527
150 714
150 563
150 339
150 430
151 515
151 628
151 520
152 201
152 488
152 599
152 277
152 363
153 362
153 773
153 505
153 443
153 351
154 621
154 786
154 488
154 708
154 485
154 231
155 521
155 390
155 246
155 628
156 337
156 281
156 486
156 301
157 651
157 157
158 258
158 552
158 615
158 263
158 161
158 312
158 324
158 617
159 275
159 670
159 314
159 506
159 752
159 305
159 204
160 770
160 607
160 688
160 775
160 619
160 747
160 635
161 610
161 615
161 359
161 183
161 698
161 324
161 462
161 468
161 604
162 272
162 240
162 419
162 271
162 614
162 328
162 764
163 178
163 646
163 392
164 787
164 382
164 594
164 361
165 184
165 400
165 165
165 447
165 448
165 722
166 711
166 745
166 699
166 790
166 795
166 760
167 318
167 289
167 561
167 696
167 452
168 545
168 173
168 508
168 742
168 196
168 702
169 276
169 355
169 279
169 299
170 323
170 330
170 333
171 391
171 516
171 227
172 548
172 556
172 400
172 722
172 533
173 545
173 686
173 173
173 308
174 669
174 223
174 736
174 202
174 501
175 674
175 175
175 707
175 228
176 681
176 536
176 236
176 560
176 200
177 389
177 177
178 403
178 686
178 461
178 278
178 340
178 728
178 481
178 354
179 654
179 569
179 700
179 179
179 600
179 504
180 662
180 374
180 736
180 296
180 716
180 618
181 364
181 373
181 347
181 182
181 678
181 690
182 400
182 182
182 702
182 214
183 685
183 573
183 386
183 610
184 556
184 722
184 723
185 776
185 619
185 655
185 788
186 380
186 482
186 629
186 433
186 665
187 296
187 722
187 524
187 572
187 347
188 675
188 286
188 454
188 559
188 745
188 449
188 566
189 371
189 460
189 206
189 423
189 476
189 743
189 449
190 195
190 377
190 655
191 774
191 397
191 465
191 635
192 569
192 654
192 546
192 714
192 703
192 513
193 676
193 493
193 696
194 257
194 558
194 194
194 198
194 356
195 217
195 743
195 430
196 340
196 308
196 508
196 626
197 519
197 616
197 321
197 488
197 474
197 480
197 231
198 596
198 464
198 472
199 774
199 582
199 199
199 549
200 200
200 727
200 394
201 610
201 441
201 367
201 603
201 620
202 640
202 793
202 690
202 250
203 355
203 251
203 247
204 275
204 547
204 627
204 464
205 223
205 563
205 600
205 593
205 370
206 526
206 776
206 427
206 754
206 655
206 472
207 409
207 586
207 454
207 798
207 639
207 699
208 298
208 401
208 686
208 545
208 340
209 546
209 422
209 714
209 695
209 339
209 440
210 500
210 681
210 701
210 550
210 305
211 502
211 711
211 350
212 652
212 699
213 216
213 664
213 411
213 424
213 321
213 351
213 418
213 671
214 718
214 700
214 453
215 425
215 682
215 567
215 626
215 237
215 740
216 293
216 538
216 376
216 450
217 394
217 584
217 750
217 248
217 605
217 226
217 746
217 266
218 416
218 534
218 419
218 218
219 694
219 696
219 655
219 538
219 280
220 347
220 448
220 400
220 276
221 450
221 592
221 375
221 638
221 389
221 576
222 401
222 298
222 308
222 728
222 317
222 490
223 478
223 262
223 662
223 736
224 631
224 623
224 380
224 791
224 749
224 496
224 227
225 770
225 794
225 570
225 584
226 526
226 235
226 750
226 413
227 664
227 486
227 499
228 799
228 753
229 300
229 579
229 581
230 719
230 248
231 599
231 616
231 408
232 795
232 744
232 234
232 506
233 412
233 589
233 543
234 646
234 791
234 741
234 430
235 490
235 611
235 489
235 295
236 560
236 307
236 457
237 338
237 800
237 531
237 484
238 390
238 464
238 628
239 300
239 561
239 306
239 311
239 571
239 579
240 403
240 487
240 534
240 380
241 677
241 395
241 477
242 539
242 798
242 675
242 421
242 510
243 577
243 556
243 549
243 398
244 417
244 550
244 425
244 426
245 530
245 350
245 270
246 780
246 666
246 383
247 621
247 680
247 344
247 486
248 631
248 780
249 456
249 779
249 704
249 799
249 571
250 250
250 790
250 419
251 275
251 547
251 343
251 376
252 447
252 762
252 386
252 736
253 353
253 648
253 263
253 783
253 273
253 657
254 287
254 335
254 254
254 443
255 390
255 521
255 609
255 666
256 258
256 698
256 603
256 577
257 491
257 472
257 669
257 649
257 583
258 381
258 258
258 462
258 603
259 496
259 795
259 691
259 637
260 276
260 576
260 632
260 378
260 677
260 322
261 644
261 402
261 634
261 542
262 466
262 662
262 716
262 478
262 530
262 307
263 636
263 576
263 285
263 398
263 346
263 740
264 284
264 574
264 787
264 555
265 284
265 625
265 475
266 660
266 777
266 337
266 757
267 776
267 584
267 279
267 619
267 567
267 536
267 723
268 626
268 268
269 793
269 516
269 512
269 461
269 671
270 647
270 651
270 509
270 617
270 356
271 272
271 763
271 705
271 534
271 519
271 533
272 661
272 368
272 533
272 328
273 560
273 481
273 516
273 457
274 464
274 343
274 283
274 692
274 314
274 688
275 670
275 338
275 483
276 741
276 668
276 627
276 283
276 314
276 343
277 365
277 411
277 599
277 321
277 560
277 621
278 403
278 667
278 461
278 278
279 776
279 748
279 492
279 686
279 719
280 479
280 732
280 282
281 438
281 486
281 609
281 343
282 674
282 484
282 629
282 650
282 341
283 343
283 304
283 393
284 388
284 661
284 352
285 339
285 546
285 714
285 285
286 539
286 538
286 559
286 357
286 421
287 605
287 524
287 331
287 562
287 541
287 431
287 323
288 387
288 320
288 778
288 396
289 721
289 595
289 329
289 318
289 482
290 781
290 785
290 792
290 731
291 303
291 294
291 331
291 413
291 431
291 704
291 634
292 796
292 414
292 636
292 637
292 540
293 785
293 449
293 454
294 779
295 350
295 455
295 438
295 738
296 296
296 310
296 556
296 373
297 392
297 763
297 297
297 616
297 575
298 326
298 545
298 310
298 301
299 663
299 547
299 304
299 657
299 506
300 581
300 452
300 556
300 522
300 609
301 352
301 703
302 685
302 697
302 432
302 761
302 485
303 674
303 303
304 460
304 314
304 779
304 762
305 670
305 547
305 355
305 613
306 377
306 311
306 769
307 494
307 751
307 476
307 330
308 656
308 401
308 737
308 600
308 407
309 416
309 456
309 332
309 425
309 502
309 701
310 401
310 490
310 663
311 377
311 362
311 415
311 571
311 673
311 549
312 441
312 324
312 678
313 389
313 655
313 415
313 748
313 503
313 797
313 752
314 494
315 556
315 572
315 577
315 685
315 347
315 375
316 574
316 589
316 588
316 629
317 435
317 444
318 590
318 581
318 473
318 721
319 405
319 432
319 568
320 618
320 732
321 664
321 424
321 651
322 475
322 783
322 792
322 331
323 547
323 330
323 767
324 665
324 362
325 616
325 518
325 389
325 338
325 384
326 781
326 591
326 685
326 585
327 582
327 795
327 554
327 576
327 355
328 495
328 746
328 763
328 487
328 630
329 571
329 362
329 451
330 464
330 796
330 767
331 786
331 674
331 773
331 608
332 397
332 710
332 336
333 394
333 584
333 785
333 675
333 334
334 535
334 684
334 489
335 799
335 771
335 465
336 781
336 551
336 545
336 761
337 641
337 387
338 544
338 549
339 418
339 587
339 794
340 545
340 745
341 393
341 648
341 540
341 401
341 732
342 480
342 773
342 567
342 342
343 709
343 565
343 553
343 682
344 389
344 684
344 694
344 755
344 384
345 642
345 345
345 778
346 792
346 632
346 580
347 648
348 719
348 442
348 352
349 764
349 622
350 651
350 660
350 467
350 439
351 399
351 527
351 429
351 516
351 739
352 719
352 654
353 788
354 642
354 437
354 622
354 414
354 767
355 547
355 554
355 633
356 470
356 738
356 395
357 580
357 684
357 762
358 379
358 429
358 386
358 540
358 482
359 548
359 688
360 522
360 723
360 585
361 572
361 771
361 541
362 561
362 571
362 652
363 424
363 480
363 698
364 579
364 548
364 556
364 448
365 388
365 480
365 580
366 551
366 685
366 568
366 591
367 573
368 544
368 800
368 575
369 772
369 794
369 369
369 658
370 654
370 418
371 776
371 526
371 460
371 605
372 773
372 469
372 372
372 504
372 640
373 572
373 552
374 410
374 669
374 466
374 725
374 528
375 643
375 702
376 798
376 586
376 621
376 705
376 698
377 769
377 760
378 735
378 565
378 471
378 731
379 553
379 580
379 392
379 434
380 691
380 744
381 442
381 524
381 496
381 791
382 527
382 406
382 420
382 682
382 469
382 505
383 520
383 387
384 415
385 411
385 735
385 688
385 790
386 671
386 788
387 566
387 446
388 787
388 475
389 434
389 570
389 639
389 451
390 542
390 520
390 644
391 513
391 512
391 788
392 487
392 495
393 536
393 766
394 754
394 619
394 495
395 477
395 591
396 773
396 396
396 708
397 693
397 550
397 774
397 416
397 681
398 707
398 440
398 740
399 602
399 527
399 695
399 543
399 406
399 420
400 656
400 586
400 571
400 451
400 548
401 461
401 717
402 768
402 606
402 453
402 520
402 673
403 717
403 508
403 667
404 537
404 641
404 587
404 433
404 757
404 515
405 663
405 445
405 790
405 685
405 568
405 591
406 429
406 640
407 512
407 683
407 762
408 497
408 737
408 511
409 421
409 559
409 449
409 538
410 517
410 532
410 595
411 786
411 680
411 569
412 523
412 574
412 673
413 461
413 666
413 609
413 499
414 594
414 784
415 561
415 668
415 518
415 591
416 456
416 701
416 544
417 774
417 582
417 524
418 546
418 700
418 430
419 533
419 553
419 705
419 495
420 527
420 505
420 713
420 692
420 469
421 675
421 559
422 600
422 563
422 546
422 631
422 700
423 619
423 584
423 776
423 526
423 800
425 720
425 774
425 681
425 582
425 500
425 565
426 706
426 624
426 629
426 479
426 730
427 735
427 772
427 672
427 688
427 635
428 769
428 595
428 428
428 708
429 728
429 527
429 692
429 687
430 546
430 543
430 470
431 799
431 704
431 715
431 608
432 436
433 730
433 748
434 525
435 528
435 557
435 613
435 772
436 568
436 459
436 656
436 717
437 784
437 559
437 733
438 649
438 596
439 791
439 590
439 797
439 672
440 504
440 653
440 707
441 678
441 513
441 729
442 646
442 497
442 442
443 755
443 495
443 447
444 765
444 557
444 544
444 635
445 445
445 625
445 596
446 641
446 537
446 560
448 548
448 726
448 682
449 678
449 479
450 733
450 702
450 712
451 714
452 622
452 590
453 483
453 799
453 634
454 539
454 798
455 491
455 637
455 688
455 738
456 710
457 649
458 793
458 703
458 507
459 551
459 645
459 560
460 743
461 776
462 678
462 630
462 603
462 467
463 578
463 534
463 737
464 668
464 709
465 665
465 678
465 465
465 621
465 751
466 714
466 614
467 535
467 474
467 660
468 647
468 660
468 474
469 555
469 729
470 593
470 596
470 637
471 597
471 554
471 541
472 649
473 506
473 692
473 654
473 563
473 598
474 647
474 535
477 657
477 558
477 593
477 662
478 765
479 706
480 786
480 789
481 612
482 650
483 598
483 588
484 648
484 732
484 768
485 697
485 551
485 761
485 593
486 780
487 553
489 764
489 521
489 501
490 686
490 728
491 691
491 649
491 558
492 772
492 672
492 747
493 592
493 493
494 639
495 553
495 653
496 791
496 523
497 524
497 791
498 660
498 535
499 521
499 666
499 739
500 774
500 659
500 603
501 733
502 756
502 699
502 673
502 760
502 507
503 655
503 684
503 755
503 701
504 504
505 567
505 741
506 683
507 659
507 690
508 686
508 717
509 718
509 530
510 645
510 794
510 687
511 541
511 531
511 549
511 601
512 513
512 699
512 622
513 671
513 516
514 759
514 758
514 795
514 676
514 749
514 631
515 515
515 780
516 671
516 683
516 762
517 725
517 586
518 696
518 518
519 708
519 680
520 520
520 644
520 542
521 757
521 707
522 643
522 723
522 767
522 676
523 589
523 658
523 798
523 543
524 791
524 741
524 679
524 724
525 694
525 655
525 778
526 776
526 718
526 750
527 695
527 544
528 531
528 575
528 544
529 529
529 569
529 743
529 600
530 647
530 660
531 598
531 564
532 614
532 669
533 661
533 741
533 534
534 695
536 560
536 612
537 777
537 778
537 680
538 785
538 538
538 664
538 798
538 713
539 714
539 559
540 604
540 542
541 799
541 608
542 666
543 645
543 634
543 768
544 564
544 557
545 786
545 592
545 554
546 763
546 768
547 668
548 726
550 720
551 663
552 573
552 615
552 678
552 763
552 731
553 661
554 624
554 724
555 594
555 661
555 790
556 572
556 756
557 679
557 564
557 622
558 558
558 668
560 727
560 751
560 642
561 571
562 775
562 797
562 687
562 645
562 563
563 628
564 800
564 731
565 667
565 632
566 739
567 726
567 692
568 775
570 747
570 770
573 669
573 617
574 606
574 774
575 575
576 597
577 726
578 705
578 580
578 763
579 590
580 705
580 606
580 638
581 769
581 691
583 583
584 754
585 754
585 781
585 663
586 713
586 798
586 715
587 587
587 757
588 658
588 735
589 606
590 595
591 709
592 702
592 676
593 658
593 738
594 719
595 612
596 657
597 731
597 632
598 743
598 787
598 700
599 701
599 680
599 628
601 800
601 601
602 750
602 695
602 602
604 648
604 706
605 619
606 644
607 770
607 772
607 727
608 643
610 665
610 782
610 784
611 733
611 784
611 611
612 620
613 677
613 679
613 707
614 618
614 686
615 670
615 698
616 786
617 698
617 624
618 725
619 776
619 743
620 727
620 620
622 642
623 741
623 759
623 691
623 765
624 689
624 734
625 625
625 704
627 758
627 709
627 794
630 661
630 705
631 646
631 749
632 783
632 740
633 772
633 723
633 638
635 687
635 797
636 784
636 642
637 800
638 767
639 755
640 798
640 695
641 729
641 715
641 762
641 712
643 725
644 673
644 695
645 770
645 797
646 758
647 762
649 649
650 761
650 784
650 650
650 733
651 718
652 711
652 790
652 703
652 760
653 799
653 653
656 728
656 717
659 711
659 790
659 730
661 780
662 662
662 725
663 697
663 685
664 746
666 767
667 686
669 716
672 672
672 747
674 771
674 779
675 675
676 785
677 789
677 679
679 789
679 679
680 708
680 792
681 774
682 773
684 696
689 734
689 702
689 706
689 730
690 699
690 711
690 745
691 744
691 758
693 778
694 742
694 755
695 715
696 782
696 742
697 761
699 793
701 720
701 710
703 703
709 751
711 760
712 739
713 785
713 742
718 738
721 769
721 768
722 741
724 763
729 777
732 732
733 752
735 775
735 772
740 792
741 795
743 754
745 793
746 746
747 769
748 748
749 749
749 752
749 759
752 784
753 774
753 799
753 753
756 756
759 792
766 778
770 794
771 786
773 799
775 797
777 778
782 782
782 785
783 792
783 783
789 789
791 795
796 796
