800 4886
1 670
1 175
1 375
1 645
1 368
1 81
1 709
1 255
1 456
1 495
1 615
1 240
2 130
2 600
2 726
2 208
2 393
2 221
2 267
2 14
2 417
2 504
2 268
2 205
2 758
3 782
3 485
3 202
3 743
3 413
3 188
3 659
3 150
3 673
3 486
3 22
3 667
3 680
3 170
3 69
3 590
3 374
4 690
4 318
4 742
4 376
4 43
4 45
4 280
4 412
4 663
4 770
4 270
4 534
4 295
4 365
5 330
5 708
5 248
5 502
5 371
5 26
5 91
5 204
5 217
5 137
5 290
5 608
5 781
6 258
6 463
6 481
6 553
6 683
6 6
6 546
6 538
6 620
6 741
6 377
7 129
7 7
7 293
7 632
7 727
7 749
7 229
7 309
7 593
7 559
7 305
7 532
8 682
8 277
8 252
8 640
8 382
8 528
8 8
8 83
8 225
8 143
8 169
8 340
8 377
9 193
9 592
9 58
9 84
9 60
9 468
9 766
9 241
9 503
9 422
9 70
9 714
9 219
10 436
10 134
10 82
10 754
10 483
10 406
10 28
10 462
10 579
10 274
10 666
10 719
11 513
11 131
11 133
11 521
11 522
11 558
11 535
11 780
11 492
11 143
11 17
11 285
11 429
11 192
11 460
11 595
11 500
12 142
12 193
12 454
12 548
12 360
12 432
12 51
12 362
12 746
12 150
12 145
12 159
12 296
12 297
12 182
13 687
13 733
13 158
13 206
13 459
13 542
13 118
13 13
13 599
13 677
13 174
13 46
13 190
13 767
13 20
13 343
14 789
14 130
14 268
14 251
14 111
14 600
14 393
14 103
14 378
14 664
14 758
14 44
15 399
15 57
15 312
15 710
15 688
15 772
15 419
15 157
15 760
15 121
15 799
15 439
15 484
15 358
16 497
16 581
16 59
16 623
16 611
16 678
16 606
16 218
16 671
16 97
16 556
16 731
16 752
16 459
17 394
17 780
17 595
17 131
17 350
17 521
17 133
17 192
17 72
17 535
17 565
18 215
18 495
18 364
18 617
18 209
18 319
18 200
18 453
18 383
18 577
18 458
18 594
18 494
19 353
19 19
19 604
19 332
19 253
19 506
19 124
19 25
19 127
19 314
19 329
20 648
20 393
20 268
20 417
20 251
20 221
20 103
20 205
20 111
20 600
20 758
21 730
21 262
21 444
21 292
21 21
21 625
21 110
21 344
21 555
21 461
21 597
21 96
21 740
22 659
22 660
22 22
22 100
22 775
22 150
22 798
22 54
23 139
23 125
23 505
23 504
23 361
23 620
23 753
23 23
23 383
23 86
23 475
23 737
24 279
24 138
24 401
24 532
24 788
24 431
24 576
24 490
24 104
24 621
24 674
24 36
24 562
24 338
25 545
25 124
25 314
25 243
25 25
25 450
25 234
25 337
25 604
25 230
26 783
26 260
26 619
26 26
26 708
26 608
26 502
26 483
26 574
26 80
26 555
27 136
27 646
27 657
27 471
27 755
27 644
27 27
27 763
27 334
27 716
28 406
28 666
28 82
28 420
28 134
28 579
28 97
28 427
28 178
28 287
28 560
28 759
29 260
29 517
29 272
29 106
29 83
29 29
29 252
29 298
29 721
29 185
29 377
30 390
30 544
30 504
30 86
30 112
30 139
30 557
30 387
30 527
30 215
30 464
30 475
30 361
30 618
30 505
31 769
31 523
31 545
31 172
31 599
31 171
31 151
31 56
31 328
31 455
31 34
31 49
31 699
31 335
32 101
32 653
32 148
32 286
32 115
32 153
32 676
32 163
32 47
32 197
32 563
32 697
32 572
32 93
32 232
32 507
32 353
33 129
33 749
33 632
33 612
33 305
33 614
33 320
33 197
33 727
33 247
33 293
33 55
33 187
33 722
33 229
33 717
33 294
34 523
34 790
34 151
34 335
34 328
34 75
34 757
34 599
34 583
34 171
34 49
34 633
35 699
35 263
35 519
35 164
35 675
35 695
35 222
35 342
35 64
35 520
35 304
35 372
35 764
36 540
36 401
36 532
36 674
36 44
36 324
36 750
36 512
36 379
36 302
36 562
36 338
36 122
37 278
37 282
37 689
37 624
37 773
37 554
37 658
37 449
37 38
37 728
37 61
37 724
37 636
37 631
37 550
38 787
38 540
38 61
38 467
38 331
38 554
38 149
38 773
38 244
38 575
38 624
39 97
39 658
39 785
39 724
39 702
39 53
39 467
39 624
39 554
39 205
39 689
39 61
40 186
40 128
40 276
40 381
40 616
40 231
40 40
40 686
40 198
40 48
41 509
41 786
41 536
41 409
41 41
41 284
41 476
41 445
41 488
41 567
41 448
41 493
42 264
42 154
42 486
42 189
42 610
42 128
42 276
42 748
42 254
42 152
42 48
42 186
42 194
42 231
43 270
43 295
43 411
43 180
43 591
43 376
43 412
43 577
43 777
43 179
43 191
43 98
43 553
44 138
44 532
44 795
44 512
44 336
44 401
44 674
44 437
44 576
44 628
45 271
45 534
45 663
45 734
45 270
45 98
45 376
45 45
45 180
45 452
46 158
46 174
46 85
46 723
46 206
46 89
46 459
46 395
46 627
47 286
47 163
47 167
47 676
47 78
47 115
47 107
47 153
47 430
47 638
47 72
48 462
48 264
48 748
48 571
48 381
48 77
48 721
48 179
48 231
48 254
48 618
49 790
49 171
49 501
49 545
49 161
49 308
49 335
49 286
49 121
49 237
50 548
50 432
50 51
50 360
50 362
50 735
50 145
50 182
50 474
50 408
50 566
50 193
50 634
50 560
50 662
50 544
51 297
51 735
51 193
51 159
51 360
51 182
51 51
51 183
51 454
51 746
51 491
52 513
52 783
52 178
52 433
52 102
52 421
52 701
52 137
52 257
52 635
52 195
52 214
52 247
52 185
53 785
53 149
53 282
53 61
53 636
53 53
53 554
53 484
53 331
54 274
54 275
54 156
54 745
54 168
54 181
54 146
54 637
54 226
54 624
54 211
54 491
55 559
55 305
55 727
55 197
55 614
55 313
55 320
55 378
55 568
55 612
56 790
56 545
56 335
56 56
56 172
56 530
56 757
56 480
56 75
56 633
57 688
57 693
57 772
57 751
57 508
57 419
57 157
57 199
57 737
57 442
57 710
57 728
57 90
57 358
58 358
58 141
58 479
58 714
58 354
58 359
58 588
58 396
58 797
58 60
58 468
58 346
58 219
58 744
58 239
58 373
59 392
59 789
59 310
59 732
59 94
59 59
59 218
59 460
59 496
59 531
60 685
60 588
60 479
60 714
60 70
60 766
60 84
60 664
60 468
60 359
61 149
61 540
61 689
61 658
61 702
61 338
61 449
61 636
61 786
62 373
62 520
62 650
62 655
62 144
62 541
62 289
62 434
62 307
62 443
62 327
62 247
62 379
63 433
63 262
63 166
63 444
63 703
63 135
63 630
63 292
63 344
63 417
63 461
63 597
63 214
63 740
63 110
64 675
64 164
64 342
64 519
64 747
64 227
64 372
64 201
64 332
64 596
65 539
65 514
65 435
65 259
65 253
65 509
65 604
65 65
65 373
65 244
65 506
66 262
66 652
66 792
66 155
66 683
66 553
66 173
66 414
66 469
66 511
67 767
67 288
67 67
67 508
67 312
67 728
67 199
67 799
67 234
68 774
68 391
68 776
68 552
68 701
68 195
68 102
68 421
68 647
68 76
68 220
68 127
68 583
69 775
69 660
69 549
69 188
69 743
69 150
69 170
69 590
69 91
70 396
70 141
70 685
70 580
70 325
70 744
70 359
70 145
70 588
70 468
70 84
70 241
71 651
71 524
71 635
71 203
71 487
71 341
71 71
71 510
71 732
71 585
72 385
72 643
72 515
72 136
72 578
72 657
72 761
72 550
73 514
73 315
73 73
73 707
73 440
73 435
73 509
73 234
73 687
74 397
74 415
74 176
74 478
74 74
74 99
74 355
74 351
74 88
74 465
75 439
75 545
75 161
75 335
75 599
75 328
75 523
75 107
75 501
75 633
76 634
76 791
76 294
76 684
76 322
76 538
76 481
76 76
77 264
77 276
77 154
77 571
77 189
77 389
77 649
77 128
77 428
78 612
78 765
78 522
78 239
78 779
78 784
78 153
78 563
78 587
78 361
79 260
79 398
79 330
79 290
79 621
79 91
79 569
79 371
79 207
79 732
79 602
79 248
80 574
80 330
80 204
80 91
80 708
80 428
80 248
80 217
80 705
81 645
81 672
81 423
81 682
81 441
81 573
81 456
81 255
81 363
81 605
81 517
82 406
82 665
82 719
82 543
82 97
82 134
82 579
82 623
83 241
83 177
83 517
83 528
83 185
83 700
83 252
83 582
83 106
84 580
84 354
84 346
84 396
84 219
84 588
84 738
85 752
85 174
85 687
85 692
85 459
85 337
85 118
85 206
85 786
85 730
85 352
85 782
86 390
86 518
86 139
86 527
86 794
86 265
86 125
86 679
86 475
86 736
86 505
87 368
87 164
87 455
87 715
87 489
87 695
87 222
87 342
87 747
87 472
87 227
87 372
88 141
88 786
88 537
88 284
88 416
88 694
88 567
88 445
88 569
89 395
89 542
89 158
89 551
89 691
89 459
89 337
89 174
89 391
89 223
89 352
90 772
90 399
90 419
90 442
90 688
90 312
90 760
90 484
90 221
90 751
90 235
91 398
91 574
91 371
91 428
91 207
91 260
91 374
91 608
91 248
91 696
91 458
91 485
92 663
92 520
92 289
92 299
92 443
92 404
92 631
92 434
92 323
92 339
93 311
93 171
93 153
93 163
93 167
93 572
93 784
93 762
93 330
93 507
93 638
94 771
94 147
94 789
94 310
94 606
94 94
94 797
94 511
94 611
94 120
94 711
95 641
95 281
95 410
95 156
95 477
95 745
95 233
95 403
95 226
95 705
95 630
96 176
96 135
96 140
96 539
96 711
96 216
96 110
96 584
96 762
96 367
97 134
97 430
97 560
97 436
97 462
97 719
97 357
98 647
98 270
98 191
98 318
98 271
98 452
98 180
98 542
99 281
99 388
99 793
99 415
99 176
99 696
99 570
99 446
99 704
99 235
99 250
99 741
100 798
100 680
100 170
100 202
100 531
100 100
100 629
100 118
100 374
101 130
101 718
101 726
101 662
101 205
101 600
101 393
101 162
101 103
101 201
102 425
102 749
102 647
102 137
102 776
102 552
102 433
102 771
102 156
102 324
103 508
103 662
103 664
103 162
103 600
103 718
103 166
104 452
104 532
104 431
104 336
104 613
104 122
104 104
104 171
104 750
104 341
104 629
105 400
105 670
105 672
105 682
105 423
105 196
105 255
105 645
105 368
105 150
105 792
105 188
106 527
106 326
106 370
106 185
106 382
106 639
106 272
106 511
106 252
107 623
107 779
107 784
107 148
107 163
107 167
107 697
107 553
107 370
108 675
108 164
108 165
108 561
108 715
108 108
108 764
108 201
108 234
109 151
109 181
109 198
109 528
109 169
109 298
109 321
109 326
109 596
109 475
109 377
110 262
110 597
110 216
110 740
110 214
110 584
110 660
110 625
111 393
111 268
111 662
111 664
111 208
111 130
111 718
111 685
111 136
111 173
112 258
112 387
112 139
112 527
112 557
112 361
112 618
112 390
112 236
112 650
113 133
113 607
113 138
113 401
113 788
113 795
113 674
113 576
113 324
113 338
113 750
113 628
113 122
113 512
114 770
114 793
114 447
114 465
114 397
114 250
114 388
114 478
114 438
114 634
114 511
114 224
115 653
115 784
115 163
115 676
115 593
115 587
115 286
115 444
115 507
115 638
116 345
116 273
116 533
116 796
116 583
116 739
116 210
116 339
116 510
116 478
117 670
117 681
117 682
117 441
117 573
117 175
117 589
117 709
117 423
117 603
117 306
118 395
118 158
118 551
118 691
118 352
118 212
118 733
118 640
118 597
118 475
119 571
119 777
119 651
119 698
119 583
119 339
119 739
119 796
119 224
119 200
119 249
120 392
120 147
120 797
120 732
120 752
120 238
120 611
120 771
120 419
121 678
121 523
121 161
121 757
121 790
121 769
121 545
121 403
121 237
121 702
122 532
122 562
122 324
122 576
122 138
122 437
122 175
123 622
123 146
123 403
123 281
123 211
123 488
123 275
123 690
123 491
123 736
123 528
124 264
124 514
124 440
124 213
124 230
124 506
124 329
124 392
124 253
125 258
125 387
125 265
125 361
125 390
125 505
125 544
125 437
126 565
126 222
126 227
126 263
126 372
126 519
126 715
126 695
126 669
126 493
127 261
127 569
127 330
127 428
127 708
127 207
127 371
127 608
127 619
127 795
128 649
128 276
128 706
128 128
128 616
128 183
128 740
128 585
129 378
129 614
129 309
129 320
129 749
129 632
129 712
129 438
129 293
129 301
129 559
129 187
129 722
130 162
130 205
130 251
130 221
130 758
130 208
130 136
130 662
130 718
130 726
131 394
131 558
131 460
131 565
131 535
131 429
131 192
131 780
131 342
131 133
131 521
131 522
131 598
131 603
131 228
131 492
131 516
132 385
132 386
132 643
132 761
132 717
132 424
132 578
132 515
132 136
132 393
132 646
132 550
132 482
133 780
133 558
133 285
133 429
133 480
133 133
133 394
133 565
133 460
133 322
134 430
134 287
134 666
134 665
134 406
134 483
134 436
134 420
134 786
134 568
134 729
134 759
134 393
134 140
135 292
135 584
135 166
135 597
135 444
135 140
135 344
135 262
135 637
135 216
135 445
136 451
136 644
136 643
136 136
136 657
136 800
136 761
137 513
137 547
137 496
137 783
137 257
137 363
137 137
137 703
137 776
137 421
137 552
137 333
138 411
138 676
138 437
138 628
138 788
138 490
138 463
138 431
138 324
139 390
139 518
139 527
139 361
139 794
139 753
139 777
139 504
140 262
140 630
140 367
140 291
140 292
140 344
140 539
140 216
140 625
141 161
141 396
141 479
141 580
141 470
141 346
141 766
141 219
141 359
141 744
141 373
142 654
142 474
142 566
142 679
142 145
142 360
142 297
142 142
142 159
142 746
142 362
143 517
143 340
143 640
143 472
143 326
143 639
143 169
143 259
143 185
144 781
144 526
144 631
144 541
144 650
144 144
144 434
144 640
144 289
144 443
144 323
144 247
145 679
145 362
145 746
145 159
145 183
145 735
145 548
145 480
145 296
145 297
145 566
145 347
146 690
146 156
146 491
146 408
146 661
146 146
146 211
146 413
146 274
146 410
146 488
147 797
147 771
147 245
147 606
147 731
147 678
147 752
147 622
147 789
147 715
147 590
148 697
148 676
148 587
148 167
148 286
148 572
148 705
148 702
148 232
148 638
148 515
149 269
149 785
149 278
149 149
149 554
149 689
149 694
149 540
149 575
150 375
150 734
150 563
150 531
150 590
150 798
150 720
150 673
150 170
151 328
151 335
151 501
151 599
151 699
151 161
151 738
151 530
151 418
152 773
152 658
152 467
152 702
152 689
152 269
152 724
152 575
152 498
152 282
152 540
152 331
153 572
153 167
153 784
153 762
153 705
153 153
153 235
153 163
153 676
153 563
153 638
154 206
154 389
154 381
154 765
154 254
154 649
154 610
154 216
154 706
154 486
155 432
155 261
155 300
155 481
155 469
155 173
155 322
155 652
155 758
156 274
156 661
156 275
156 641
156 317
156 281
156 745
156 554
157 419
157 728
157 772
157 508
157 688
157 693
157 348
157 442
157 519
157 799
157 760
158 395
158 212
158 337
158 733
158 551
158 464
158 636
159 654
159 193
159 362
159 474
159 566
159 360
159 768
159 679
159 311
159 182
159 746
159 290
160 402
160 536
160 537
160 356
160 448
160 582
160 334
160 786
160 409
160 680
161 599
161 769
161 335
161 501
161 790
161 237
161 738
161 644
162 542
162 757
162 619
162 648
162 664
162 768
162 758
162 550
163 710
163 762
163 784
163 265
163 676
163 587
163 209
164 519
164 669
164 675
164 695
164 304
164 241
165 328
165 263
165 519
165 675
165 695
165 715
165 342
165 304
165 215
165 316
165 227
165 424
166 790
166 461
166 711
166 444
166 344
166 262
166 454
166 703
166 216
166 367
167 381
167 784
167 762
167 572
167 593
167 379
167 587
168 403
168 274
168 408
168 281
168 661
168 491
168 211
168 233
168 637
168 647
169 528
169 382
169 639
169 272
169 169
169 310
169 340
169 370
170 769
170 291
170 798
170 660
170 775
170 659
170 265
170 202
171 769
171 530
171 790
171 308
171 523
171 699
171 172
171 757
172 769
172 545
172 738
172 599
172 757
172 328
172 172
172 237
172 501
173 764
173 652
173 791
173 422
173 553
173 684
173 792
173 294
173 236
173 533
174 730
174 692
174 542
174 691
174 206
174 723
174 573
174 190
174 337
174 575
174 461
175 303
175 456
175 589
175 196
175 240
175 375
175 709
175 573
175 481
176 770
176 793
176 415
176 478
176 176
176 225
176 570
176 704
176 466
177 415
177 524
177 533
177 256
177 651
177 339
177 583
177 184
177 796
177 698
177 341
178 212
178 513
178 257
178 774
178 473
178 333
178 547
178 220
178 438
178 195
178 601
179 271
179 534
179 318
179 191
179 180
179 411
179 412
179 480
179 577
179 609
179 376
180 663
180 280
180 380
180 591
180 270
180 412
180 655
180 452
180 734
181 274
181 661
181 275
181 690
181 181
181 233
181 226
181 488
181 637
182 548
182 679
182 654
182 566
182 297
182 343
183 654
183 548
183 679
183 296
183 735
183 297
183 566
183 515
183 347
183 304
184 273
184 256
184 583
184 487
184 510
184 533
184 777
184 341
184 665
184 339
184 635
185 326
185 640
185 377
185 596
185 517
185 340
186 389
186 765
186 186
186 706
186 194
186 571
186 769
186 748
186 494
187 301
187 305
187 313
187 612
187 622
187 559
187 197
187 584
187 685
188 775
188 782
188 659
188 549
188 564
188 680
188 743
189 649
189 571
189 765
189 686
189 254
189 381
189 276
189 751
189 706
189 194
189 610
189 486
190 206
190 730
190 692
190 190
190 395
190 459
190 397
190 223
190 352
191 271
191 280
191 411
191 270
191 591
191 380
191 191
191 452
192 521
192 522
192 780
192 285
192 595
192 228
192 455
192 460
192 480
193 679
193 296
193 432
193 566
193 297
194 264
194 649
194 686
194 706
194 389
194 610
194 386
194 748
195 513
195 257
195 647
195 552
195 473
195 363
195 623
196 670
196 426
196 441
196 605
196 196
196 423
196 240
196 301
196 709
196 456
196 375
196 221
197 293
197 301
197 559
197 313
197 727
197 756
197 487
197 712
197 612
197 614
197 689
197 778
198 292
198 412
198 778
198 407
198 319
198 594
198 200
198 617
198 458
198 495
199 399
199 688
199 751
199 442
199 358
199 693
199 199
199 348
200 712
200 778
200 407
200 720
200 525
200 364
200 200
200 594
200 366
200 242
201 316
201 695
201 519
201 764
201 342
201 455
201 372
201 263
201 489
202 422
202 775
202 798
202 549
202 660
202 564
202 533
202 485
203 768
203 273
203 777
203 341
203 739
203 256
203 487
203 585
203 656
203 210
203 635
203 510
204 579
204 260
204 574
204 619
204 330
204 602
204 290
204 256
204 608
205 478
205 393
205 664
205 713
205 648
205 768
205 380
206 542
206 691
206 206
206 212
206 223
207 442
207 290
207 569
207 602
207 574
207 502
207 217
207 398
207 260
207 577
207 248
207 674
208 268
208 417
208 718
208 393
208 221
208 648
208 520
209 778
209 525
209 319
209 453
209 458
209 720
209 209
209 343
209 349
209 495
210 308
210 651
210 273
210 796
210 698
210 524
210 533
210 341
210 307
210 339
210 249
211 637
211 745
211 275
211 641
211 274
211 328
211 488
211 491
212 551
212 687
212 723
212 733
212 542
212 223
212 677
212 455
213 259
213 440
213 315
213 450
213 353
213 514
213 435
213 234
213 539
214 262
214 539
214 291
214 292
214 703
214 214
214 630
214 500
215 266
215 778
215 458
215 594
215 525
215 453
215 641
215 498
216 292
216 344
216 584
216 461
216 748
216 519
217 260
217 398
217 330
217 290
217 621
217 428
217 629
217 248
218 771
218 797
218 678
218 556
218 245
218 310
218 218
218 731
218 611
218 623
219 392
219 588
219 470
219 468
219 685
219 564
220 513
220 647
220 333
220 774
220 257
220 433
220 601
220 248
220 468
220 564
221 267
221 664
221 713
221 726
222 320
222 675
222 519
222 715
222 747
222 764
222 499
222 489
223 395
223 677
223 687
223 692
223 691
223 539
223 777
224 763
224 651
224 533
224 796
224 339
224 273
224 777
224 585
224 698
224 256
225 474
225 770
225 397
225 555
225 570
225 446
225 478
225 351
225 313
226 641
226 274
226 317
226 410
226 275
226 690
226 312
226 745
227 751
227 354
227 519
227 675
227 316
227 692
227 236
228 535
228 586
228 565
228 492
228 350
228 603
228 400
228 756
229 305
229 313
229 293
229 309
229 229
229 592
229 503
230 514
230 440
230 314
230 332
230 509
230 707
230 253
230 714
230 243
231 276
231 686
231 616
231 254
231 381
231 486
231 360
232 653
232 784
232 286
232 563
232 705
232 232
232 718
232 300
233 688
233 287
233 281
233 690
233 641
233 274
233 792
234 319
234 259
234 435
234 707
234 571
235 555
235 438
235 446
235 770
235 704
235 351
235 570
235 465
235 744
235 413
236 646
236 652
236 791
236 741
236 345
236 294
236 553
237 335
237 523
237 545
237 738
237 757
237 387
237 633
238 789
238 671
238 556
238 581
238 606
238 771
238 310
238 245
238 497
238 494
238 623
239 479
239 470
239 468
239 396
239 241
239 346
239 373
239 685
240 672
240 573
240 605
240 682
240 670
240 240
241 396
241 468
241 766
241 470
241 580
241 714
241 373
241 503
242 617
242 266
242 343
242 778
242 498
242 384
242 720
242 242
243 464
243 435
243 440
243 604
243 353
243 314
243 329
243 282
244 394
244 514
244 314
244 315
244 353
244 259
244 253
244 722
245 392
245 797
245 425
245 606
245 731
245 581
245 307
246 386
246 646
246 657
246 405
246 578
246 515
246 482
246 761
246 644
246 709
247 365
247 516
247 529
247 379
247 418
247 307
248 290
248 621
248 581
249 600
249 698
249 777
249 635
249 524
249 341
249 273
249 308
250 388
250 696
250 704
250 447
250 511
250 351
250 478
250 618
251 393
251 267
251 268
251 664
251 417
251 726
251 340
251 332
252 528
252 277
252 700
252 370
252 472
252 407
253 514
253 314
253 450
253 329
253 280
254 571
254 610
254 616
254 649
254 539
255 670
255 672
255 426
255 303
255 615
255 441
255 537
256 677
256 698
256 487
256 583
256 351
257 352
257 399
257 513
257 552
257 783
257 333
257 627
257 797
257 547
258 544
258 504
258 361
258 464
258 527
258 475
258 736
258 794
258 557
258 737
259 454
259 351
259 299
259 329
259 259
259 509
259 525
259 435
259 314
259 450
259 707
260 708
260 371
260 602
260 260
260 619
260 261
260 290
260 574
260 330
260 502
261 371
261 398
261 619
261 428
261 261
261 290
261 569
261 330
262 444
262 597
262 711
262 262
262 539
262 291
262 703
262 461
262 740
262 367
263 695
263 669
263 263
263 455
263 519
263 764
263 401
263 561
264 649
264 276
264 765
264 486
264 616
264 686
264 721
264 380
265 355
265 387
265 518
265 265
265 620
265 618
265 320
265 794
265 504
266 617
266 494
266 453
266 266
266 720
266 383
266 364
266 530
266 525
266 626
267 417
267 268
267 600
267 662
267 768
267 718
267 604
268 393
268 718
268 339
268 664
268 600
268 768
268 683
269 488
269 773
269 278
269 269
269 575
269 636
269 282
269 394
269 785
269 540
270 388
270 734
270 270
270 411
270 318
270 478
270 271
270 663
270 280
270 295
270 452
270 591
270 435
270 277
271 380
271 280
271 412
271 376
271 742
271 272
271 534
271 452
271 609
272 649
272 321
272 517
272 700
272 640
272 472
272 298
272 666
272 326
273 487
273 339
273 585
273 510
273 524
273 731
274 363
274 637
274 509
274 477
275 408
275 637
275 281
275 317
275 745
275 275
275 690
275 588
275 658
276 721
276 649
276 276
276 616
276 636
276 706
276 610
277 327
277 528
277 517
277 472
277 639
277 700
277 640
277 298
277 326
278 658
278 787
278 331
278 278
278 554
278 296
279 406
279 279
279 543
279 579
279 427
279 357
279 665
279 483
279 430
280 663
280 452
280 591
280 577
280 336
280 318
280 734
280 536
281 641
281 403
281 661
281 410
281 690
281 477
281 488
282 773
282 467
282 624
282 689
282 636
282 302
282 331
283 762
283 469
283 300
283 345
283 546
283 538
283 422
283 463
283 294
283 589
283 683
283 322
284 780
284 786
284 626
284 445
284 537
284 567
284 334
284 409
284 692
285 522
285 780
285 400
285 598
285 460
285 607
285 586
285 332
285 350
285 480
286 653
286 784
286 705
286 779
286 745
286 593
286 638
287 406
287 420
287 427
287 560
287 754
287 483
287 357
287 543
287 430
287 568
287 462
287 719
288 772
288 799
288 751
288 728
288 760
288 451
288 348
288 693
288 585
288 312
288 608
288 684
289 516
289 289
289 466
289 379
289 541
289 676
289 418
290 398
290 708
290 602
290 290
290 569
290 726
291 303
291 539
291 344
291 740
291 367
291 500
291 711
291 584
291 625
292 724
292 630
292 444
292 344
292 584
292 461
293 771
293 612
293 632
293 614
293 378
293 402
293 559
293 305
293 313
293 592
293 756
294 616
294 652
294 422
294 741
294 322
294 345
294 546
294 684
295 534
295 411
295 734
295 380
295 295
295 316
295 577
295 609
295 742
296 735
296 362
296 566
296 474
296 634
296 577
297 548
297 347
297 297
297 634
297 669
297 524
298 340
298 321
298 517
298 472
298 640
298 526
299 781
299 655
299 529
299 299
299 526
299 631
299 323
299 434
300 610
300 642
300 414
300 553
300 683
300 345
300 422
301 320
301 614
301 301
301 722
301 592
301 572
301 313
301 756
302 723
302 401
302 532
302 795
302 324
302 437
302 336
302 701
302 576
303 672
303 426
303 605
303 303
303 589
303 423
303 709
303 615
304 695
304 747
304 715
304 304
304 489
305 559
305 378
305 622
305 704
305 309
305 313
305 712
305 612
305 756
306 315
306 656
306 409
306 416
306 402
306 476
306 499
306 356
306 457
306 445
306 493
307 516
307 520
307 307
307 650
307 781
307 369
307 537
307 443
308 523
308 633
308 308
308 738
308 699
308 769
309 592
309 632
309 712
309 378
309 727
309 756
309 530
309 749
310 771
310 797
310 678
310 556
310 497
310 425
310 606
310 732
310 576
310 623
311 654
311 566
311 362
311 474
311 454
311 347
311 311
311 507
312 439
312 312
312 799
312 508
312 710
312 442
312 642
313 559
313 722
313 712
313 383
313 320
313 622
313 530
314 514
314 329
314 450
314 335
315 675
315 440
315 506
315 707
315 450
315 332
315 604
315 353
316 669
316 316
316 695
316 519
316 489
316 422
317 408
317 690
317 403
317 745
317 488
317 661
317 440
317 477
318 378
318 603
318 534
318 591
318 411
318 429
318 380
319 557
319 525
319 407
319 383
319 458
319 495
319 343
319 349
320 559
320 592
320 727
320 632
320 722
321 692
321 772
321 666
321 517
321 528
321 340
321 630
321 596
321 639
322 538
322 683
322 741
322 791
322 463
322 469
323 403
323 718
323 650
323 655
323 404
323 466
323 369
323 575
324 621
324 795
324 674
324 628
324 788
324 338
324 613
324 490
325 465
325 685
325 580
325 468
325 373
325 470
325 325
325 668
325 346
326 528
326 472
326 700
326 358
326 596
326 382
327 483
327 574
327 520
327 526
327 541
327 443
327 369
327 516
327 466
327 576
328 328
328 757
328 790
328 523
328 599
328 738
329 514
329 450
329 329
329 506
329 788
329 332
330 709
330 398
330 502
330 542
330 619
330 621
330 758
331 787
331 689
331 554
331 724
331 656
331 529
331 788
332 617
332 514
332 440
333 774
333 547
333 601
333 552
333 776
333 413
333 496
333 410
334 487
334 402
334 536
334 416
334 582
334 457
334 470
334 476
334 493
335 633
335 544
335 757
336 788
336 795
336 674
336 512
336 401
336 568
337 542
337 551
337 691
337 687
337 767
337 607
337 352
338 512
338 431
338 490
338 788
338 655
338 750
339 566
339 777
339 583
339 521
339 341
339 739
339 487
340 472
340 596
340 514
341 533
341 524
341 777
342 519
342 669
342 489
342 342
343 594
343 453
343 495
343 778
343 498
343 364
343 617
343 494
344 703
344 584
345 348
345 791
345 538
345 414
345 683
345 463
346 396
346 744
346 685
346 714
346 346
346 503
347 634
347 454
347 474
347 347
347 630
347 746
348 799
348 419
348 693
348 451
348 508
348 439
348 484
348 438
349 525
349 495
349 384
349 617
349 383
349 364
349 407
349 643
350 521
350 522
350 400
350 429
350 586
350 603
350 565
350 542
350 492
351 388
351 793
351 415
351 555
351 465
351 770
351 355
352 542
352 733
352 687
352 692
353 435
353 450
353 707
353 514
353 509
354 396
354 685
354 744
354 766
354 479
354 354
354 503
355 691
355 388
355 438
355 696
355 446
355 415
355 570
356 467
356 372
356 657
356 537
356 416
356 567
356 656
356 777
356 493
356 626
357 406
357 427
357 568
357 754
357 665
357 420
357 603
358 399
358 799
358 688
358 439
358 451
358 484
359 470
359 479
359 468
359 744
359 580
359 582
360 654
360 548
360 474
360 566
360 621
360 634
361 387
361 544
361 737
361 504
362 548
362 454
362 509
363 776
363 433
363 473
363 627
363 601
363 547
363 391
363 496
364 525
364 458
364 364
364 695
364 498
365 799
365 534
365 663
365 412
365 609
365 452
365 380
365 376
366 791
366 778
366 453
366 495
366 594
366 407
366 366
366 604
366 498
367 793
367 711
367 597
367 740
367 585
367 500
368 423
368 681
368 682
368 615
368 441
368 368
369 516
369 781
369 526
369 655
369 466
369 520
369 660
370 754
370 596
370 370
370 472
370 528
370 382
371 398
371 428
371 574
371 608
371 445
372 408
372 372
372 489
372 455
372 794
373 685
373 580
373 468
373 470
373 538
374 782
374 667
374 673
374 680
374 413
374 564
374 409
375 581
375 709
375 456
375 605
375 426
375 589
376 412
376 742
376 452
376 739
377 528
377 596
377 382
377 640
377 639
378 559
378 592
378 622
378 756
378 477
379 573
379 529
379 516
379 781
379 541
379 470
379 482
380 734
380 742
381 389
381 649
381 686
381 486
382 517
382 700
382 596
382 403
383 653
383 490
383 407
383 549
384 721
384 525
384 407
384 453
384 458
384 494
384 384
384 506
385 719
385 471
385 646
385 386
385 717
385 643
385 515
385 676
385 642
385 763
386 515
386 424
386 761
386 550
386 642
386 797
386 717
386 755
387 753
387 387
387 464
387 507
387 527
387 736
387 613
388 770
388 511
388 438
388 415
388 793
388 397
388 478
388 405
389 610
389 486
389 616
389 389
389 571
389 649
389 762
389 721
389 765
390 736
390 475
390 737
390 544
390 794
390 464
390 629
391 433
391 473
391 701
391 627
391 601
391 774
391 776
391 484
391 421
391 552
392 732
392 671
392 606
392 789
392 771
392 623
392 678
392 556
392 581
392 731
393 768
393 662
393 417
393 713
393 718
394 521
394 492
394 598
394 565
394 558
394 400
394 522
394 535
394 429
394 603
395 692
395 723
395 542
395 687
395 677
395 754
395 730
395 767
395 615
396 548
396 706
396 714
396 685
396 470
396 433
396 479
397 679
397 770
397 511
397 478
397 696
397 567
397 555
397 570
397 465
398 708
398 621
398 619
398 790
398 569
399 799
399 442
399 484
399 693
399 760
400 522
400 565
400 429
400 780
400 595
400 558
401 674
401 401
401 512
401 787
401 788
401 431
402 476
402 668
402 582
402 694
402 409
402 537
402 795
402 536
402 567
402 448
402 626
403 408
403 491
403 641
403 477
403 637
403 661
403 410
404 428
404 504
404 529
404 418
404 655
404 650
404 631
404 404
404 443
405 643
405 644
405 515
405 642
405 657
405 755
405 424
405 471
406 719
406 420
406 722
406 665
406 483
407 407
407 494
407 720
407 783
407 453
407 594
408 661
408 690
408 477
408 637
409 444
409 457
409 786
409 694
409 493
409 687
409 416
409 476
409 626
410 480
410 641
410 661
410 477
410 491
411 663
411 412
411 609
411 734
411 591
411 452
412 663
412 742
412 734
412 534
412 452
412 609
413 526
413 782
413 413
413 549
413 743
413 564
413 590
414 577
414 652
414 791
414 538
414 422
414 469
414 463
414 728
414 472
415 447
415 570
415 696
415 465
415 511
415 704
416 582
416 499
416 536
416 786
416 552
416 493
417 758
417 664
417 648
417 656
417 600
417 541
418 650
418 655
418 434
418 443
418 631
418 781
418 520
419 760
419 442
419 772
419 751
419 606
419 688
419 710
420 666
420 543
420 579
420 420
420 641
420 713
420 635
421 774
421 647
421 776
421 547
421 601
421 701
421 627
421 690
422 792
422 538
422 463
422 741
423 645
423 615
423 589
423 709
423 441
423 423
423 796
423 681
423 682
424 642
424 550
424 424
424 646
424 716
425 797
425 678
425 671
425 752
425 623
425 425
425 556
425 581
426 645
426 672
426 681
426 682
426 441
426 573
426 695
427 543
427 729
427 462
427 719
427 427
427 560
427 436
427 759
427 446
428 686
428 428
428 602
428 569
428 619
428 708
428 621
428 694
429 480
429 429
429 713
429 603
429 607
430 666
430 543
430 560
430 754
430 729
430 467
430 436
430 462
431 788
431 795
431 674
431 613
431 431
431 562
432 679
432 654
432 566
432 634
432 432
432 546
433 647
433 783
433 547
433 433
433 473
433 496
434 781
434 526
434 529
434 434
434 452
435 604
435 440
435 707
435 514
435 506
435 450
436 729
436 579
436 719
436 568
436 764
436 462
437 788
437 795
437 562
437 674
437 576
437 459
437 613
438 770
438 555
438 570
438 447
439 693
439 760
439 710
439 484
439 439
439 451
439 728
440 440
440 581
440 450
440 707
440 604
440 506
441 681
441 441
441 615
441 783
441 456
441 589
442 728
442 772
442 751
442 484
443 631
443 526
443 568
444 539
444 461
444 711
444 584
445 656
445 536
445 493
445 786
446 793
446 555
446 465
446 511
446 725
447 793
447 465
447 696
447 725
447 447
447 789
448 486
448 656
448 457
448 694
448 476
448 786
448 719
448 582
448 626
449 559
449 773
449 785
449 554
449 689
449 449
449 483
449 624
450 743
451 772
451 688
451 751
451 451
451 799
452 534
452 652
453 778
453 525
453 498
453 632
453 458
454 654
454 474
454 735
454 634
454 566
454 641
455 675
455 561
455 455
455 695
455 715
456 672
456 709
456 682
456 743
456 584
457 568
457 668
457 694
457 536
457 567
457 543
457 626
457 499
458 525
459 677
459 691
459 687
459 730
459 733
460 521
460 586
460 607
460 712
460 598
461 584
461 597
461 630
462 754
462 543
462 759
463 538
463 683
463 707
464 527
464 518
464 475
464 544
465 770
465 793
466 669
466 516
466 650
466 466
466 755
467 773
467 785
467 658
467 724
467 636
468 685
468 470
468 503
469 703
469 538
469 481
469 469
469 741
470 580
470 766
470 470
471 643
471 644
471 761
471 550
471 763
471 717
471 522
472 528
472 517
472 639
473 497
473 776
473 701
473 647
473 634
473 503
474 548
474 679
475 794
475 737
475 620
475 753
476 786
476 694
476 536
476 787
477 690
477 488
477 491
477 572
478 725
478 793
478 704
478 770
479 580
479 714
479 766
479 655
480 522
480 565
480 595
480 492
481 652
481 683
481 481
481 552
481 741
482 643
482 657
482 800
482 578
482 716
482 642
482 550
482 515
482 763
483 665
483 666
483 568
483 729
484 772
484 710
484 688
484 589
485 695
485 775
485 673
485 549
485 680
485 660
485 659
486 686
486 706
486 721
486 748
486 501
487 524
487 796
487 651
488 641
488 690
488 569
489 675
489 561
489 764
489 672
489 747
489 739
490 746
490 795
490 562
490 490
490 750
490 514
491 661
491 641
492 535
492 565
492 595
492 676
493 786
493 700
493 499
494 720
494 778
494 525
495 525
495 658
496 774
496 547
496 601
496 552
496 783
497 789
497 671
497 556
497 581
497 732
497 611
497 643
498 552
498 502
498 778
498 750
499 704
499 786
499 536
499 668
499 700
500 701
500 770
500 584
500 597
500 740
500 625
501 769
501 523
501 545
501 699
501 656
502 569
502 574
502 619
502 602
503 685
503 744
503 580
504 737
504 753
505 794
505 736
505 753
505 527
505 557
505 620
505 634
506 633
506 514
507 779
507 653
507 784
507 572
507 587
507 697
507 720
508 772
508 508
508 751
508 511
508 742
509 707
509 604
510 777
510 524
510 533
510 698
510 668
511 793
511 696
512 532
512 613
512 562
512 759
513 783
513 627
513 776
513 774
513 647
513 547
513 701
514 707
514 582
515 562
515 643
515 550
515 642
515 646
515 578
516 609
516 526
516 541
516 529
517 528
517 596
517 639
517 640
518 620
518 618
518 737
518 544
518 518
518 529
518 753
519 669
519 747
519 764
519 753
519 775
520 602
520 541
520 650
520 544
520 781
521 780
521 586
521 558
521 621
522 558
522 595
523 769
523 738
523 790
523 599
523 691
523 530
524 651
524 583
524 777
524 796
524 585
524 533
524 698
524 739
525 778
525 598
525 617
526 697
526 650
526 541
526 631
527 544
527 527
527 753
527 557
527 736
528 639
528 596
529 781
529 655
529 650
529 631
529 800
530 530
530 738
530 699
530 790
530 633
530 545
531 782
531 680
531 673
531 667
531 590
531 660
531 531
532 562
532 788
532 750
533 784
533 583
533 651
533 796
533 585
534 663
534 609
534 783
535 603
535 780
535 586
535 599
535 558
535 565
536 786
536 537
536 668
536 582
537 694
537 567
537 667
537 668
537 626
538 652
538 683
538 684
539 774
539 625
539 703
540 671
540 773
540 658
540 702
540 787
541 650
541 781
541 655
542 730
542 723
542 691
542 708
543 666
543 543
543 579
543 714
543 729
543 750
544 737
544 794
544 557
544 618
545 699
545 790
545 769
545 757
545 633
545 620
546 601
546 652
546 791
546 683
546 553
546 546
547 627
547 547
547 577
547 701
548 746
549 782
549 667
549 660
549 697
549 564
549 590
550 644
550 642
550 646
550 578
550 755
551 677
551 692
551 767
551 730
551 588
552 774
552 601
552 627
553 652
553 791
553 553
554 785
554 658
554 787
554 575
555 729
555 793
555 725
555 696
556 771
556 789
556 738
556 731
557 632
557 753
557 618
557 794
557 620
558 780
558 620
558 586
559 614
559 559
559 722
559 622
560 666
560 754
560 729
560 568
560 661
560 605
561 722
561 738
561 586
561 747
561 715
561 561
561 659
562 562
562 750
563 779
563 784
563 676
563 697
563 572
564 775
564 798
564 782
564 743
564 660
564 629
565 607
566 654
567 656
567 786
567 706
567 626
568 665
568 579
568 759
568 680
569 621
569 608
569 574
570 704
570 770
570 793
570 588
570 593
570 594
571 686
571 610
571 721
571 706
571 748
572 676
572 697
572 705
572 638
573 645
573 681
573 682
574 608
575 658
575 689
575 702
575 785
575 624
576 788
576 613
576 674
577 591
577 609
578 644
578 657
578 755
578 758
579 665
579 754
579 719
580 580
580 634
580 714
580 744
581 797
581 732
581 678
581 771
581 623
582 786
582 668
583 635
584 625
584 630
585 777
585 698
585 739
586 586
586 607
587 779
587 784
587 587
587 734
587 593
588 685
588 714
588 766
589 670
589 672
589 681
589 682
589 782
590 629
590 590
591 665
591 653
592 614
592 749
592 592
592 756
593 676
593 593
593 784
594 720
594 778
594 617
595 595
595 607
595 783
596 700
597 740
597 779
597 651
598 780
598 603
598 598
598 607
598 789
599 754
600 662
600 713
601 774
601 601
602 708
602 602
602 608
603 603
604 642
605 645
605 670
605 605
605 615
606 789
606 797
606 611
606 745
607 760
608 708
609 614
609 742
610 721
610 765
611 789
611 731
611 732
611 678
611 717
612 727
612 722
612 749
613 674
613 750
613 628
614 722
614 632
615 645
615 670
616 649
616 616
616 748
617 720
618 736
618 737
619 621
620 794
620 620
622 712
622 722
622 727
623 771
623 797
624 785
624 787
624 696
624 636
625 711
625 740
625 701
625 638
626 668
627 774
627 647
627 783
627 701
628 788
628 628
628 795
628 721
629 782
629 660
629 667
629 798
630 703
630 711
631 650
632 797
632 749
633 757
634 746
634 735
635 759
635 796
635 739
636 787
637 641
637 738
638 653
638 762
639 747
640 756
641 661
641 745
642 644
642 643
642 716
642 763
643 657
643 800
643 644
644 717
644 644
644 646
644 657
645 645
645 681
645 668
645 670
646 755
646 657
646 717
647 731
647 776
647 707
647 798
648 726
648 662
648 758
648 768
648 713
648 648
648 765
648 664
649 765
649 721
650 781
651 796
651 651
651 698
652 741
652 792
653 779
653 762
653 784
653 796
654 679
654 735
654 654
655 781
655 759
655 698
656 656
656 694
657 687
657 800
657 716
657 717
657 763
658 785
658 724
658 787
658 702
659 736
659 775
659 743
659 798
659 659
659 660
660 798
660 667
660 782
660 674
660 673
661 725
662 718
662 713
662 768
663 734
664 713
664 716
664 718
664 758
665 719
665 729
665 759
666 729
667 775
667 667
667 753
667 798
668 694
668 668
669 745
669 675
669 695
669 747
670 672
670 767
671 771
671 731
671 678
671 671
671 732
671 752
671 705
672 715
672 682
672 737
673 776
673 680
673 775
673 708
674 795
674 674
674 750
675 675
675 715
676 697
677 767
677 733
677 730
677 691
678 771
678 752
678 732
678 735
680 798
680 680
681 681
681 709
681 787
682 709
684 791
684 792
684 684
684 741
685 744
685 714
686 765
686 748
687 767
687 691
687 730
687 723
687 692
687 733
688 799
688 772
688 710
688 693
689 773
689 702
691 692
691 723
692 733
692 723
692 767
693 772
693 751
693 728
693 775
695 695
696 733
696 793
696 725
696 704
697 779
697 784
697 762
697 705
698 777
699 732
699 790
699 738
700 700
701 774
701 783
702 702
702 787
703 740
703 711
704 770
704 725
705 762
706 706
706 721
706 748
706 765
708 708
710 772
710 760
712 727
712 722
712 749
713 768
713 718
713 758
714 766
714 714
715 764
715 747
716 761
716 717
716 716
717 800
717 755
717 763
718 726
719 754
720 720
722 727
722 756
723 733
724 787
724 724
725 770
725 725
726 726
727 789
727 749
727 756
728 799
728 728
729 759
731 797
731 771
731 752
734 742
735 735
735 746
736 794
737 794
739 777
739 796
741 792
742 742
743 775
743 782
744 766
747 776
748 755
751 799
752 752
755 800
755 761
759 759
760 772
761 800
761 777
761 763
763 800
767 767
769 790
769 769
771 771
771 789
772 799
773 785
773 773
777 796
778 778
779 779
783 783
785 785
787 787
789 797
790 790
791 792
792 792
800 800
