800 7098
1 615
1 101
1 43
1 587
1 710
1 30
1 567
1 400
1 738
1 108
1 147
1 792
1 719
1 678
1 693
1 201
1 592
2 130
2 60
2 759
2 183
2 292
2 497
2 679
2 601
2 203
2 429
2 248
2 253
2 2
2 714
2 4
2 675
2 171
2 105
2 746
3 771
3 72
3 234
3 788
3 630
3 508
3 330
3 775
3 333
3 256
3 693
3 635
3 396
3 439
3 509
3 704
3 89
4 617
4 189
4 497
4 505
4 429
4 294
4 4
4 323
4 105
4 253
4 183
4 292
4 166
4 675
4 679
4 171
4 60
4 474
4 759
5 607
5 27
5 111
5 570
5 519
5 533
5 278
5 595
5 55
5 690
5 691
5 561
5 711
5 331
5 168
5 566
5 722
5 86
5 354
5 762
5 92
5 220
6 465
6 557
6 749
6 6
6 138
6 309
6 459
6 501
6 307
6 591
6 649
6 414
6 473
6 668
6 548
6 681
6 426
6 177
6 590
7 382
7 513
7 388
7 136
7 47
7 608
7 7
7 353
7 154
7 356
7 143
7 262
7 263
7 122
7 658
7 407
7 573
7 87
8 262
8 263
8 136
8 32
8 407
8 297
8 658
8 356
8 513
8 353
8 637
8 369
8 87
8 608
8 425
8 534
9 673
9 401
9 38
9 451
9 9
9 324
9 209
9 389
9 397
9 104
9 575
9 264
9 702
9 87
9 398
9 558
9 443
9 705
9 73
9 481
9 297
9 74
10 772
10 516
10 776
10 486
10 593
10 488
10 740
10 453
10 489
10 11
10 10
10 113
10 216
10 59
10 34
10 320
10 326
10 70
10 206
10 342
11 195
11 772
11 516
11 776
11 489
11 132
11 11
11 34
11 453
11 113
11 488
11 320
11 759
11 326
11 216
11 740
11 533
11 587
12 644
12 646
12 110
12 483
12 272
12 484
12 231
12 689
12 250
12 432
12 282
12 78
12 175
12 366
12 777
12 188
12 328
12 467
12 599
12 118
13 755
13 712
13 723
13 582
13 13
13 14
13 783
13 80
13 686
13 197
13 115
13 448
13 434
13 146
13 433
13 441
13 701
13 708
13 382
14 656
14 518
14 230
14 434
14 701
14 751
14 312
14 115
14 433
14 80
14 712
14 93
14 441
14 646
14 783
14 686
14 448
14 197
15 55
15 691
15 27
15 278
15 519
15 607
15 711
15 111
15 742
15 15
15 354
15 762
15 570
15 660
15 533
15 561
15 690
15 566
15 193
15 722
15 86
16 258
16 741
16 753
16 656
16 332
16 430
16 152
16 16
16 167
16 617
16 178
16 173
16 464
16 612
16 680
16 472
16 477
16 761
16 537
17 335
17 124
17 790
17 718
17 589
17 150
17 487
17 757
17 466
17 553
17 170
17 219
17 543
17 146
17 749
17 791
17 516
17 281
18 392
18 653
18 144
18 35
18 631
18 269
18 629
18 274
18 498
18 313
18 18
18 285
18 754
18 756
18 412
18 33
18 338
18 343
18 737
18 747
18 365
18 624
19 701
19 771
19 775
19 780
19 532
19 330
19 234
19 788
19 635
19 333
19 704
19 508
19 72
19 735
19 746
19 75
19 92
19 630
20 260
20 270
20 800
20 491
20 758
20 785
20 179
20 164
20 408
20 606
20 542
20 37
20 223
20 744
20 165
20 54
20 733
21 131
21 517
21 774
21 405
21 784
21 734
21 621
21 79
21 594
21 377
21 21
21 390
21 220
21 449
21 717
21 506
22 543
22 204
22 786
22 787
22 67
22 65
22 240
22 165
22 417
22 428
22 374
22 746
22 442
22 156
22 762
22 291
22 300
22 207
22 349
22 706
23 257
23 267
23 528
23 334
23 76
23 293
23 502
23 422
23 750
23 217
23 461
23 455
23 199
23 503
23 598
23 418
23 692
23 57
24 403
24 150
24 663
24 718
24 553
24 219
24 589
24 790
24 666
24 767
24 752
24 124
24 584
24 466
24 554
24 146
25 386
25 652
25 665
25 409
25 683
25 210
25 304
25 511
25 615
25 64
25 766
25 611
25 71
25 698
25 473
25 319
25 578
25 211
25 539
25 42
26 641
26 402
26 160
26 436
26 121
26 475
26 247
26 452
26 243
26 768
26 586
26 31
26 287
26 29
26 167
26 541
26 50
26 49
26 83
26 95
26 358
27 429
27 515
27 533
27 278
27 570
27 691
27 55
27 762
27 193
27 722
27 111
27 711
27 575
27 690
27 322
27 354
28 770
28 643
28 134
28 779
28 125
28 106
28 671
28 413
28 100
28 123
28 237
28 636
28 28
28 472
29 402
29 541
29 29
29 50
29 470
29 435
29 641
29 306
29 243
29 436
29 452
29 586
29 411
29 31
29 305
29 83
30 662
30 384
30 30
30 664
30 738
30 201
30 587
30 792
30 633
30 147
30 728
30 186
30 294
30 554
30 43
30 710
30 719
30 81
31 541
31 452
31 586
31 50
31 768
31 641
31 160
31 287
31 435
31 243
31 306
31 475
31 194
31 305
31 436
31 95
31 358
31 728
32 183
32 513
32 388
32 263
32 658
32 659
32 534
32 573
32 369
32 143
32 353
32 647
32 407
32 422
32 47
32 608
32 357
32 637
33 269
33 653
33 144
33 35
33 498
33 365
33 313
33 274
33 747
33 629
33 338
33 412
33 624
33 677
33 343
33 614
33 754
34 642
34 132
34 516
34 776
34 453
34 326
34 113
34 486
34 593
34 320
34 740
34 107
34 85
34 103
35 653
35 412
35 754
35 498
35 109
35 624
35 614
35 609
35 392
35 144
35 338
35 35
35 737
36 271
36 276
36 661
36 540
36 576
36 410
36 634
36 241
36 157
36 196
36 301
36 794
36 166
36 445
36 332
36 359
37 646
37 523
37 270
37 408
37 284
37 800
37 299
37 179
37 490
37 424
37 37
37 223
37 277
38 389
38 673
38 102
38 38
38 73
38 575
38 451
38 324
38 443
38 397
38 714
38 709
38 478
38 209
38 481
38 39
38 552
39 276
39 166
39 552
39 540
39 572
39 271
39 157
39 661
39 52
39 720
39 794
39 196
39 241
39 445
39 700
39 576
39 634
40 632
40 119
40 645
40 265
40 141
40 655
40 670
40 674
40 696
40 765
40 499
40 579
40 192
40 638
40 47
40 713
40 731
40 98
40 612
40 745
40 233
40 627
41 261
41 395
41 535
41 539
41 159
41 268
41 583
41 346
41 364
41 391
41 420
41 375
41 748
41 90
41 603
41 521
42 654
42 657
42 155
42 163
42 218
42 623
42 254
42 463
42 94
42 625
42 42
42 562
42 682
42 180
42 564
42 327
43 715
43 662
43 664
43 678
43 554
43 710
43 567
43 101
43 201
43 738
43 719
43 633
43 779
43 186
43 81
43 596
44 798
44 545
44 82
44 480
44 344
44 492
44 460
44 694
44 341
44 85
44 618
44 797
44 471
44 707
44 432
44 339
44 600
44 229
44 367
44 639
45 797
45 545
45 764
45 341
45 82
45 492
45 344
45 694
45 45
45 707
45 639
45 798
45 367
45 671
45 339
45 229
45 618
46 257
46 528
46 418
46 293
46 57
46 502
46 46
46 725
46 267
46 199
46 455
46 605
46 422
46 563
46 51
46 76
46 750
46 503
47 513
47 263
47 143
47 658
47 534
47 407
47 154
47 369
47 297
47 573
47 357
47 160
48 129
48 259
48 161
48 421
48 550
48 559
48 688
48 569
48 522
48 148
48 58
48 565
48 669
48 48
48 310
48 447
48 585
48 239
49 402
49 287
49 436
49 306
49 358
49 586
49 95
49 768
49 160
49 305
49 121
49 641
49 49
49 470
50 541
50 160
50 435
50 402
50 436
50 305
50 470
50 641
50 247
50 452
50 287
50 611
50 586
50 83
50 475
50 768
51 257
51 267
51 528
51 293
51 295
51 725
51 418
51 503
51 703
51 692
51 217
51 334
51 750
51 600
51 57
51 199
51 605
52 165
52 276
52 661
52 410
52 288
52 166
52 720
52 700
52 794
52 359
52 241
52 552
52 301
52 526
52 572
52 118
53 279
53 289
53 504
53 419
53 531
53 580
53 77
53 280
53 381
53 721
53 69
53 53
53 602
53 113
53 182
53 568
53 120
53 604
53 479
54 260
54 523
54 284
54 542
54 800
54 299
54 174
54 164
54 744
54 758
54 408
54 785
54 63
54 554
54 491
55 515
55 519
55 533
55 561
55 691
55 322
55 595
55 278
55 86
55 331
55 607
55 490
55 570
55 711
55 722
56 519
56 177
56 307
56 512
56 501
56 590
56 128
56 649
56 200
56 456
56 681
56 138
56 283
56 414
56 572
56 591
56 473
57 257
57 503
57 750
57 725
57 245
57 455
57 295
57 502
57 217
57 199
57 267
57 533
57 703
57 461
58 259
58 522
58 669
58 161
58 688
58 569
58 447
58 565
58 457
58 632
58 58
58 550
58 431
58 585
58 743
58 96
59 135
59 536
59 416
59 440
59 577
59 318
59 221
59 458
59 729
59 672
59 205
59 574
59 763
59 329
59 181
59 716
59 502
60 130
60 292
60 679
60 429
60 316
60 60
60 759
60 497
60 105
60 323
60 601
60 735
60 474
60 99
60 115
60 643
61 266
61 551
61 430
61 380
61 178
61 477
61 773
61 741
61 167
61 214
61 172
61 258
61 152
61 464
61 440
61 588
61 617
61 753
61 117
62 777
62 140
62 526
62 782
62 560
62 311
62 184
62 314
62 117
62 68
62 355
62 603
62 126
62 500
62 378
62 760
63 260
63 523
63 270
63 785
63 408
63 284
63 542
63 164
63 491
63 427
63 733
63 490
63 299
63 418
64 761
64 386
64 665
64 304
64 185
64 698
64 444
64 319
64 308
64 615
64 652
64 697
64 578
64 124
64 766
65 446
65 244
65 98
65 786
65 787
65 156
65 668
65 417
65 428
65 442
65 275
65 746
65 240
65 619
65 228
65 374
66 638
66 739
66 769
66 781
66 706
66 66
66 212
66 372
66 246
66 97
66 351
66 133
66 555
66 293
66 227
66 363
66 112
67 786
67 787
67 156
67 165
67 383
67 428
67 349
67 530
67 544
67 417
67 423
67 300
67 746
67 644
67 408
67 325
68 233
68 777
68 437
68 311
68 190
68 628
68 337
68 224
68 126
68 526
68 355
68 68
68 435
68 760
69 176
69 529
69 279
69 280
69 289
69 419
69 568
69 581
69 325
69 580
69 602
69 620
69 411
69 208
69 120
70 132
70 772
70 320
70 453
70 222
70 489
70 488
70 776
70 593
70 114
70 70
70 342
70 244
70 206
70 113
70 263
71 409
71 158
71 308
71 698
71 578
71 697
71 304
71 444
71 683
71 640
71 615
71 153
71 185
71 660
71 766
72 775
72 396
72 704
72 75
72 508
72 735
72 333
72 739
72 771
72 256
72 469
72 532
72 688
72 635
72 538
73 389
73 264
73 397
73 398
73 401
73 673
73 702
73 709
73 451
73 73
73 324
73 598
73 256
74 137
74 651
74 151
74 793
74 796
74 546
74 425
74 298
74 181
74 571
74 626
74 191
74 547
74 525
75 780
75 532
75 704
75 508
75 788
75 439
75 234
75 396
75 735
75 330
75 775
75 630
75 324
75 469
75 635
76 257
76 528
76 418
76 422
76 295
76 605
76 293
76 199
76 245
76 502
76 503
76 692
76 232
76 461
76 334
77 251
77 606
77 279
77 280
77 289
77 419
77 568
77 321
77 580
77 325
77 667
77 182
77 581
77 142
77 721
77 120
77 504
77 381
78 272
78 282
78 188
78 110
78 250
78 175
78 432
78 484
78 646
78 599
78 385
78 509
78 88
78 221
78 467
78 483
78 370
79 471
79 131
79 774
79 390
79 405
79 660
79 198
79 506
79 281
79 621
79 79
79 717
79 789
79 208
79 220
79 478
79 239
79 116
80 434
80 448
80 708
80 197
80 582
80 80
80 727
80 230
80 701
80 115
80 312
80 361
80 755
80 639
81 597
81 662
81 147
81 678
81 554
81 186
81 201
81 587
81 719
81 592
81 633
81 728
81 206
81 596
81 384
82 731
82 415
82 545
82 707
82 460
82 610
82 764
82 367
82 492
82 229
82 618
82 336
82 763
82 339
82 341
82 600
82 781
83 402
83 541
83 435
83 452
83 95
83 247
83 160
83 306
83 287
83 470
83 436
83 598
83 243
83 768
84 264
84 493
84 137
84 651
84 793
84 546
84 571
84 648
84 84
84 215
84 181
84 538
84 91
84 652
84 730
85 797
85 798
85 415
85 707
85 460
85 336
85 339
85 341
85 639
85 600
85 764
85 545
85 162
85 618
86 519
86 278
86 561
86 690
86 566
86 570
86 193
86 322
86 331
86 354
86 111
86 618
86 742
87 513
87 388
87 263
87 136
87 647
87 143
87 297
87 357
87 637
87 658
87 353
87 230
87 356
88 646
88 272
88 789
88 282
88 432
88 689
88 446
88 467
88 366
88 644
88 188
88 250
88 385
88 717
88 722
89 771
89 788
89 330
89 635
89 439
89 780
89 333
89 630
89 234
89 89
89 704
89 739
89 209
90 268
90 535
90 159
90 169
90 438
90 454
90 583
90 202
90 204
90 598
90 226
90 539
90 90
90 375
91 148
91 466
91 648
91 137
91 651
91 793
91 538
91 298
91 303
91 151
91 547
91 796
91 730
91 477
91 626
92 589
92 396
92 532
92 704
92 630
92 735
92 739
92 635
92 256
92 771
92 330
92 333
92 780
92 508
92 571
93 433
93 434
93 312
93 441
93 712
93 727
93 115
93 783
93 119
93 751
93 230
93 197
93 701
93 104
93 382
94 253
94 300
94 306
94 654
94 163
94 564
94 699
94 327
94 462
94 562
94 225
94 340
94 218
94 232
94 379
95 498
95 641
95 402
95 435
95 306
95 470
95 541
95 358
95 436
95 452
95 415
95 243
95 121
96 416
96 778
96 394
96 149
96 695
96 468
96 732
96 348
96 527
96 315
96 345
96 404
96 236
96 286
97 311
97 781
97 706
97 255
97 194
97 142
97 97
97 406
97 368
97 347
97 212
97 399
97 232
97 372
97 507
98 152
98 231
98 645
98 141
98 674
98 731
98 162
98 696
98 638
98 745
98 670
98 713
98 233
98 612
99 675
99 171
99 316
99 189
99 323
99 601
99 474
99 248
99 203
99 759
99 505
99 429
99 253
99 454
99 497
99 191
100 770
100 134
100 393
100 779
100 671
100 549
100 413
100 123
100 106
100 494
100 493
100 139
100 125
100 548
100 616
100 237
101 383
101 400
101 662
101 792
101 567
101 186
101 710
101 678
101 201
101 719
101 728
101 592
101 242
101 384
102 264
102 397
102 398
102 673
102 684
102 558
102 702
102 575
102 705
102 451
102 209
102 613
102 251
102 735
102 296
103 642
103 132
103 772
103 776
103 206
103 740
103 486
103 453
103 107
103 320
103 489
103 114
103 103
104 569
104 397
104 398
104 401
104 443
104 702
104 575
104 451
104 714
104 481
104 673
104 558
104 389
104 181
104 647
105 675
105 292
105 203
105 189
105 248
105 756
105 505
105 679
105 323
105 294
105 253
105 393
105 759
106 486
106 770
106 643
106 387
106 134
106 393
106 521
106 779
106 524
106 671
106 549
106 616
106 145
106 493
107 642
107 132
107 772
107 516
107 776
107 326
107 206
107 342
107 222
107 740
107 453
107 320
107 599
107 141
107 157
108 147
108 664
108 678
108 186
108 710
108 596
108 728
108 792
108 738
108 108
108 633
108 201
108 339
109 269
109 144
109 412
109 285
109 563
109 313
109 737
109 609
109 365
109 498
109 747
109 343
109 338
109 260
109 624
109 431
110 644
110 646
110 272
110 789
110 432
110 188
110 328
110 483
110 484
110 446
110 175
110 110
110 194
111 395
111 691
111 322
111 722
111 607
111 354
111 711
111 762
111 331
111 561
111 523
111 340
112 359
112 133
112 142
112 781
112 351
112 227
112 252
112 194
112 212
112 371
112 406
112 363
112 724
112 800
112 372
113 518
113 772
113 776
113 342
113 326
113 593
113 488
113 453
113 206
113 516
113 752
113 114
114 386
114 772
114 516
114 326
114 486
114 488
114 114
114 320
114 132
114 216
114 697
115 518
115 783
115 686
115 434
115 701
115 448
115 708
115 755
115 115
116 178
116 577
116 151
116 131
116 517
116 774
116 390
116 650
116 281
116 717
116 734
116 405
116 621
116 211
117 542
117 140
117 526
117 782
117 799
117 437
117 311
117 184
117 314
117 726
117 117
117 500
118 197
118 271
118 276
118 661
118 537
118 794
118 410
118 540
118 157
118 288
118 552
118 572
118 301
118 634
119 783
119 434
119 312
119 441
119 448
119 197
119 582
119 712
119 230
119 755
119 723
119 382
119 727
119 330
120 531
120 279
120 280
120 667
120 289
120 568
120 581
120 721
120 602
120 620
120 504
120 332
121 541
121 305
121 435
121 586
121 475
121 243
121 402
121 641
121 768
121 452
121 306
121 211
121 596
122 648
122 137
122 525
122 793
122 538
122 298
122 181
122 571
122 191
122 215
122 495
122 303
122 122
122 337
123 770
123 643
123 387
123 393
123 779
123 139
123 524
123 413
123 671
123 619
123 237
123 242
123 520
123 125
123 436
124 403
124 150
124 543
124 170
124 213
124 757
124 449
124 790
124 718
124 589
124 466
124 453
125 134
125 779
125 413
125 671
125 549
125 619
125 493
125 494
125 242
125 524
125 387
125 602
125 463
126 777
126 140
126 799
126 437
126 311
126 715
126 726
126 224
126 500
126 184
126 126
126 356
127 135
127 536
127 317
127 574
127 318
127 450
127 329
127 458
127 205
127 729
127 361
127 520
127 440
127 672
127 388
127 792
128 649
128 283
128 465
128 426
128 128
128 590
128 456
128 414
128 591
128 473
128 459
128 307
128 536
129 232
129 565
129 373
129 362
129 148
129 559
129 632
129 743
129 550
129 736
129 129
129 310
129 314
129 259
129 522
129 669
129 161
129 421
129 688
129 569
129 457
130 474
130 756
130 130
130 679
130 759
130 253
130 601
130 429
130 323
130 675
130 294
130 144
130 292
130 171
130 203
131 225
131 478
131 660
131 517
131 594
131 239
131 506
131 390
131 784
131 198
131 281
131 732
131 650
132 642
132 776
132 516
132 342
132 320
132 216
132 488
132 222
132 326
132 453
132 149
132 206
132 593
132 724
133 619
133 636
133 555
133 372
133 507
133 255
133 212
133 724
133 769
133 781
133 133
133 351
133 524
133 399
133 194
133 363
133 368
133 371
134 521
134 413
134 671
134 494
134 524
134 636
134 619
134 556
134 616
134 242
134 714
134 139
134 549
134 493
135 361
135 317
135 458
135 729
135 795
135 496
135 536
135 520
135 440
135 416
135 763
135 329
135 237
135 672
135 574
135 577
135 716
135 221
135 510
136 275
136 263
136 637
136 658
136 262
136 513
136 154
136 357
136 388
136 143
136 356
136 625
136 647
136 659
136 534
136 297
136 573
137 215
137 303
137 730
137 151
137 525
137 495
137 796
137 538
137 546
137 302
137 688
137 626
138 649
138 749
138 557
138 512
138 473
138 459
138 307
138 681
138 591
138 290
138 138
138 200
138 686
138 414
138 309
138 181
139 692
139 770
139 643
139 387
139 521
139 237
139 619
139 556
139 494
139 493
139 636
139 549
139 525
139 524
139 413
140 238
140 337
140 355
140 760
140 726
140 715
140 782
140 777
140 224
140 190
140 437
140 484
140 526
140 311
140 184
140 314
140 500
141 499
141 655
141 162
141 192
141 360
141 676
141 696
141 176
141 627
141 713
141 645
141 765
141 674
141 579
141 731
141 233
142 769
142 252
142 347
142 507
142 212
142 371
142 368
142 724
142 351
142 372
142 781
142 399
142 784
142 406
142 555
142 706
142 194
142 227
143 513
143 262
143 608
143 353
143 637
143 647
143 407
143 573
143 297
143 154
143 419
143 658
143 534
144 274
144 343
144 747
144 631
144 498
144 365
144 313
144 269
144 624
144 144
144 285
144 338
144 629
145 709
145 778
145 394
145 527
145 468
145 286
145 350
145 485
145 677
145 404
145 732
145 249
145 315
145 149
145 684
145 273
145 687
145 695
145 236
146 150
146 666
146 791
146 589
146 584
146 170
146 757
146 219
146 213
146 752
146 487
146 146
146 543
146 718
146 767
146 309
147 771
147 662
147 664
147 554
147 792
147 147
147 738
147 592
147 587
147 596
147 500
147 678
147 567
147 633
148 259
148 232
148 565
148 421
148 569
148 522
148 148
148 310
148 373
148 632
148 743
148 688
148 669
148 559
148 447
148 457
148 736
149 394
149 527
149 273
149 404
149 778
149 345
149 244
149 732
149 149
149 286
149 726
149 677
149 431
149 315
149 348
149 352
150 219
150 449
150 553
150 767
150 466
150 718
150 170
150 790
150 584
150 663
150 659
150 666
151 525
151 303
151 181
151 648
151 495
151 626
151 546
151 796
151 571
151 151
151 215
151 793
151 425
151 500
152 258
152 266
152 656
152 172
152 464
152 680
152 214
152 167
152 761
152 753
152 588
152 741
152 472
152 551
152 430
152 380
152 364
152 445
153 665
153 652
153 766
153 698
153 615
153 386
153 697
153 153
153 444
153 158
153 211
153 511
153 304
153 478
153 409
153 185
154 443
154 513
154 388
154 262
154 263
154 647
154 407
154 369
154 154
154 568
154 608
154 603
155 349
155 657
155 625
155 462
155 327
155 163
155 225
155 155
155 682
155 296
155 562
155 597
155 157
155 463
155 340
155 218
155 235
155 254
155 721
156 530
156 275
156 349
156 228
156 423
156 746
156 165
156 428
156 668
156 374
156 544
156 239
156 417
156 291
156 207
156 240
156 383
156 215
157 727
157 276
157 661
157 537
157 410
157 540
157 634
157 552
157 445
157 157
157 794
157 301
157 576
157 720
157 359
157 241
158 386
158 683
158 578
158 158
158 615
158 652
158 210
158 409
158 611
158 665
158 304
158 471
158 308
158 444
158 766
159 261
159 391
159 395
159 539
159 685
159 169
159 364
159 454
159 598
159 204
159 202
159 168
159 375
159 290
159 420
160 541
160 287
160 641
160 435
160 436
160 768
160 402
160 470
160 305
160 475
160 306
160 489
160 452
160 247
161 522
161 457
161 550
161 632
161 362
161 310
161 259
161 161
161 743
161 232
161 580
161 585
161 373
162 718
162 645
162 265
162 655
162 670
162 674
162 713
162 176
162 499
162 233
162 612
162 638
162 162
162 676
162 696
162 192
162 731
162 745
162 627
163 235
163 340
163 379
163 462
163 163
163 296
163 254
163 376
163 463
163 564
163 759
163 562
163 699
163 623
164 631
164 260
164 523
164 408
164 284
164 606
164 490
164 164
164 223
164 427
164 179
164 363
164 424
164 299
164 174
164 733
165 786
165 275
165 291
165 417
165 746
165 787
165 300
165 668
165 374
165 207
165 349
165 442
165 228
166 237
166 276
166 661
166 445
166 241
166 271
166 700
166 552
166 537
166 166
166 572
166 424
167 773
167 266
167 464
167 173
167 430
167 680
167 178
167 472
167 617
167 551
167 258
167 761
167 792
167 588
167 332
168 261
168 391
168 539
168 204
168 583
168 202
168 226
168 169
168 268
168 598
168 195
168 168
168 665
168 685
168 748
168 448
169 261
169 391
169 395
169 539
169 226
169 375
169 748
169 204
169 364
169 598
169 535
169 486
169 438
169 346
170 666
170 543
170 553
170 767
170 790
170 335
170 791
170 449
170 663
170 752
170 774
170 589
170 718
170 213
170 177
171 675
171 292
171 294
171 756
171 505
171 474
171 497
171 429
171 248
171 253
171 696
171 183
171 316
171 189
171 203
171 601
172 656
172 753
172 172
172 588
172 266
172 741
172 472
172 477
172 680
172 332
172 178
172 773
172 287
172 173
172 214
172 761
173 258
173 656
173 551
173 680
173 464
173 741
173 266
173 761
173 773
173 477
173 588
173 667
173 332
173 617
173 753
173 230
173 345
174 600
174 607
174 270
174 785
174 408
174 284
174 800
174 427
174 491
174 744
174 733
174 606
174 320
174 179
174 758
175 272
175 483
175 644
175 509
175 231
175 370
175 467
175 599
175 175
175 282
175 432
175 484
175 431
175 689
175 366
175 735
176 674
176 655
176 499
176 696
176 670
176 713
176 233
176 627
176 176
176 645
176 765
176 187
176 192
176 731
176 360
176 745
177 752
177 415
177 283
177 414
177 681
177 426
177 557
177 200
177 456
177 290
177 459
177 548
177 512
177 182
178 258
178 773
178 266
178 656
178 551
178 680
178 761
178 178
178 741
178 477
178 464
178 472
178 617
178 529
179 260
179 523
179 408
179 542
179 800
179 424
179 299
179 744
179 284
179 223
179 368
180 623
180 235
180 225
180 376
180 218
180 699
180 463
180 180
180 462
180 654
180 625
180 379
180 297
180 597
181 648
181 651
181 793
181 538
181 546
181 298
181 302
181 191
181 495
181 215
181 633
182 531
182 411
182 289
182 279
182 529
182 581
182 419
182 479
182 568
182 182
182 620
182 602
182 321
182 604
182 504
183 675
183 679
183 429
183 183
183 601
183 759
183 756
183 316
183 248
183 253
183 189
183 203
183 505
183 653
184 311
184 500
184 190
184 799
184 224
184 526
184 603
184 726
184 238
184 782
184 777
184 257
184 314
184 628
184 760
184 664
185 741
185 386
185 665
185 640
185 308
185 210
185 611
185 697
185 319
185 615
185 211
185 409
185 438
185 698
185 578
185 371
186 662
186 567
186 664
186 201
186 678
186 728
186 792
186 186
186 756
186 587
187 645
187 265
187 670
187 674
187 676
187 696
187 745
187 638
187 655
187 187
187 765
187 713
187 357
187 579
187 233
187 627
188 206
188 644
188 646
188 272
188 432
188 689
188 231
188 328
188 789
188 366
188 385
188 188
188 250
188 509
189 292
189 294
189 679
189 429
189 756
189 474
189 601
189 189
189 505
189 524
189 203
189 759
189 253
189 796
189 363
190 526
190 782
190 799
190 311
190 314
190 560
190 337
190 628
190 760
190 777
190 238
190 437
190 342
190 603
191 766
191 651
191 538
191 796
191 546
191 547
191 425
191 298
191 571
191 303
191 525
191 215
191 495
191 626
191 526
191 355
192 645
192 265
192 674
192 696
192 579
192 638
192 765
192 612
192 745
192 233
192 540
192 713
192 731
192 499
192 417
192 280
193 519
193 533
193 278
193 690
193 566
193 742
193 722
193 322
193 561
193 762
193 354
193 621
193 331
194 399
194 781
194 347
194 194
194 372
194 555
194 351
194 363
194 507
194 406
194 212
194 368
194 246
194 252
194 255
195 261
195 391
195 395
195 268
195 420
195 454
195 598
195 438
195 375
195 195
195 748
195 346
195 583
195 226
195 396
195 782
196 271
196 661
196 537
196 794
196 410
196 288
196 700
196 572
196 540
196 720
196 552
196 301
196 290
196 359
197 361
197 783
197 433
197 312
197 441
197 701
197 712
197 751
197 708
197 230
197 582
197 723
197 755
197 382
198 438
198 514
198 650
198 405
198 281
198 506
198 774
198 239
198 198
198 594
198 220
198 282
198 208
198 377
199 267
199 293
199 422
199 455
199 750
199 245
199 199
199 725
199 703
199 659
200 295
200 283
200 426
200 557
200 649
200 590
200 473
200 749
200 591
200 548
200 200
200 465
201 624
201 400
201 664
201 710
201 792
201 567
201 662
201 738
201 728
201 595
201 587
201 719
201 633
201 384
202 391
202 420
202 438
202 539
202 268
202 454
202 346
202 364
202 598
202 204
202 202
202 226
202 733
203 675
203 292
203 294
203 316
203 474
203 253
203 323
203 248
203 406
203 756
203 759
204 391
204 535
204 420
204 268
204 364
204 748
204 598
204 226
204 375
204 422
205 757
205 416
205 672
205 574
205 577
205 450
205 716
205 496
205 440
205 520
205 205
205 690
205 729
205 622
206 516
206 320
206 453
206 642
206 326
206 489
206 593
206 222
206 776
206 740
206 486
207 786
207 275
207 668
207 544
207 417
207 291
207 207
207 383
207 349
207 374
207 224
208 730
208 514
208 784
208 220
208 405
208 478
208 517
208 378
208 650
208 594
208 377
208 660
208 257
208 621
208 239
209 264
209 401
209 673
209 558
209 443
209 702
209 324
209 709
209 389
209 397
209 705
209 777
209 613
209 251
210 652
210 409
210 683
210 308
210 697
210 578
210 211
210 665
210 611
210 511
210 444
210 231
210 640
210 765
211 386
211 652
211 409
211 683
211 308
211 444
211 319
211 611
211 640
211 511
211 656
212 399
212 406
212 555
212 724
212 347
212 246
212 769
212 363
212 368
212 706
212 780
212 351
212 255
213 403
213 663
213 791
213 449
213 584
213 589
213 718
213 335
213 466
213 553
213 790
213 227
213 219
214 258
214 773
214 656
214 551
214 680
214 588
214 464
214 472
214 430
214 266
214 477
214 352
214 741
215 648
215 651
215 793
215 303
215 571
215 546
215 796
215 730
215 327
216 642
216 772
216 516
216 320
216 326
216 453
216 593
216 222
216 486
216 489
216 488
216 778
216 414
217 756
217 257
217 267
217 418
217 692
217 461
217 334
217 725
217 605
217 455
217 503
217 273
218 654
218 296
218 682
218 564
218 327
218 463
218 340
218 597
218 235
218 625
218 376
218 594
218 623
219 790
219 791
219 553
219 449
219 718
219 403
219 584
219 335
219 752
219 336
219 487
219 582
220 514
220 517
220 650
220 784
220 405
220 281
220 594
220 734
220 378
220 621
221 672
221 577
221 450
221 458
221 510
221 440
221 416
221 221
221 329
221 536
221 795
221 573
221 361
221 496
222 613
222 642
222 772
222 320
222 342
222 222
222 593
222 486
222 731
222 488
222 489
223 284
223 800
223 785
223 424
223 758
223 491
223 223
223 744
223 606
223 518
223 490
224 489
224 501
224 799
224 437
224 337
224 726
224 603
224 760
224 560
224 699
224 500
225 232
225 566
225 654
225 296
225 562
225 699
225 462
225 463
225 376
225 254
225 564
225 235
226 578
226 268
226 685
226 583
226 535
226 598
226 364
226 261
226 639
226 375
226 564
227 399
227 406
227 555
227 706
227 347
227 351
227 246
227 507
227 368
227 372
227 430
227 371
228 786
228 530
228 668
228 544
228 423
228 442
228 482
228 228
228 349
228 240
228 674
229 797
229 798
229 545
229 694
229 341
229 471
229 344
229 600
229 610
229 336
229 415
229 744
229 515
229 650
230 686
230 433
230 701
230 708
230 582
230 727
230 434
230 712
230 755
230 384
231 447
231 385
231 644
231 282
231 432
231 467
231 483
231 484
231 789
231 250
231 370
231 509
231 610
231 279
232 669
232 550
232 569
232 447
232 736
232 310
232 522
232 632
232 476
232 743
232 688
232 362
232 799
233 655
233 612
233 360
233 765
233 645
233 265
233 713
233 667
234 396
234 780
234 330
234 333
234 739
234 256
234 439
234 771
234 735
234 788
234 244
234 630
234 635
235 654
235 657
235 340
235 625
235 564
235 235
235 463
235 327
235 800
236 394
236 273
236 404
236 277
236 687
236 431
236 695
236 468
236 348
236 244
236 286
236 345
236 378
237 770
237 387
237 779
237 413
237 493
237 393
237 556
237 643
237 619
237 636
238 547
238 782
238 560
238 311
238 337
238 603
238 777
238 760
238 500
238 238
238 467
239 514
239 774
239 390
239 784
239 405
239 478
239 734
239 378
239 517
240 786
240 530
240 417
240 291
240 442
240 482
240 746
240 300
240 428
240 374
240 539
241 271
241 794
241 540
241 445
241 359
241 634
241 537
241 576
241 552
241 484
242 770
242 643
242 387
242 779
242 524
242 413
242 616
242 549
242 393
242 636
242 493
242 543
243 641
243 541
243 436
243 470
243 402
243 305
243 247
243 306
243 579
244 778
244 277
244 687
244 695
244 315
244 352
244 468
244 527
244 286
244 677
244 431
244 249
245 257
245 267
245 528
245 418
245 293
245 422
245 295
245 692
245 455
245 605
245 502
245 642
245 580
246 769
246 399
246 555
246 706
246 724
246 347
246 363
246 371
246 252
246 372
246 672
246 255
247 423
247 641
247 402
247 541
247 287
247 435
247 452
247 358
247 475
247 294
248 294
248 429
248 601
248 675
248 497
248 316
248 292
248 248
249 394
249 527
249 431
249 695
249 404
249 485
249 348
249 778
249 677
249 468
249 352
249 249
250 385
250 789
250 282
250 328
250 599
250 366
250 370
250 250
250 663
250 774
251 389
251 264
251 398
251 684
251 443
251 702
251 705
251 709
251 714
251 673
251 324
251 558
252 769
252 347
252 372
252 507
252 781
252 255
252 252
252 724
252 371
252 443
253 679
253 316
253 323
253 505
253 759
253 392
254 657
254 682
254 463
254 379
254 376
254 564
254 597
254 462
254 654
254 699
254 373
255 333
255 576
255 363
255 372
255 368
255 351
255 769
255 555
255 533
256 775
256 788
256 532
256 693
256 469
256 635
256 508
256 771
256 333
256 439
257 293
257 267
257 418
257 528
257 725
257 605
257 503
257 577
257 422
257 692
257 334
257 750
258 472
258 753
258 656
258 380
258 680
258 588
258 430
258 332
258 266
258 347
258 741
258 691
258 413
259 310
259 447
259 669
259 259
259 559
259 373
259 743
259 522
259 362
259 408
259 565
259 569
259 585
259 476
259 736
260 542
260 491
260 800
260 785
260 490
260 260
260 427
260 522
260 606
261 444
261 748
261 375
261 391
261 346
261 395
261 438
261 268
261 364
261 578
261 539
261 685
261 454
262 357
262 353
262 573
262 659
262 369
262 356
262 407
262 388
262 658
262 534
262 513
262 601
262 263
262 647
262 608
263 513
263 388
263 297
263 407
263 637
263 369
263 356
263 658
264 389
264 714
264 613
264 673
264 397
264 451
264 702
264 558
264 401
264 575
264 398
264 443
264 705
264 271
265 645
265 360
265 670
265 674
265 713
265 638
265 696
265 499
265 265
265 448
265 655
265 579
265 627
265 765
265 623
266 617
266 773
266 656
266 761
266 430
266 551
266 266
266 472
266 693
266 680
266 588
266 464
266 380
267 502
267 703
267 692
267 455
267 750
267 267
267 295
267 652
267 461
268 598
268 268
268 391
268 364
268 748
268 685
268 535
268 539
268 438
268 527
268 420
268 583
268 375
269 392
269 563
269 285
269 338
269 274
269 498
269 624
269 343
269 412
269 609
269 747
269 313
269 337
269 653
269 365
269 754
269 556
270 523
270 542
270 490
270 270
270 606
270 744
270 299
270 491
270 785
270 718
270 758
271 720
271 661
271 794
271 576
271 700
271 276
271 445
271 271
271 410
271 537
271 552
271 376
272 644
272 282
272 446
272 484
272 789
272 432
272 599
272 328
272 365
272 689
272 483
272 370
272 670
273 286
273 277
273 394
273 485
273 350
273 687
273 315
273 345
273 732
273 273
273 677
273 431
273 348
274 420
274 392
274 747
274 631
274 338
274 609
274 563
274 653
274 365
274 614
274 624
274 502
274 412
274 629
275 666
275 335
275 317
275 375
275 786
275 530
275 374
275 423
275 383
275 349
275 787
275 544
275 291
275 300
275 442
275 746
275 654
276 716
276 540
276 301
276 634
276 720
276 794
276 276
276 661
276 288
276 445
277 527
277 277
277 485
277 394
277 345
277 404
277 348
277 352
277 778
277 732
277 733
277 677
277 431
277 350
278 570
278 742
278 533
278 690
278 278
278 561
278 711
278 354
278 705
278 595
278 607
279 381
279 604
279 325
279 280
279 531
279 580
279 529
279 479
279 279
279 411
279 419
279 321
279 620
280 531
280 280
280 411
280 529
280 602
280 419
280 604
280 721
280 620
280 667
280 580
280 581
280 325
280 479
281 310
281 524
281 514
281 774
281 784
281 405
281 660
281 506
281 478
281 650
281 594
281 621
282 789
282 328
282 370
282 467
282 366
282 509
282 484
282 446
282 581
282 689
282 483
283 473
283 591
283 290
283 465
283 557
283 548
283 456
283 749
283 459
283 501
283 283
283 681
283 426
283 307
283 309
283 590
284 523
284 744
284 424
284 733
284 800
284 491
284 427
284 542
284 346
284 606
285 653
285 412
285 365
285 563
285 343
285 629
285 338
285 609
285 313
285 747
285 512
285 614
286 394
286 527
286 404
286 348
286 468
286 352
286 485
286 695
286 732
286 315
286 286
286 677
286 687
286 345
286 350
287 642
287 641
287 402
287 541
287 586
287 470
287 436
287 435
287 306
287 514
287 475
288 759
288 661
288 537
288 794
288 288
288 540
288 410
288 576
288 572
288 459
288 552
288 700
289 529
289 411
289 381
289 289
289 568
289 620
289 479
289 504
289 431
289 581
289 325
289 721
289 602
290 649
290 473
290 590
290 548
290 290
290 501
290 459
290 749
290 512
290 414
290 643
290 426
290 456
291 795
291 530
291 668
291 417
291 383
291 442
291 300
291 786
291 588
291 428
292 675
292 601
292 294
292 756
292 474
292 316
292 298
292 323
292 497
292 505
293 418
293 461
293 750
293 725
293 703
293 455
293 422
293 334
293 489
293 295
293 503
293 517
294 675
294 505
294 474
294 294
294 497
294 429
294 416
294 316
294 323
294 689
295 380
295 688
295 528
295 703
295 455
295 422
295 502
295 692
295 334
295 503
295 475
296 362
296 318
296 654
296 340
296 379
296 699
296 463
296 657
296 327
296 623
296 682
296 562
296 462
296 597
296 376
297 786
297 513
297 388
297 647
297 659
297 297
297 369
297 356
298 648
298 651
298 525
298 796
298 547
298 571
298 425
298 626
298 417
298 302
299 785
299 408
299 542
299 800
299 424
299 427
299 606
299 491
299 523
299 792
300 786
300 787
300 530
300 544
300 423
300 428
300 482
300 417
300 349
300 668
301 323
301 394
301 671
301 537
301 794
301 410
301 540
301 661
301 572
301 634
301 359
301 627
301 700
301 576
302 584
302 648
302 538
302 796
302 547
302 425
302 303
302 302
302 651
302 546
302 661
302 571
302 495
303 336
303 793
303 796
303 546
303 547
303 425
303 495
303 626
303 571
303 765
303 531
304 386
304 409
304 698
304 304
304 665
304 615
304 308
304 611
304 683
304 506
304 697
304 444
304 578
304 766
305 641
305 452
305 402
305 435
305 306
305 768
305 586
305 358
305 470
305 305
305 436
305 475
306 402
306 435
306 436
306 768
306 452
306 306
306 358
307 548
307 557
307 473
307 681
307 307
307 501
307 426
307 512
307 465
307 539
307 309
307 456
307 749
308 386
308 683
308 652
308 766
308 319
308 698
308 308
308 511
308 724
308 444
308 578
308 611
308 615
309 681
309 456
309 459
309 749
309 465
309 309
309 591
309 501
309 557
310 522
310 421
310 550
310 559
310 688
310 569
310 743
310 632
310 362
310 585
310 457
310 476
310 736
310 373
310 593
310 618
311 560
311 437
311 782
311 726
311 337
311 603
311 314
311 628
312 703
312 701
312 312
312 686
312 783
312 751
312 712
312 382
312 723
312 663
312 448
312 708
312 727
312 690
312 459
313 773
313 392
313 737
313 747
313 365
313 754
313 609
313 629
313 661
313 338
313 343
313 614
313 631
314 560
314 437
314 782
314 799
314 337
314 777
314 628
314 473
315 663
315 391
315 404
315 677
315 695
315 485
315 350
315 352
315 431
315 472
315 345
315 348
316 736
316 429
316 505
316 759
316 675
316 756
316 497
316 385
316 601
317 520
317 440
317 318
317 458
317 577
317 361
317 536
317 450
317 763
317 317
317 510
317 329
317 716
317 729
317 377
318 520
318 536
318 795
318 416
318 672
318 440
318 763
318 729
318 574
318 450
318 577
318 329
318 458
318 361
318 510
319 665
319 697
319 444
319 511
319 698
319 409
319 319
319 386
319 591
319 640
319 682
320 772
320 516
320 776
320 486
320 593
320 740
320 685
320 342
321 529
321 531
321 667
321 568
321 604
321 479
321 411
321 581
321 321
321 504
321 594
321 620
321 381
322 515
322 561
322 570
322 711
322 607
322 690
322 354
322 722
322 742
322 595
322 520
322 514
323 679
323 429
323 497
323 675
323 474
323 759
323 756
324 389
324 397
324 401
324 684
324 558
324 443
324 705
324 714
324 324
324 613
324 561
324 709
324 481
325 411
325 580
325 667
325 531
325 381
325 721
325 602
325 529
325 504
325 604
326 434
326 453
326 740
326 489
326 516
326 342
326 486
326 327
326 593
327 654
327 657
327 682
327 564
327 699
327 379
327 462
327 623
328 385
328 432
328 689
328 446
328 328
328 644
328 599
328 571
328 483
328 366
329 416
329 672
329 574
329 450
329 536
329 458
329 329
329 361
329 727
329 716
329 729
329 622
329 508
330 583
330 771
330 788
330 439
330 739
330 333
330 704
330 635
330 330
330 508
330 540
330 620
331 398
331 352
331 515
331 519
331 561
331 691
331 566
331 570
331 711
331 722
331 690
331 393
331 607
331 762
332 773
332 656
332 551
332 680
332 430
332 588
332 753
332 617
332 477
332 359
332 741
332 761
332 380
332 550
332 455
333 714
333 775
333 396
333 532
333 439
333 469
333 333
333 735
333 508
334 767
334 418
334 455
334 528
334 334
334 605
334 431
334 750
334 502
335 403
335 663
335 790
335 666
335 543
335 584
335 718
335 335
335 752
335 757
335 400
336 743
336 797
336 415
336 545
336 694
336 707
336 460
336 341
336 600
336 610
336 471
336 344
336 339
336 367
337 777
337 560
337 715
337 437
337 526
337 799
337 603
337 355
337 628
338 653
338 412
338 631
338 609
338 343
338 392
338 733
338 624
338 602
339 798
339 415
339 545
339 707
339 460
339 471
339 610
339 367
339 797
339 791
339 480
339 618
340 586
340 654
340 682
340 564
340 699
340 340
340 562
340 597
340 376
341 797
341 798
341 694
341 707
341 492
341 764
341 480
341 618
341 600
341 527
341 610
342 665
342 642
342 516
342 776
342 593
342 453
342 760
342 488
342 644
343 373
343 392
343 614
343 754
343 737
343 563
343 365
343 393
343 609
343 645
344 477
344 797
344 415
344 694
344 460
344 367
344 798
344 480
344 344
344 572
345 394
345 527
345 404
345 687
345 468
345 348
345 352
345 431
345 695
345 350
346 391
346 395
346 535
346 539
346 420
346 454
346 364
346 438
346 685
346 789
347 399
347 706
347 371
347 507
347 406
347 781
347 351
347 353
347 368
347 372
348 527
348 404
348 677
348 431
348 468
348 394
348 485
348 350
348 781
348 661
349 787
349 530
349 668
349 442
349 383
349 746
349 786
350 778
350 732
350 468
350 695
350 350
350 431
350 648
350 426
350 562
351 687
351 781
351 555
351 706
351 724
351 371
351 790
352 778
352 527
352 404
352 677
352 687
352 431
352 468
353 574
353 513
353 388
353 659
353 534
353 407
353 573
353 608
353 734
353 356
354 677
354 690
354 711
354 722
354 533
354 762
354 695
354 742
354 785
355 750
355 777
355 526
355 782
355 560
355 726
355 603
355 715
355 799
355 500
356 513
356 608
356 659
356 407
356 369
356 573
356 468
357 658
357 534
357 608
357 369
357 388
357 637
357 659
357 647
357 481
358 641
358 586
358 470
358 358
358 402
358 435
358 734
358 581
359 484
359 704
359 410
359 540
359 552
359 445
359 576
360 655
360 674
360 676
360 696
360 579
360 713
360 627
360 731
360 745
360 360
360 557
361 795
361 729
361 440
361 416
361 763
361 622
361 361
362 421
362 688
362 565
362 447
362 457
362 476
362 736
362 569
362 743
363 769
363 399
363 406
363 555
363 706
363 507
363 371
364 395
364 535
364 685
364 583
364 748
365 412
365 747
365 653
365 609
365 754
365 539
365 769
366 385
366 467
366 446
366 366
366 370
366 644
366 497
367 797
367 545
367 480
367 798
367 471
367 600
367 492
367 694
367 494
368 781
368 406
368 555
368 706
368 724
368 769
368 425
369 647
369 658
369 659
369 608
369 407
369 724
370 385
370 644
370 646
370 689
370 446
370 599
370 370
370 509
371 769
371 399
371 781
371 406
371 706
371 372
371 507
372 406
372 555
372 769
372 614
373 550
373 559
373 688
373 565
373 569
373 447
373 476
373 743
373 736
373 725
374 787
374 668
374 544
374 417
374 428
374 482
374 442
374 491
374 383
374 534
375 395
375 539
375 420
375 598
375 454
375 740
375 779
376 654
376 657
376 562
376 699
376 462
376 597
376 564
376 463
377 572
377 517
377 774
377 650
377 784
377 717
377 478
377 734
377 621
377 377
378 517
378 774
378 390
378 650
378 405
378 660
378 717
378 478
378 784
378 711
379 657
379 463
379 625
379 562
379 654
379 462
379 379
379 450
380 773
380 656
380 680
380 588
380 464
380 477
380 753
380 761
380 551
380 561
381 529
381 568
381 580
381 604
381 620
381 667
381 504
381 479
381 552
382 518
382 686
382 708
382 582
382 712
382 723
382 434
382 727
382 433
383 668
383 417
383 423
383 428
383 482
383 746
383 544
384 575
384 734
384 678
384 587
384 592
384 596
384 633
384 400
384 792
384 567
385 432
385 646
385 483
385 644
385 385
385 689
385 446
385 723
385 789
385 484
385 509
386 697
386 611
386 683
386 386
386 640
386 444
386 652
386 665
386 409
386 511
387 770
387 643
387 616
387 556
387 671
387 636
387 521
387 549
387 494
387 719
387 779
387 524
388 467
388 658
388 573
388 513
388 407
388 534
388 474
388 647
388 659
389 389
389 401
389 705
389 558
389 481
389 709
389 613
389 575
389 396
389 398
389 410
390 517
390 390
390 405
390 650
390 774
390 594
390 660
390 784
390 509
390 478
390 506
391 438
391 748
391 420
391 391
391 395
391 535
391 539
391 685
391 454
391 590
392 629
392 624
392 563
392 754
392 631
392 392
392 412
392 614
393 521
393 393
393 643
393 770
393 524
393 619
393 636
393 570
393 556
393 616
393 555
394 778
394 485
394 527
394 695
394 404
394 687
394 468
394 677
394 431
394 732
394 720
395 420
395 685
395 535
395 454
395 748
395 583
396 713
396 532
396 780
396 630
396 396
396 704
396 469
396 788
396 693
396 439
397 558
397 714
397 443
397 613
397 575
397 401
397 673
397 397
397 398
397 684
397 705
397 451
398 702
398 705
398 575
398 684
398 443
398 613
398 401
398 451
398 714
398 481
399 769
399 507
399 781
399 724
399 555
399 547
399 406
400 662
400 554
400 719
400 400
400 567
400 633
400 728
400 664
400 587
400 710
400 792
400 592
401 702
401 481
401 714
401 709
401 401
401 673
401 684
401 575
401 451
401 613
401 563
402 768
402 402
402 475
402 470
402 435
402 461
402 452
402 586
403 449
403 403
403 666
403 791
403 553
403 589
403 790
403 584
403 767
403 573
403 663
403 543
403 466
403 752
403 757
404 468
404 778
404 431
404 732
404 404
404 677
404 687
404 485
405 784
405 717
405 650
405 478
405 660
405 621
405 651
405 734
406 769
406 406
406 781
406 724
406 725
406 706
407 513
407 647
407 658
407 534
407 637
407 594
407 573
408 758
408 785
408 800
408 408
408 744
408 542
408 427
409 652
409 665
409 640
409 511
409 409
409 683
409 698
409 703
409 444
409 578
409 766
410 537
410 572
410 410
410 720
410 552
410 700
410 576
411 531
411 602
411 604
411 721
411 479
411 568
411 419
411 580
411 487
411 504
412 498
412 737
412 412
412 754
412 489
412 609
412 614
412 747
412 631
413 770
413 643
413 521
413 556
413 413
413 549
413 616
413 493
413 636
414 649
414 473
414 465
414 681
414 426
414 548
414 591
414 590
414 501
414 512
414 749
414 557
415 528
415 612
415 798
415 764
415 492
415 707
415 471
415 610
415 639
415 545
415 460
415 600
416 520
416 574
416 729
416 716
416 763
416 622
416 577
416 458
416 450
417 544
417 482
417 746
417 668
417 787
417 423
417 428
418 790
418 422
418 455
418 461
418 750
418 502
418 480
418 692
418 506
419 529
419 531
419 419
419 667
419 581
419 620
419 604
419 426
419 568
419 580
419 721
419 602
419 479
419 504
420 535
420 583
420 598
420 454
420 438
421 669
421 743
421 550
421 457
421 421
421 559
421 688
421 522
421 518
421 565
421 447
421 585
421 558
421 729
422 528
422 605
422 503
422 692
422 703
422 461
422 502
422 725
423 684
423 786
423 787
423 668
423 544
423 423
423 746
423 442
423 482
424 616
424 542
424 491
424 800
424 785
424 606
424 733
424 744
424 523
424 427
425 648
425 651
425 796
425 546
425 425
425 525
425 793
425 547
425 771
425 571
425 504
426 622
426 548
426 557
426 590
426 681
426 465
426 501
426 591
426 459
426 749
426 512
427 785
427 542
427 606
427 744
427 800
427 733
427 490
427 713
428 787
428 668
428 544
428 786
428 746
428 530
428 558
428 482
429 759
429 497
429 679
430 773
430 656
430 472
430 430
430 741
430 617
430 437
430 464
430 477
430 753
430 511
430 480
431 527
431 468
432 644
432 789
432 446
432 646
432 599
432 445
433 518
433 783
433 686
433 727
433 701
433 582
433 434
433 751
433 433
433 448
433 708
434 518
434 783
434 755
434 723
434 434
434 441
434 660
435 541
435 475
435 619
436 641
436 541
436 436
436 586
437 799
437 560
437 526
437 437
437 782
437 569
437 628
438 652
438 683
438 539
438 685
438 535
438 454
438 583
439 451
439 685
439 676
439 775
439 788
439 693
439 704
439 508
439 735
439 630
439 700
439 469
439 635
440 795
440 672
440 729
440 450
440 496
440 716
440 622
440 440
440 670
440 577
440 458
441 518
441 448
441 582
441 727
441 686
441 755
441 708
441 441
441 701
441 712
441 751
442 786
442 442
442 530
442 482
442 577
443 684
443 558
443 673
443 575
443 714
443 709
443 481
444 665
444 697
444 640
444 698
444 652
444 511
444 738
445 776
445 537
445 572
445 661
445 720
446 644
446 484
446 509
446 446
446 599
446 689
446 460
447 669
447 550
447 688
447 457
447 559
447 585
447 736
447 632
447 494
447 470
448 518
448 686
448 751
448 708
448 701
448 723
448 712
448 681
449 790
449 791
449 767
449 589
449 543
449 663
449 466
449 757
449 449
450 520
450 536
450 795
450 450
450 574
450 666
450 622
450 452
451 673
451 558
451 705
451 684
451 575
451 613
451 714
451 481
452 541
452 586
452 641
452 470
452 475
452 604
453 642
453 772
453 516
453 593
453 486
453 776
453 489
453 492
453 740
453 473
454 698
454 539
454 535
454 748
454 498
454 598
454 491
455 692
455 703
455 502
455 461
455 725
455 750
455 626
456 549
456 548
456 681
456 557
456 590
456 649
456 591
456 456
456 459
456 465
457 559
457 688
457 585
457 522
457 632
457 457
457 476
457 736
458 795
458 510
458 763
458 577
458 716
458 752
458 560
459 557
459 749
459 591
459 501
459 512
459 548
460 496
460 545
460 707
460 764
460 694
460 460
460 471
460 600
460 618
460 639
460 788
461 481
461 528
461 703
461 692
461 461
462 654
462 657
462 682
462 564
462 562
462 462
462 570
462 623
463 485
463 657
463 562
463 564
463 597
463 479
464 773
464 551
464 680
464 588
464 752
464 753
464 696
465 797
465 649
465 681
465 590
465 465
465 749
466 663
466 790
466 791
466 543
466 589
466 553
466 666
466 757
467 644
467 646
467 789
467 689
467 467
467 484
467 599
467 483
467 693
468 672
468 677
468 695
468 732
468 718
469 771
469 693
469 704
469 739
469 775
469 469
469 630
469 517
470 641
470 586
470 768
471 797
471 798
471 694
471 492
471 545
471 764
471 639
471 618
472 773
472 617
472 741
472 656
472 761
472 752
472 710
473 649
473 548
473 681
473 590
473 557
474 585
474 505
474 756
474 675
474 596
475 641
475 586
475 541
475 768
476 522
476 669
476 550
476 585
476 688
476 632
476 569
476 736
476 743
476 693
477 551
477 680
477 588
477 656
477 773
477 617
478 535
478 774
478 621
478 707
478 506
479 649
479 529
479 667
479 531
479 604
479 581
480 797
480 764
480 798
480 610
480 545
480 492
480 480
481 673
481 684
481 558
481 702
481 575
481 613
481 510
482 668
482 544
482 746
482 530
482 482
482 726
483 646
483 509
483 484
483 689
483 640
483 674
483 787
484 644
484 646
484 689
485 778
485 485
485 527
485 695
485 732
485 780
486 642
486 740
486 772
486 488
486 489
487 663
487 790
487 666
487 791
487 584
487 589
487 767
487 553
487 487
487 757
487 561
488 642
488 776
488 593
488 740
488 489
488 694
489 772
490 634
490 523
490 785
490 800
490 733
490 758
490 531
491 785
491 800
491 542
491 758
492 797
492 798
492 707
492 618
492 764
492 694
492 593
493 643
493 616
493 619
493 671
493 549
493 770
493 494
494 779
494 524
494 549
494 616
494 521
494 494
494 636
495 796
495 730
495 626
495 538
495 571
495 547
495 651
495 683
496 520
496 536
496 795
496 574
496 729
496 622
496 496
496 763
496 510
496 651
496 726
497 675
497 601
497 497
497 664
497 505
498 653
498 737
498 609
498 747
498 629
498 754
499 645
499 676
499 696
499 713
499 627
499 731
499 638
499 655
499 686
500 777
500 526
500 782
500 799
500 560
500 628
500 726
500 715
501 649
501 548
501 557
501 590
501 749
502 703
502 725
502 750
503 528
503 692
503 703
503 725
503 711
503 657
504 667
504 580
504 602
504 568
504 581
505 679
505 756
505 601
505 509
506 517
506 784
506 594
506 717
506 506
507 769
507 706
507 724
507 781
507 514
508 771
508 775
508 693
508 635
508 735
508 513
509 644
509 646
509 789
509 689
509 588
510 520
510 536
510 672
510 577
510 716
510 795
510 574
510 729
510 742
511 652
511 665
511 698
511 611
511 766
512 649
512 548
512 590
512 512
512 687
513 659
513 647
513 637
513 534
513 608
514 650
514 514
514 717
514 517
514 660
514 774
514 734
514 784
515 609
515 754
515 595
515 566
515 570
515 515
515 711
515 533
515 690
515 519
515 607
516 642
516 772
516 740
516 593
516 776
517 517
517 660
517 717
517 594
517 621
518 518
518 701
518 712
518 755
518 751
518 708
518 723
518 727
518 594
519 691
519 570
519 561
519 711
519 533
519 595
519 742
519 762
520 622
520 672
520 520
520 536
520 763
520 795
520 586
520 577
521 643
521 636
521 524
521 556
521 779
521 770
521 619
521 616
522 688
522 522
522 569
522 559
522 550
522 632
522 736
522 720
523 542
523 733
523 744
523 758
523 606
523 547
523 785
523 800
524 643
524 524
524 636
524 549
524 556
525 648
525 651
525 626
525 796
525 525
525 730
525 547
525 546
525 567
525 793
525 538
525 571
526 726
526 777
526 526
526 628
526 715
526 782
526 603
527 778
527 732
527 687
527 695
527 670
528 725
528 528
528 605
528 703
528 750
528 595
529 721
529 531
529 602
529 667
529 568
529 604
529 529
530 786
530 668
530 544
530 746
530 787
530 530
530 740
531 604
531 721
531 602
531 667
531 531
531 568
531 581
532 780
532 532
532 788
532 771
532 630
532 693
532 735
532 714
532 704
532 739
533 711
533 742
533 533
533 561
533 762
533 690
533 691
533 566
533 570
533 595
534 659
534 637
534 647
535 583
535 598
535 535
535 685
536 716
536 672
536 574
536 763
536 536
536 758
536 795
536 729
537 661
537 576
537 572
537 540
537 552
537 794
537 634
538 730
538 547
538 538
538 571
538 626
538 546
539 539
539 685
539 747
539 628
540 661
540 794
540 572
540 700
540 552
540 720
540 678
541 641
541 609
542 545
542 785
542 800
543 680
543 790
543 791
543 553
543 584
543 757
543 752
544 786
544 787
544 544
545 798
545 639
545 600
545 707
545 764
545 618
546 648
546 793
546 730
546 546
546 547
546 571
547 648
547 651
547 730
547 547
547 626
548 588
548 649
548 749
548 778
548 681
548 591
549 627
549 770
549 671
549 619
549 779
549 556
549 636
550 669
550 743
550 565
550 688
551 773
551 656
551 680
551 753
551 551
551 588
551 761
552 794
552 661
552 576
552 552
552 634
553 663
553 790
553 791
553 666
553 589
553 553
553 769
554 662
554 678
554 738
554 554
554 567
554 719
554 744
554 728
555 769
555 781
555 555
556 643
556 779
556 556
556 616
556 619
557 590
557 557
557 591
558 705
558 575
558 702
558 613
558 614
558 708
559 585
559 669
559 559
559 736
559 758
559 565
559 569
560 777
560 628
560 726
560 715
560 560
560 760
560 603
561 607
561 762
561 691
561 566
562 700
562 654
562 682
562 562
562 597
562 625
562 564
563 675
563 653
563 563
563 629
563 624
563 737
563 614
563 631
564 654
564 657
564 623
564 699
564 682
565 669
565 688
565 585
565 743
565 569
565 645
566 611
566 690
566 691
566 570
566 595
566 722
566 607
566 762
567 662
567 792
567 738
567 710
567 678
567 664
567 592
567 607
567 719
568 602
568 765
568 580
569 669
569 688
569 632
569 743
570 570
570 629
570 722
570 607
570 742
570 658
571 796
572 601
572 661
572 720
572 576
572 634
573 778
573 655
573 647
573 685
574 672
574 574
574 795
574 763
574 622
575 673
575 575
575 714
576 794
576 700
576 720
576 634
577 672
577 622
577 763
577 795
577 729
578 652
578 665
578 683
578 697
578 698
579 655
579 696
579 579
579 638
579 670
579 765
579 645
579 676
579 707
579 731
579 612
579 745
580 721
580 667
580 620
580 581
581 667
581 721
581 581
582 783
582 701
582 686
582 582
582 723
582 727
583 748
583 598
583 685
584 663
584 790
584 767
584 584
584 718
584 589
585 632
585 585
585 743
585 794
585 760
586 768
587 662
587 792
587 678
587 710
587 633
587 728
588 761
588 741
589 666
589 752
589 663
590 681
590 649
591 649
591 771
592 662
592 664
592 719
592 710
592 738
592 592
592 633
592 788
592 596
593 772
593 776
593 740
593 642
594 668
594 650
594 621
595 691
595 711
595 595
595 690
595 607
595 742
596 710
596 662
596 738
596 719
596 792
596 633
596 728
597 654
597 699
597 657
597 682
597 625
597 623
598 685
598 670
598 748
598 777
599 644
599 689
599 789
599 748
600 798
600 707
600 610
600 764
600 639
601 675
601 679
601 759
602 620
602 604
603 777
603 782
603 715
603 760
604 667
604 721
604 620
605 692
605 703
605 725
605 605
605 713
605 750
606 733
606 606
606 800
607 690
607 711
607 762
608 686
608 647
608 659
608 637
608 705
609 737
609 653
609 747
609 754
609 614
609 629
610 798
610 694
610 707
610 639
610 764
610 797
610 618
611 652
611 697
611 698
611 683
611 615
611 640
611 766
611 659
612 645
612 655
612 670
612 676
612 696
612 745
612 731
613 673
613 684
613 709
614 653
614 629
614 631
614 747
614 754
614 695
615 652
615 665
615 683
615 615
616 770
616 671
616 636
616 619
617 680
617 617
617 773
617 753
618 797
618 798
618 694
619 770
619 643
619 671
619 779
619 636
620 667
620 721
621 699
621 621
621 774
621 715
622 795
622 716
622 729
622 763
623 629
623 657
623 682
623 623
624 653
624 737
624 747
624 629
624 631
625 654
625 682
625 699
625 625
625 689
626 651
626 730
626 796
627 713
627 765
627 655
627 674
627 670
627 645
627 638
628 777
628 760
628 628
629 653
629 754
629 762
630 771
630 775
630 704
630 780
630 722
630 662
631 653
631 737
631 631
632 736
632 743
632 783
633 664
633 719
633 678
634 634
634 794
635 739
635 735
635 780
635 771
635 718
637 659
637 658
637 637
638 645
638 676
638 745
638 765
638 696
639 797
639 694
639 764
639 707
640 683
640 697
640 766
640 652
640 640
641 768
641 641
641 720
642 740
642 776
643 770
643 671
644 644
644 789
644 689
645 723
645 676
645 713
645 731
645 655
645 674
645 696
646 646
646 789
647 658
647 647
648 730
648 651
648 648
648 793
649 681
649 649
650 774
650 650
650 660
650 734
650 784
651 793
651 730
651 796
652 683
652 766
652 698
652 652
652 697
653 754
653 747
654 682
655 670
655 676
655 765
655 696
655 674
655 713
655 731
656 773
656 741
656 753
657 682
657 657
658 659
660 774
660 784
660 717
660 734
661 748
661 661
662 728
662 738
662 719
662 664
662 678
663 663
663 718
663 752
663 757
663 791
663 768
664 800
664 728
664 710
664 664
664 678
664 738
665 698
665 683
665 766
665 697
665 789
666 767
666 790
666 666
666 718
666 752
667 673
667 721
667 667
668 786
668 787
669 736
669 669
669 799
669 694
670 670
670 765
670 745
670 731
670 793
671 770
671 671
672 716
672 672
673 702
673 705
673 684
673 709
674 676
674 765
674 713
675 675
675 679
675 772
676 713
676 731
676 745
676 696
677 778
677 732
677 719
678 792
678 738
678 678
678 710
678 728
679 679
679 756
679 759
679 680
680 773
680 761
681 681
682 702
682 682
683 683
683 766
684 702
684 705
684 684
684 709
685 748
685 685
685 770
686 783
686 686
686 712
686 751
686 701
686 708
686 723
686 727
686 755
687 778
687 687
687 732
687 695
688 736
688 717
689 789
690 722
690 742
691 742
691 691
691 711
691 722
692 725
692 750
692 703
692 711
693 771
693 775
693 780
693 788
693 735
694 694
694 764
695 778
695 695
696 745
696 731
697 766
697 697
698 698
699 699
700 794
700 700
700 720
701 708
701 712
701 723
702 714
702 709
703 784
704 771
704 780
704 739
704 775
704 758
705 709
705 705
706 781
706 769
706 724
707 798
707 707
708 708
708 751
709 714
710 792
710 719
711 742
712 783
712 755
712 729
712 723
712 751
715 737
715 751
715 777
715 782
715 799
715 715
715 760
716 795
716 763
717 774
717 784
717 734
717 717
718 718
718 767
718 791
718 757
719 738
719 728
720 794
722 742
723 751
723 727
723 755
724 769
724 724
726 799
726 760
726 782
727 783
727 727
728 792
729 798
730 796
730 730
731 745
732 778
732 741
733 785
733 733
734 734
735 775
735 780
735 788
735 739
737 737
737 747
737 754
738 792
739 775
739 780
739 788
739 771
740 776
741 773
742 762
744 785
744 744
745 757
745 765
746 787
749 789
751 783
751 755
752 791
752 757
753 773
753 767
755 783
755 755
755 764
756 756
757 790
757 757
758 785
758 758
760 799
761 773
763 795
764 798
767 791
767 767
769 769
769 781
770 779
771 771
771 788
771 775
771 780
772 776
773 773
774 784
775 780
775 775
775 788
777 799
777 782
778 778
779 779
780 780
780 788
782 782
782 799
783 783
785 785
786 787
787 787
788 788
789 789
790 790
790 791
791 791
792 792
793 793
793 796
794 794
795 795
797 797
799 799
