800 9334
1 385
1 642
1 409
1 714
1 616
1 14
1 141
1 766
1 615
1 641
1 1
1 750
1 206
1 625
1 652
1 190
1 147
1 115
1 568
1 187
1 327
1 605
1 138
2 149
2 731
2 243
2 120
2 256
2 773
2 691
2 289
2 225
2 260
2 408
2 213
2 364
2 122
2 46
2 758
2 555
2 628
2 669
2 360
2 275
2 176
2 85
2 356
2 760
2 192
2 579
3 769
3 387
3 534
3 3
3 293
3 479
3 692
3 183
3 543
3 366
3 763
3 55
3 740
3 684
3 352
3 18
3 248
3 187
3 355
3 25
3 683
3 464
3 81
4 308
4 376
4 70
4 284
4 349
4 434
4 478
4 524
4 172
4 425
4 286
4 4
4 715
4 690
4 114
4 38
4 710
4 511
4 54
4 5
4 397
4 780
4 41
4 430
4 460
4 499
4 634
5 361
5 48
5 588
5 349
5 38
5 5
5 430
5 478
5 460
5 284
5 172
5 715
5 397
5 41
5 710
5 780
5 498
5 591
5 134
5 524
5 542
5 425
5 690
5 70
5 499
6 155
6 613
6 579
6 711
6 506
6 751
6 358
6 552
6 549
6 380
6 428
6 441
6 163
6 106
6 377
6 300
6 305
6 79
6 439
6 385
6 148
6 557
6 470
6 732
7 472
7 783
7 261
7 248
7 235
7 386
7 130
7 786
7 303
7 410
7 159
7 695
7 201
7 797
7 667
7 390
7 326
7 772
7 94
7 311
7 648
7 403
7 20
7 584
7 202
7 239
8 48
8 302
8 131
8 35
8 146
8 701
8 158
8 234
8 110
8 228
8 369
8 128
8 241
8 36
8 8
8 606
8 90
8 364
8 710
8 310
8 208
8 340
8 471
8 343
8 745
8 223
9 89
9 672
9 709
9 612
9 459
9 717
9 37
9 88
9 9
9 197
9 96
9 553
9 575
9 232
9 693
9 639
9 224
9 67
9 476
9 283
9 418
9 419
9 420
9 205
9 680
9 665
9 520
9 642
10 589
10 408
10 10
10 727
10 493
10 166
10 609
10 799
10 139
10 338
10 699
10 165
10 320
10 26
10 370
10 680
10 98
10 626
10 782
10 533
10 431
10 453
10 658
10 342
10 344
10 463
11 137
11 596
11 779
11 270
11 729
11 466
11 574
11 156
11 412
11 475
11 75
11 154
11 31
11 66
11 505
11 532
11 77
11 481
11 689
11 200
11 280
11 65
11 580
11 764
11 611
12 259
12 228
12 677
12 212
12 127
12 719
12 415
12 708
12 573
12 69
12 12
12 614
12 315
12 368
12 670
12 238
12 198
12 680
12 484
12 417
12 182
12 696
12 486
12 105
12 371
12 13
12 777
13 208
13 316
13 624
13 13
13 325
13 562
13 703
13 492
13 782
13 748
13 497
13 476
13 498
13 143
13 50
13 288
13 588
13 15
13 145
13 660
13 707
13 590
13 101
14 78
14 642
14 523
14 652
14 190
14 298
14 206
14 409
14 14
14 766
14 798
14 147
14 714
14 641
14 187
14 615
14 107
14 646
14 327
14 230
14 616
15 318
15 472
15 68
15 258
15 162
15 251
15 167
15 125
15 650
15 246
15 760
15 753
15 376
15 792
15 546
15 765
15 21
15 636
15 577
15 124
15 278
15 335
15 219
15 670
16 243
16 528
16 76
16 389
16 777
16 267
16 494
16 382
16 116
16 347
16 94
16 645
16 785
16 42
16 233
16 540
16 265
16 548
16 662
16 473
16 400
16 170
16 223
17 40
17 209
17 262
17 521
17 655
17 307
17 357
17 17
17 734
17 237
17 457
17 354
17 375
17 620
17 332
17 737
17 142
17 386
17 533
17 19
17 22
17 794
17 744
17 619
17 500
17 629
17 250
17 676
18 355
18 246
18 769
18 387
18 293
18 767
18 25
18 692
18 683
18 366
18 352
18 763
18 254
18 452
18 534
18 479
18 341
18 57
18 297
18 183
18 55
18 582
18 464
18 177
18 732
19 224
19 262
19 521
19 142
19 734
19 744
19 655
19 629
19 620
19 207
19 357
19 307
19 237
19 332
19 19
19 457
19 534
19 634
19 794
19 637
19 274
20 386
20 772
20 130
20 786
20 326
20 239
20 648
20 84
20 759
20 604
20 695
20 570
20 303
20 667
20 202
20 159
20 797
20 430
20 473
20 410
20 561
20 111
21 373
21 47
21 344
21 258
21 515
21 650
21 268
21 787
21 125
21 335
21 503
21 21
21 636
21 246
21 219
21 376
21 275
21 540
21 278
21 162
21 34
21 167
21 765
22 262
22 142
22 655
22 629
22 307
22 237
22 76
22 457
22 744
22 375
22 332
22 637
22 207
22 22
22 500
22 521
22 527
22 654
22 734
22 737
22 354
22 357
22 620
23 776
23 649
23 520
23 653
23 253
23 586
23 423
23 511
23 537
23 396
23 411
23 490
23 302
23 756
23 227
23 222
23 28
23 374
23 455
23 48
23 666
23 456
23 600
23 626
24 406
24 301
24 716
24 723
24 217
24 458
24 724
24 196
24 118
24 564
24 621
24 668
24 762
24 355
24 108
24 40
24 489
24 444
24 555
24 684
24 686
24 181
24 104
25 164
25 662
25 135
25 769
25 387
25 534
25 183
25 341
25 763
25 683
25 254
25 293
25 692
25 740
25 479
25 684
25 103
25 264
25 543
25 582
25 464
25 248
25 767
25 265
26 139
26 533
26 119
26 431
26 166
26 48
26 189
26 493
26 26
26 698
26 330
26 338
26 320
26 372
26 609
26 447
26 521
26 122
26 165
26 680
26 699
26 453
26 727
26 98
26 370
26 327
26 212
27 253
27 148
27 579
27 711
27 441
27 106
27 358
27 377
27 305
27 557
27 751
27 552
27 27
27 613
27 163
27 664
27 79
27 360
27 103
27 549
27 300
27 732
28 776
28 649
28 394
28 663
28 537
28 666
28 411
28 222
28 653
28 302
28 511
28 423
28 600
28 456
28 626
28 28
28 549
28 635
28 227
28 490
29 135
29 136
29 522
29 775
29 796
29 161
29 60
29 644
29 193
29 331
29 252
29 199
29 607
29 342
29 344
29 755
29 29
29 619
29 255
29 706
29 712
29 472
29 742
29 495
29 703
29 91
30 132
30 646
30 527
30 657
30 405
30 795
30 43
30 509
30 516
30 726
30 250
30 679
30 112
30 518
30 30
30 730
30 240
30 117
30 353
30 203
30 102
30 645
31 270
31 532
31 280
31 154
31 156
31 574
31 454
31 779
31 733
31 505
31 580
31 65
31 77
31 66
31 137
31 75
31 729
31 385
31 333
31 466
31 475
31 266
31 155
32 277
32 662
32 152
32 538
32 294
32 32
32 78
32 603
32 665
32 560
32 768
32 297
32 47
32 445
32 749
32 539
32 204
32 45
32 677
33 575
33 389
33 777
33 265
33 785
33 400
33 540
33 94
33 347
33 42
33 784
33 645
33 608
33 382
33 233
33 548
33 267
33 170
33 783
33 509
34 277
34 449
34 258
34 515
34 650
34 268
34 787
34 546
34 278
34 167
34 125
34 636
34 760
34 376
34 162
34 792
34 246
34 287
34 170
34 335
34 251
35 433
35 146
35 36
35 158
35 110
35 563
35 228
35 35
35 131
35 90
35 606
35 80
35 414
35 471
35 587
35 241
35 602
35 459
35 310
35 701
35 208
35 745
35 369
36 601
36 301
36 131
36 701
36 234
36 563
36 110
36 340
36 343
36 745
36 606
36 414
36 80
36 128
36 310
36 158
36 760
36 696
36 587
36 208
36 241
36 614
37 550
37 283
37 672
37 419
37 420
37 334
37 88
37 693
37 224
37 210
37 575
37 639
37 96
37 37
37 717
37 418
37 257
37 587
37 553
37 709
37 197
37 459
37 205
37 612
37 232
37 342
37 348
37 155
38 688
38 397
38 780
38 284
38 542
38 715
38 434
38 460
38 710
38 430
38 499
38 425
38 70
38 41
38 690
38 134
38 420
38 112
38 172
39 530
39 793
39 287
39 550
39 95
39 285
39 186
39 107
39 169
39 484
39 236
39 577
39 39
39 361
39 308
39 151
39 160
39 656
39 309
39 682
39 173
40 373
40 129
40 406
40 668
40 762
40 355
40 301
40 291
40 181
40 458
40 723
40 108
40 716
40 196
40 40
40 444
40 780
40 686
40 564
40 724
40 217
40 104
40 621
40 118
40 493
40 556
41 134
41 524
41 284
41 425
41 690
41 780
41 478
41 634
41 715
41 349
41 460
41 172
41 434
41 114
41 286
41 699
41 74
41 430
41 710
42 379
42 625
42 696
42 710
42 557
42 389
42 645
42 265
42 785
42 784
42 494
42 382
42 540
42 42
42 233
42 510
42 464
42 81
42 608
43 558
43 571
43 514
43 132
43 646
43 527
43 657
43 405
43 790
43 795
43 679
43 516
43 726
43 43
43 240
43 255
43 115
43 704
43 721
43 102
43 112
43 504
43 509
44 620
44 401
44 273
44 407
44 791
44 541
44 427
44 49
44 67
44 328
44 109
44 63
44 336
44 44
44 249
44 598
44 126
44 514
44 298
44 438
44 337
44 728
44 218
44 346
45 226
45 729
45 259
45 276
45 789
45 535
45 544
45 545
45 510
45 333
45 348
45 124
45 689
45 178
45 123
45 220
45 436
45 430
45 409
45 702
45 483
45 741
45 231
46 275
46 408
46 289
46 705
46 122
46 225
46 731
46 149
46 243
46 364
46 260
46 356
46 758
46 468
46 85
46 176
46 256
46 647
46 782
46 691
46 82
46 511
47 659
47 770
47 277
47 152
47 665
47 538
47 539
47 294
47 297
47 455
47 204
47 560
47 768
47 617
47 78
47 603
47 662
47 306
47 445
47 591
47 749
47 761
47 284
48 139
48 533
48 799
48 165
48 166
48 447
48 338
48 699
48 372
48 98
48 320
48 680
48 431
48 119
48 453
48 609
48 727
48 698
48 189
48 330
48 370
48 770
48 286
49 264
49 292
49 252
49 791
49 676
49 427
49 337
49 336
49 126
49 598
49 346
49 438
49 273
49 501
49 218
49 109
49 541
49 763
49 120
49 728
49 91
50 145
50 660
50 562
50 463
50 782
50 624
50 707
50 101
50 492
50 288
50 143
50 64
50 748
50 381
50 316
50 588
50 50
50 264
50 703
50 476
50 497
50 498
50 470
51 515
51 778
51 395
51 402
51 150
51 422
51 432
51 585
51 274
51 800
51 602
51 480
51 363
51 482
51 746
51 51
51 329
51 763
51 603
51 52
51 312
51 512
52 778
52 402
52 800
52 432
52 177
52 192
52 746
52 568
52 482
52 215
52 480
52 121
52 52
52 585
52 422
52 363
52 510
52 244
52 312
52 329
53 138
53 670
53 417
53 238
53 610
53 198
53 696
53 371
53 415
53 53
53 59
53 486
53 182
53 368
53 69
53 315
53 105
53 204
53 72
53 573
53 708
53 719
53 614
54 264
54 272
54 281
54 675
54 421
54 383
54 739
54 451
54 54
54 92
54 517
54 242
54 378
54 292
54 571
54 488
54 393
54 137
54 119
54 57
54 448
54 367
54 430
55 630
55 769
55 387
55 543
55 293
55 684
55 452
55 55
55 464
55 692
55 341
55 683
55 352
55 767
55 254
55 419
55 384
55 582
55 479
55 366
55 622
56 236
56 781
56 528
56 554
56 306
56 179
56 757
56 362
56 449
56 117
56 718
56 581
56 56
56 633
56 654
56 322
56 446
56 741
56 288
56 68
56 74
56 87
56 241
56 238
57 517
57 393
57 525
57 281
57 292
57 421
57 681
57 383
57 739
57 299
57 448
57 488
57 57
57 599
57 272
57 264
57 425
57 125
57 92
57 367
57 242
57 378
57 536
57 792
58 553
58 269
58 153
58 290
58 674
58 426
58 556
58 311
58 440
58 697
58 743
58 461
58 100
58 747
58 572
58 71
58 647
58 578
58 115
58 224
58 720
58 487
58 316
58 109
59 138
59 670
59 417
59 182
59 315
59 238
59 105
59 244
59 486
59 371
59 610
59 69
59 212
59 127
59 59
59 573
59 348
59 152
59 719
59 492
59 637
60 226
60 644
60 775
60 429
60 135
60 193
60 472
60 331
60 252
60 136
60 161
60 706
60 344
60 342
60 712
60 60
60 412
60 315
60 742
60 495
60 755
60 124
60 74
60 616
61 580
61 701
61 257
61 774
61 266
61 677
61 313
61 442
61 86
61 99
61 115
61 209
61 345
61 200
61 622
61 263
61 651
61 140
61 434
61 463
61 235
62 643
62 144
62 788
62 673
62 164
62 168
62 685
62 175
62 180
62 188
62 700
62 688
62 133
62 638
62 319
62 185
62 62
62 663
62 780
62 589
62 465
62 211
62 89
62 442
63 448
63 406
63 523
63 772
63 791
63 541
63 676
63 309
63 249
63 427
63 218
63 728
63 91
63 67
63 328
63 63
63 799
63 191
64 166
64 725
64 663
64 143
64 288
64 703
64 707
64 782
64 660
64 623
64 381
64 64
64 316
64 748
64 588
64 325
64 776
64 283
64 590
64 101
65 137
65 779
65 270
65 156
65 574
65 764
65 729
65 154
65 733
65 596
65 66
65 412
65 532
65 466
65 475
65 77
65 725
65 734
65 580
65 75
65 505
65 189
65 617
65 427
66 621
66 779
66 270
66 532
66 280
66 154
66 412
66 156
66 574
66 596
66 729
66 466
66 764
66 580
66 454
66 361
66 787
66 77
66 733
66 653
66 765
66 269
67 146
67 132
67 401
67 273
67 407
67 791
67 541
67 309
67 598
67 336
67 249
67 126
67 218
67 427
67 328
67 604
67 265
67 501
68 781
68 654
68 554
68 179
68 446
68 449
68 194
68 633
68 757
68 528
68 74
68 87
68 322
68 103
68 551
68 595
68 581
68 682
68 718
68 362
68 177
69 138
69 415
69 417
69 573
69 69
69 105
69 244
69 315
69 212
69 670
69 486
69 708
69 198
69 368
69 94
69 735
69 238
70 272
70 764
70 134
70 524
70 397
70 284
70 542
70 286
70 690
70 434
70 114
70 425
70 70
70 710
70 787
70 265
70 349
70 478
70 499
71 416
71 252
71 647
71 269
71 529
71 153
71 426
71 556
71 311
71 569
71 697
71 191
71 578
71 440
71 496
71 71
71 365
71 332
71 100
71 743
71 487
71 237
71 377
72 531
72 282
72 416
72 547
72 558
72 559
72 433
72 321
72 491
72 247
72 576
72 72
72 671
72 318
72 93
72 473
72 388
72 279
72 744
72 713
72 339
72 350
72 735
72 373
72 351
73 717
73 389
73 519
73 391
73 271
73 678
73 295
73 435
73 439
73 704
73 384
73 611
73 174
73 594
73 443
73 597
73 513
73 314
73 497
73 275
73 474
73 635
74 261
74 654
74 528
74 306
74 446
74 322
74 581
74 194
74 103
74 781
74 718
74 449
74 117
74 87
74 595
74 757
74 539
74 633
75 779
75 270
75 154
75 412
75 156
75 574
75 454
75 764
75 137
75 580
75 532
75 729
75 75
75 596
75 229
75 202
75 77
75 466
75 481
75 505
75 446
75 605
75 415
76 142
76 307
76 457
76 375
76 637
76 76
76 620
76 737
76 237
76 207
76 262
76 619
76 734
76 332
76 500
76 357
76 664
76 354
77 245
77 779
77 270
77 532
77 412
77 156
77 574
77 580
77 454
77 77
77 505
77 764
77 312
77 570
77 596
77 733
77 481
78 681
78 555
78 770
78 277
78 662
78 152
78 665
78 538
78 539
78 294
78 297
78 591
78 603
78 379
78 204
78 768
78 786
78 761
78 208
78 428
79 163
79 552
79 428
79 300
79 557
79 441
79 579
79 305
79 79
79 549
79 751
79 377
79 155
79 358
79 148
79 273
79 466
79 470
79 106
80 727
80 437
80 131
80 563
80 310
80 587
80 80
80 471
80 701
80 606
80 414
80 340
80 90
80 241
80 110
80 597
80 695
80 343
80 228
80 745
80 128
80 486
81 547
81 139
81 265
81 267
81 400
81 540
81 494
81 507
81 645
81 233
81 81
81 785
81 389
81 170
81 223
81 382
81 402
81 347
81 94
82 630
82 771
82 658
82 536
82 157
82 669
82 296
82 171
82 565
82 437
82 566
82 659
82 725
82 82
82 738
82 736
82 526
82 538
82 216
82 477
82 618
82 632
82 647
83 643
83 144
83 673
83 164
83 168
83 175
83 688
83 180
83 188
83 319
83 465
83 589
83 752
83 685
83 83
83 211
83 133
83 346
83 555
83 245
83 526
84 318
84 712
84 123
84 763
84 569
84 386
84 390
84 648
84 786
84 410
84 667
84 797
84 561
84 201
84 202
84 772
84 570
84 505
84 187
84 239
84 759
84 170
84 407
85 260
85 773
85 275
85 149
85 408
85 555
85 176
85 705
85 213
85 364
85 85
85 691
85 356
85 731
85 468
85 142
85 650
85 225
85 120
85 122
85 539
86 767
86 257
86 263
86 266
86 398
86 399
86 661
86 677
86 442
86 200
86 722
86 622
86 140
86 99
86 651
86 323
86 774
86 551
86 282
86 345
86 780
86 163
87 261
87 781
87 654
87 528
87 551
87 567
87 446
87 449
87 322
87 718
87 194
87 581
87 87
87 179
87 670
87 573
87 757
87 633
87 726
88 283
88 672
88 420
88 553
88 575
88 709
88 197
88 88
88 205
88 232
88 210
88 96
88 612
88 717
88 224
88 209
88 767
88 639
88 691
88 230
89 643
89 133
89 144
89 673
89 168
89 685
89 180
89 188
89 700
89 319
89 638
89 185
89 688
89 89
89 465
89 788
89 184
89 245
89 279
89 440
90 522
90 131
90 146
90 158
90 414
90 310
90 701
90 587
90 340
90 343
90 563
90 90
90 745
90 369
90 632
90 581
90 606
90 241
90 443
91 186
91 273
91 407
91 541
91 676
91 427
91 309
91 336
91 728
91 126
91 346
91 438
91 501
91 328
91 91
91 367
91 249
92 393
92 272
92 281
92 421
92 299
92 571
92 448
92 451
92 292
92 517
92 599
92 367
92 378
92 242
92 640
92 488
92 107
92 641
92 739
92 561
92 620
92 500
93 531
93 416
93 558
93 687
93 433
93 318
93 576
93 713
93 601
93 373
93 735
93 247
93 282
93 491
93 671
93 350
93 388
93 659
93 372
93 694
94 241
94 389
94 645
94 777
94 265
94 267
94 785
94 400
94 784
94 170
94 404
94 548
94 608
94 667
94 188
94 382
95 421
95 530
95 279
95 285
95 287
95 160
95 550
95 169
95 682
95 308
95 577
95 304
95 485
95 186
95 107
95 95
95 333
95 496
95 484
95 236
95 505
95 701
95 737
95 404
96 283
96 672
96 418
96 419
96 693
96 184
96 709
96 717
96 210
96 226
96 553
96 197
96 205
96 96
96 356
96 764
96 639
96 508
97 259
97 783
97 276
97 535
97 413
97 545
97 333
97 436
97 702
97 124
97 462
97 178
97 348
97 627
97 220
97 97
97 123
97 236
97 755
97 483
97 325
97 588
97 218
98 139
98 799
98 680
98 698
98 699
98 189
98 320
98 453
98 338
98 609
98 165
98 533
98 119
98 372
98 447
98 143
98 603
99 257
99 263
99 266
99 399
99 677
99 442
99 200
99 722
99 345
99 235
99 774
99 140
99 754
99 508
99 661
99 323
99 787
99 767
99 622
99 115
99 223
100 738
100 269
100 529
100 290
100 426
100 556
100 311
100 440
100 697
100 572
100 578
100 720
100 569
100 191
100 324
100 153
100 306
100 149
100 747
101 782
101 145
101 660
101 562
101 707
101 325
101 463
101 476
101 492
101 497
101 143
101 316
101 590
101 748
101 624
101 736
101 238
102 748
102 132
102 527
102 405
102 790
102 795
102 730
102 516
102 721
102 102
102 726
102 255
102 424
102 509
102 112
102 564
102 262
102 504
103 261
103 781
103 528
103 551
103 567
103 322
103 194
103 581
103 595
103 757
103 446
103 362
103 103
103 633
103 449
103 374
103 499
104 129
104 406
104 668
104 291
104 301
104 686
104 564
104 444
104 458
104 716
104 217
104 502
104 181
104 724
104 118
104 621
104 567
104 795
104 489
104 108
104 717
105 570
105 138
105 182
105 696
105 198
105 719
105 610
105 368
105 105
105 670
105 708
105 486
105 417
105 780
105 521
105 238
105 371
105 244
105 127
106 148
106 664
106 155
106 163
106 549
106 300
106 305
106 579
106 732
106 358
106 557
106 613
106 552
106 428
106 751
106 196
106 687
107 685
107 530
107 279
107 151
107 793
107 285
107 173
107 304
107 577
107 467
107 484
107 229
107 361
107 236
107 169
107 314
107 555
107 254
107 656
108 406
108 291
108 301
108 564
108 181
108 458
108 723
108 724
108 355
108 489
108 686
108 762
108 621
108 716
108 502
108 367
108 712
108 118
108 709
109 467
109 560
109 424
109 401
109 273
109 407
109 791
109 438
109 328
109 336
109 337
109 728
109 126
109 541
109 109
109 509
110 131
110 414
110 563
110 701
110 340
110 471
110 343
110 228
110 146
110 208
110 587
110 310
110 110
110 474
110 429
110 369
110 524
111 513
111 519
111 656
111 678
111 295
111 694
111 439
111 314
111 443
111 583
111 594
111 474
111 365
111 611
111 704
111 111
111 435
111 143
111 635
112 195
112 514
112 132
112 646
112 518
112 527
112 790
112 795
112 424
112 721
112 726
112 240
112 112
112 679
112 693
112 643
112 504
112 250
113 609
113 515
113 650
113 335
113 760
113 753
113 503
113 113
113 125
113 787
113 246
113 636
113 258
113 268
113 167
113 376
113 251
113 486
113 478
113 357
114 741
114 582
114 524
114 397
114 284
114 542
114 286
114 172
114 430
114 690
114 460
114 349
114 478
114 710
114 780
114 244
114 324
115 550
115 454
115 392
115 293
115 266
115 651
115 398
115 313
115 442
115 323
115 754
115 140
115 677
115 209
115 704
115 621
116 632
116 655
116 737
116 215
116 389
116 265
116 267
116 400
116 784
116 404
116 170
116 347
116 223
116 608
116 233
116 494
116 785
116 212
116 183
116 507
117 261
117 528
117 551
117 306
117 179
117 567
117 322
117 194
117 581
117 362
117 117
117 633
117 449
117 446
117 554
117 605
117 565
117 238
117 785
117 347
118 668
118 291
118 301
118 686
118 564
118 458
118 355
118 489
118 502
118 129
118 716
118 724
118 762
118 406
118 678
118 169
118 231
119 175
119 705
119 139
119 533
119 799
119 166
119 698
119 699
119 189
119 320
119 453
119 330
119 372
119 165
119 577
119 524
119 563
119 795
119 552
120 304
120 260
120 275
120 149
120 289
120 705
120 468
120 213
120 364
120 628
120 758
120 122
120 256
120 356
120 243
120 731
120 172
120 580
120 250
121 202
121 778
121 274
121 402
121 422
121 177
121 568
121 312
121 192
121 329
121 592
121 746
121 480
121 432
121 482
121 602
121 512
121 783
121 195
121 441
122 260
122 773
122 275
122 408
122 289
122 555
122 691
122 705
122 213
122 364
122 243
122 758
122 731
122 356
122 627
122 376
122 256
122 431
122 209
123 259
123 783
123 789
123 413
123 544
123 545
123 436
123 702
123 483
123 741
123 231
123 220
123 689
123 124
123 535
123 462
123 667
123 510
124 783
124 276
124 789
124 544
124 545
124 689
124 178
124 436
124 702
124 462
124 483
124 741
124 627
124 220
124 348
124 496
125 197
125 462
125 258
125 515
125 787
125 278
125 792
125 546
125 167
125 219
125 760
125 246
125 268
125 753
125 169
125 420
125 503
125 251
125 765
125 141
126 525
126 718
126 401
126 273
126 791
126 541
126 309
126 438
126 598
126 218
126 346
126 427
126 328
126 150
126 246
127 687
127 768
127 138
127 670
127 708
127 486
127 238
127 614
127 415
127 368
127 182
127 371
127 719
127 610
127 696
127 521
127 681
128 146
128 158
128 414
128 563
128 310
128 701
128 587
128 208
128 369
128 241
128 128
128 471
128 343
128 340
128 603
128 620
128 140
128 262
129 723
129 724
129 291
129 502
129 444
129 196
129 458
129 406
129 668
129 716
129 762
129 686
129 129
129 489
129 621
129 544
129 784
129 564
129 205
129 167
130 297
130 386
130 130
130 667
130 695
130 403
130 584
130 410
130 772
130 239
130 570
130 202
130 759
130 648
130 201
130 597
130 156
130 390
130 797
130 159
130 303
130 326
130 604
130 509
131 241
131 343
131 158
131 587
131 701
131 745
131 563
131 310
131 606
131 369
131 146
131 228
131 414
131 556
131 221
131 208
132 514
132 516
132 646
132 730
132 240
132 527
132 726
132 132
132 679
132 657
132 509
132 795
132 250
132 444
132 424
132 255
133 245
133 465
133 788
133 630
133 688
133 319
133 673
133 700
133 144
133 180
133 168
133 133
133 185
133 188
133 685
133 175
133 193
133 300
133 164
133 211
133 638
133 681
133 537
133 253
134 136
134 534
134 397
134 425
134 478
134 430
134 634
134 286
134 349
134 172
134 134
134 460
134 542
134 284
134 600
134 797
134 780
134 434
134 710
135 321
135 644
135 252
135 796
135 199
135 161
135 607
135 495
135 712
135 193
135 429
135 344
135 706
135 775
135 755
135 359
135 342
135 469
135 136
135 331
135 158
136 644
136 331
136 712
136 161
136 359
136 607
136 342
136 706
136 392
136 755
136 796
136 775
136 344
136 429
136 522
136 742
136 449
136 199
136 495
136 252
136 719
137 412
137 779
137 475
137 137
137 764
137 481
137 574
137 156
137 280
137 596
137 466
137 733
137 154
137 729
137 623
137 652
137 270
137 532
137 608
138 211
138 787
138 371
138 670
138 182
138 696
138 198
138 610
138 138
138 368
138 486
138 719
138 570
138 415
138 417
138 573
138 614
139 139
139 165
139 320
139 189
139 727
139 431
139 680
139 330
139 533
139 493
139 609
139 338
139 742
139 166
139 699
139 447
139 370
139 372
139 538
140 555
140 632
140 774
140 266
140 651
140 677
140 263
140 140
140 754
140 345
140 200
140 398
140 313
140 508
140 209
140 722
140 323
140 683
140 442
140 235
141 674
141 385
141 642
141 798
141 615
141 616
141 409
141 141
141 523
141 714
141 652
141 190
141 631
141 750
141 187
141 147
141 604
141 298
141 327
141 625
141 766
142 695
142 521
142 207
142 744
142 794
142 332
142 262
142 737
142 307
142 354
142 375
142 637
142 655
142 142
142 660
142 357
142 619
142 500
142 694
143 227
143 782
143 748
143 707
143 590
143 703
143 476
143 316
143 660
143 498
143 492
143 588
143 624
143 463
143 562
143 766
143 554
143 145
143 325
143 623
143 497
144 788
144 465
144 638
144 752
144 188
144 144
144 164
144 688
144 673
144 685
144 211
144 700
144 589
144 596
144 226
144 168
144 175
144 185
144 319
145 498
145 703
145 782
145 463
145 623
145 325
145 316
145 748
145 624
145 660
145 476
145 288
145 707
145 588
145 152
145 792
145 562
145 590
145 492
145 513
146 160
146 596
146 479
146 310
146 241
146 606
146 343
146 234
146 158
146 228
146 414
146 340
146 471
146 689
146 701
146 587
146 208
146 439
147 385
147 642
147 641
147 523
147 652
147 766
147 714
147 230
147 750
147 190
147 625
147 298
147 616
147 206
147 615
147 422
147 623
147 409
147 798
147 187
147 327
147 605
147 631
147 482
148 579
148 613
148 552
148 305
148 549
148 300
148 358
148 470
148 148
148 380
148 711
148 506
148 557
148 428
148 490
148 157
148 664
148 155
148 441
149 260
149 773
149 275
149 468
149 408
149 213
149 149
149 691
149 176
149 225
149 289
149 356
149 705
149 758
149 436
149 397
149 555
149 364
149 243
149 256
150 413
150 778
150 395
150 402
150 482
150 363
150 746
150 150
150 592
150 312
150 215
150 800
150 568
150 422
150 192
150 274
150 598
150 712
150 177
150 585
150 329
150 480
150 711
151 530
151 151
151 195
151 229
151 160
151 285
151 186
151 361
151 550
151 682
151 484
151 287
151 279
151 304
151 485
151 467
151 317
151 351
151 169
151 308
152 770
152 277
152 455
152 749
152 768
152 761
152 152
152 539
152 204
152 538
152 603
152 617
152 560
152 591
152 572
152 366
152 294
152 445
152 360
152 579
153 459
153 647
153 569
153 290
153 578
153 191
153 747
153 440
153 720
153 311
153 269
153 743
153 487
153 496
153 556
153 153
153 516
153 207
154 779
154 270
154 532
154 280
154 475
154 764
154 454
154 729
154 154
154 596
154 505
154 466
154 275
154 317
154 412
154 733
154 481
155 664
155 552
155 549
155 380
155 732
155 305
155 300
155 470
155 557
155 506
155 155
155 163
155 613
155 428
156 169
156 779
156 532
156 280
156 412
156 454
156 156
156 574
156 580
156 505
156 480
156 555
156 466
156 729
156 475
156 733
156 481
156 708
156 678
157 788
157 658
157 736
157 526
157 593
157 171
157 214
157 216
157 477
157 659
157 725
157 351
157 565
157 669
157 536
157 632
157 317
157 395
157 711
157 353
158 180
158 260
158 369
158 208
158 343
158 228
158 606
158 471
158 701
158 745
158 414
158 234
158 241
158 597
158 563
158 587
158 340
158 759
158 548
159 272
159 772
159 390
159 648
159 403
159 667
159 797
159 604
159 570
159 786
159 303
159 561
159 326
159 584
159 759
159 292
159 241
159 239
159 397
160 282
160 285
160 287
160 577
160 484
160 173
160 793
160 304
160 530
160 682
160 186
160 308
160 236
160 195
160 361
160 467
160 525
160 550
160 169
160 485
160 229
160 334
160 340
161 392
161 522
161 775
161 796
161 193
161 706
161 331
161 607
161 199
161 495
161 429
161 359
161 755
161 344
161 342
161 508
161 734
161 472
161 742
161 311
162 484
162 210
162 258
162 515
162 650
162 792
162 765
162 167
162 251
162 376
162 162
162 278
162 760
162 335
162 246
162 561
162 444
162 546
162 219
162 753
162 503
163 284
163 441
163 732
163 163
163 549
163 552
163 664
163 579
163 506
163 428
163 380
163 305
163 193
163 300
163 557
163 711
163 470
163 613
163 377
164 643
164 788
164 673
164 168
164 700
164 465
164 589
164 164
164 752
164 175
164 688
164 630
164 245
164 591
164 180
164 185
164 188
164 211
165 533
165 372
165 799
165 330
165 370
165 727
165 493
165 166
165 609
165 165
165 698
165 699
165 431
165 293
165 194
165 680
165 320
165 437
165 538
166 533
166 338
166 447
166 189
166 609
166 698
166 370
166 680
166 493
166 453
166 727
166 372
166 679
166 431
166 699
167 268
167 787
167 278
167 792
167 546
167 251
167 636
167 167
167 765
167 335
167 760
167 515
167 453
167 753
167 503
167 435
168 643
168 673
168 188
168 185
168 700
168 589
168 688
168 630
168 465
168 685
168 245
168 752
168 518
168 740
168 175
168 180
168 319
168 211
168 707
169 279
169 793
169 186
169 285
169 308
169 287
169 530
169 236
169 195
169 484
169 485
169 173
169 169
169 200
169 304
169 229
169 667
169 384
170 288
170 405
170 777
170 267
170 400
170 404
170 548
170 784
170 382
170 347
170 608
170 389
170 265
170 494
170 202
170 223
170 507
171 771
171 658
171 659
171 669
171 736
171 536
171 437
171 296
171 351
171 216
171 618
171 526
171 593
171 566
171 565
171 632
171 287
171 414
171 725
171 214
171 353
171 637
172 319
172 797
172 524
172 397
172 780
172 284
172 425
172 715
172 710
172 478
172 690
172 687
172 529
172 430
172 434
172 499
173 530
173 279
173 285
173 287
173 550
173 173
173 485
173 229
173 195
173 236
173 577
173 484
173 467
173 177
173 320
173 304
173 361
174 225
174 513
174 519
174 391
174 271
174 656
174 678
174 295
174 704
174 474
174 611
174 439
174 174
174 583
174 635
174 469
174 435
174 620
174 496
174 694
174 443
174 384
175 788
175 673
175 319
175 175
175 465
175 188
175 589
175 638
175 752
175 630
175 185
175 712
175 688
175 700
175 211
175 793
175 753
176 260
176 408
176 289
176 256
176 275
176 555
176 176
176 356
176 628
176 468
176 758
176 364
176 225
176 734
176 467
176 691
176 731
177 453
177 720
177 778
177 395
177 274
177 432
177 482
177 480
177 592
177 422
177 312
177 192
177 177
177 568
177 746
177 363
177 400
178 659
178 783
178 276
178 789
178 535
178 259
178 702
178 741
178 413
178 220
178 689
178 545
178 544
178 510
178 333
178 483
178 253
178 260
178 436
178 462
178 348
178 231
179 758
179 654
179 551
179 554
179 449
179 581
179 179
179 595
179 757
179 194
179 718
179 781
179 322
179 446
179 397
179 678
179 707
179 428
180 643
180 788
180 685
180 688
180 465
180 185
180 752
180 245
180 188
180 211
180 630
180 700
180 794
180 319
180 589
180 638
180 549
180 233
181 406
181 668
181 291
181 301
181 686
181 564
181 217
181 444
181 181
181 723
181 355
181 762
181 724
181 489
181 236
181 653
181 458
181 621
181 502
182 633
182 670
182 198
182 212
182 610
182 244
182 182
182 719
182 417
182 371
182 486
182 415
182 479
182 538
182 696
182 315
182 238
182 597
183 700
183 769
183 543
183 293
183 683
183 684
183 692
183 534
183 387
183 366
183 479
183 254
183 452
183 582
183 352
183 224
183 343
183 740
183 767
183 457
183 800
183 602
184 283
184 672
184 418
184 419
184 553
184 224
184 226
184 420
184 205
184 197
184 639
184 334
184 693
184 210
184 575
184 612
184 335
184 484
184 459
184 396
184 527
185 788
185 688
185 700
185 245
185 211
185 752
185 643
185 673
185 589
185 630
185 638
185 685
185 223
185 702
185 319
186 713
186 279
186 793
186 285
186 550
186 308
186 304
186 195
186 530
186 467
186 287
186 485
186 682
186 577
186 537
186 236
186 575
186 699
187 642
187 641
187 409
187 298
187 625
187 631
187 230
187 206
187 190
187 798
187 616
187 605
187 327
187 651
187 391
187 714
187 751
188 788
188 688
188 752
188 638
188 643
188 188
188 673
188 211
188 220
188 712
188 700
188 319
188 589
188 245
188 630
188 256
188 278
188 363
189 799
189 680
189 370
189 330
189 447
189 338
189 533
189 727
189 493
189 189
189 453
189 348
189 609
189 337
189 598
190 566
190 385
190 642
190 641
190 652
190 798
190 298
190 409
190 523
190 631
190 230
190 750
190 625
190 713
190 280
190 327
190 615
191 455
191 269
191 529
191 290
191 556
191 311
191 697
191 572
191 578
191 487
191 747
191 191
191 426
191 647
191 461
191 193
191 591
191 324
191 496
192 567
192 341
192 778
192 395
192 274
192 402
192 432
192 568
192 482
192 215
192 585
192 592
192 800
192 363
192 551
192 329
192 480
193 576
193 644
193 392
193 522
193 775
193 429
193 495
193 796
193 607
193 193
193 706
193 742
193 421
193 294
193 199
193 755
193 333
193 763
193 425
194 621
194 533
194 445
194 261
194 781
194 654
194 528
194 551
194 554
194 306
194 449
194 322
194 581
194 633
194 434
194 243
194 608
194 598
195 279
195 793
195 550
195 304
195 308
195 287
195 682
195 577
195 195
195 361
195 285
195 236
195 317
195 484
196 406
196 668
196 291
196 686
196 564
196 301
196 716
196 444
196 217
196 355
196 502
196 458
196 621
196 762
196 723
196 691
196 203
196 382
197 283
197 418
197 420
197 693
197 709
197 459
197 334
197 575
197 717
197 205
197 224
197 226
197 210
197 419
197 277
197 612
197 232
197 639
197 422
197 312
198 415
198 417
198 696
198 315
198 708
198 198
198 670
198 238
198 614
198 610
198 371
198 592
198 691
198 719
198 212
198 244
198 504
199 644
199 392
199 775
199 796
199 429
199 755
199 712
199 199
199 706
199 344
199 359
199 522
199 277
199 258
199 331
199 342
199 607
199 742
199 497
199 657
200 257
200 774
200 651
200 399
200 442
200 345
200 754
200 209
200 622
200 200
200 263
200 529
200 666
200 508
201 394
201 386
201 772
201 390
201 648
201 786
201 403
201 410
201 797
201 584
201 604
201 303
201 667
201 239
201 201
201 607
201 759
202 743
202 587
202 386
202 772
202 390
202 786
202 403
202 667
202 797
202 570
202 326
202 584
202 604
202 280
202 239
203 294
203 516
203 518
203 795
203 424
203 203
203 255
203 730
203 726
203 405
203 646
203 240
203 509
203 504
203 790
203 638
203 304
203 721
204 638
204 770
204 662
204 539
204 297
204 560
204 294
204 277
204 591
204 455
204 617
204 768
204 204
204 360
204 519
204 338
204 221
204 749
205 283
205 418
205 420
205 553
205 575
205 717
205 210
205 232
205 459
205 639
205 226
205 419
205 672
205 205
205 224
205 782
206 385
206 642
206 641
206 523
206 652
206 409
206 298
206 766
206 714
206 206
206 615
206 230
206 625
206 462
206 657
206 616
206 631
207 262
207 307
207 332
207 637
207 521
207 237
207 744
207 500
207 794
207 737
207 375
207 655
207 629
207 619
207 316
207 354
207 474
208 414
208 563
208 310
208 701
208 587
208 241
208 343
208 228
208 471
208 234
208 340
208 606
208 642
209 245
209 257
209 774
209 263
209 398
209 399
209 661
209 677
209 313
209 651
209 345
209 754
209 722
209 442
209 508
210 283
210 672
210 419
210 693
210 575
210 709
210 459
210 717
210 639
210 420
210 232
210 334
210 224
210 705
210 760
211 643
211 788
211 700
211 630
211 685
211 688
211 319
211 589
211 752
211 262
212 473
212 222
212 670
212 415
212 315
212 708
212 212
212 238
212 486
212 719
212 244
212 614
212 369
212 610
212 371
213 260
213 289
213 691
213 705
213 468
213 243
213 364
213 256
213 773
213 356
213 225
213 408
213 213
213 494
213 731
213 523
214 771
214 526
214 658
214 659
214 669
214 296
214 317
214 593
214 725
214 536
214 566
214 736
214 216
214 437
214 632
214 738
214 428
214 347
214 351
214 353
214 414
215 274
215 402
215 422
215 432
215 592
215 329
215 800
215 746
215 363
215 778
215 215
215 482
215 602
215 480
215 596
216 526
216 658
216 659
216 536
216 669
216 565
216 296
216 353
216 437
216 477
216 216
216 566
216 725
216 277
216 408
216 738
216 632
216 797
216 679
216 424
217 406
217 668
217 686
217 564
217 444
217 716
217 723
217 291
217 355
217 301
217 502
217 762
217 217
217 500
217 390
218 786
218 734
218 401
218 273
218 407
218 791
218 541
218 309
218 337
218 728
218 218
218 676
218 610
218 501
218 249
219 258
219 515
219 268
219 278
219 792
219 753
219 335
219 760
219 219
219 246
219 503
219 650
219 787
219 261
219 356
219 376
219 251
219 765
219 314
220 259
220 783
220 789
220 413
220 545
220 462
220 348
220 544
220 510
220 627
220 333
220 276
220 702
220 535
220 483
220 457
220 246
220 741
220 231
221 770
221 662
221 538
221 294
221 445
221 455
221 591
221 297
221 768
221 665
221 761
221 277
221 560
221 221
221 603
221 617
221 248
221 354
221 749
221 500
221 690
222 481
222 649
222 394
222 520
222 396
222 653
222 663
222 537
222 666
222 411
222 456
222 586
222 227
222 776
222 511
222 600
222 567
222 490
222 626
222 756
222 253
223 228
223 645
223 265
223 267
223 785
223 784
223 404
223 548
223 347
223 494
223 608
223 507
223 382
224 283
224 418
224 420
224 553
224 693
224 334
224 224
224 575
224 419
224 639
224 631
224 226
224 612
224 232
224 729
225 260
225 773
225 275
225 731
225 691
225 289
225 758
225 555
225 364
225 628
225 468
225 225
225 256
226 672
226 419
226 553
226 693
226 709
226 459
226 717
226 226
226 232
226 283
226 575
226 612
227 243
227 776
227 520
227 666
227 411
227 423
227 600
227 649
227 490
227 253
227 626
227 227
227 537
227 374
227 657
227 756
227 511
227 286
228 372
228 563
228 701
228 340
228 471
228 343
228 310
228 234
228 606
228 745
229 530
229 279
229 285
229 550
229 682
229 304
229 308
229 577
229 484
229 485
229 287
229 229
229 466
229 627
229 361
230 385
230 641
230 523
230 652
230 798
230 605
230 766
230 298
230 750
230 230
230 615
230 642
230 376
230 590
231 783
231 276
231 535
231 544
231 545
231 689
231 348
231 789
231 231
231 627
231 413
231 259
231 462
231 351
231 510
231 325
231 255
232 283
232 418
232 420
232 575
232 709
232 717
232 612
232 639
232 459
232 334
232 647
232 425
232 697
232 518
233 645
233 777
233 267
233 785
233 400
233 784
233 404
233 608
233 382
233 389
233 548
233 540
233 494
233 290
233 507
234 493
234 563
234 310
234 701
234 587
234 340
234 471
234 745
234 369
234 606
234 234
234 472
234 523
234 439
235 266
235 398
235 399
235 677
235 313
235 323
235 722
235 774
235 345
235 442
235 754
235 622
235 651
235 235
235 377
235 480
236 530
236 285
236 287
236 682
236 577
236 467
236 485
236 361
236 484
236 550
236 392
237 655
237 794
237 734
237 354
237 357
237 744
237 620
237 500
237 521
237 629
237 262
237 237
237 796
237 637
237 507
238 706
238 415
238 696
238 708
238 610
238 486
238 670
238 244
238 417
238 368
239 631
239 386
239 772
239 390
239 648
239 786
239 561
239 410
239 303
239 326
239 239
239 358
239 592
239 613
240 514
240 516
240 657
240 405
240 679
240 424
240 509
240 646
240 726
240 240
240 518
240 790
240 716
240 279
240 504
240 250
240 784
241 414
241 563
241 310
241 587
241 340
241 606
241 369
241 471
241 641
241 635
242 517
242 264
242 393
242 525
242 272
242 675
242 292
242 681
242 299
242 739
242 367
242 599
242 378
242 242
242 769
242 426
242 640
243 260
243 773
243 408
243 289
243 555
243 691
243 356
243 364
243 256
243 468
243 243
243 705
243 529
244 522
244 290
244 415
244 417
244 696
244 573
244 708
244 719
244 610
244 614
244 315
244 326
244 507
245 643
245 685
245 688
245 589
245 465
245 638
245 788
245 245
245 752
245 630
245 412
245 641
246 638
246 258
246 650
246 787
246 278
246 792
246 546
246 753
246 268
246 765
246 336
246 376
246 636
246 751
247 388
247 282
247 671
247 547
247 558
247 559
247 687
247 433
247 450
247 473
247 601
247 735
247 491
247 373
247 576
247 318
247 633
247 427
247 560
247 583
248 331
248 792
248 769
248 387
248 543
248 293
248 683
248 684
248 582
248 479
248 740
248 692
248 763
248 248
248 552
248 747
248 369
249 540
249 273
249 407
249 791
249 541
249 676
249 438
249 328
249 337
249 598
249 401
249 336
249 501
249 486
249 345
250 687
250 485
250 514
250 516
250 527
250 405
250 424
250 726
250 730
250 504
250 795
250 646
250 679
250 657
250 255
251 258
251 268
251 278
251 546
251 760
251 376
251 335
251 636
251 792
251 765
251 787
251 263
251 379
251 767
251 255
252 644
252 775
252 796
252 429
252 712
252 331
252 344
252 607
252 252
252 392
252 522
252 495
252 706
252 615
252 384
253 429
253 520
253 396
253 653
253 663
253 666
253 423
253 302
253 600
253 490
253 756
253 586
253 649
253 776
253 511
254 543
254 683
254 684
254 452
254 464
254 763
254 366
254 352
254 582
254 534
254 387
254 769
254 740
254 341
254 414
255 693
255 514
255 516
255 646
255 657
255 790
255 795
255 424
255 721
255 730
255 504
255 527
256 260
256 773
256 275
256 408
256 705
256 468
256 628
256 731
256 356
256 295
256 436
256 460
257 661
257 508
257 266
257 263
257 323
257 622
257 313
257 754
257 257
257 398
257 442
257 315
257 705
257 774
257 651
257 399
257 677
257 678
258 650
258 278
258 765
258 335
258 376
258 792
258 515
258 760
258 546
258 685
258 362
258 268
258 787
258 753
258 503
259 741
259 789
259 510
259 483
259 544
259 413
259 702
259 783
259 535
259 462
259 259
259 276
259 545
259 713
259 689
259 333
259 787
260 705
260 758
260 468
260 289
260 691
260 731
260 275
260 628
260 281
260 773
260 356
261 595
261 718
261 633
261 551
261 322
261 261
261 581
261 757
261 654
261 567
261 528
261 446
261 538
261 781
261 554
261 306
261 449
262 457
262 307
262 655
262 354
262 629
262 357
262 332
262 737
262 637
262 619
262 262
262 734
262 675
262 521
262 794
262 744
263 682
263 577
263 459
263 702
263 263
263 398
263 313
263 651
263 677
263 345
263 622
263 661
263 763
263 783
263 266
263 442
264 517
264 571
264 281
264 675
264 272
264 599
264 640
264 292
264 488
264 264
264 739
264 367
264 383
264 299
264 525
264 713
264 421
264 681
264 471
265 389
265 404
265 777
265 347
265 785
265 400
265 548
265 267
265 494
265 540
265 507
265 653
265 608
266 327
266 774
266 399
266 754
266 722
266 661
266 313
266 323
266 508
266 398
266 285
266 345
267 347
267 267
267 784
267 548
267 540
267 494
267 507
267 389
267 404
267 594
267 484
267 785
267 400
268 515
268 650
268 765
268 546
268 376
268 335
268 760
268 753
268 268
268 278
268 792
268 479
268 297
268 503
268 636
269 647
269 747
269 743
269 556
269 290
269 269
269 440
269 578
269 324
269 674
269 426
269 720
269 529
269 730
269 569
269 697
269 572
269 487
270 693
270 779
270 764
270 580
270 454
270 596
270 475
270 466
270 270
270 676
270 566
270 532
270 280
270 574
270 729
270 733
270 481
270 505
270 399
271 758
271 391
271 594
271 635
271 597
271 611
271 314
271 469
271 656
271 513
271 384
271 435
271 704
271 365
271 519
271 678
271 436
271 646
271 694
271 443
272 517
272 393
272 525
272 448
272 272
272 739
272 421
272 681
272 488
272 292
272 281
272 640
272 383
272 299
272 571
272 599
273 565
273 581
273 401
273 273
273 309
273 541
273 598
273 728
273 427
273 604
273 454
273 407
273 676
273 336
273 337
273 501
273 597
274 720
274 395
274 585
274 432
274 312
274 274
274 800
274 480
274 482
274 329
274 592
274 402
274 602
274 338
274 363
275 773
275 364
275 731
275 691
275 555
275 705
275 758
275 408
275 651
275 398
275 289
275 468
275 356
275 628
275 604
276 627
276 333
276 544
276 276
276 348
276 535
276 783
276 702
276 789
276 510
276 545
276 533
276 664
276 689
276 741
277 450
277 628
277 770
277 761
277 617
277 768
277 662
277 297
277 445
277 455
277 603
277 379
277 624
277 538
277 560
277 360
278 447
278 515
278 335
278 650
278 376
278 760
278 787
278 278
278 551
278 546
279 287
279 308
279 682
279 550
279 304
279 279
279 577
279 467
279 484
279 501
279 793
279 285
279 485
279 361
280 779
280 532
280 505
280 481
280 466
280 764
280 475
280 580
280 412
280 574
280 454
280 790
280 616
280 568
281 517
281 525
281 571
281 383
281 675
281 451
281 421
281 292
281 378
281 367
281 448
281 640
281 599
281 795
281 377
281 681
281 299
281 736
281 543
282 531
282 416
282 321
282 318
282 687
282 350
282 735
282 559
282 339
282 388
282 450
282 601
282 547
282 433
282 373
282 282
282 671
282 576
282 713
282 577
283 321
283 553
283 418
283 709
283 693
283 419
283 420
283 459
283 580
283 566
283 575
283 717
284 397
284 780
284 710
284 478
284 434
284 524
284 286
284 542
284 715
284 460
284 430
284 349
284 499
284 634
285 530
285 682
285 304
285 467
285 485
285 361
285 308
285 793
285 285
285 547
285 287
285 550
285 577
286 702
286 397
286 542
286 286
286 710
286 715
286 434
286 460
286 524
286 425
286 349
286 634
286 499
286 594
287 599
287 682
287 577
287 530
287 304
287 308
287 550
287 485
287 287
287 424
287 301
287 467
287 289
287 443
288 782
288 660
288 590
288 498
288 624
288 748
288 588
288 288
288 325
288 497
288 476
288 562
288 623
288 376
288 316
288 703
288 463
288 492
289 705
289 408
289 731
289 555
289 628
289 289
289 691
289 550
289 468
289 758
289 371
290 529
290 569
290 556
290 572
290 426
290 461
290 743
290 496
290 647
290 747
290 578
290 487
290 324
290 443
290 311
290 697
290 720
290 512
290 594
291 668
291 355
291 489
291 444
291 724
291 301
291 291
291 564
291 723
291 621
291 762
291 787
291 456
291 686
291 716
291 502
291 503
291 309
292 517
292 393
292 525
292 488
292 292
292 299
292 681
292 640
292 571
292 675
292 599
292 739
292 431
292 421
292 448
292 451
292 426
293 534
293 543
293 683
293 763
293 479
293 352
293 387
293 767
293 464
293 582
293 452
293 675
293 692
293 341
293 740
293 366
294 662
294 665
294 603
294 761
294 294
294 591
294 297
294 749
294 360
294 768
294 539
294 445
294 703
295 385
295 513
295 391
295 694
295 704
295 435
295 594
295 678
295 365
295 469
295 384
295 443
295 635
295 314
295 495
295 566
295 583
295 474
296 589
296 771
296 526
296 658
296 659
296 669
296 351
296 566
296 738
296 736
296 477
296 593
296 725
296 632
296 317
296 437
296 605
296 753
296 565
296 353
296 742
297 770
297 662
297 665
297 539
297 761
297 591
297 768
297 455
297 749
297 617
297 379
297 297
297 771
297 560
297 445
297 360
297 644
297 756
297 498
298 662
298 520
298 642
298 523
298 409
298 798
298 714
298 766
298 327
298 615
298 298
298 477
298 769
298 616
298 625
298 631
298 400
299 517
299 525
299 675
299 681
299 367
299 299
299 571
299 378
299 448
299 451
299 421
299 310
299 458
299 739
299 383
299 468
299 650
300 552
300 428
300 613
300 557
300 305
300 380
300 506
300 711
300 579
300 732
300 454
300 625
300 751
301 406
301 668
301 444
301 723
301 621
301 502
301 724
301 458
301 301
301 798
301 564
301 489
302 394
302 520
302 653
302 663
302 666
302 411
302 626
302 586
302 456
302 756
302 302
302 776
302 396
302 511
302 339
302 461
302 492
302 457
302 365
303 386
303 772
303 390
303 648
303 786
303 403
303 410
303 667
303 797
303 570
303 561
303 584
303 604
303 695
303 697
303 704
303 794
304 530
304 793
304 308
304 304
304 467
304 485
304 682
304 666
304 484
304 796
304 348
304 442
305 671
305 664
305 428
305 557
305 549
305 579
305 377
305 380
305 711
305 470
305 305
305 478
305 732
305 613
305 358
306 467
306 669
306 781
306 528
306 551
306 554
306 654
306 362
306 322
306 595
306 581
306 449
306 696
306 424
306 757
306 514
307 367
307 794
307 734
307 332
307 307
307 619
307 655
307 521
307 629
307 620
307 596
307 458
307 737
307 500
307 375
308 530
308 793
308 550
308 682
308 467
308 485
308 484
308 431
308 361
308 502
308 429
308 417
309 506
309 407
309 328
309 541
309 401
309 728
309 337
309 598
309 336
309 438
309 501
309 661
310 563
310 745
310 471
310 587
310 343
310 701
310 743
310 330
310 340
311 674
311 556
311 647
311 440
311 496
311 720
311 324
311 578
311 529
311 461
311 487
311 697
311 367
311 569
311 747
312 444
312 743
312 402
312 800
312 422
312 568
312 432
312 778
312 512
312 480
312 363
312 460
312 585
312 329
312 482
312 746
313 774
313 651
313 398
313 399
313 677
313 508
313 442
313 754
313 661
313 622
313 645
313 550
313 323
314 750
314 513
314 519
314 439
314 583
314 384
314 597
314 594
314 635
314 611
314 443
314 391
314 365
314 474
314 664
314 704
315 477
315 322
315 670
315 417
315 696
315 708
315 371
315 415
315 315
315 663
315 556
315 610
315 486
315 368
315 349
316 735
316 409
316 562
316 782
316 381
316 498
316 590
316 624
316 623
316 476
316 588
316 316
316 326
316 707
316 325
316 463
316 748
316 497
316 800
317 658
317 669
317 317
317 736
317 351
317 566
317 526
317 536
317 725
317 618
317 771
317 661
317 339
317 477
318 388
318 531
318 671
318 558
318 559
318 687
318 433
318 576
318 735
318 321
318 373
318 713
318 473
318 350
318 416
318 339
318 450
318 319
319 643
319 685
319 673
319 638
319 788
319 465
319 688
319 700
319 752
319 545
319 335
319 614
320 799
320 680
320 698
320 447
320 699
320 330
320 453
320 493
320 370
320 533
320 512
320 503
320 727
320 609
321 388
321 416
321 547
321 558
321 576
321 450
321 491
321 350
321 735
321 559
321 601
321 339
321 671
321 687
321 373
321 473
322 654
322 528
322 554
322 567
322 449
322 446
322 551
322 757
322 633
322 518
322 595
323 724
323 774
323 651
323 399
323 661
323 442
323 508
323 345
323 398
323 722
323 323
323 689
323 512
324 607
324 647
324 529
324 674
324 556
324 440
324 569
324 697
324 572
324 747
324 720
324 743
324 487
324 496
324 400
324 376
324 461
324 552
325 782
325 703
325 381
325 707
325 588
325 562
325 624
325 748
325 325
325 476
325 590
325 492
326 488
326 745
326 390
326 648
326 403
326 410
326 561
326 326
326 759
326 584
326 772
326 797
326 457
326 458
326 604
327 642
327 641
327 652
327 327
327 385
327 798
327 766
327 714
327 523
327 750
327 605
327 616
327 625
327 631
328 353
328 591
328 379
328 483
328 335
328 332
328 401
328 541
328 676
328 427
328 336
328 328
328 476
328 598
328 728
328 501
329 370
329 778
329 800
329 422
329 568
329 585
329 480
329 592
329 432
329 402
329 602
329 336
329 642
329 482
329 512
330 533
330 799
330 431
330 698
330 699
330 493
330 338
330 453
330 370
330 447
330 609
330 405
330 531
330 372
331 738
331 644
331 775
331 796
331 712
331 344
331 522
331 392
331 472
331 607
331 342
331 351
331 495
331 365
332 387
332 521
332 655
332 354
332 744
332 332
332 457
332 629
332 619
332 602
332 357
332 500
332 637
333 783
333 535
333 413
333 545
333 436
333 348
333 627
333 741
333 789
333 702
333 462
333 358
334 418
334 419
334 420
334 693
334 575
334 709
334 459
334 717
334 672
334 334
334 553
334 612
334 639
334 785
334 477
334 452
335 511
335 787
335 792
335 765
335 335
335 753
335 376
335 503
336 605
336 521
336 407
336 791
336 676
336 427
336 438
336 336
336 406
336 346
337 766
337 401
337 407
337 791
337 676
337 438
337 728
337 346
337 598
337 501
337 427
337 373
338 716
338 364
338 533
338 799
338 680
338 698
338 699
338 447
338 453
338 372
338 644
338 503
338 727
339 388
339 531
339 671
339 416
339 687
339 576
339 713
339 433
339 339
339 558
339 373
339 491
339 350
339 689
339 602
339 735
340 414
340 701
340 343
340 606
340 369
340 587
340 708
341 706
341 769
341 387
341 683
341 684
341 692
341 452
341 582
341 479
341 341
341 767
341 740
341 464
341 628
341 366
341 763
342 603
342 644
342 392
342 429
342 706
342 359
342 495
342 712
342 344
342 472
342 796
342 755
343 414
343 563
343 471
343 745
343 369
343 540
343 373
344 522
344 796
344 429
344 344
344 706
344 644
344 742
344 775
344 472
344 607
344 359
344 495
345 796
345 684
345 399
345 661
345 677
345 442
345 651
345 345
345 679
345 365
345 622
346 600
346 623
346 401
346 407
346 791
346 676
346 427
346 438
346 598
346 728
346 346
346 420
346 637
347 499
347 557
347 389
347 645
347 785
347 784
347 548
347 382
347 494
347 522
347 608
347 507
348 640
348 420
348 783
348 789
348 535
348 413
348 544
348 545
348 436
348 462
348 741
348 627
348 483
348 757
349 749
349 524
349 397
349 780
349 542
349 425
349 690
349 460
349 478
349 430
349 729
350 531
350 671
350 416
350 559
350 687
350 576
350 450
350 473
350 601
350 547
350 558
350 433
350 603
350 361
350 735
350 491
350 373
351 574
351 771
351 526
351 536
351 669
351 565
351 437
351 566
351 593
351 477
351 658
351 736
351 553
351 738
351 539
351 375
352 769
352 387
352 534
352 684
352 692
352 452
352 582
352 464
352 767
352 683
352 366
352 352
352 554
352 748
353 526
353 658
353 536
353 669
353 565
353 437
353 566
353 593
353 477
353 618
353 738
353 736
353 353
353 604
354 403
354 521
354 655
354 737
354 354
354 619
354 734
354 629
354 776
354 645
354 744
354 375
354 637
354 585
355 406
355 686
355 458
355 716
355 723
355 724
355 668
355 489
355 621
355 355
355 762
356 773
356 555
356 468
356 731
356 691
356 705
356 628
356 356
356 681
356 423
357 502
357 521
357 655
357 457
357 737
357 375
357 629
357 637
357 734
357 357
357 744
357 620
357 500
358 664
358 549
358 552
358 428
358 441
358 732
358 613
358 557
358 711
358 380
358 506
358 716
358 692
358 751
359 644
359 392
359 522
359 796
359 706
359 472
359 607
359 742
359 495
359 712
359 429
359 359
359 764
360 505
360 662
360 665
360 538
360 445
360 455
360 379
360 749
360 761
360 360
360 591
360 485
360 433
360 362
360 769
360 655
361 530
361 793
361 550
361 682
361 467
361 484
361 485
361 393
362 517
362 755
362 781
362 654
362 528
362 551
362 446
362 581
362 567
362 554
362 362
362 633
362 510
362 757
363 432
363 568
363 585
363 592
363 363
363 602
363 480
363 422
363 778
363 441
363 512
363 519
364 691
364 705
364 468
364 758
364 773
364 408
364 628
364 646
364 554
364 790
364 728
365 465
365 513
365 519
365 678
365 435
365 694
365 583
365 594
365 469
365 439
365 384
365 391
365 597
366 543
366 683
366 692
366 452
366 464
366 684
366 387
366 479
366 763
366 769
366 689
366 427
367 735
367 393
367 675
367 681
367 448
367 599
367 488
367 383
367 421
367 640
367 451
367 603
367 470
368 415
368 417
368 696
368 573
368 708
368 719
368 614
368 486
368 371
368 368
368 738
368 618
369 654
369 414
369 701
369 587
369 606
369 563
369 745
369 715
370 533
370 799
370 447
370 431
370 372
370 699
370 727
370 698
370 370
370 666
370 781
370 772
371 374
371 417
371 708
371 719
371 614
371 670
371 371
371 410
372 668
372 799
372 698
372 699
372 447
372 533
372 493
372 453
372 782
372 496
373 388
373 531
373 671
373 547
373 558
373 687
373 433
373 450
373 713
373 473
373 601
374 776
374 649
374 396
374 653
374 663
374 537
374 666
374 423
374 586
374 490
374 626
374 756
374 411
374 456
374 600
374 374
374 511
375 655
375 457
375 737
375 620
375 500
375 629
375 619
375 794
375 375
375 722
376 515
376 787
376 792
376 760
376 503
376 762
376 636
376 765
376 513
377 552
377 557
377 441
377 579
377 711
377 732
377 377
377 428
377 506
377 470
377 569
378 517
378 675
378 421
378 571
378 448
378 599
378 488
378 681
378 378
378 451
378 640
378 565
378 762
378 556
378 782
378 562
379 448
379 770
379 665
379 539
379 455
379 591
379 761
379 662
379 379
379 538
379 445
379 603
379 617
380 698
380 567
380 602
380 664
380 549
380 552
380 441
380 711
380 732
380 613
380 751
380 522
380 746
381 782
381 562
381 703
381 707
381 588
381 590
381 463
381 623
381 497
381 492
381 748
381 624
381 498
381 381
381 692
382 799
382 609
382 389
382 645
382 777
382 404
382 540
382 608
382 400
382 429
383 393
383 525
383 421
383 571
383 451
383 599
383 488
383 640
383 383
383 675
383 575
383 536
384 715
384 513
384 519
384 443
384 594
384 469
384 474
384 635
384 384
384 435
385 647
385 631
385 641
385 642
385 766
385 616
385 605
385 652
385 798
385 714
385 523
385 617
385 409
385 750
385 625
385 501
385 704
386 663
386 695
386 570
386 403
386 410
386 648
386 759
386 772
386 390
386 584
386 623
386 400
386 797
386 604
387 531
387 763
387 543
387 692
387 452
387 767
387 684
387 769
387 464
387 534
387 740
387 772
387 582
387 479
388 547
388 713
388 473
388 416
388 433
388 388
388 559
388 491
388 687
388 671
388 450
388 601
388 592
388 415
388 531
388 576
388 735
388 413
388 650
389 468
389 404
389 494
389 777
389 507
389 548
389 785
389 389
389 540
389 480
389 645
389 400
389 784
390 759
390 604
390 584
390 570
390 667
390 648
390 772
390 561
390 695
390 665
390 786
390 403
390 797
391 513
391 519
391 635
391 656
391 443
391 704
391 391
391 439
391 597
391 469
391 694
391 583
391 406
391 714
391 435
391 474
391 611
392 796
392 775
392 712
392 607
392 392
392 495
392 755
392 706
392 522
392 742
392 477
392 472
392 449
393 517
393 640
393 599
393 681
393 739
393 488
393 448
393 421
393 675
393 525
393 451
393 627
393 727
393 571
394 776
394 649
394 511
394 537
394 396
394 586
394 490
394 756
394 666
394 600
394 411
394 626
394 394
394 423
394 726
394 520
394 653
394 663
394 456
395 686
395 411
395 573
395 395
395 480
395 482
395 585
395 422
395 778
395 568
395 602
395 407
395 750
395 402
395 432
396 776
396 663
396 653
396 756
396 626
396 511
396 537
396 456
396 490
396 600
396 586
396 411
396 423
396 396
396 409
396 410
397 721
397 780
397 715
397 425
397 460
397 434
397 708
397 542
397 499
397 634
398 408
398 774
398 651
398 677
398 442
398 722
398 622
398 398
398 714
398 399
398 661
398 508
399 680
399 626
399 651
399 677
399 774
399 661
399 508
399 619
399 442
399 722
399 754
400 645
400 777
400 404
400 540
400 507
400 784
400 608
401 401
401 427
401 407
401 438
401 541
401 791
401 501
401 728
401 794
401 441
401 676
402 746
402 778
402 422
402 512
402 482
402 585
402 800
402 432
402 480
402 455
402 567
402 568
402 602
403 606
403 772
403 648
403 561
403 403
403 570
403 797
403 695
403 720
404 645
404 777
404 785
404 784
404 404
404 540
404 548
404 608
404 575
405 514
405 516
405 518
405 646
405 527
405 730
405 509
405 721
405 726
405 657
405 795
405 504
405 502
405 790
405 679
406 716
406 458
406 621
406 724
406 686
406 502
406 564
406 444
406 670
406 668
406 723
406 489
406 648
407 732
407 501
407 427
407 438
407 791
407 797
407 598
407 728
408 639
408 773
408 468
408 705
408 628
408 555
408 731
408 408
408 758
408 498
409 642
409 523
409 652
409 616
409 750
409 631
409 766
409 714
409 605
410 496
410 772
410 648
410 786
410 410
410 561
410 584
410 604
410 759
410 619
410 797
410 541
411 776
411 520
411 653
411 537
411 600
411 423
411 586
411 666
411 411
411 456
411 785
411 626
411 511
412 779
412 532
412 454
412 412
412 481
412 580
412 729
412 764
412 596
412 618
412 574
412 505
413 688
413 789
413 510
413 783
413 689
413 436
413 702
413 535
413 483
413 627
413 462
413 544
414 741
414 701
414 606
414 745
414 471
414 584
414 563
414 587
415 587
415 670
415 415
415 486
415 573
415 696
415 614
415 417
415 727
415 719
416 531
416 576
416 601
416 671
416 713
416 416
416 687
416 547
416 473
416 558
416 674
416 559
416 433
416 450
417 696
417 719
417 573
417 708
417 670
417 417
417 628
418 672
418 575
418 459
418 639
418 419
418 612
418 709
418 418
418 603
418 636
418 553
418 717
419 672
419 612
419 419
419 709
419 459
419 693
419 639
419 553
419 597
419 458
419 420
419 575
419 717
419 447
420 672
420 709
420 420
420 639
420 553
420 693
420 612
420 515
420 459
420 717
421 517
421 525
421 675
421 640
421 681
421 599
421 448
421 571
421 739
421 500
421 451
422 800
422 512
422 482
422 592
422 585
422 778
422 602
422 422
422 549
422 568
422 746
423 649
423 663
423 537
423 666
423 456
423 520
423 586
423 423
423 776
423 515
423 756
424 516
424 646
424 518
424 527
424 790
424 795
424 679
424 726
424 657
424 514
424 721
424 504
425 780
425 434
425 710
425 524
425 542
425 425
425 607
425 715
425 478
425 499
426 647
426 529
426 674
426 426
426 747
426 720
426 440
426 556
426 496
426 578
426 461
426 777
426 569
427 739
427 644
427 791
427 541
427 501
427 427
427 728
427 463
427 438
428 664
428 549
428 552
428 711
428 732
428 751
428 428
428 470
428 557
428 441
428 613
429 481
429 644
429 522
429 796
429 607
429 429
429 742
429 472
429 706
429 712
430 558
430 432
430 780
430 710
430 434
430 715
430 690
430 460
430 498
430 478
430 499
430 634
431 533
431 799
431 680
431 699
431 453
431 447
431 698
431 431
431 609
431 536
431 727
432 778
432 800
432 482
432 746
432 432
432 602
432 592
432 512
432 597
433 671
433 547
433 558
433 531
433 433
433 491
433 601
433 559
433 735
433 683
433 450
433 674
434 524
434 542
434 710
434 499
434 634
434 692
434 600
434 460
435 636
435 513
435 519
435 469
435 656
435 594
435 704
435 439
435 443
435 611
435 597
435 694
435 710
436 789
436 535
436 544
436 545
436 689
436 462
436 510
436 627
436 702
436 741
436 691
437 771
437 526
437 658
437 536
437 437
437 632
437 618
437 738
437 725
437 669
437 566
437 659
437 593
437 477
437 736
438 503
438 740
438 676
438 438
438 501
438 680
438 654
438 728
439 599
439 628
439 513
439 519
439 704
439 469
439 635
439 474
439 594
439 694
439 583
439 443
439 611
440 517
440 647
440 529
440 674
440 556
440 496
440 440
440 461
440 743
440 697
440 652
440 569
440 572
440 487
441 664
441 552
441 557
441 470
441 613
441 549
441 732
441 751
441 683
441 579
442 774
442 651
442 677
442 508
442 661
442 754
442 518
443 768
443 513
443 519
443 656
443 583
443 678
443 694
443 635
443 474
444 668
444 564
444 489
444 458
444 444
444 716
444 724
444 723
444 585
444 789
445 538
445 539
445 662
445 560
445 591
445 761
445 603
445 617
445 749
445 665
445 621
446 723
446 781
446 654
446 554
446 567
446 551
446 718
446 528
446 633
446 595
446 757
446 639
447 799
447 680
447 698
447 699
447 609
447 447
447 533
447 453
447 493
447 464
448 517
448 525
448 675
448 571
448 488
448 599
448 681
448 451
448 739
448 689
449 673
449 654
449 551
449 528
449 781
449 757
449 718
449 595
449 554
449 581
449 692
450 531
450 671
450 547
450 558
450 559
450 687
450 735
450 601
450 473
450 574
450 713
450 491
451 517
451 675
451 681
451 488
451 739
451 571
451 599
451 640
451 451
451 521
451 591
452 543
452 683
452 684
452 692
452 534
452 740
452 763
452 582
452 452
452 464
453 533
453 799
453 680
453 698
453 609
453 493
453 699
453 551
453 666
454 779
454 532
454 574
454 475
454 733
454 481
454 764
454 454
454 611
454 466
454 596
454 505
454 455
455 770
455 662
455 538
455 560
455 455
455 768
455 603
455 761
455 591
455 539
456 649
456 520
456 653
456 663
456 776
456 756
456 456
456 537
456 771
456 527
456 490
456 511
456 515
457 521
457 655
457 794
457 637
457 620
457 619
457 457
457 629
457 737
457 744
457 746
458 686
458 762
458 723
458 621
458 564
458 791
458 538
458 716
458 724
458 489
458 502
459 672
459 553
459 575
459 709
459 459
459 612
459 717
460 780
460 542
460 690
460 524
460 460
460 725
461 490
461 647
461 529
461 569
461 578
461 743
461 461
461 572
461 496
461 487
461 798
461 661
462 783
462 789
462 544
462 545
462 689
462 741
462 535
462 483
462 462
462 580
463 771
463 495
463 782
463 660
463 703
463 707
463 588
463 476
463 497
463 492
463 610
464 769
464 534
464 543
464 684
464 692
464 464
464 683
464 497
464 479
464 763
464 767
464 509
465 643
465 788
465 673
465 685
465 589
465 700
465 752
465 630
465 539
465 638
466 532
466 475
466 505
466 779
466 580
466 764
466 788
466 758
466 729
466 733
466 487
467 530
467 793
467 550
467 577
467 485
467 682
467 484
467 544
468 773
468 731
468 758
468 691
468 555
468 628
469 513
469 519
469 656
469 678
469 694
469 583
469 594
469 611
469 704
469 494
469 488
469 474
470 549
470 557
470 579
470 664
470 552
470 732
470 751
470 470
470 506
471 532
471 701
471 587
471 745
471 471
471 563
471 581
471 606
472 617
472 522
472 775
472 706
472 712
472 742
472 796
472 755
472 644
472 607
473 531
473 547
473 558
473 559
473 687
473 576
473 713
473 491
473 601
473 794
474 603
474 519
474 694
474 635
474 583
474 513
474 678
474 762
474 611
475 779
475 532
475 574
475 580
475 729
475 596
475 505
475 481
475 778
475 600
475 733
475 722
476 782
476 660
476 703
476 588
476 590
476 624
476 707
476 748
476 506
476 749
476 497
477 771
477 526
477 659
477 536
477 566
477 725
477 618
477 658
477 738
477 736
477 632
478 524
478 542
478 690
478 710
478 715
478 634
478 621
478 556
478 499
479 769
479 534
479 543
479 692
479 683
479 479
479 529
479 740
480 713
480 497
480 800
480 602
480 746
480 592
480 582
481 779
481 729
481 596
481 532
481 481
481 505
482 778
482 800
482 568
482 482
482 579
482 746
482 512
483 783
483 789
483 535
483 545
483 510
483 544
483 702
483 483
484 530
484 793
484 550
484 577
484 598
484 485
484 593
484 660
485 793
485 682
485 530
485 550
485 722
485 494
486 615
486 670
486 573
486 708
486 614
486 719
486 597
487 674
487 556
487 569
487 572
487 496
487 578
487 697
487 743
487 600
488 517
488 525
488 675
488 681
488 599
488 739
488 640
488 798
488 775
489 668
489 686
489 762
489 502
489 489
489 659
489 606
489 621
490 789
490 649
490 520
490 653
490 663
490 666
490 586
490 600
490 511
490 683
491 531
491 671
491 559
491 687
491 576
491 713
491 601
491 735
491 608
491 613
491 514
491 527
492 782
492 660
492 703
492 707
492 588
492 590
492 748
492 497
492 498
492 623
493 533
493 799
493 680
493 699
493 727
493 493
493 609
494 645
494 785
494 784
494 540
494 548
494 608
494 524
494 507
495 644
495 522
495 796
495 607
495 775
495 712
495 755
495 501
496 556
496 569
496 720
496 647
496 529
496 572
497 703
497 623
497 498
497 590
497 624
497 782
497 707
498 660
498 562
498 707
498 623
498 624
498 782
498 588
498 703
498 748
498 590
499 545
499 715
499 780
499 542
499 634
499 757
500 655
500 794
500 744
500 620
500 734
500 637
501 791
501 541
501 676
501 598
501 644
502 668
502 686
502 564
502 716
502 724
502 621
502 595
503 593
503 515
503 650
503 753
503 765
503 792
503 760
503 660
504 514
504 516
504 518
504 657
504 730
504 790
504 509
504 646
504 795
504 637
504 613
504 541
505 532
505 574
505 580
505 729
506 636
506 664
506 552
506 732
506 751
506 557
506 579
506 613
506 506
507 645
507 777
507 540
507 548
507 608
507 785
507 679
508 651
508 661
508 677
508 722
508 622
508 754
508 602
509 683
509 514
509 516
509 646
509 518
509 527
509 790
509 679
509 721
509 657
510 783
510 535
510 544
510 702
510 689
510 789
510 545
510 741
510 754
510 658
511 776
511 653
511 537
511 626
511 649
511 520
511 548
512 727
512 778
512 800
512 568
512 585
512 512
512 692
513 635
513 519
513 656
513 611
513 704
513 694
513 678
513 594
514 773
514 527
514 646
514 790
514 679
514 516
514 518
514 514
514 657
514 795
514 730
514 519
515 753
515 787
515 650
515 760
515 792
515 534
516 730
516 726
516 527
516 518
516 657
516 795
516 646
516 784
516 777
516 679
516 721
517 640
517 517
517 681
517 675
517 525
517 739
517 754
518 618
518 657
518 790
518 646
518 726
518 527
518 518
518 721
518 730
519 611
519 694
519 704
519 594
519 656
519 678
519 583
520 776
520 649
520 756
520 520
520 663
520 626
520 537
520 666
520 586
520 600
520 540
521 619
521 734
521 637
521 620
521 794
521 744
521 582
521 737
522 644
522 775
522 706
522 796
522 522
522 755
522 607
523 756
523 642
523 641
523 616
523 625
523 652
523 523
523 714
523 798
523 750
523 631
523 766
524 770
524 750
524 585
524 542
524 780
524 715
524 690
524 524
524 710
525 681
525 599
525 739
525 640
525 525
525 675
525 722
526 771
526 659
526 725
526 669
526 632
526 618
526 736
526 536
526 566
526 526
526 745
526 658
526 565
526 708
527 730
527 790
527 721
527 726
527 657
527 795
527 679
528 781
528 654
528 567
528 581
528 551
528 633
528 595
528 718
528 583
528 554
528 757
529 647
529 578
529 697
529 569
529 674
529 529
529 747
529 530
529 556
529 572
530 682
530 550
530 577
530 530
530 636
530 650
530 793
530 625
531 687
531 735
531 671
531 713
531 531
531 559
531 728
531 547
531 558
531 576
532 532
532 733
532 764
532 726
532 580
532 596
532 729
532 771
533 699
533 799
533 533
533 727
533 574
533 680
533 609
534 769
534 582
534 763
534 683
534 740
534 543
534 684
534 534
534 767
535 672
535 783
535 535
535 702
535 689
535 741
535 789
535 718
535 606
535 544
536 771
536 659
536 725
536 736
536 632
536 566
536 669
536 536
536 790
536 618
537 649
537 653
537 663
537 586
537 537
537 756
537 676
537 600
537 626
537 774
537 590
538 770
538 665
538 538
538 539
538 603
538 662
538 560
539 662
539 665
539 768
539 749
539 560
539 603
539 539
539 617
540 645
540 777
540 548
540 540
541 791
541 598
541 676
541 541
541 728
542 764
542 658
542 780
542 542
542 602
542 548
542 715
542 634
543 740
543 767
543 683
543 769
543 763
543 582
543 702
543 692
544 783
544 789
544 741
544 627
544 689
544 712
544 545
544 651
544 646
545 596
545 789
545 741
545 702
545 689
546 787
546 765
546 636
546 546
546 650
546 753
546 792
546 800
546 614
546 754
547 671
547 687
547 547
547 558
547 576
547 735
547 640
547 713
547 601
548 740
548 785
548 784
548 548
548 608
549 747
549 664
549 751
549 613
549 549
549 633
549 711
549 732
550 793
550 577
550 682
550 586
550 721
551 761
551 781
551 654
551 757
551 567
551 595
551 718
551 720
551 713
551 554
551 581
551 631
552 775
552 664
552 579
552 732
552 751
552 711
552 613
553 672
553 639
553 553
553 709
553 693
553 610
554 781
554 554
554 567
554 718
554 757
554 581
554 654
554 668
554 667
554 791
555 773
555 758
555 731
555 628
555 705
555 691
556 647
556 674
556 743
556 556
556 747
556 569
556 697
556 623
557 629
557 751
557 579
557 613
557 711
557 664
558 713
558 687
558 671
558 735
558 559
558 576
558 564
559 559
559 576
559 671
559 601
559 735
559 754
559 736
559 713
559 612
559 757
560 662
560 665
560 617
560 603
560 591
560 560
560 761
560 768
561 772
561 786
561 759
561 797
561 667
561 570
561 561
561 737
561 604
562 660
562 703
562 782
562 624
562 707
562 748
562 588
562 562
562 779
562 590
563 587
563 563
563 745
563 699
564 686
564 564
564 762
564 621
564 788
564 716
564 612
565 658
565 659
565 669
565 618
565 771
565 593
565 632
565 738
565 736
565 584
566 771
566 659
566 669
566 738
566 632
566 566
566 658
566 792
566 736
567 571
567 779
567 698
567 781
567 595
567 581
567 718
567 757
567 622
568 800
568 592
568 585
568 602
568 758
568 746
568 791
569 647
569 674
569 572
569 578
569 697
569 650
569 720
569 743
570 640
570 772
570 786
570 667
570 797
570 695
570 570
570 668
570 584
570 759
571 675
571 681
571 571
571 739
571 599
572 647
572 674
572 697
572 720
572 747
572 572
572 743
572 586
572 796
572 578
573 670
573 696
573 573
573 708
573 614
573 719
573 583
573 610
573 664
574 596
574 733
574 779
574 653
574 580
574 712
575 672
575 693
575 575
575 639
575 709
576 576
576 687
576 735
576 769
576 713
576 601
576 682
577 793
577 682
577 577
577 684
578 647
578 697
578 674
578 743
578 578
578 649
579 733
579 619
579 664
579 751
579 613
579 711
580 733
580 580
580 764
580 770
580 596
580 729
580 653
581 654
581 718
581 633
581 784
581 595
582 684
582 692
582 740
582 769
582 582
582 586
583 678
583 694
583 611
583 656
583 635
583 704
583 738
583 594
583 597
584 648
584 786
584 695
584 772
584 584
584 713
584 604
584 759
585 800
585 585
585 746
585 592
585 602
585 715
586 776
586 649
586 653
586 600
586 756
586 663
586 666
586 778
587 745
587 606
588 782
588 703
588 707
588 590
588 624
588 748
589 788
589 673
589 685
589 688
589 700
589 589
589 752
589 600
590 782
590 748
590 623
590 660
590 624
590 707
591 668
591 662
591 665
591 591
591 617
591 749
591 761
591 768
592 778
592 602
592 800
592 746
592 795
593 771
593 658
593 618
593 659
593 725
593 669
593 593
593 738
593 632
593 736
594 656
594 694
594 611
594 597
595 724
595 654
595 718
595 757
595 595
595 633
596 779
596 729
596 596
597 678
597 694
597 597
597 656
598 730
598 676
598 791
599 681
599 675
599 739
600 776
600 649
600 653
600 663
600 666
600 626
600 756
601 671
601 713
601 687
601 762
601 735
601 748
602 761
602 778
603 770
603 665
603 768
603 617
603 795
604 772
604 786
604 667
604 695
604 648
604 778
604 784
605 752
605 793
605 642
605 714
605 615
605 652
605 798
605 605
605 616
605 778
606 606
606 724
606 745
606 714
607 796
607 712
607 755
607 718
608 784
608 608
608 777
609 680
609 698
609 727
609 799
609 695
609 610
610 670
610 708
610 719
610 614
610 610
610 797
611 656
611 678
611 611
611 665
612 672
612 693
612 717
612 612
612 726
613 664
613 711
614 798
614 670
614 696
614 708
614 614
615 642
615 641
615 652
615 798
615 714
615 615
615 750
615 766
615 631
616 631
616 625
616 616
616 798
616 668
616 750
616 766
617 662
617 665
617 617
617 749
617 768
617 770
618 771
618 658
618 659
618 669
618 725
618 618
618 777
619 794
619 734
619 737
619 619
619 701
619 629
620 655
620 794
620 734
620 744
620 637
620 629
621 716
621 686
621 723
622 774
622 677
622 722
622 661
622 622
622 651
623 739
623 782
623 660
623 707
623 624
623 748
624 660
624 703
624 748
624 716
624 792
625 788
625 642
625 641
625 798
625 714
625 750
625 652
626 776
626 663
626 653
626 756
626 768
626 711
627 731
627 736
627 689
627 702
627 627
627 739
628 779
628 773
628 691
628 731
628 705
629 655
629 737
629 744
629 637
629 668
630 643
630 788
630 673
630 688
630 700
630 752
630 630
631 641
631 631
631 798
631 714
632 771
632 659
632 725
632 738
632 736
633 781
633 633
633 644
634 780
634 690
634 710
634 715
634 634
634 787
634 712
635 678
635 704
635 635
635 711
636 650
636 787
636 792
636 760
636 636
636 765
637 655
637 794
637 734
638 643
638 788
638 673
638 700
638 752
638 638
638 669
639 672
639 693
639 705
639 731
640 675
640 681
640 744
641 750
641 652
641 798
641 766
641 641
642 766
642 652
642 798
642 714
643 688
643 673
643 788
643 685
643 752
643 643
643 734
643 700
644 644
644 775
644 742
644 706
644 712
644 755
645 786
645 785
645 777
645 784
645 656
646 746
646 790
646 795
646 730
646 679
646 646
646 690
646 657
646 721
646 726
647 743
647 647
647 720
647 674
647 747
648 759
648 786
648 667
648 797
648 648
648 695
649 799
649 776
649 649
649 653
649 666
649 737
649 774
649 719
650 787
650 650
650 760
650 792
650 753
651 774
651 754
651 722
651 651
651 788
651 661
652 766
652 652
652 724
652 687
652 714
652 750
653 663
653 666
653 756
654 709
654 781
654 757
654 718
654 722
655 773
655 734
655 794
655 744
656 675
656 694
656 656
656 678
656 704
656 657
657 665
657 679
657 730
657 721
657 657
657 790
658 771
658 736
658 659
658 669
658 725
659 771
659 738
659 659
659 669
660 782
660 703
660 707
660 660
660 748
661 765
661 774
661 754
661 722
661 661
661 712
662 770
662 761
662 749
662 768
662 665
662 696
663 776
663 666
664 664
664 711
664 732
664 751
664 699
665 770
665 749
665 768
665 665
665 761
666 776
666 666
666 781
667 749
667 786
667 695
667 759
667 667
668 723
668 762
668 724
668 716
668 686
669 738
670 719
670 696
670 670
671 671
671 713
671 735
671 687
671 782
672 709
672 717
672 693
672 740
673 700
673 673
673 685
673 788
673 785
674 747
674 697
674 674
674 720
674 743
675 739
675 681
675 787
676 791
676 676
677 774
677 722
677 750
677 754
678 678
678 704
678 694
679 790
679 795
679 679
679 781
680 799
680 699
680 727
680 698
682 793
682 682
682 697
683 740
683 767
683 763
683 692
683 734
683 790
684 767
684 769
684 740
684 692
684 763
685 788
685 688
685 685
685 700
685 752
685 776
686 723
686 724
686 694
686 716
687 687
688 788
688 752
688 688
688 700
689 783
689 789
689 689
689 700
689 702
690 780
690 715
690 690
690 710
690 760
691 773
691 691
691 705
691 725
691 731
691 734
692 769
692 740
692 712
692 763
693 693
693 717
694 794
695 772
695 786
695 797
695 695
696 696
696 719
697 747
697 720
697 743
698 799
698 698
698 699
699 699
700 788
700 700
700 752
701 745
702 783
702 789
702 702
703 707
703 729
703 728
704 780
704 704
705 773
705 758
705 741
705 731
706 712
706 796
706 706
706 755
706 742
707 707
707 748
708 719
708 708
709 709
710 780
710 710
711 714
711 751
711 732
712 775
712 742
712 755
713 753
714 798
714 766
714 714
715 780
716 716
716 778
716 723
717 752
718 781
718 747
719 719
720 720
720 743
720 747
721 745
721 790
721 795
721 726
721 721
722 723
722 722
723 762
723 724
724 724
724 762
724 730
725 771
725 738
725 736
725 788
726 795
726 726
726 730
727 799
727 727
728 791
729 762
729 779
729 764
730 790
730 795
731 758
731 731
732 751
733 779
733 764
733 733
733 753
734 794
734 737
736 771
736 738
737 744
738 771
738 738
738 774
740 769
740 767
741 789
741 741
742 775
742 796
742 755
742 752
743 743
743 747
744 771
746 800
746 746
748 782
749 770
749 749
749 768
749 761
750 798
750 750
750 766
752 788
753 792
753 760
753 753
754 774
755 755
756 776
756 756
757 766
758 773
758 776
759 762
759 772
759 786
759 759
760 760
760 765
761 770
761 761
761 785
763 783
763 769
764 779
765 787
765 792
765 798
767 767
767 769
769 769
769 777
770 770
772 797
772 772
773 773
774 774
775 796
775 775
776 776
777 785
777 777
777 784
778 800
778 778
781 781
783 783
783 789
787 792
787 787
790 795
792 792
793 793
794 794
796 796
797 797
798 798
800 800
