800 11393
1 769
1 513
1 129
1 261
1 193
1 7
1 153
1 467
1 1
1 560
1 165
1 486
1 744
1 647
1 727
1 704
1 113
1 123
1 638
1 131
1 212
1 241
1 211
1 553
1 397
1 580
1 210
1 737
1 313
1 387
2 602
2 740
2 472
2 9
2 35
2 719
2 249
2 2
2 368
2 357
2 582
2 86
2 105
2 405
2 670
2 51
2 325
2 42
2 680
2 624
2 103
2 536
2 68
2 492
2 644
2 700
2 706
3 678
3 150
3 116
3 216
3 665
3 26
3 662
3 214
3 94
3 660
3 294
3 383
3 468
3 308
3 404
3 84
3 793
3 574
3 450
3 506
3 631
3 572
3 743
3 800
3 606
3 393
3 300
3 748
3 657
3 204
4 257
4 514
4 130
4 62
4 541
4 592
4 783
4 112
4 348
4 458
4 316
4 781
4 626
4 695
4 253
4 8
4 237
4 447
4 4
4 784
4 202
4 545
4 392
4 233
4 708
4 454
4 608
4 205
4 231
4 381
4 528
5 665
5 39
5 747
5 322
5 700
5 389
5 653
5 615
5 370
5 623
5 204
5 611
5 607
5 369
5 619
5 256
5 741
5 141
5 367
5 5
5 337
5 669
5 384
5 657
5 263
5 140
5 798
5 211
5 104
5 621
5 238
5 501
6 769
6 627
6 750
6 509
6 565
6 61
6 271
6 593
6 229
6 251
6 663
6 171
6 342
6 343
6 366
6 65
6 351
6 68
6 735
6 6
6 24
6 347
6 579
6 604
6 297
6 683
6 57
6 333
6 465
7 769
7 513
7 131
7 261
7 647
7 165
7 638
7 727
7 397
7 744
7 210
7 212
7 7
7 486
7 467
7 113
7 123
7 560
7 590
7 704
7 260
7 522
7 716
7 193
7 580
7 365
7 489
8 257
8 514
8 130
8 784
8 608
8 112
8 348
8 541
8 447
8 253
8 62
8 403
8 237
8 8
8 316
8 202
8 592
8 626
8 695
8 781
8 751
8 123
8 693
8 783
8 708
8 458
9 57
9 644
9 357
9 495
9 9
9 368
9 582
9 51
9 106
9 680
9 706
9 700
9 105
9 624
9 42
9 762
9 719
9 103
9 325
9 213
9 233
9 788
9 15
9 405
9 670
9 35
9 249
10 544
10 270
10 609
10 796
10 642
10 266
10 83
10 176
10 471
10 49
10 396
10 688
10 516
10 277
10 329
10 108
10 180
10 723
10 715
10 426
10 755
10 698
10 729
10 320
10 451
10 89
10 90
10 487
11 432
11 575
11 240
11 605
11 515
11 390
11 135
11 630
11 155
11 199
11 738
11 100
11 11
11 573
11 307
11 761
11 288
11 46
11 170
11 27
11 58
11 341
11 325
11 204
11 158
11 296
11 174
11 703
11 504
11 329
11 228
12 388
12 519
12 394
12 650
12 290
12 159
12 274
12 591
12 268
12 12
12 658
12 144
12 85
12 796
12 449
12 309
12 412
12 375
12 526
12 373
12 382
12 116
12 598
12 52
12 789
12 247
13 265
13 649
13 378
13 498
13 187
13 707
13 339
13 76
13 360
13 740
13 13
13 570
13 74
13 717
13 549
13 792
13 319
13 234
13 246
13 601
13 198
13 538
13 741
13 17
13 166
13 746
13 635
13 395
13 709
13 405
13 320
14 420
14 770
14 648
14 137
14 522
14 777
14 14
14 470
14 20
14 270
14 747
14 406
14 115
14 529
14 200
14 507
14 494
14 145
14 156
14 545
14 226
14 676
14 323
14 719
14 576
14 463
14 312
14 248
15 134
15 440
15 598
15 632
15 334
15 546
15 441
15 151
15 298
15 15
15 179
15 476
15 674
15 287
15 432
15 23
15 459
15 469
15 729
15 751
15 254
15 785
15 630
15 50
15 293
15 556
15 194
15 460
15 412
15 661
16 193
16 233
16 82
16 542
16 332
16 659
16 408
16 248
16 33
16 168
16 31
16 221
16 419
16 763
16 16
16 38
16 505
16 345
16 177
16 687
16 303
16 528
16 216
16 666
16 402
16 407
16 791
16 203
16 335
17 556
17 398
17 252
17 578
17 22
17 550
17 497
17 59
17 410
17 17
17 87
17 413
17 205
17 80
17 326
17 328
17 694
17 428
17 533
17 354
17 552
17 249
17 545
17 794
17 599
17 579
17 645
17 213
17 525
17 569
18 134
18 386
18 772
18 136
18 523
18 143
18 362
18 181
18 240
18 721
18 422
18 250
18 559
18 381
18 558
18 295
18 241
18 771
18 149
18 32
18 18
18 389
18 253
18 492
18 510
18 512
18 66
19 645
19 264
19 273
19 787
19 452
19 19
19 672
19 77
19 48
19 157
19 299
19 175
19 528
19 732
19 421
19 96
19 697
19 553
19 356
19 275
19 597
19 587
19 420
19 628
19 411
19 173
19 282
19 607
20 608
20 770
20 648
20 137
20 522
20 777
20 270
20 529
20 145
20 545
20 492
20 463
20 548
20 226
20 494
20 156
20 20
20 470
20 115
20 472
20 254
20 391
20 681
20 576
20 507
20 400
20 176
21 348
21 181
21 392
21 267
21 654
21 596
21 281
21 557
21 589
21 614
21 282
21 350
21 172
21 536
21 795
21 456
21 676
21 696
21 185
21 21
21 70
21 724
21 390
21 723
22 347
22 398
22 276
22 533
22 328
22 87
22 694
22 59
22 252
22 80
22 550
22 22
22 794
22 326
22 578
22 227
22 428
22 205
22 497
22 599
22 641
22 235
22 670
22 586
22 474
22 446
23 344
23 151
23 441
23 298
23 469
23 440
23 729
23 476
23 459
23 546
23 632
23 254
23 287
23 334
23 293
23 674
23 556
23 432
23 598
23 751
23 194
23 292
23 663
23 578
23 179
23 460
23 122
23 421
23 419
24 224
24 271
24 24
24 61
24 333
24 663
24 57
24 366
24 229
24 565
24 593
24 65
24 68
24 342
24 171
24 639
24 465
24 297
24 735
24 750
24 189
24 392
24 244
24 343
24 351
24 251
25 420
25 81
25 636
25 132
25 605
25 594
25 189
25 480
25 716
25 88
25 220
25 317
25 82
25 455
25 666
25 25
25 161
25 661
25 768
25 613
25 713
25 542
25 159
25 539
25 446
25 478
25 739
25 617
25 125
25 106
25 286
26 393
26 404
26 660
26 662
26 150
26 300
26 116
26 678
26 308
26 665
26 84
26 793
26 506
26 94
26 214
26 383
26 572
26 631
26 468
26 26
26 95
26 247
26 433
26 294
26 574
26 450
26 130
26 338
26 605
27 515
27 390
27 490
27 307
27 155
27 630
27 170
27 46
27 174
27 738
27 58
27 100
27 761
27 158
27 288
27 199
27 296
27 725
27 27
27 135
27 300
27 82
27 283
27 573
27 703
27 483
28 646
28 627
28 583
28 555
28 466
28 122
28 313
28 28
28 606
28 508
28 609
28 330
28 736
28 183
28 714
28 312
28 64
28 625
28 99
28 163
28 41
28 149
28 49
28 701
28 443
28 284
28 582
29 643
29 779
29 538
29 539
29 283
29 29
29 424
29 127
29 595
29 318
29 347
29 547
29 260
29 418
29 567
29 457
29 561
29 462
29 543
29 338
29 45
29 148
29 181
29 789
29 604
29 637
29 99
29 96
29 396
30 130
30 567
30 464
30 517
30 139
30 278
30 669
30 30
30 733
30 585
30 207
30 167
30 306
30 569
30 206
30 473
30 126
30 302
30 239
30 758
30 610
30 251
30 396
30 58
30 164
30 438
30 315
31 766
31 620
31 402
31 659
31 407
31 791
31 177
31 303
31 419
31 542
31 345
31 33
31 203
31 248
31 687
31 31
31 332
31 38
31 221
31 756
31 790
31 742
31 302
31 168
31 335
32 709
32 522
32 144
32 386
32 771
32 772
32 523
32 143
32 512
32 241
32 32
32 136
32 558
32 381
32 721
32 47
32 362
32 55
32 149
32 250
32 794
32 616
32 526
32 295
32 559
32 181
32 240
32 510
32 672
33 559
33 390
33 659
33 407
33 542
33 33
33 505
33 763
33 345
33 402
33 408
33 419
33 248
33 335
33 221
33 791
33 177
33 332
33 303
33 317
33 155
33 597
33 38
33 687
33 376
34 520
34 395
34 782
34 272
34 146
34 453
34 690
34 97
34 34
34 587
34 724
34 616
34 718
34 81
34 75
34 722
34 71
34 544
34 709
34 365
34 491
34 219
34 345
34 203
34 186
34 720
34 361
34 770
34 90
35 319
35 405
35 670
35 325
35 624
35 680
35 644
35 582
35 42
35 706
35 103
35 700
35 368
35 249
35 51
35 495
35 357
35 762
35 35
35 365
35 795
35 493
35 719
35 213
35 105
35 610
36 498
36 142
36 786
36 668
36 414
36 451
36 133
36 444
36 222
36 92
36 496
36 224
36 442
36 195
36 502
36 566
36 36
36 311
36 60
36 336
36 436
36 214
36 288
36 490
36 289
37 727
37 638
37 711
37 258
37 269
37 524
37 148
37 534
37 540
37 415
37 671
37 346
37 790
37 101
37 236
37 563
37 44
37 577
37 280
37 699
37 243
37 682
37 130
37 552
37 160
37 439
37 314
37 322
37 69
37 767
37 140
38 63
38 402
38 659
38 407
38 408
38 419
38 168
38 756
38 791
38 505
38 376
38 335
38 221
38 303
38 248
38 763
38 345
38 177
38 38
38 571
38 630
38 687
38 203
39 210
39 138
39 527
39 401
39 535
39 409
39 420
39 679
39 423
39 232
39 327
39 380
39 701
39 98
39 39
39 109
39 124
39 742
39 184
39 511
39 107
39 697
39 735
39 192
39 344
39 749
39 305
40 636
40 597
40 399
40 364
40 353
40 564
40 693
40 40
40 377
40 228
40 169
40 372
40 493
40 633
40 629
40 128
40 482
40 753
40 53
40 425
40 434
40 721
40 328
40 430
40 301
40 685
40 437
40 745
40 235
41 724
41 318
41 646
41 656
41 358
41 312
41 555
41 508
41 757
41 583
41 736
41 466
41 625
41 183
41 627
41 313
41 330
41 609
41 64
41 443
41 99
41 617
41 352
41 196
41 122
41 394
41 691
41 712
41 52
42 405
42 670
42 680
42 249
42 624
42 42
42 105
42 106
42 103
42 213
42 582
42 706
42 325
42 368
42 357
42 700
42 719
42 495
42 788
42 694
42 385
42 51
42 762
42 221
43 773
43 391
43 778
43 657
43 160
43 800
43 292
43 554
43 427
43 190
43 230
43 754
43 371
43 197
43 152
43 705
43 154
43 43
43 91
43 188
43 759
43 198
43 624
43 241
43 481
43 618
43 752
43 264
43 70
43 723
44 496
44 318
44 737
44 258
44 524
44 148
44 534
44 280
44 415
44 671
44 682
44 314
44 699
44 269
44 243
44 69
44 44
44 346
44 322
44 101
44 362
44 749
44 306
44 563
44 767
44 370
45 643
45 260
45 779
45 532
45 538
45 539
45 283
45 418
45 547
45 424
45 318
45 604
45 233
45 338
45 127
45 543
45 347
45 637
45 45
45 457
45 432
45 88
45 402
45 561
45 567
45 595
45 775
45 621
46 508
46 731
46 515
46 390
46 135
46 158
46 170
46 174
46 288
46 483
46 738
46 296
46 100
46 46
46 630
46 573
46 703
46 725
46 155
46 56
46 749
46 676
46 307
46 58
46 199
46 490
46 259
47 382
47 430
47 386
47 771
47 772
47 136
47 523
47 422
47 558
47 559
47 512
47 362
47 47
47 143
47 240
47 55
47 250
47 381
47 510
47 721
47 330
47 498
47 606
47 241
47 521
48 548
48 449
48 540
48 645
48 264
48 787
48 275
48 528
48 667
48 411
48 157
48 672
48 421
48 173
48 175
48 48
48 597
48 273
48 732
48 697
48 389
48 602
48 603
48 452
48 77
48 141
48 763
49 183
49 330
49 515
49 795
49 642
49 516
49 266
49 277
49 688
49 487
49 89
49 723
49 49
49 471
49 698
49 110
49 83
49 396
49 242
49 70
49 645
49 401
49 180
49 329
49 108
50 262
50 780
50 652
50 531
50 448
50 56
50 726
50 571
50 488
50 461
50 612
50 475
50 196
50 72
50 636
50 581
50 54
50 374
50 588
50 208
50 743
50 477
50 300
50 627
50 594
50 737
50 375
50 247
50 523
50 275
50 676
51 578
51 736
51 292
51 405
51 670
51 51
51 357
51 582
51 624
51 103
51 213
51 762
51 368
51 680
51 700
51 495
51 706
51 724
51 645
51 423
51 325
51 106
51 249
51 174
52 208
52 259
52 279
52 552
52 489
52 52
52 119
52 73
52 215
52 219
52 244
52 63
52 66
52 728
52 431
52 191
52 765
52 384
52 363
52 464
52 710
52 60
52 445
52 320
52 352
52 120
53 125
53 399
53 425
53 169
53 301
53 434
53 564
53 693
53 685
53 745
53 53
53 235
53 493
53 364
53 128
53 353
53 629
53 753
53 372
53 482
53 663
53 742
53 492
53 228
54 780
54 652
54 531
54 147
54 56
54 448
54 588
54 612
54 475
54 461
54 581
54 737
54 488
54 726
54 196
54 54
54 374
54 636
54 262
54 208
54 299
54 292
54 263
54 571
54 477
54 743
54 59
54 290
55 163
55 225
55 386
55 771
55 772
55 136
55 523
55 143
55 149
55 797
55 422
55 295
55 558
55 559
55 181
55 250
55 240
55 381
55 55
55 266
55 572
55 81
55 362
55 510
55 445
56 780
56 531
56 262
56 147
56 475
56 461
56 737
56 448
56 636
56 488
56 588
56 652
56 477
56 743
56 581
56 612
56 208
56 72
56 726
56 374
56 84
56 348
56 583
56 571
56 196
56 69
56 510
56 706
57 271
57 663
57 171
57 565
57 343
57 593
57 68
57 735
57 297
57 465
57 342
57 229
57 750
57 251
57 366
57 65
57 333
57 61
57 683
57 57
57 423
58 454
58 243
58 515
58 390
58 135
58 155
58 158
58 296
58 170
58 174
58 288
58 58
58 630
58 490
58 307
58 504
58 738
58 100
58 196
58 593
58 379
58 573
58 703
58 199
59 214
59 401
59 561
59 276
59 533
59 410
59 550
59 428
59 694
59 59
59 578
59 497
59 398
59 87
59 474
59 413
59 205
59 80
59 328
59 168
59 622
59 326
59 586
59 599
59 354
59 227
59 673
59 167
60 133
60 142
60 786
60 537
60 668
60 414
60 675
60 178
60 436
60 566
60 442
60 444
60 195
60 311
60 336
60 451
60 496
60 355
60 92
60 60
60 560
60 191
60 306
60 222
60 186
60 636
60 375
60 778
60 371
61 271
61 663
61 297
61 683
61 565
61 61
61 343
61 251
61 333
61 68
61 639
61 593
61 465
61 366
61 750
61 509
61 342
61 735
61 758
61 566
61 85
61 65
61 351
61 229
61 290
61 78
62 257
62 514
62 130
62 781
62 783
62 403
62 541
62 695
62 316
62 608
62 62
62 112
62 458
62 592
62 454
62 253
62 202
62 784
62 447
62 484
62 497
62 342
62 708
62 626
62 349
62 173
63 295
63 259
63 525
63 279
63 552
63 431
63 445
63 191
63 320
63 244
63 765
63 73
63 215
63 120
63 728
63 384
63 600
63 63
63 464
63 119
63 761
63 242
63 66
64 746
64 84
64 463
64 646
64 656
64 163
64 555
64 312
64 313
64 443
64 122
64 625
64 609
64 736
64 757
64 714
64 330
64 508
64 358
64 583
64 539
64 441
64 764
64 466
64 606
64 99
64 627
64 774
64 301
65 544
65 555
65 271
65 663
65 297
65 683
65 171
65 565
65 465
65 366
65 333
65 343
65 68
65 750
65 639
65 351
65 735
65 229
65 455
65 499
65 541
65 593
65 251
65 509
65 573
66 581
66 776
66 259
66 279
66 552
66 191
66 219
66 384
66 119
66 600
66 352
66 525
66 489
66 73
66 120
66 464
66 66
66 431
66 445
66 718
66 505
66 363
66 180
66 302
67 518
67 775
67 651
67 416
67 684
67 305
67 568
67 575
67 321
67 730
67 349
67 121
67 67
67 429
67 78
67 255
67 551
67 359
67 640
67 331
67 324
67 354
67 754
67 210
67 479
67 748
67 135
68 271
68 663
68 297
68 683
68 171
68 565
68 465
68 229
68 509
68 639
68 251
68 735
68 342
68 750
68 593
68 68
68 395
68 506
68 103
68 333
68 343
68 351
68 575
69 187
69 159
69 269
69 524
69 148
69 790
69 280
69 415
69 682
69 563
69 439
69 314
69 577
69 243
69 258
69 322
69 101
69 534
69 236
69 540
69 141
69 369
69 190
69 503
70 401
70 749
70 598
70 252
70 392
70 654
70 788
70 536
70 281
70 282
70 795
70 557
70 696
70 614
70 70
70 676
70 589
70 201
70 456
70 350
70 368
70 546
70 584
70 596
70 622
70 503
70 376
71 395
71 782
71 272
71 544
71 186
71 709
71 453
71 724
71 146
71 722
71 491
71 720
71 587
71 361
71 75
71 71
71 81
71 718
71 365
71 118
71 652
71 597
71 513
71 616
71 545
71 651
71 249
71 464
72 178
72 708
72 262
72 652
72 531
72 448
72 196
72 581
72 147
72 374
72 488
72 477
72 636
72 571
72 743
72 588
72 612
72 737
72 72
72 456
72 682
72 300
72 461
72 726
72 475
72 243
73 154
73 259
73 525
73 279
73 552
73 431
73 445
73 191
73 320
73 765
73 120
73 489
73 363
73 464
73 384
73 352
73 215
73 119
73 73
73 189
73 482
73 728
73 600
73 244
74 265
74 649
74 792
74 549
74 570
74 187
74 707
74 198
74 166
74 234
74 339
74 635
74 717
74 319
74 246
74 746
74 498
74 378
74 74
74 76
74 441
74 634
74 156
74 602
74 740
74 360
74 451
74 758
75 520
75 395
75 782
75 272
75 146
75 544
75 690
75 709
75 453
75 587
75 491
75 361
75 118
75 186
75 724
75 81
75 365
75 720
75 97
75 718
75 525
75 262
75 540
75 722
75 385
76 265
76 649
76 792
76 166
76 570
76 187
76 319
76 707
76 198
76 549
76 601
76 339
76 602
76 360
76 76
76 740
76 717
76 234
76 498
76 593
76 278
76 208
76 246
76 378
76 635
76 393
76 398
76 218
76 732
76 408
77 144
77 264
77 273
77 787
77 275
77 667
77 157
77 299
77 173
77 732
77 175
77 452
77 528
77 645
77 411
77 96
77 702
77 697
77 597
77 77
77 468
77 741
77 356
77 419
78 775
78 651
78 551
78 429
78 305
78 568
78 575
78 321
78 331
78 479
78 730
78 121
78 359
78 684
78 416
78 78
78 93
78 349
78 324
78 766
78 783
78 133
78 299
78 368
78 761
79 311
79 165
79 720
79 387
79 776
79 664
79 291
79 686
79 430
79 304
79 435
79 182
79 710
79 95
79 689
79 79
79 245
79 734
79 500
79 484
79 231
79 261
79 328
79 538
79 340
79 217
79 218
79 659
80 398
80 276
80 533
80 794
80 410
80 413
80 550
80 428
80 326
80 328
80 586
80 205
80 474
80 252
80 227
80 578
80 87
80 80
80 172
80 765
80 651
80 599
80 497
80 509
80 664
80 725
80 659
81 224
81 520
81 395
81 782
81 272
81 146
81 690
81 186
81 709
81 453
81 587
81 718
81 720
81 118
81 616
81 544
81 81
81 97
81 446
81 701
81 365
81 427
81 719
81 687
82 500
82 385
82 661
82 666
82 446
82 317
82 189
82 713
82 716
82 594
82 223
82 161
82 605
82 220
82 739
82 82
82 125
82 613
82 455
82 480
82 417
82 701
82 88
82 478
82 617
82 768
82 363
83 127
83 343
83 88
83 667
83 516
83 266
83 396
83 277
83 426
83 688
83 698
83 715
83 176
83 755
83 83
83 89
83 487
83 180
83 642
83 333
83 646
83 134
83 723
83 471
83 110
83 733
84 393
84 404
84 660
84 150
84 665
84 678
84 294
84 574
84 450
84 468
84 631
84 308
84 506
84 94
84 793
84 116
84 300
84 214
84 662
84 572
84 379
84 235
84 216
84 383
84 342
84 95
84 377
84 126
85 498
85 237
85 519
85 650
85 268
85 658
85 789
85 796
85 412
85 159
85 290
85 691
85 309
85 591
85 373
85 382
85 526
85 274
85 449
85 247
85 143
85 562
85 440
85 375
85 767
85 301
86 257
86 409
86 358
86 229
86 673
86 391
86 405
86 670
86 680
86 700
86 706
86 325
86 582
86 719
86 213
86 368
86 86
86 357
86 106
86 624
86 383
86 776
86 645
86 495
86 249
87 287
87 648
87 398
87 533
87 794
87 410
87 413
87 550
87 428
87 694
87 328
87 586
87 205
87 354
87 578
87 497
87 326
87 252
87 674
87 212
87 563
87 227
88 132
88 661
88 666
88 161
88 317
88 189
88 455
88 713
88 594
88 716
88 446
88 223
88 478
88 125
88 613
88 480
88 220
88 605
88 88
88 746
88 739
88 617
89 574
89 428
89 640
89 521
89 752
89 352
89 642
89 266
89 396
89 426
89 176
89 180
89 698
89 715
89 487
89 516
89 90
89 108
89 329
89 463
89 223
89 429
89 110
89 755
89 207
89 168
89 303
90 166
90 423
90 757
90 682
90 765
90 642
90 516
90 277
90 426
90 176
90 180
90 698
90 471
90 688
90 634
90 329
90 242
90 715
90 90
90 649
90 552
90 487
90 108
90 755
91 773
91 391
91 521
91 778
91 657
91 152
91 154
91 160
91 800
91 292
91 554
91 188
91 190
91 705
91 197
91 427
91 230
91 759
91 481
91 752
91 91
91 114
91 270
92 133
92 142
92 537
92 668
92 675
92 436
92 311
92 444
92 195
92 336
92 102
92 496
92 442
92 224
92 414
92 786
92 222
92 92
92 566
92 586
92 186
92 640
92 355
92 759
93 460
93 354
93 518
93 775
93 416
93 551
93 684
93 429
93 305
93 568
93 575
93 321
93 324
93 331
93 640
93 730
93 255
93 651
93 93
93 121
93 685
93 273
93 241
93 479
93 766
93 185
93 634
94 660
94 662
94 150
94 665
94 793
94 678
94 294
94 300
94 572
94 468
94 216
94 404
94 308
94 631
94 393
94 450
94 214
94 116
94 506
94 349
94 159
94 101
94 465
94 754
94 317
95 641
95 387
95 776
95 664
95 291
95 686
95 435
95 710
95 711
95 218
95 500
95 225
95 689
95 485
95 734
95 95
95 245
95 430
95 182
95 477
95 197
95 231
96 737
96 645
96 273
96 787
96 275
96 667
96 411
96 157
96 672
96 553
96 173
96 702
96 452
96 732
96 597
96 697
96 421
96 356
96 264
96 299
96 526
96 378
96 191
97 150
97 395
97 782
97 272
97 544
97 690
97 186
97 709
97 453
97 718
97 720
97 724
97 361
97 491
97 365
97 587
97 520
97 146
97 97
97 526
97 468
97 616
97 254
97 284
97 396
98 138
98 527
98 401
98 535
98 409
98 420
98 679
98 423
98 310
98 701
98 192
98 327
98 114
98 124
98 511
98 109
98 232
98 344
98 380
98 749
98 98
98 371
98 122
98 418
98 756
99 646
99 656
99 163
99 312
99 313
99 583
99 714
99 330
99 466
99 443
99 736
99 358
99 183
99 757
99 609
99 625
99 99
99 508
99 688
99 162
99 627
99 122
100 272
100 443
100 358
100 691
100 551
100 225
100 773
100 515
100 155
100 158
100 288
100 170
100 174
100 307
100 703
100 725
100 738
100 483
100 391
100 408
100 464
101 341
101 258
101 269
101 524
101 148
101 534
101 540
101 415
101 682
101 439
101 314
101 577
101 322
101 346
101 699
101 563
101 767
101 236
101 608
101 192
101 518
101 235
101 417
102 133
102 142
102 786
102 537
102 668
102 414
102 675
102 178
102 436
102 442
102 444
102 451
102 195
102 222
102 496
102 102
102 311
102 566
102 224
102 355
102 715
102 477
102 729
102 153
102 628
102 713
102 585
102 687
103 608
103 382
103 385
103 644
103 405
103 680
103 325
103 719
103 357
103 105
103 103
103 106
103 213
103 706
103 762
103 675
103 176
103 511
103 495
103 368
104 265
104 494
104 405
104 389
104 263
104 140
104 141
104 653
104 337
104 611
104 370
104 741
104 607
104 621
104 623
104 798
104 501
104 615
104 369
104 211
104 367
104 671
104 363
104 118
104 619
104 238
105 689
105 644
105 670
105 700
105 706
105 325
105 719
105 213
105 357
105 405
105 680
105 582
105 495
105 105
105 624
105 762
105 313
105 651
105 740
105 106
106 150
106 543
106 670
106 719
106 706
106 644
106 700
106 495
106 249
106 762
106 106
106 357
106 368
106 405
106 325
106 600
106 702
106 624
107 130
107 138
107 401
107 535
107 409
107 420
107 679
107 423
107 310
107 701
107 192
107 327
107 344
107 742
107 232
107 380
107 511
107 109
107 114
107 107
107 770
107 461
107 626
107 749
107 124
107 299
107 791
108 308
108 459
108 149
108 357
108 642
108 266
108 396
108 180
108 329
108 471
108 487
108 277
108 688
108 426
108 698
108 242
108 634
108 176
108 474
108 369
108 158
108 110
108 755
109 138
109 527
109 401
109 535
109 409
109 420
109 310
109 184
109 701
109 192
109 344
109 232
109 109
109 114
109 124
109 423
109 511
109 380
109 356
109 403
109 539
109 330
109 148
109 597
109 256
110 643
110 296
110 266
110 396
110 277
110 426
110 688
110 180
110 698
110 329
110 723
110 471
110 242
110 110
110 715
110 487
110 634
110 358
110 733
110 495
111 774
111 655
111 400
111 284
111 799
111 673
111 162
111 677
111 681
111 692
111 579
111 209
111 341
111 731
111 379
111 562
111 289
111 285
111 712
111 111
111 603
111 550
111 422
111 494
111 499
111 628
111 117
111 371
111 411
111 765
112 257
112 514
112 130
112 781
112 783
112 784
112 403
112 541
112 695
112 447
112 708
112 454
112 458
112 202
112 592
112 348
112 237
112 626
112 112
112 433
112 702
112 373
112 517
113 769
113 513
113 129
113 131
113 261
113 647
113 397
113 153
113 165
113 704
113 580
113 590
113 210
113 467
113 212
113 486
113 727
113 113
113 560
113 155
113 250
113 439
113 472
113 745
114 527
114 401
114 535
114 409
114 420
114 679
114 423
114 184
114 327
114 344
114 742
114 232
114 749
114 380
114 124
114 701
114 310
114 138
114 511
114 658
114 193
114 119
114 790
114 791
115 447
115 770
115 648
115 137
115 522
115 777
115 270
115 529
115 145
115 406
115 156
115 545
115 548
115 576
115 200
115 463
115 472
115 747
115 492
115 226
115 305
115 433
115 172
115 507
115 231
115 170
115 516
116 393
116 404
116 150
116 665
116 793
116 678
116 300
116 308
116 572
116 574
116 450
116 468
116 214
116 216
116 660
116 631
116 662
116 506
116 389
116 648
116 737
116 383
117 774
117 655
117 400
117 284
117 799
117 673
117 289
117 692
117 712
117 209
117 341
117 603
117 731
117 499
117 628
117 379
117 162
117 562
117 285
117 677
117 681
117 505
117 563
117 721
117 512
118 310
118 520
118 782
118 146
118 709
118 453
118 587
118 718
118 720
118 722
118 724
118 491
118 365
118 395
118 690
118 616
118 272
118 361
118 118
118 393
118 473
118 238
119 279
119 552
119 445
119 191
119 320
119 215
119 728
119 600
119 219
119 489
119 363
119 244
119 765
119 352
119 120
119 525
119 464
119 434
119 463
119 453
119 384
119 306
119 303
120 259
120 525
120 279
120 552
120 431
120 445
120 320
120 728
120 600
120 352
120 489
120 363
120 244
120 219
120 191
120 384
120 215
120 498
120 799
120 337
120 180
121 232
121 518
121 775
121 651
121 551
121 684
121 429
121 305
121 568
121 575
121 321
121 730
121 349
121 359
121 748
121 416
121 324
121 766
121 640
121 258
121 761
121 787
121 493
122 300
122 704
122 646
122 656
122 163
122 183
122 313
122 443
122 330
122 466
122 606
122 736
122 609
122 358
122 757
122 714
122 625
122 372
122 439
122 508
122 269
122 275
123 783
123 769
123 513
123 131
123 261
123 397
123 153
123 560
123 193
123 580
123 590
123 210
123 467
123 212
123 727
123 744
123 486
123 704
123 123
123 179
123 537
123 742
123 734
123 197
123 618
123 201
123 332
124 527
124 401
124 409
124 679
124 184
124 701
124 192
124 327
124 742
124 232
124 749
124 380
124 420
124 344
124 511
124 310
124 124
124 644
124 724
125 283
125 385
125 132
125 661
125 161
125 446
125 317
125 189
125 716
125 220
125 605
125 478
125 223
125 617
125 768
125 125
125 666
125 613
125 503
125 137
126 282
126 139
126 278
126 669
126 417
126 164
126 167
126 302
126 306
126 438
126 585
126 473
126 733
126 610
126 239
126 758
126 315
126 286
126 569
126 207
126 620
126 165
126 650
127 184
127 260
127 532
127 538
127 283
127 543
127 418
127 547
127 424
127 561
127 318
127 457
127 462
127 347
127 233
127 637
127 779
127 595
127 604
127 127
127 648
127 476
128 159
128 415
128 399
128 434
128 437
128 693
128 745
128 235
128 364
128 633
128 377
128 372
128 629
128 685
128 353
128 493
128 425
128 482
128 128
128 356
128 165
128 614
128 167
129 769
129 513
129 153
129 165
129 131
129 580
129 590
129 744
129 647
129 397
129 193
129 129
129 486
129 210
129 704
129 467
129 638
129 560
129 212
129 297
129 221
129 134
129 261
129 231
130 514
130 708
130 781
130 348
130 447
130 454
130 695
130 626
130 458
130 130
130 237
130 592
130 541
130 316
130 257
130 784
130 202
130 783
130 403
130 608
130 598
130 627
130 323
131 769
131 513
131 131
131 638
131 467
131 210
131 744
131 153
131 590
131 165
131 580
131 261
131 397
131 560
131 647
131 727
131 486
131 406
131 423
131 454
131 704
131 193
131 212
131 782
131 733
132 338
132 287
132 270
132 385
132 666
132 713
132 132
132 455
132 661
132 220
132 317
132 716
132 161
132 613
132 480
132 189
132 605
132 223
132 173
132 511
132 151
132 594
132 617
132 768
133 678
133 668
133 311
133 414
133 336
133 195
133 224
133 566
133 222
133 537
133 502
133 133
133 451
133 442
133 436
133 142
133 355
133 496
133 294
133 352
133 533
133 786
133 675
133 178
133 444
133 362
134 459
134 287
134 729
134 151
134 674
134 476
134 460
134 440
134 298
134 134
134 598
134 334
134 179
134 254
134 293
134 546
134 632
134 751
134 556
134 777
134 160
134 432
134 441
134 194
134 469
135 515
135 390
135 573
135 504
135 288
135 155
135 725
135 296
135 483
135 761
135 158
135 199
135 307
135 490
135 630
135 170
135 135
135 738
135 425
135 735
135 174
135 703
136 386
136 772
136 559
136 241
136 143
136 558
136 523
136 240
136 362
136 797
136 295
136 250
136 721
136 510
136 381
136 771
136 136
136 512
136 457
136 264
136 725
136 149
136 422
136 181
137 648
137 529
137 777
137 548
137 545
137 156
137 522
137 463
137 492
137 770
137 145
137 494
137 470
137 576
137 472
137 200
137 507
137 270
137 137
137 310
137 421
137 226
137 747
137 661
137 478
137 569
138 423
138 409
138 380
138 701
138 184
138 679
138 192
138 511
138 742
138 310
138 138
138 527
138 535
138 749
138 401
138 232
138 420
138 510
138 333
138 695
138 327
138 373
138 540
139 142
139 675
139 749
139 517
139 239
139 278
139 139
139 585
139 164
139 733
139 758
139 286
139 669
139 530
139 302
139 569
139 306
139 610
139 417
139 770
139 548
139 356
139 167
139 207
139 620
140 260
140 223
140 480
140 389
140 263
140 204
140 741
140 760
140 211
140 619
140 141
140 256
140 607
140 367
140 623
140 370
140 611
140 653
140 798
140 621
140 786
140 162
140 337
140 615
140 238
140 369
141 486
141 374
141 389
141 263
141 619
141 337
141 204
141 238
141 370
141 760
141 615
141 256
141 798
141 211
141 367
141 741
141 621
141 369
141 363
141 465
141 653
141 607
141 623
141 501
142 668
142 222
142 414
142 786
142 195
142 178
142 311
142 224
142 537
142 496
142 142
142 566
142 675
142 451
142 502
142 444
142 286
142 225
142 436
142 442
142 336
142 355
143 287
143 386
143 771
143 523
143 772
143 558
143 721
143 181
143 149
143 512
143 240
143 241
143 510
143 362
143 295
143 250
143 381
143 639
143 678
143 208
143 797
143 422
143 267
143 279
144 342
144 388
144 519
144 394
144 650
144 268
144 526
144 375
144 290
144 591
144 796
144 159
144 247
144 309
144 144
144 789
144 785
144 449
144 658
144 274
144 738
144 412
144 691
144 373
144 711
144 676
144 384
145 393
145 626
145 648
145 777
145 270
145 529
145 747
145 472
145 226
145 463
145 156
145 548
145 492
145 494
145 507
145 406
145 200
145 545
145 528
145 633
145 336
145 470
145 753
146 339
146 355
146 520
146 395
146 272
146 782
146 186
146 720
146 544
146 718
146 146
146 491
146 616
146 365
146 722
146 690
146 709
146 784
146 554
146 563
146 453
146 587
146 724
146 710
146 169
147 202
147 467
147 262
147 780
147 652
147 531
147 374
147 581
147 208
147 571
147 737
147 448
147 477
147 612
147 196
147 636
147 743
147 488
147 147
147 726
147 580
147 361
147 535
147 588
147 475
147 330
147 213
148 724
148 571
148 428
148 258
148 269
148 524
148 682
148 577
148 314
148 671
148 148
148 540
148 322
148 280
148 790
148 699
148 502
148 680
148 534
148 415
148 236
148 211
149 722
149 233
149 776
149 322
149 386
149 523
149 295
149 797
149 771
149 240
149 422
149 558
149 149
149 510
149 362
149 381
149 447
149 677
149 559
149 181
149 721
149 241
149 512
150 393
150 404
150 660
150 662
150 572
150 793
150 450
150 308
150 574
150 506
150 678
150 150
150 214
150 665
150 300
150 631
150 474
150 468
150 383
150 280
150 176
151 194
151 598
151 729
151 751
151 287
151 293
151 151
151 432
151 254
151 440
151 179
151 459
151 460
151 632
151 469
151 298
151 546
151 556
151 299
151 381
151 605
151 674
151 359
152 658
152 400
152 391
152 521
152 778
152 657
152 230
152 800
152 773
152 754
152 371
152 481
152 197
152 154
152 160
152 427
152 188
152 152
152 292
152 554
152 744
152 715
152 542
152 705
152 759
153 769
153 513
153 261
153 647
153 397
153 467
153 486
153 590
153 744
153 212
153 580
153 165
153 704
153 560
153 193
153 638
153 727
153 297
153 791
154 496
154 780
154 507
154 773
154 521
154 778
154 657
154 391
154 800
154 160
154 481
154 154
154 371
154 705
154 197
154 618
154 190
154 188
154 427
154 179
154 573
154 292
154 754
155 479
155 314
155 515
155 725
155 490
155 738
155 288
155 483
155 761
155 174
155 296
155 170
155 155
155 573
155 630
155 158
155 442
155 346
155 354
155 307
155 703
155 199
155 504
155 696
155 337
156 294
156 770
156 648
156 522
156 777
156 270
156 406
156 472
156 747
156 494
156 463
156 156
156 507
156 545
156 548
156 665
156 684
156 466
156 576
156 200
156 470
156 226
156 492
156 183
156 617
156 504
157 691
157 645
157 264
157 273
157 787
157 275
157 528
157 411
157 732
157 667
157 702
157 173
157 175
157 597
157 553
157 157
157 672
157 761
157 617
157 314
157 299
157 697
158 390
158 515
158 725
158 158
158 630
158 170
158 288
158 761
158 490
158 307
158 738
158 174
158 199
158 296
158 311
158 585
158 275
158 573
158 703
158 483
158 504
159 388
159 519
159 394
159 650
159 268
159 658
159 789
159 796
159 412
159 785
159 247
159 309
159 375
159 290
159 382
159 449
159 691
159 373
159 743
159 591
159 562
159 788
159 615
160 773
160 521
160 778
160 752
160 705
160 230
160 371
160 618
160 190
160 657
160 427
160 188
160 197
160 754
160 800
160 481
160 176
160 178
160 228
160 292
160 759
161 436
161 195
161 385
161 661
161 666
161 455
161 739
161 189
161 161
161 617
161 220
161 317
161 716
161 613
161 605
161 446
161 713
161 174
161 529
161 785
161 594
161 223
161 480
161 768
161 325
162 257
162 208
162 632
162 229
162 774
162 655
162 400
162 285
162 284
162 799
162 673
162 289
162 162
162 681
162 209
162 731
162 579
162 692
162 677
162 451
162 723
162 414
162 562
162 712
162 341
162 628
162 379
162 764
163 646
163 656
163 757
163 583
163 330
163 358
163 714
163 555
163 627
163 163
163 625
163 466
163 313
163 183
163 312
163 609
163 606
163 692
163 165
163 443
163 736
163 508
163 333
163 754
163 452
163 353
164 717
164 468
164 460
164 497
164 218
164 517
164 530
164 286
164 417
164 758
164 569
164 669
164 585
164 207
164 610
164 620
164 733
164 473
164 315
164 623
164 572
164 382
164 167
164 302
164 239
165 769
165 513
165 261
165 647
165 397
165 580
165 704
165 486
165 638
165 165
165 727
165 193
165 590
165 467
165 210
165 661
165 625
165 212
165 744
165 599
165 621
166 649
166 792
166 549
166 570
166 246
166 187
166 601
166 378
166 498
166 740
166 717
166 635
166 360
166 602
166 707
166 198
166 319
166 339
166 234
166 746
166 750
166 554
166 211
167 312
167 351
167 517
167 530
167 278
167 417
167 315
167 733
167 473
167 438
167 302
167 569
167 620
167 758
167 610
167 286
167 306
167 585
167 520
167 206
167 239
168 486
168 770
168 407
168 791
168 542
168 419
168 221
168 402
168 177
168 659
168 505
168 345
168 335
168 203
168 756
168 687
168 248
168 168
168 601
168 376
169 630
169 399
169 425
169 353
169 434
169 437
169 745
169 228
169 685
169 564
169 693
169 372
169 493
169 301
169 629
169 433
169 482
169 169
169 753
169 266
169 268
169 235
169 364
169 633
169 377
170 568
170 515
170 288
170 296
170 170
170 490
170 703
170 630
170 483
170 307
170 390
170 174
170 199
170 647
170 632
170 573
170 725
170 504
170 798
170 256
171 781
171 599
171 271
171 663
171 297
171 683
171 465
171 735
171 229
171 565
171 509
171 251
171 750
171 593
171 366
171 351
171 333
171 211
171 408
171 594
171 343
171 639
171 394
172 222
172 392
172 267
172 788
172 536
172 281
172 795
172 622
172 584
172 201
172 654
172 172
172 696
172 589
172 323
172 503
172 456
172 557
172 706
172 215
172 522
172 185
172 596
172 688
172 685
172 433
173 532
173 645
173 264
173 273
173 787
173 275
173 411
173 672
173 702
173 299
173 667
173 356
173 528
173 173
173 421
173 535
173 617
173 697
173 452
173 597
173 536
174 491
174 515
174 390
174 296
174 738
174 504
174 490
174 703
174 573
174 483
174 725
174 761
174 581
174 435
174 307
174 630
174 425
175 300
175 403
175 312
175 435
175 594
175 264
175 273
175 787
175 528
175 411
175 421
175 553
175 645
175 702
175 356
175 175
175 597
175 299
175 452
175 207
175 689
175 324
175 697
176 466
176 642
176 266
176 396
176 277
176 426
176 688
176 180
176 723
176 715
176 755
176 516
176 698
176 176
176 329
176 487
176 734
176 471
176 242
176 239
177 499
177 315
177 402
177 659
177 407
177 542
177 303
177 505
177 763
177 419
177 791
177 687
177 332
177 248
177 221
177 345
177 177
177 544
177 209
177 203
177 335
177 376
178 786
178 537
178 668
178 414
178 675
178 355
178 178
178 222
178 566
178 496
178 195
178 436
178 451
178 336
178 311
178 502
178 444
178 306
178 324
178 442
178 210
179 674
179 546
179 293
179 556
179 432
179 476
179 632
179 751
179 441
179 729
179 459
179 469
179 194
179 298
179 460
179 334
179 179
179 272
179 205
179 440
179 254
179 748
179 682
180 509
180 642
180 516
180 266
180 396
180 277
180 426
180 180
180 329
180 634
180 755
180 698
180 242
180 688
180 797
180 487
181 386
181 771
181 772
181 797
181 295
181 558
181 559
181 362
181 422
181 381
181 181
181 250
181 241
181 510
181 714
181 795
181 721
181 240
181 512
182 580
182 298
182 507
182 394
182 641
182 387
182 776
182 664
182 291
182 686
182 430
182 304
182 689
182 435
182 245
182 710
182 217
182 485
182 484
182 218
182 182
182 725
182 781
182 711
182 340
182 734
182 225
182 231
182 478
183 649
183 646
183 656
183 555
183 583
183 312
183 736
183 606
183 757
183 358
183 466
183 627
183 625
183 714
183 508
183 313
183 443
183 330
183 387
183 609
183 362
183 755
184 527
184 401
184 535
184 409
184 420
184 679
184 423
184 310
184 701
184 232
184 344
184 742
184 511
184 184
184 327
184 749
184 714
184 490
184 192
184 380
184 258
185 469
185 625
185 800
185 700
185 325
185 392
185 267
185 654
185 536
185 282
185 795
185 557
185 696
185 323
185 185
185 503
185 350
185 589
185 596
185 605
185 743
185 584
185 201
185 614
186 261
186 520
186 395
186 782
186 544
186 690
186 365
186 361
186 724
186 616
186 709
186 718
186 722
186 491
186 720
186 453
186 386
186 780
186 587
187 265
187 649
187 792
187 549
187 570
187 635
187 601
187 234
187 339
187 707
187 246
187 498
187 187
187 378
187 198
187 717
187 319
187 737
187 476
187 602
187 740
187 360
187 430
187 760
188 499
188 773
188 391
188 521
188 778
188 657
188 230
188 427
188 554
188 371
188 481
188 705
188 800
188 618
188 190
188 292
188 197
188 226
188 538
188 510
188 752
188 759
188 528
189 404
189 385
189 666
189 446
189 605
189 768
189 716
189 455
189 223
189 661
189 617
189 613
189 189
189 594
189 381
189 516
189 252
189 713
189 220
189 478
189 739
189 644
189 437
190 441
190 773
190 391
190 521
190 778
190 657
190 800
190 292
190 554
190 427
190 705
190 230
190 190
190 754
190 481
190 618
190 419
190 434
190 197
190 752
190 204
190 629
190 408
191 562
191 292
191 259
191 525
191 552
191 431
191 445
191 191
191 464
191 244
191 363
191 352
191 320
191 219
191 215
191 641
191 581
191 728
191 600
191 765
192 527
192 401
192 535
192 409
192 420
192 423
192 310
192 701
192 344
192 679
192 749
192 232
192 742
192 511
192 192
192 198
192 345
192 327
192 380
192 720
192 531
192 278
193 769
193 513
193 261
193 647
193 397
193 560
193 704
193 744
193 590
193 580
193 638
193 193
193 210
193 486
193 387
193 229
193 212
193 727
193 774
193 314
194 287
194 674
194 546
194 298
194 556
194 432
194 440
194 441
194 469
194 459
194 598
194 751
194 632
194 194
194 293
194 729
194 758
194 348
194 267
194 254
194 358
194 264
194 219
195 300
195 786
195 537
195 414
195 675
195 436
195 566
195 311
195 442
195 451
195 222
195 444
195 502
195 224
195 355
195 385
195 723
195 336
195 514
195 680
195 607
196 718
196 262
196 780
196 652
196 571
196 448
196 208
196 726
196 477
196 743
196 737
196 531
196 461
196 588
196 636
196 374
196 488
196 366
196 495
196 739
196 581
196 475
196 421
197 380
197 200
197 324
197 391
197 521
197 778
197 292
197 554
197 427
197 705
197 759
197 481
197 230
197 618
197 333
197 548
197 752
197 754
198 265
198 649
198 792
198 570
198 319
198 707
198 498
198 234
198 549
198 740
198 717
198 360
198 198
198 746
198 602
198 246
198 751
198 644
198 513
198 339
198 601
198 378
198 635
198 638
198 416
198 764
199 271
199 382
199 657
199 515
199 390
199 288
199 307
199 573
199 703
199 761
199 490
199 725
199 504
199 483
199 712
199 360
199 239
200 770
200 522
200 777
200 406
200 270
200 548
200 494
200 470
200 463
200 200
200 529
200 472
200 226
200 507
200 648
200 576
200 230
200 473
200 443
200 778
201 506
201 409
201 392
201 267
201 788
201 281
201 282
201 676
201 557
201 696
201 323
201 596
201 201
201 654
201 584
201 795
201 350
201 536
201 374
201 292
201 589
201 614
201 503
202 514
202 781
202 541
202 695
202 316
202 708
202 458
202 403
202 592
202 454
202 783
202 253
202 447
202 784
202 202
202 237
202 492
202 750
202 608
202 556
202 221
203 374
203 386
203 399
203 402
203 659
203 407
203 408
203 542
203 376
203 332
203 791
203 203
203 335
203 248
203 763
203 753
203 313
203 720
203 756
204 640
204 238
204 798
204 389
204 263
204 619
204 760
204 653
204 367
204 204
204 623
204 337
204 211
204 741
204 370
204 615
204 607
204 359
204 611
204 501
204 256
205 398
205 276
205 794
205 410
205 413
205 550
205 428
205 694
205 578
205 326
205 328
205 586
205 252
205 354
205 599
205 497
205 352
205 535
205 474
205 227
205 279
206 226
206 639
206 617
206 552
206 517
206 530
206 278
206 669
206 286
206 417
206 302
206 306
206 438
206 569
206 315
206 206
206 733
206 473
206 620
206 652
206 726
206 751
207 414
207 444
207 588
207 492
207 285
207 517
207 530
207 278
207 669
207 286
207 417
207 302
207 569
207 207
207 610
207 473
207 620
207 666
207 695
207 758
208 574
208 780
208 531
208 571
208 581
208 588
208 448
208 461
208 208
208 652
208 726
208 488
208 743
208 612
208 475
208 596
208 477
208 636
208 476
208 438
209 655
209 285
209 673
209 289
209 677
209 681
209 579
209 712
209 562
209 341
209 774
209 628
209 209
209 692
209 284
209 379
209 400
209 603
209 292
209 781
209 759
209 731
209 764
209 728
210 769
210 513
210 261
210 647
210 397
210 580
210 212
210 744
210 560
210 210
210 727
210 486
210 638
210 410
210 467
211 494
211 389
211 653
211 337
211 367
211 607
211 370
211 611
211 256
211 760
211 741
211 238
211 619
211 621
211 615
211 369
211 313
211 501
212 769
212 513
212 261
212 647
212 560
212 704
212 580
212 590
212 397
212 467
212 638
212 727
212 292
212 431
212 770
212 486
212 744
213 635
213 631
213 247
213 644
213 405
213 670
213 700
213 706
213 325
213 719
213 357
213 680
213 249
213 495
213 762
213 368
213 403
213 624
213 392
213 525
214 393
214 404
214 660
214 662
214 665
214 294
214 308
214 572
214 631
214 678
214 300
214 468
214 214
214 574
214 450
214 793
214 582
214 227
214 383
214 235
215 259
215 445
215 320
215 464
215 552
215 431
215 219
215 384
215 363
215 215
215 279
215 525
215 352
215 765
215 728
215 218
215 695
215 791
215 600
216 393
216 404
216 660
216 662
216 665
216 793
216 678
216 294
216 300
216 308
216 572
216 574
216 450
216 383
216 216
216 468
216 506
216 345
216 286
216 525
216 631
217 626
217 518
217 387
217 664
217 291
217 430
217 304
217 435
217 710
217 217
217 340
217 218
217 776
217 485
217 231
217 500
217 711
217 686
217 734
217 698
217 588
217 354
217 245
218 776
218 664
218 291
218 686
218 304
218 689
218 711
218 387
218 710
218 231
218 641
218 500
218 430
218 485
218 218
218 484
218 734
218 402
218 225
218 277
219 460
219 694
219 280
219 525
219 279
219 431
219 320
219 464
219 552
219 765
219 244
219 728
219 219
219 363
219 489
219 756
219 300
219 352
219 384
219 564
220 661
220 666
220 446
220 317
220 455
220 713
220 594
220 605
220 385
220 739
220 613
220 617
220 220
220 480
220 333
220 565
220 246
220 223
221 549
221 762
221 490
221 402
221 659
221 407
221 408
221 791
221 542
221 419
221 687
221 221
221 763
221 335
221 799
221 376
221 756
221 248
222 786
222 537
222 675
222 436
222 566
222 311
222 442
222 444
222 336
222 502
222 414
222 355
222 451
222 224
222 555
222 243
222 480
222 244
222 248
223 575
223 385
223 661
223 446
223 317
223 455
223 716
223 223
223 768
223 480
223 739
223 605
223 613
223 713
223 299
223 379
223 281
223 589
223 542
224 786
224 668
224 414
224 675
224 436
224 311
224 442
224 336
224 502
224 451
224 496
224 566
224 355
224 224
224 444
224 782
224 359
224 512
224 773
224 761
225 316
225 641
225 387
225 776
225 664
225 686
225 430
225 304
225 689
225 711
225 340
225 734
225 231
225 500
225 435
225 291
225 225
225 792
225 484
225 245
225 230
225 323
226 770
226 648
226 529
226 406
226 545
226 576
226 463
226 470
226 472
226 226
226 548
226 507
226 492
226 747
226 494
226 620
226 695
226 630
226 629
227 475
227 398
227 533
227 794
227 413
227 428
227 578
227 328
227 586
227 599
227 354
227 550
227 252
227 410
227 497
227 276
227 795
227 562
227 593
227 664
228 246
228 491
228 798
228 301
228 434
228 353
228 372
228 564
228 399
228 753
228 235
228 433
228 693
228 364
228 745
228 482
228 425
228 493
228 716
228 384
228 377
229 271
229 663
229 297
229 683
229 465
229 342
229 343
229 351
229 735
229 639
229 229
229 750
229 593
229 604
229 366
230 304
230 773
230 391
230 521
230 778
230 657
230 292
230 554
230 427
230 705
230 481
230 371
230 618
230 759
230 283
230 581
230 752
231 406
231 641
231 387
231 776
231 430
231 304
231 689
231 435
231 340
231 734
231 484
231 485
231 711
231 664
231 686
231 710
231 500
231 501
232 695
232 535
232 409
232 420
232 679
232 423
232 742
232 511
232 327
232 701
232 401
232 527
232 344
232 688
232 570
232 749
232 380
232 789
232 479
232 672
233 260
233 779
233 532
233 538
233 539
233 283
233 418
233 547
233 424
233 561
233 567
233 318
233 457
233 338
233 595
233 347
233 604
233 233
233 773
233 637
233 697
234 265
234 792
234 549
234 570
234 319
234 707
234 717
234 601
234 602
234 649
234 339
234 360
234 246
234 378
234 746
234 635
234 791
234 347
234 676
234 498
234 326
234 796
234 721
234 600
235 593
235 369
235 399
235 425
235 301
235 685
235 433
235 564
235 437
235 693
235 482
235 745
235 753
235 633
235 353
235 744
235 372
235 629
235 377
236 684
236 269
236 524
236 790
236 534
236 415
236 671
236 682
236 439
236 699
236 577
236 322
236 346
236 314
236 563
236 236
236 243
236 789
236 508
236 447
236 767
236 288
236 389
236 741
236 517
236 345
237 257
237 514
237 781
237 784
237 403
237 541
237 695
237 316
237 447
237 454
237 458
237 592
237 348
237 608
237 237
237 783
237 382
237 356
237 253
237 543
237 519
237 797
237 317
237 464
238 245
238 725
238 653
238 798
238 337
238 607
238 611
238 741
238 615
238 619
238 389
238 256
238 238
238 623
238 621
238 799
238 522
238 370
238 501
238 760
238 377
239 318
239 517
239 530
239 286
239 417
239 302
239 306
239 315
239 585
239 473
239 733
239 610
239 669
239 438
239 278
239 239
239 533
239 758
240 771
240 772
240 295
240 558
240 362
240 510
240 422
240 381
240 240
240 797
240 559
240 512
240 386
240 796
240 369
240 433
241 429
241 771
241 772
241 797
241 422
241 559
241 362
241 295
241 381
241 523
241 250
241 510
241 558
241 247
241 316
241 494
241 402
242 333
242 285
242 500
242 481
242 642
242 266
242 277
242 426
242 329
242 723
242 471
242 242
242 688
242 396
242 317
242 263
242 786
242 755
243 486
243 664
243 258
243 524
243 790
243 534
243 280
243 415
243 671
243 682
243 314
243 699
243 346
243 540
243 767
243 563
243 439
243 474
243 715
244 638
244 267
244 557
244 259
244 525
244 279
244 552
244 431
244 445
244 320
244 464
244 728
244 600
244 489
244 256
244 799
244 765
245 347
245 757
245 641
245 387
245 776
245 664
245 291
245 686
245 430
245 304
245 689
245 435
245 710
245 340
245 734
245 484
245 500
245 540
245 618
245 738
245 505
246 649
246 792
246 549
246 570
246 319
246 707
246 717
246 339
246 601
246 602
246 740
246 360
246 498
246 635
246 246
246 366
246 611
247 388
247 519
247 394
247 650
247 785
247 658
247 274
247 789
247 412
247 691
247 309
247 449
247 375
247 591
247 382
247 526
247 796
247 339
247 619
248 553
248 402
248 659
248 408
248 791
248 542
248 303
248 332
248 376
248 756
248 345
248 763
248 248
248 375
249 270
249 644
249 405
249 670
249 700
249 325
249 582
249 719
249 357
249 624
249 368
249 680
249 762
249 262
249 377
250 262
250 771
250 772
250 523
250 797
250 422
250 295
250 558
250 559
250 381
250 386
250 510
250 512
250 395
250 754
250 779
250 713
250 489
251 548
251 297
251 683
251 565
251 333
251 343
251 351
251 366
251 509
251 342
251 735
251 639
251 251
251 750
251 580
251 553
251 497
252 398
252 533
252 794
252 410
252 413
252 550
252 428
252 694
252 578
252 326
252 586
252 599
252 474
252 354
252 497
252 276
252 606
252 291
252 429
252 731
253 257
253 514
253 781
253 783
253 403
253 541
253 695
253 316
253 447
253 348
253 608
253 626
253 784
253 592
253 708
253 458
253 454
253 767
253 300
253 459
254 506
254 287
254 674
254 298
254 556
254 441
254 459
254 460
254 334
254 469
254 751
254 632
254 546
254 440
254 476
254 293
254 689
254 548
254 555
254 340
254 482
255 374
255 518
255 775
255 651
255 416
255 684
255 429
255 305
255 575
255 321
255 324
255 331
255 730
255 349
255 479
255 359
255 748
255 568
255 766
255 640
255 325
255 368
255 432
255 676
255 685
256 389
256 653
256 798
256 607
256 611
256 741
256 615
256 621
256 370
256 623
256 367
256 263
256 369
256 256
256 504
256 753
257 792
257 454
257 781
257 316
257 257
257 783
257 784
257 626
257 695
257 348
257 458
257 592
257 541
257 447
257 403
257 654
257 514
257 708
257 453
258 271
258 767
258 524
258 790
258 346
258 534
258 563
258 439
258 682
258 699
258 322
258 258
258 577
258 671
258 415
258 595
258 498
258 314
259 466
259 603
259 787
259 259
259 384
259 600
259 431
259 765
259 728
259 320
259 363
259 489
259 279
259 557
259 669
259 445
259 352
260 355
260 643
260 779
260 318
260 338
260 539
260 538
260 547
260 418
260 283
260 595
260 604
260 561
260 347
260 462
260 637
260 567
260 532
260 353
260 702
260 543
260 424
261 513
261 769
261 580
261 590
261 560
261 647
261 397
261 744
261 486
261 727
261 638
261 502
261 288
261 704
261 467
261 281
262 531
262 477
262 737
262 652
262 743
262 461
262 636
262 588
262 448
262 571
262 262
262 612
262 726
262 475
262 488
262 581
262 554
262 532
262 780
262 374
262 576
262 757
262 767
262 573
263 294
263 651
263 800
263 596
263 367
263 389
263 621
263 653
263 607
263 760
263 611
263 619
263 798
263 337
263 369
263 623
263 370
263 502
263 688
263 338
263 741
263 615
264 413
264 645
264 597
264 421
264 702
264 411
264 299
264 275
264 732
264 528
264 787
264 667
264 697
264 672
264 264
264 273
264 553
264 356
264 323
265 319
265 740
265 570
265 649
265 360
265 498
265 707
265 601
265 635
265 378
265 746
265 339
265 717
265 265
265 792
265 799
265 338
265 549
265 602
265 577
266 642
266 516
266 487
266 471
266 277
266 634
266 688
266 723
266 329
266 715
266 396
266 698
266 590
266 304
266 301
266 426
266 755
267 467
267 497
267 503
267 557
267 267
267 392
267 350
267 281
267 654
267 795
267 696
267 788
267 676
267 622
267 456
267 589
267 516
267 536
267 584
267 614
267 367
268 311
268 388
268 519
268 394
268 373
268 274
268 691
268 375
268 449
268 796
268 789
268 591
268 412
268 658
268 309
268 268
268 650
268 280
268 651
268 642
268 526
269 269
269 682
269 767
269 699
269 540
269 314
269 415
269 280
269 534
269 577
269 790
269 322
269 563
269 524
269 439
269 346
269 567
269 514
269 671
270 770
270 648
270 522
270 777
270 463
270 529
270 494
270 548
270 747
270 406
270 472
270 545
270 507
270 470
270 576
270 492
270 614
270 399
271 709
271 565
271 333
271 366
271 639
271 297
271 343
271 750
271 465
271 351
271 342
271 735
271 663
271 683
271 498
271 593
271 509
271 774
271 741
271 756
272 520
272 395
272 782
272 272
272 365
272 453
272 544
272 587
272 361
272 720
272 724
272 709
272 690
272 722
272 491
272 470
272 729
272 616
272 551
273 662
273 645
273 452
273 411
273 787
273 356
273 553
273 672
273 421
273 528
273 273
273 667
273 702
273 799
273 742
273 786
273 275
273 299
273 697
273 732
274 701
274 529
274 388
274 519
274 394
274 650
274 785
274 658
274 526
274 274
274 373
274 382
274 412
274 789
274 375
274 449
274 691
274 279
274 682
274 347
274 796
274 290
274 642
275 538
275 645
275 787
275 275
275 672
275 452
275 732
275 299
275 356
275 697
275 597
275 528
275 411
275 702
275 344
275 667
275 421
275 553
276 749
276 413
276 354
276 276
276 599
276 694
276 794
276 578
276 410
276 326
276 328
276 428
276 474
276 497
276 550
276 398
276 586
276 467
276 483
276 381
276 533
277 515
277 536
277 642
277 516
277 396
277 698
277 277
277 723
277 426
277 329
277 755
277 487
277 699
277 499
277 688
277 715
278 679
278 718
278 758
278 286
278 569
278 669
278 438
278 306
278 733
278 302
278 610
278 417
278 517
278 620
278 473
278 633
278 539
278 315
278 585
279 588
279 525
279 765
279 464
279 489
279 363
279 728
279 431
279 600
279 279
279 320
279 434
279 445
279 352
279 384
280 442
280 524
280 790
280 534
280 280
280 415
280 563
280 322
280 767
280 577
280 540
280 682
280 699
280 314
280 439
280 538
280 671
280 346
280 307
281 654
281 788
281 536
281 350
281 281
281 589
281 323
281 503
281 392
281 696
281 456
281 676
281 596
281 557
281 795
281 614
281 404
281 282
281 584
281 622
281 756
282 392
282 654
282 788
282 536
282 596
282 350
282 456
282 589
282 614
282 323
282 676
282 282
282 557
282 795
282 696
282 503
282 488
282 584
283 468
283 643
283 538
283 543
283 418
283 779
283 561
283 347
283 462
283 604
283 318
283 595
283 457
283 424
283 283
283 532
283 422
283 520
283 547
283 338
283 609
284 675
284 462
284 774
284 655
284 400
284 285
284 379
284 712
284 603
284 628
284 731
284 764
284 579
284 284
284 562
284 341
284 677
284 499
284 672
284 673
284 289
284 681
285 656
285 774
285 655
285 400
285 341
285 628
285 499
285 379
285 712
285 673
285 562
285 579
285 764
285 731
285 285
285 692
285 289
285 681
285 547
285 603
285 552
286 563
286 557
286 517
286 530
286 669
286 733
286 473
286 438
286 286
286 417
286 610
286 620
286 585
286 567
286 362
286 302
286 306
286 569
286 315
286 758
287 423
287 476
287 440
287 632
287 469
287 293
287 298
287 729
287 334
287 460
287 287
287 674
287 546
287 751
287 459
287 432
287 598
287 642
288 515
288 390
288 630
288 725
288 483
288 490
288 288
288 761
288 573
288 296
288 703
288 500
288 473
288 307
288 738
288 504
288 698
289 444
289 533
289 774
289 400
289 799
289 673
289 731
289 341
289 499
289 681
289 628
289 379
289 289
289 764
289 677
289 603
289 608
289 326
289 562
289 692
289 579
290 578
290 388
290 519
290 394
290 650
290 526
290 785
290 658
290 789
290 796
290 412
290 375
290 449
290 290
290 382
290 373
290 693
290 309
290 417
290 505
291 412
291 641
291 387
291 776
291 664
291 500
291 686
291 689
291 711
291 430
291 304
291 485
291 710
291 340
291 734
291 528
291 596
291 669
291 435
292 677
292 773
292 521
292 800
292 754
292 618
292 705
292 481
292 292
292 474
292 554
292 427
292 371
293 546
293 674
293 598
293 432
293 460
293 476
293 459
293 441
293 440
293 729
293 469
293 632
293 293
293 298
293 751
293 339
293 528
293 568
293 556
293 334
294 404
294 660
294 665
294 793
294 678
294 383
294 294
294 662
294 308
294 574
294 300
294 450
294 468
294 572
294 631
294 507
294 506
295 747
295 386
295 772
295 523
295 797
295 721
295 381
295 512
295 771
295 559
295 362
295 510
295 422
295 699
295 755
295 558
296 595
296 472
296 515
296 390
296 483
296 630
296 738
296 504
296 573
296 490
296 761
296 296
296 443
296 792
296 307
296 725
297 444
297 736
297 508
297 509
297 366
297 750
297 343
297 297
297 593
297 351
297 601
297 763
297 689
297 565
297 333
297 465
297 639
297 666
298 674
298 546
298 440
298 556
298 441
298 632
298 334
298 469
298 432
298 460
298 729
298 459
298 598
298 476
298 532
298 336
299 453
299 461
299 789
299 645
299 667
299 411
299 421
299 553
299 528
299 597
299 452
299 732
299 702
299 683
299 697
299 356
300 393
300 404
300 660
300 662
300 665
300 793
300 678
300 506
300 308
300 383
300 631
300 574
300 572
300 468
300 450
300 416
300 644
300 490
301 775
301 510
301 307
301 364
301 437
301 693
301 493
301 377
301 399
301 433
301 745
301 425
301 482
301 629
301 372
301 564
301 743
301 434
301 353
301 633
301 753
302 478
302 517
302 530
302 417
302 758
302 569
302 306
302 438
302 733
302 473
302 585
302 669
302 555
302 442
302 610
302 620
303 566
303 625
303 402
303 659
303 407
303 791
303 542
303 419
303 687
303 335
303 763
303 408
303 345
303 303
303 505
303 776
303 332
303 756
304 560
304 641
304 387
304 776
304 664
304 686
304 430
304 484
304 485
304 435
304 304
304 340
304 689
304 361
304 572
304 710
304 711
304 500
304 713
305 519
305 518
305 775
305 651
305 416
305 551
305 684
305 429
305 331
305 766
305 748
305 349
305 321
305 568
305 575
305 479
305 692
305 312
305 324
305 359
305 640
305 613
305 670
306 360
306 443
306 400
306 456
306 517
306 417
306 758
306 306
306 620
306 389
306 657
306 569
306 610
307 515
307 390
307 703
307 725
307 490
307 761
307 483
307 573
307 307
307 368
307 738
307 504
308 393
308 404
308 660
308 662
308 665
308 793
308 678
308 574
308 468
308 506
308 631
308 450
308 383
308 308
308 315
308 572
308 481
309 783
309 535
309 338
309 333
309 650
309 526
309 658
309 789
309 796
309 412
309 373
309 382
309 691
309 519
309 309
309 680
309 468
309 591
309 375
309 617
309 487
310 560
310 527
310 535
310 420
310 679
310 423
310 511
310 749
310 310
310 327
310 742
310 344
310 701
310 409
310 380
310 392
310 671
310 470
310 681
310 391
311 786
311 537
311 668
311 414
311 436
311 566
311 355
311 336
311 675
311 502
311 442
311 444
311 311
311 561
311 451
311 527
311 658
312 646
312 555
312 606
312 609
312 627
312 443
312 466
312 583
312 714
312 312
312 313
312 358
312 736
312 656
312 757
312 330
312 625
313 646
313 555
313 714
313 466
313 583
313 313
313 736
313 508
313 606
313 358
313 625
313 443
313 757
313 577
313 637
313 330
313 345
314 790
314 534
314 671
314 439
314 563
314 540
314 346
314 415
314 682
314 322
314 314
314 767
314 654
314 699
315 319
315 568
315 320
315 693
315 353
315 517
315 530
315 669
315 417
315 569
315 733
315 438
315 473
315 610
315 664
315 419
316 514
316 781
316 783
316 784
316 403
316 695
316 708
316 541
316 447
316 608
316 454
316 348
316 458
316 626
316 433
316 342
316 592
316 744
316 365
316 779
316 368
316 503
316 419
317 361
317 637
317 385
317 661
317 446
317 317
317 713
317 739
317 455
317 666
317 617
317 478
317 716
317 583
317 480
317 613
317 768
317 715
318 779
318 532
318 538
318 539
318 543
318 547
318 561
318 643
318 418
318 595
318 347
318 457
318 318
318 637
318 462
318 338
318 604
319 649
319 792
319 549
319 570
319 717
319 707
319 602
319 746
319 339
319 498
319 319
319 635
319 360
319 490
319 601
319 740
319 378
319 331
320 601
320 572
320 747
320 525
320 431
320 352
320 384
320 489
320 600
320 363
320 765
320 645
321 334
321 518
321 775
321 416
321 551
321 568
321 575
321 324
321 640
321 766
321 321
321 651
321 684
321 730
321 748
321 717
321 391
321 399
321 331
321 584
322 524
322 790
322 540
322 563
322 439
322 577
322 534
322 767
322 699
322 415
322 322
322 682
322 509
322 422
323 535
323 474
323 340
323 392
323 654
323 788
323 536
323 795
323 557
323 696
323 614
323 676
323 456
323 350
323 622
323 584
323 503
324 494
324 606
324 683
324 518
324 775
324 651
324 416
324 551
324 684
324 429
324 349
324 730
324 575
324 640
324 331
324 748
324 786
324 661
324 359
325 692
325 644
325 405
325 670
325 680
325 700
325 706
325 357
325 624
325 368
325 762
325 334
325 719
325 495
326 398
326 533
326 410
326 413
326 694
326 578
326 326
326 794
326 497
326 428
326 354
326 328
326 586
326 474
326 601
326 655
326 599
326 641
327 527
327 401
327 535
327 409
327 420
327 679
327 423
327 701
327 344
327 742
327 749
327 380
327 511
327 360
327 770
327 522
327 595
328 398
328 533
328 794
328 410
328 413
328 550
328 694
328 578
328 328
328 586
328 474
328 497
328 372
328 666
328 647
328 599
328 346
328 596
329 413
329 584
329 642
329 396
329 426
329 688
329 698
329 723
329 634
329 715
329 755
329 329
329 452
329 425
329 471
330 462
330 656
330 555
330 443
330 627
330 646
330 625
330 358
330 466
330 583
330 606
330 757
330 714
330 609
330 508
330 515
331 518
331 775
331 551
331 684
331 429
331 568
331 575
331 730
331 416
331 748
331 331
331 766
331 359
331 479
331 442
331 595
331 349
331 384
332 703
332 402
332 659
332 408
332 791
332 542
332 687
332 335
332 376
332 763
332 345
332 756
332 332
332 419
332 392
332 496
333 440
333 663
333 683
333 565
333 593
333 366
333 465
333 509
333 343
333 735
333 750
333 342
333 351
333 734
333 427
334 570
334 674
334 546
334 556
334 432
334 440
334 441
334 459
334 751
334 469
334 729
334 632
334 476
334 598
334 641
334 737
334 694
334 767
335 442
335 706
335 402
335 408
335 791
335 542
335 419
335 687
335 756
335 763
335 335
335 659
335 736
335 651
335 564
335 376
336 786
336 537
336 668
336 414
336 675
336 436
336 442
336 451
336 336
336 496
336 355
336 645
336 586
336 614
336 502
337 498
337 456
337 389
337 653
337 798
337 370
337 741
337 621
337 501
337 367
337 369
337 337
337 693
337 472
337 607
337 611
337 615
337 760
338 643
338 779
338 539
338 543
338 418
338 424
338 561
338 567
338 457
338 462
338 532
338 637
338 547
338 604
338 595
338 440
338 768
339 649
339 792
339 570
339 707
339 339
339 740
339 498
339 601
339 360
339 746
339 717
339 602
339 438
339 430
339 378
339 635
339 479
340 662
340 776
340 686
340 689
340 435
340 710
340 711
340 500
340 484
340 430
340 734
340 485
340 641
340 340
340 372
341 397
341 774
341 655
341 400
341 562
341 677
341 692
341 628
341 731
341 379
341 603
341 681
341 673
341 579
341 712
341 450
341 602
341 499
341 764
342 581
342 663
342 683
342 565
342 593
342 465
342 343
342 735
342 509
342 750
342 639
342 351
342 785
343 743
343 663
343 683
343 593
343 639
343 565
343 509
343 750
343 735
343 533
343 415
343 351
344 580
344 527
344 535
344 409
344 420
344 423
344 701
344 679
344 742
344 511
344 401
344 344
344 380
344 790
344 439
344 749
344 616
344 457
344 736
344 484
344 611
345 740
345 663
345 657
345 582
345 402
345 791
345 419
345 687
345 408
345 542
345 763
345 521
345 376
345 505
346 524
346 790
346 534
346 540
346 415
346 671
346 682
346 439
346 699
346 577
346 563
346 346
346 800
346 624
346 767
347 643
347 779
347 532
347 538
347 539
347 543
347 418
347 424
347 567
347 462
347 595
347 457
347 561
347 637
347 560
347 604
347 686
348 514
348 781
348 784
348 541
348 708
348 454
348 458
348 348
348 608
348 403
348 783
348 447
348 626
348 712
348 394
348 769
348 457
349 518
349 416
349 551
349 429
349 568
349 575
349 730
349 651
349 766
349 479
349 640
349 359
349 349
349 743
349 755
349 748
350 537
350 587
350 637
350 785
350 568
350 654
350 788
350 536
350 557
350 584
350 456
350 589
350 696
350 596
350 538
350 697
350 675
350 622
350 376
351 507
351 683
351 465
351 663
351 366
351 639
351 565
351 593
351 735
351 638
351 422
351 509
351 703
351 425
352 525
352 431
352 445
352 464
352 728
352 552
352 363
352 384
352 600
352 697
352 587
352 765
353 439
353 399
353 425
353 685
353 433
353 564
353 437
353 372
353 629
353 745
353 434
353 753
353 377
353 633
353 493
353 364
353 626
354 665
354 398
354 533
354 410
354 550
354 428
354 586
354 413
354 354
354 599
354 578
354 497
354 694
354 364
354 528
355 537
355 668
355 414
355 436
355 566
355 442
355 444
355 451
355 502
355 675
355 496
355 786
355 461
355 661
356 645
356 787
356 528
356 667
356 411
356 421
356 553
356 697
356 702
356 452
356 732
356 642
356 668
356 390
356 669
357 644
357 405
357 680
357 700
357 582
357 368
357 762
357 670
357 624
357 719
357 357
357 537
357 495
358 646
358 656
358 555
358 443
358 714
358 736
358 609
358 466
358 625
358 606
358 627
358 583
358 508
358 732
359 458
359 518
359 775
359 651
359 416
359 551
359 684
359 568
359 575
359 730
359 479
359 429
359 640
359 766
359 434
359 748
360 649
360 570
360 707
360 717
360 601
360 602
360 740
360 360
360 746
360 498
360 635
360 672
360 427
360 378
360 646
360 573
361 520
361 395
361 782
361 544
361 453
361 587
361 718
361 720
361 722
361 616
361 724
361 690
361 361
361 365
361 491
361 684
361 401
361 533
361 495
361 589
362 386
362 771
362 772
362 523
362 797
362 558
362 559
362 512
362 381
362 422
362 716
362 778
362 607
362 438
363 593
363 512
363 552
363 431
363 445
363 464
363 728
363 489
363 525
363 765
363 386
363 389
364 370
364 399
364 685
364 433
364 564
364 437
364 482
364 745
364 377
364 425
364 364
364 629
364 372
364 465
364 567
364 686
364 633
364 753
365 520
365 395
365 782
365 544
365 690
365 709
365 453
365 587
365 720
365 724
365 616
365 722
365 491
365 681
365 612
365 563
366 663
366 683
366 565
366 465
366 735
366 366
366 509
366 738
366 608
366 721
366 639
366 771
367 643
367 653
367 611
367 615
367 619
367 370
367 369
367 367
367 623
367 760
367 389
367 607
367 798
367 679
367 604
368 644
368 405
368 670
368 700
368 706
368 582
368 495
368 762
368 680
368 624
368 701
369 790
369 389
369 653
369 798
369 607
369 611
369 741
369 615
369 619
369 621
369 623
369 501
369 703
369 526
369 402
370 389
370 798
370 621
370 760
370 619
370 607
370 623
370 615
370 653
370 611
370 741
370 664
370 501
371 707
371 534
371 391
371 521
371 778
371 657
371 800
371 554
371 481
371 618
371 759
371 752
371 754
371 705
371 380
371 434
372 399
372 685
372 433
372 482
372 745
372 493
372 753
372 693
372 437
372 633
372 564
372 642
372 704
372 394
372 629
372 377
373 779
373 388
373 519
373 394
373 650
373 526
373 785
373 789
373 796
373 591
373 449
373 412
373 658
373 375
373 541
374 701
374 543
374 652
374 531
374 571
374 588
374 726
374 475
374 477
374 737
374 612
374 743
374 636
374 780
374 461
375 497
375 519
375 394
375 650
375 526
375 658
375 796
375 691
375 449
375 375
375 789
375 766
375 485
376 378
376 678
376 671
376 772
376 446
376 407
376 408
376 791
376 376
376 402
376 419
376 465
377 399
377 425
377 434
377 564
377 437
377 482
377 633
377 433
377 629
377 745
377 753
377 685
377 497
378 649
378 792
378 549
378 602
378 740
378 746
378 635
378 707
378 570
378 717
378 601
378 706
378 721
378 466
379 774
379 655
379 400
379 799
379 677
379 562
379 579
379 712
379 603
379 499
379 628
379 731
379 681
379 536
379 505
379 726
380 527
380 401
380 535
380 420
380 423
380 701
380 742
380 749
380 409
380 398
380 711
380 477
381 771
381 772
381 797
381 422
381 721
381 510
381 386
381 634
381 546
381 512
382 418
382 388
382 394
382 650
382 785
382 789
382 796
382 412
382 691
382 591
382 382
382 658
382 526
382 490
383 393
383 660
383 662
383 665
383 793
383 678
383 574
383 450
383 468
383 631
383 506
383 572
383 638
383 797
383 402
383 448
383 750
384 540
384 431
384 445
384 464
384 600
384 765
384 525
384 728
384 384
384 634
385 477
385 385
385 617
385 713
385 478
385 446
385 661
385 768
385 480
385 666
385 605
385 455
385 594
385 755
385 739
386 655
386 721
386 558
386 422
386 510
386 771
386 386
386 559
386 512
386 797
386 659
386 406
386 772
386 523
386 723
387 635
387 612
387 641
387 734
387 710
387 435
387 387
387 686
387 500
387 484
387 717
387 781
387 776
387 664
387 689
387 711
388 394
388 691
388 650
388 785
388 658
388 789
388 412
388 591
388 388
388 796
388 526
388 449
388 744
388 430
388 586
389 592
389 653
389 611
389 621
389 741
389 623
389 389
389 798
389 795
389 460
389 607
389 619
389 501
389 760
390 590
390 515
390 483
390 573
390 504
390 703
390 725
390 630
390 390
390 701
390 775
390 738
391 777
391 427
391 778
391 800
391 705
391 773
391 391
391 752
391 657
391 618
391 754
391 715
391 521
391 759
392 536
392 614
392 788
392 503
392 696
392 596
392 392
392 584
392 589
392 456
392 622
392 582
392 539
392 654
392 795
392 676
392 557
393 572
393 662
393 631
393 506
393 393
393 793
393 468
393 450
393 404
393 660
393 574
393 457
393 665
393 678
394 519
394 785
394 789
394 658
394 591
394 691
394 449
394 412
394 526
394 650
394 796
394 629
395 560
395 520
395 720
395 724
395 690
395 709
395 616
395 491
395 718
395 453
395 587
395 395
395 429
395 544
395 722
395 667
395 411
395 564
396 642
396 516
396 698
396 723
396 688
396 715
396 755
396 634
396 396
396 471
396 487
396 591
396 426
397 769
397 590
397 727
397 467
397 580
397 397
397 486
397 744
397 647
397 704
397 416
397 533
397 638
398 578
398 428
398 794
398 398
398 497
398 694
398 550
398 413
398 474
398 586
398 761
398 622
398 533
398 410
398 599
398 730
398 446
399 625
399 629
399 753
399 564
399 493
399 633
399 482
399 745
399 685
399 433
399 399
399 646
399 425
399 434
399 437
400 459
400 774
400 655
400 400
400 603
400 677
400 764
400 731
400 712
400 499
400 799
400 673
400 681
400 562
400 692
400 579
401 527
401 511
401 401
401 423
401 409
401 742
401 749
401 679
401 701
401 420
401 615
401 532
402 586
402 579
402 763
402 687
402 756
402 659
402 505
402 402
402 407
402 791
402 542
403 781
403 783
403 454
403 608
403 447
403 708
403 458
403 592
403 541
403 626
403 695
403 403
403 784
403 553
403 639
403 558
403 618
404 404
404 506
404 793
404 574
404 631
404 450
404 662
404 665
404 678
404 572
404 783
404 687
404 660
404 468
404 663
404 614
405 468
405 799
405 644
405 700
405 719
405 680
405 405
405 706
405 582
405 760
405 670
405 624
406 541
406 770
406 522
406 777
406 529
406 470
406 472
406 494
406 463
406 548
406 492
406 747
406 576
406 648
406 406
406 698
406 545
406 507
406 714
406 644
406 693
407 791
407 542
407 419
407 756
407 659
407 408
407 505
407 407
407 763
407 687
407 535
407 742
407 710
408 520
408 677
408 686
408 702
408 659
408 419
408 542
408 763
408 791
408 408
408 775
408 687
409 572
409 527
409 535
409 742
409 423
409 511
409 679
409 749
409 420
409 543
409 701
409 531
409 599
410 451
410 533
410 794
410 586
410 578
410 474
410 694
410 413
410 410
410 641
410 538
410 656
410 599
411 527
411 645
411 787
411 667
411 553
411 697
411 732
411 452
411 672
411 411
411 435
411 421
411 702
411 597
411 634
412 519
412 526
412 785
412 658
412 449
412 789
412 691
412 650
412 591
412 796
412 543
413 635
413 794
413 586
413 578
413 474
413 550
413 497
413 428
413 694
413 599
413 413
414 786
414 537
414 668
414 675
414 451
414 502
414 496
414 566
414 442
414 436
414 414
414 756
414 704
415 707
415 524
415 790
415 534
415 540
415 699
415 577
415 767
415 563
415 439
415 487
415 683
415 671
415 552
416 793
416 674
416 518
416 479
416 775
416 568
416 640
416 684
416 429
416 766
416 730
416 416
416 546
416 551
417 522
417 517
417 530
417 669
417 417
417 438
417 585
417 569
417 444
417 610
417 758
417 687
418 643
418 779
418 532
418 539
418 543
418 561
418 547
418 418
418 462
418 595
418 567
418 457
418 538
418 724
418 604
418 794
418 680
419 454
419 421
419 659
419 791
419 542
419 419
419 687
419 756
419 505
420 535
420 742
420 701
420 749
420 679
420 420
420 576
420 423
420 511
420 441
420 768
421 695
421 645
421 787
421 528
421 667
421 672
421 697
421 452
421 421
421 553
421 732
421 702
422 771
422 772
422 523
422 797
422 422
422 558
422 512
422 721
422 578
422 534
422 559
422 510
422 584
423 527
423 535
423 679
423 749
423 511
423 701
423 622
423 742
423 492
423 788
424 643
424 779
424 532
424 538
424 539
424 543
424 547
424 561
424 595
424 462
424 637
424 567
424 457
424 604
424 432
424 526
424 694
424 748
425 488
425 470
425 521
425 685
425 564
425 745
425 629
425 437
425 493
425 425
425 753
425 633
425 738
425 434
425 693
425 482
426 726
426 776
426 642
426 516
426 634
426 715
426 688
426 487
426 426
426 709
426 563
426 536
426 698
426 723
426 755
427 717
427 773
427 521
427 657
427 800
427 427
427 752
427 481
427 618
427 705
427 754
427 505
427 759
427 480
427 620
428 454
428 533
428 794
428 550
428 428
428 474
428 497
428 599
428 586
428 724
429 518
429 651
429 551
429 684
429 640
429 429
429 730
429 766
429 479
429 748
429 775
429 493
429 568
429 575
429 553
430 656
430 641
430 776
430 686
430 485
430 710
430 689
430 484
430 435
430 711
430 430
430 458
430 500
431 545
431 552
431 728
431 489
431 431
431 765
431 464
431 600
431 643
431 793
431 585
431 445
432 549
432 674
432 546
432 556
432 460
432 751
432 476
432 598
432 441
432 440
432 490
432 641
432 469
432 729
432 591
433 685
433 482
433 633
433 753
433 564
433 493
433 433
433 629
433 437
433 693
433 720
433 434
434 668
434 739
434 685
434 482
434 493
434 629
434 437
434 633
434 500
434 582
434 564
434 693
434 745
434 753
435 593
435 664
435 686
435 689
435 435
435 710
435 485
435 484
435 641
435 711
435 598
435 675
435 734
435 622
436 786
436 537
436 668
436 675
436 451
436 496
436 444
436 566
436 475
436 606
436 442
437 553
437 501
437 685
437 564
437 482
437 745
437 753
437 493
437 437
437 524
437 523
437 693
437 633
437 629
438 665
438 517
438 530
438 669
438 585
438 610
438 473
438 569
438 758
438 438
438 620
438 733
438 714
439 524
439 790
439 534
439 540
439 671
439 563
439 767
439 439
439 478
439 699
439 558
440 674
440 546
440 556
440 751
440 459
440 476
440 729
440 598
440 440
440 469
440 499
441 674
441 556
441 546
441 632
441 476
441 441
441 729
441 460
441 751
441 459
441 563
441 469
441 598
442 537
442 675
442 566
442 668
442 444
442 451
442 786
442 496
442 783
442 502
443 616
443 646
443 656
443 555
443 627
443 443
443 606
443 736
443 757
443 609
443 508
443 714
443 466
443 633
444 786
444 537
444 668
444 675
444 566
444 451
444 502
444 496
444 444
444 692
445 716
445 525
445 552
445 445
445 489
445 728
445 600
445 707
445 480
445 464
445 653
446 544
446 705
446 661
446 666
446 478
446 605
446 480
446 739
446 617
446 455
446 768
446 613
446 713
446 716
447 514
447 781
447 783
447 784
447 541
447 695
447 458
447 447
447 592
447 708
447 608
447 768
447 782
447 454
448 531
448 743
448 588
448 737
448 581
448 636
448 780
448 477
448 571
448 475
448 488
448 448
448 726
448 652
448 719
448 785
448 461
448 612
448 586
449 537
449 519
449 650
449 526
449 785
449 789
449 691
449 449
449 796
449 658
449 591
449 573
449 616
449 787
450 660
450 665
450 793
450 678
450 572
450 574
450 468
450 662
450 450
450 724
450 552
450 502
450 631
450 506
450 476
451 786
451 537
451 675
451 566
451 502
451 668
451 451
451 771
451 496
451 641
452 690
452 667
452 702
452 528
452 672
452 452
452 645
452 697
452 553
452 597
452 487
452 767
452 482
453 520
453 782
453 544
453 690
453 709
453 722
453 491
453 616
453 724
453 720
453 467
453 587
453 586
454 514
454 781
454 784
454 708
454 626
454 458
454 783
454 541
454 695
454 454
454 608
454 592
454 471
455 571
455 797
455 661
455 666
455 739
455 613
455 716
455 713
455 480
455 605
455 455
455 774
455 730
455 478
455 768
456 660
456 567
456 652
456 788
456 536
456 676
456 584
456 696
456 614
456 596
456 622
456 654
456 608
456 589
456 516
457 643
457 779
457 532
457 538
457 543
457 547
457 561
457 457
457 462
457 567
457 637
457 531
457 595
458 514
458 781
458 783
458 784
458 541
458 695
458 608
458 592
458 626
458 607
458 588
458 643
459 674
459 546
459 556
459 476
459 632
459 751
459 729
459 460
459 485
459 469
459 598
459 653
460 674
460 546
460 556
460 632
460 460
460 751
460 469
460 476
460 729
461 780
461 652
461 571
461 581
461 588
461 726
461 636
461 612
461 477
461 488
461 531
461 461
461 641
461 529
461 737
461 743
461 473
462 701
462 643
462 779
462 532
462 538
462 539
462 543
462 547
462 567
462 462
462 561
462 663
462 595
462 604
462 470
463 770
463 648
463 777
463 545
463 548
463 576
463 492
463 529
463 472
463 470
463 747
463 522
463 603
463 585
463 507
464 525
464 552
464 489
464 464
464 600
464 765
464 728
465 565
465 639
465 735
465 509
465 683
465 593
465 663
465 465
465 715
465 750
465 563
466 652
466 646
466 656
466 555
466 714
466 627
466 736
466 757
466 508
466 609
466 619
467 769
467 513
467 647
467 560
467 704
467 580
467 590
467 486
467 744
467 638
467 727
467 499
467 604
468 660
468 662
468 793
468 678
468 572
468 468
468 574
468 631
469 556
469 476
469 729
469 632
469 598
469 674
469 635
469 588
469 523
469 623
470 770
470 522
470 777
470 529
470 545
470 576
470 492
470 494
470 747
470 548
470 507
470 472
471 501
471 642
471 516
471 688
471 723
471 634
471 487
471 755
471 698
471 471
471 790
471 607
472 727
472 770
472 648
472 522
472 777
472 529
472 548
472 576
472 545
472 747
472 494
472 492
472 507
473 517
473 530
473 669
473 569
473 585
473 473
473 774
473 488
473 733
473 610
473 620
474 751
474 533
474 694
474 578
474 599
474 586
474 550
474 474
474 623
474 577
474 497
475 780
475 652
475 531
475 571
475 581
475 737
475 726
475 636
475 743
475 612
475 488
475 529
475 759
475 671
476 546
476 598
476 632
476 751
476 674
476 476
477 631
477 780
477 652
477 531
477 581
477 588
477 571
477 743
477 612
477 477
477 526
478 661
478 666
478 713
478 716
478 739
478 617
478 594
478 478
478 768
478 480
478 605
478 762
479 520
479 518
479 775
479 651
479 551
479 568
479 575
479 730
479 479
479 766
479 640
479 516
480 661
480 666
480 713
480 716
480 594
480 768
480 613
480 617
480 605
480 739
481 773
481 521
481 657
481 800
481 554
481 705
481 778
481 752
481 481
481 601
481 754
481 530
482 574
482 799
482 685
482 564
482 633
482 753
482 745
482 482
482 493
483 721
483 515
483 573
483 703
483 738
483 504
483 490
483 725
483 593
483 701
483 638
484 729
484 776
484 664
484 686
484 689
484 710
484 734
484 485
484 484
484 529
484 572
484 754
485 776
485 664
485 686
485 689
485 710
485 711
485 734
485 500
485 641
485 485
485 670
486 513
486 647
486 560
486 727
486 638
486 590
486 704
486 486
486 696
487 683
487 642
487 516
487 688
487 715
487 723
487 698
487 586
487 659
487 755
488 780
488 652
488 571
488 726
488 612
488 743
488 581
488 737
488 588
488 636
488 531
488 539
488 739
488 734
489 740
489 780
489 596
489 525
489 552
489 728
489 600
489 765
489 751
490 515
490 703
490 630
490 725
490 761
490 504
491 786
491 520
491 782
491 544
491 690
491 709
491 587
491 718
491 720
491 722
491 724
491 593
491 794
491 565
491 735
492 726
492 770
492 648
492 522
492 777
492 529
492 545
492 548
492 576
492 747
492 760
492 494
493 581
493 685
493 693
493 745
493 633
493 753
493 564
493 639
493 545
494 722
494 770
494 648
494 522
494 777
494 529
494 576
494 747
494 545
494 507
494 682
494 745
495 566
495 644
495 670
495 706
495 719
495 680
495 582
495 762
495 700
495 724
495 797
496 786
496 537
496 668
496 675
496 566
496 496
496 606
496 656
496 697
497 668
497 561
497 533
497 794
497 550
497 694
498 649
498 549
498 570
498 717
498 602
498 746
498 707
498 792
498 498
498 635
498 572
499 551
499 774
499 799
499 677
499 562
499 692
499 579
499 712
499 603
499 731
499 673
499 618
499 628
499 688
499 564
500 591
500 641
500 776
500 664
500 686
500 710
500 711
500 734
500 500
500 610
501 653
501 798
501 607
501 611
501 615
501 619
501 621
501 623
501 760
501 741
501 501
502 786
502 537
502 668
502 675
502 566
502 502
502 793
502 598
502 691
503 660
503 654
503 536
503 795
503 676
503 557
503 696
503 584
503 589
503 614
503 596
503 503
504 515
504 703
504 738
504 725
504 630
504 504
504 761
504 724
504 686
505 576
505 605
505 634
505 687
505 756
505 542
505 763
505 659
505 771
506 662
506 665
506 793
506 678
506 572
506 574
506 660
506 631
506 594
507 770
507 529
507 545
507 576
507 747
507 548
507 648
507 671
508 555
508 583
508 714
508 609
508 625
508 627
508 646
508 656
508 736
508 508
508 711
509 683
509 565
509 593
509 750
509 639
509 509
509 735
509 708
509 524
509 705
510 592
510 743
510 771
510 523
510 797
510 559
510 693
510 512
511 527
511 535
511 679
511 701
511 749
511 713
511 714
511 707
511 685
511 569
512 771
512 523
512 797
512 721
512 559
512 512
513 769
513 580
513 560
513 647
513 590
513 638
513 744
513 747
513 618
513 680
513 727
513 692
514 626
514 592
514 784
514 783
514 541
514 608
514 514
514 634
514 731
514 695
514 708
515 725
515 630
515 703
515 761
515 573
516 577
516 594
516 698
516 516
516 634
516 642
516 688
516 755
516 715
516 723
517 758
517 530
517 733
517 569
517 669
517 585
517 620
517 610
517 692
518 748
518 730
518 651
518 775
518 568
518 575
518 640
518 551
518 684
518 618
518 604
518 771
518 719
518 788
518 755
519 606
519 591
519 796
519 658
519 519
519 789
519 785
519 691
519 685
519 650
519 526
520 587
520 544
520 520
520 718
520 720
520 616
520 724
520 722
520 709
520 798
520 690
520 613
521 773
521 752
521 618
521 754
521 521
521 554
521 800
521 759
521 778
522 587
522 576
522 770
522 522
522 548
522 529
522 777
522 528
522 545
522 747
523 772
523 771
523 523
523 797
523 721
523 558
523 559
523 594
524 563
524 790
524 540
524 577
524 524
524 671
524 767
524 725
524 634
524 534
524 682
524 615
525 663
525 628
525 554
525 525
525 600
525 552
525 765
525 729
525 728
525 798
526 650
526 658
526 789
526 785
526 691
526 591
526 796
526 526
526 760
527 679
527 701
527 527
527 749
527 535
527 585
527 694
528 787
528 672
528 597
528 732
528 667
528 645
528 697
528 553
528 593
528 702
529 770
529 648
529 545
529 548
529 529
529 692
529 720
529 576
529 530
530 766
530 610
530 758
530 585
530 530
530 733
530 569
530 620
530 677
531 652
531 780
531 743
531 581
531 588
531 636
531 531
531 571
531 726
531 727
531 737
532 784
532 643
532 637
532 595
532 604
532 567
532 543
532 539
532 547
532 561
532 779
532 538
532 752
532 550
532 585
533 533
533 599
533 550
533 627
533 794
533 694
533 578
533 586
534 764
534 790
534 767
534 540
534 671
534 699
534 563
534 534
534 641
534 682
535 660
535 679
535 749
535 742
535 588
535 735
535 785
535 686
535 577
536 788
536 696
536 536
536 557
536 622
536 589
536 676
536 592
536 795
536 584
536 596
537 786
537 668
537 566
537 675
537 790
537 739
538 643
538 779
538 543
538 547
538 595
538 604
538 637
538 538
538 728
538 672
538 539
538 561
538 567
538 654
539 643
539 567
539 779
539 637
539 539
539 543
539 561
539 547
539 760
539 711
539 548
539 604
539 777
540 782
540 604
540 790
540 671
540 540
540 577
540 767
540 699
540 682
541 781
541 784
541 783
541 708
541 592
541 695
541 626
541 608
541 558
541 690
542 623
542 659
542 791
542 756
542 763
542 687
542 652
542 559
543 643
543 779
543 547
543 543
543 561
543 637
543 567
543 604
543 606
544 782
544 587
544 709
544 544
544 722
544 724
544 718
544 720
544 616
544 690
544 666
544 760
545 570
545 770
545 648
545 777
545 545
545 717
545 548
545 576
545 747
545 565
545 562
546 674
546 729
546 556
546 598
546 632
546 751
546 546
546 572
546 647
546 583
546 710
546 621
547 643
547 779
547 595
547 604
547 567
547 547
547 558
547 707
547 710
547 561
547 637
548 770
548 648
548 777
548 747
548 548
548 576
548 732
548 714
549 649
549 792
549 717
549 601
549 707
549 549
549 746
549 570
549 740
549 602
549 635
549 652
549 699
549 716
550 674
550 794
550 694
550 550
550 578
550 599
550 775
550 784
550 586
550 583
550 624
551 775
551 651
551 766
551 640
551 551
551 748
551 684
551 568
551 730
551 559
552 710
552 765
552 600
552 552
552 728
553 735
553 645
553 787
553 667
553 672
553 732
553 697
554 559
554 773
554 800
554 705
554 752
554 754
554 618
554 657
554 759
554 593
554 670
555 646
555 656
555 736
555 609
555 625
555 757
555 627
555 606
555 714
555 754
555 583
556 674
556 751
556 632
556 598
556 729
556 737
556 797
557 658
557 654
557 676
557 696
557 584
557 596
557 622
557 788
557 614
557 680
557 589
558 771
558 772
558 797
558 558
558 763
558 559
559 771
559 772
559 559
559 797
559 721
560 769
560 647
560 560
560 590
560 704
560 580
560 727
560 638
560 744
560 730
560 698
561 626
561 643
561 779
561 595
561 604
561 567
561 736
561 637
561 789
562 769
562 774
562 655
562 799
562 677
562 681
562 712
562 562
562 628
562 692
562 764
562 579
563 587
563 722
563 604
563 683
563 790
563 682
563 577
563 767
563 699
564 741
564 685
564 564
564 633
564 745
564 753
564 693
564 629
565 663
565 683
565 565
565 735
565 750
565 639
565 790
565 593
565 698
566 786
566 668
566 566
566 675
566 676
566 666
567 643
567 779
567 595
567 637
567 604
567 567
567 596
567 689
568 775
568 651
568 684
568 575
568 748
568 730
568 766
568 640
569 669
569 569
569 585
569 610
569 620
570 649
570 792
570 601
570 707
570 602
570 570
570 740
570 752
570 746
571 780
571 652
571 588
571 612
571 581
571 737
571 726
571 743
571 571
571 728
571 729
571 700
571 610
572 660
572 662
572 665
572 793
572 678
572 572
572 574
573 738
573 761
573 725
573 703
573 630
574 660
574 662
574 665
574 793
574 678
574 574
574 631
575 775
575 651
575 684
575 730
575 766
575 748
575 575
576 648
576 777
576 747
576 637
577 790
577 671
577 682
577 699
577 767
577 577
578 794
578 599
578 586
578 578
578 694
578 712
578 773
579 784
579 774
579 799
579 673
579 692
579 764
579 655
579 579
579 712
579 731
579 785
579 603
579 628
580 769
580 647
580 704
580 638
580 727
580 744
580 616
580 640
581 780
581 581
581 612
581 743
581 652
581 726
581 588
582 746
582 670
582 680
582 706
582 644
582 624
582 762
582 719
582 582
582 700
582 617
583 646
583 656
583 627
583 736
583 609
583 606
583 757
583 625
583 714
583 583
583 664
583 703
584 690
584 654
584 788
584 696
584 622
584 589
584 795
584 676
584 596
584 614
585 620
585 758
585 733
585 732
586 794
586 694
586 599
586 681
586 624
587 782
587 690
587 724
587 722
587 718
587 720
587 616
587 795
588 780
588 652
588 636
588 737
588 726
588 635
588 693
589 654
589 676
589 795
589 589
589 622
589 596
589 636
590 647
590 704
590 744
590 590
590 638
590 769
590 727
590 633
590 673
590 650
591 785
591 789
591 691
591 591
591 796
591 650
591 658
591 644
591 761
592 781
592 783
592 784
592 695
592 592
592 626
592 664
592 608
592 646
593 663
593 683
593 593
593 750
593 735
593 639
593 669
594 595
594 780
594 661
594 666
594 713
594 716
594 768
594 617
594 739
594 605
594 598
594 613
595 643
595 779
595 595
595 637
595 604
596 654
596 795
596 676
596 696
596 614
596 788
597 744
597 775
597 699
597 645
597 787
597 667
597 597
597 732
597 708
598 674
598 598
598 632
598 675
599 794
599 694
599 599
600 608
600 641
600 600
600 717
600 650
601 649
601 792
601 717
601 635
601 746
601 601
601 602
601 707
601 617
601 629
602 649
602 792
602 707
602 717
602 746
602 740
602 659
602 754
602 635
602 786
602 632
602 752
603 639
603 655
603 799
603 673
603 677
603 712
603 731
603 764
603 628
603 681
603 774
603 784
603 661
604 643
604 779
604 637
605 781
605 742
605 718
605 652
605 661
605 666
605 713
605 716
605 613
605 739
605 617
605 768
606 646
606 656
606 714
606 625
606 606
606 736
606 627
607 650
607 798
607 653
607 615
607 611
607 760
607 621
607 619
607 623
608 781
608 784
608 695
608 708
608 608
608 763
609 646
609 656
609 714
609 736
609 757
609 625
609 609
609 672
609 627
610 669
610 610
610 733
610 797
610 620
610 758
611 798
611 611
611 653
611 621
611 615
611 623
611 741
611 626
611 619
612 647
612 652
612 726
612 636
612 612
612 780
612 781
613 631
613 661
613 666
613 713
613 716
613 739
613 613
613 789
613 617
613 768
614 667
614 788
614 795
614 676
614 696
614 654
614 622
614 728
614 758
615 653
615 760
615 741
615 615
615 798
615 619
615 767
615 621
615 791
616 690
616 709
616 718
616 720
616 724
616 782
616 616
617 666
617 713
617 661
617 739
617 768
618 773
618 778
618 657
618 800
618 705
618 733
618 752
618 754
619 653
619 798
619 760
619 619
619 741
619 623
619 759
620 669
620 733
620 758
620 620
620 623
621 746
621 653
621 798
621 741
621 621
621 623
622 654
622 788
622 676
622 696
622 795
622 622
622 786
623 649
623 739
623 653
623 798
623 741
623 623
623 785
623 760
624 644
624 700
624 706
624 719
624 680
624 670
624 693
624 762
625 646
625 656
625 757
625 627
625 736
625 714
625 654
625 765
626 781
626 783
626 784
626 695
626 708
626 626
627 646
627 757
627 736
627 672
628 774
628 655
628 799
628 673
628 677
628 681
628 731
628 712
628 628
628 741
628 764
629 685
629 745
629 633
629 693
629 629
629 753
630 721
630 702
630 725
630 630
630 761
630 675
631 660
631 662
631 665
631 793
631 678
631 720
632 668
632 729
632 751
632 740
632 681
633 685
633 745
633 693
633 753
633 789
633 797
634 689
634 642
634 688
634 698
634 723
634 634
635 649
635 792
635 717
635 740
635 746
635 763
636 786
636 742
636 690
636 780
636 652
636 726
637 643
637 779
637 637
637 764
637 795
638 769
638 647
638 704
638 744
639 751
639 663
639 683
639 735
639 746
640 775
640 684
640 730
640 748
640 640
641 662
641 679
641 689
641 711
641 734
641 776
641 686
641 664
641 710
642 642
642 723
642 715
642 763
643 779
643 643
644 784
644 762
644 644
644 670
644 680
644 700
644 706
644 719
645 697
645 645
645 702
645 787
645 732
645 667
645 733
645 677
645 672
646 757
646 646
646 714
646 692
646 656
646 736
647 769
647 647
647 704
647 695
647 741
647 744
647 796
647 697
648 770
648 648
648 777
648 774
648 669
648 747
649 746
649 707
649 792
649 740
649 724
649 717
650 792
650 796
650 785
650 650
650 658
650 779
650 789
651 775
651 651
651 684
651 766
651 748
651 730
651 693
652 780
652 652
652 737
652 726
653 781
653 670
653 760
653 741
653 798
653 795
654 788
654 676
654 654
654 696
654 740
654 795
655 774
655 673
655 677
655 692
655 764
655 712
655 681
655 731
655 799
655 705
655 778
656 714
656 736
656 656
656 757
656 771
657 684
657 773
657 778
657 705
657 759
657 752
657 754
657 657
657 800
658 785
658 796
658 691
658 658
658 789
659 687
659 756
659 659
659 763
659 766
659 791
660 660
660 678
660 665
660 662
660 793
661 661
661 739
661 666
661 713
661 716
662 662
662 678
662 665
662 793
662 679
662 779
662 719
663 683
663 663
663 735
663 750
663 673
663 755
664 727
664 776
664 689
664 711
664 686
664 710
664 734
664 772
664 702
664 738
665 665
665 793
665 724
665 760
666 713
666 666
666 768
666 716
666 739
667 787
667 732
667 672
667 697
667 702
667 667
668 786
668 668
668 675
668 712
669 731
669 758
669 733
669 689
670 706
670 762
670 719
670 761
670 680
670 700
671 770
671 790
671 767
671 682
671 699
672 697
672 732
672 787
672 735
672 702
673 774
673 799
673 712
673 677
673 673
673 764
673 731
673 692
673 681
674 729
674 674
674 751
674 698
675 786
675 675
675 791
675 677
676 708
676 788
676 795
676 696
677 777
677 714
677 774
677 799
677 731
677 681
677 677
677 764
677 692
677 712
677 768
678 678
678 757
679 701
679 679
679 749
679 742
680 705
680 719
680 680
680 762
680 700
680 706
680 687
681 774
681 799
681 692
681 731
681 712
681 764
681 681
682 682
682 699
682 767
683 683
683 735
683 750
684 730
684 748
684 766
684 775
684 721
685 685
685 745
685 693
685 753
686 776
686 734
686 711
686 710
686 689
687 791
687 763
687 756
688 688
688 698
688 755
688 723
688 746
688 715
689 689
689 711
689 734
689 710
690 782
690 690
690 709
690 724
690 718
690 720
690 722
691 785
691 789
691 796
691 691
691 732
692 774
692 799
692 764
692 692
692 712
692 731
693 693
693 745
693 753
694 794
694 694
695 707
695 783
695 784
695 708
695 695
695 704
696 788
696 795
696 696
696 776
697 787
697 732
697 697
698 715
698 755
698 723
699 767
699 699
699 790
699 743
700 772
700 762
700 706
700 700
700 719
701 701
701 749
701 742
702 785
702 787
702 702
703 738
703 725
703 761
704 783
704 769
704 727
704 704
705 773
705 778
705 800
705 754
705 759
705 752
706 729
706 719
706 762
706 737
707 740
707 792
707 746
707 717
707 707
708 783
708 784
708 708
708 781
708 793
709 793
709 782
709 722
709 718
709 720
710 710
710 776
710 711
710 734
711 743
711 776
711 734
712 774
712 799
712 731
712 764
712 712
713 716
713 768
714 736
714 714
715 755
715 723
715 715
715 736
716 799
716 739
716 774
716 768
717 717
717 746
717 792
717 747
718 782
718 724
718 718
718 722
720 782
720 722
721 771
721 772
721 797
721 721
721 738
722 782
722 724
722 722
723 726
724 782
725 726
725 725
725 738
726 780
726 737
726 726
726 745
727 727
727 744
727 769
727 762
728 792
728 732
728 731
730 748
730 775
730 766
730 742
731 774
731 799
732 787
732 732
733 752
733 758
733 737
734 776
734 734
735 793
735 782
735 750
736 736
736 757
737 780
737 737
737 743
738 787
738 761
739 768
740 792
740 740
740 746
741 798
741 741
741 760
742 742
742 749
743 780
743 743
744 769
744 744
744 770
745 753
746 792
746 746
747 777
748 775
748 748
748 766
750 750
750 761
751 751
752 773
752 778
752 754
752 752
752 759
753 753
754 773
754 778
754 759
756 791
756 763
756 756
757 757
758 793
759 778
759 800
759 759
759 798
759 780
760 798
762 762
764 774
764 799
764 764
765 765
766 794
766 775
766 766
769 769
771 771
771 797
771 772
772 772
772 797
773 778
773 773
773 800
774 799
775 775
776 776
777 777
778 800
778 778
779 779
780 780
781 783
781 781
781 784
783 784
783 783
784 784
785 785
785 796
785 789
786 786
788 788
788 795
789 796
790 790
791 800
792 792
793 793
794 794
795 795
796 796
797 797
798 798
799 799
800 800
