800 7100
1 556
1 124
1 104
1 312
1 108
1 222
1 324
1 393
1 440
1 229
1 554
1 364
1 503
1 777
1 470
1 651
1 19
1 165
1 294
1 297
1 180
1 464
1 733
1 181
1 216
1 226
1 380
2 572
2 564
2 672
2 343
2 449
2 359
2 421
2 144
2 145
2 703
2 6
2 2
2 333
2 166
2 531
2 307
2 311
2 710
3 368
3 293
3 3
3 778
3 126
3 442
3 673
3 208
3 72
3 414
3 765
3 692
3 291
3 236
3 646
3 287
3 444
3 316
3 454
3 243
4 779
4 97
4 380
4 4
4 588
4 456
4 592
4 597
4 727
4 200
4 741
4 218
4 576
4 15
4 793
4 550
4 184
4 65
4 83
4 497
5 641
5 644
5 528
5 754
5 167
5 542
5 789
5 655
5 5
5 166
5 299
5 643
5 535
5 131
5 377
5 506
5 768
5 602
5 175
5 382
6 117
6 531
6 144
6 411
6 311
6 307
6 189
6 452
6 564
6 664
6 710
6 145
6 6
6 421
6 702
6 703
6 359
6 627
7 783
7 516
7 636
7 485
7 247
7 386
7 743
7 254
7 481
7 34
7 142
7 479
7 158
7 376
7 776
7 521
7 527
7 656
7 37
7 426
7 365
8 514
8 292
8 609
8 547
8 157
8 248
8 178
8 601
8 782
8 593
8 499
8 455
8 706
8 350
8 783
8 397
8 657
8 423
8 430
9 183
9 390
9 360
9 755
9 370
9 171
9 301
9 766
9 608
9 42
9 511
9 617
9 9
9 259
9 678
9 565
9 705
10 583
10 555
10 653
10 650
10 545
10 149
10 284
10 605
10 56
10 147
10 246
10 574
10 198
10 176
10 765
10 552
10 169
10 49
11 512
11 131
11 302
11 625
11 116
11 63
11 101
11 476
11 327
11 190
11 680
11 138
11 764
11 484
11 450
11 792
11 536
11 681
11 57
11 221
11 629
12 137
12 69
12 687
12 660
12 119
12 356
12 458
12 668
12 435
12 269
12 195
12 615
12 483
12 363
12 140
12 478
12 103
13 641
13 129
13 257
13 130
13 640
13 498
13 245
13 13
13 29
13 334
13 633
13 744
13 470
13 549
13 579
13 493
13 367
13 627
13 799
14 140
14 709
14 185
14 757
14 620
14 471
14 787
14 595
14 232
14 648
14 693
14 211
14 59
14 369
14 212
14 17
14 460
15 374
15 756
15 40
15 15
15 352
15 734
15 413
15 55
15 533
15 235
15 335
15 58
15 800
15 694
15 786
15 36
15 575
15 357
15 496
15 428
16 780
16 78
16 572
16 73
16 666
16 742
16 181
16 694
16 215
16 85
16 368
16 20
16 132
16 358
16 240
16 402
16 445
16 325
16 634
16 69
17 648
17 140
17 232
17 471
17 446
17 757
17 787
17 205
17 89
17 693
17 128
17 17
17 291
17 61
17 460
17 595
17 369
18 258
18 296
18 326
18 18
18 121
18 720
18 44
18 425
18 712
18 489
18 679
18 309
18 161
18 254
18 795
18 586
18 635
19 108
19 104
19 556
19 222
19 324
19 124
19 440
19 503
19 297
19 733
19 79
19 626
19 180
19 610
19 165
19 294
19 554
19 464
20 780
20 402
20 486
20 694
20 78
20 325
20 67
20 73
20 85
20 490
20 215
20 93
20 715
20 777
20 445
20 742
21 643
21 528
21 275
21 377
21 23
21 373
21 253
21 535
21 789
21 66
21 407
21 21
21 168
21 692
21 166
21 167
21 338
21 433
22 642
22 526
22 398
22 22
22 635
22 153
22 242
22 305
22 618
22 424
22 114
22 251
22 125
22 296
22 546
22 568
22 482
22 753
22 432
23 165
23 641
23 643
23 644
23 655
23 528
23 789
23 535
23 407
23 377
23 168
23 542
23 66
23 540
23 299
23 506
23 768
23 171
24 124
24 742
24 660
24 458
24 212
24 103
24 483
24 628
24 668
24 435
24 416
24 119
24 24
24 695
24 472
24 356
24 363
25 259
25 530
25 152
25 713
25 596
25 77
25 217
25 319
25 159
25 383
25 697
25 285
25 409
25 84
25 453
25 355
25 111
26 653
26 529
26 149
26 583
26 198
26 169
26 246
26 725
26 574
26 147
26 616
26 748
26 605
26 26
26 284
26 552
26 555
26 176
27 523
27 587
27 115
27 27
27 717
27 391
27 585
27 736
27 558
27 459
27 106
27 747
27 580
27 330
27 676
27 105
28 532
28 277
28 790
28 410
28 314
28 100
28 427
28 151
28 113
28 146
28 487
28 45
28 318
28 682
28 197
28 417
28 686
28 54
28 315
28 461
28 236
28 597
29 589
29 773
29 783
29 502
29 245
29 498
29 367
29 762
29 186
29 130
29 470
29 29
29 61
29 579
29 744
29 630
29 640
30 722
30 517
30 154
30 283
30 75
30 272
30 691
30 560
30 141
30 718
30 264
30 375
30 438
30 614
30 516
30 683
30 331
30 342
31 388
31 274
31 570
31 209
31 578
31 289
31 31
31 133
31 271
31 371
31 228
31 437
31 249
31 671
31 418
31 507
31 638
31 103
31 647
32 223
32 463
32 771
32 400
32 404
32 160
32 674
32 510
32 313
32 32
32 577
32 731
32 600
32 684
32 304
32 589
32 505
32 767
33 258
33 156
33 161
33 326
33 746
33 425
33 33
33 795
33 296
33 489
33 586
33 121
33 309
33 788
33 679
33 295
33 44
33 562
33 203
33 603
34 280
34 686
34 493
34 516
34 665
34 479
34 763
34 376
34 656
34 426
34 632
34 636
34 158
34 552
34 485
34 302
35 407
35 776
35 781
35 661
35 791
35 415
35 70
35 150
35 109
35 504
35 606
35 35
35 337
35 737
35 46
35 447
35 726
35 225
36 413
36 800
36 756
36 58
36 722
36 374
36 36
36 335
36 187
36 357
36 559
36 235
36 493
36 40
36 467
36 352
36 439
37 386
37 516
37 521
37 656
37 376
37 743
37 479
37 254
37 636
37 481
37 632
37 495
37 665
37 299
37 365
37 763
37 764
38 469
38 182
38 723
38 494
38 120
38 231
38 139
38 216
38 740
38 321
38 53
38 227
38 127
38 519
38 319
38 429
38 317
38 613
38 491
39 135
39 652
39 265
39 233
39 751
39 196
39 39
39 164
39 241
39 82
39 193
39 270
39 799
39 73
39 450
39 465
39 86
40 273
40 779
40 800
40 559
40 734
40 722
40 533
40 58
40 90
40 786
40 357
40 496
40 241
40 55
40 87
40 352
40 192
40 353
41 796
41 671
41 544
41 191
41 739
41 607
41 342
41 214
41 537
41 501
41 308
41 361
41 50
41 688
41 738
41 433
41 434
41 201
42 678
42 353
42 705
42 301
42 728
42 329
42 441
42 370
42 183
42 716
42 617
42 565
42 729
42 730
42 171
42 60
42 360
42 755
43 772
43 134
43 538
43 412
43 310
43 443
43 48
43 43
43 557
43 735
43 721
43 573
43 760
43 450
43 684
43 95
43 384
43 411
44 156
44 795
44 161
44 679
44 425
44 295
44 258
44 51
44 121
44 44
44 720
44 452
44 704
45 277
45 667
45 548
45 315
45 303
45 314
45 45
45 146
45 100
45 236
45 461
45 417
45 179
45 487
46 260
46 645
46 261
46 781
46 150
46 791
46 798
46 457
46 661
46 525
46 109
46 504
46 337
46 164
46 726
46 738
46 467
47 388
47 524
47 289
47 418
47 677
47 371
47 263
47 570
47 638
47 228
47 133
47 752
47 437
47 47
47 62
48 262
48 684
48 721
48 538
48 95
48 760
48 611
48 573
48 772
48 520
48 384
48 323
48 48
48 310
48 443
48 68
48 451
49 522
49 653
49 529
49 149
49 545
49 555
49 552
49 176
49 574
49 198
49 49
49 147
49 240
49 605
49 616
49 748
49 246
49 475
50 537
50 796
50 671
50 544
50 433
50 434
50 188
50 62
50 569
50 50
50 354
50 308
50 194
50 191
50 201
50 342
50 456
51 258
51 156
51 161
51 679
51 425
51 562
51 603
51 720
51 296
51 586
51 51
51 712
51 467
51 203
51 59
52 397
52 547
52 178
52 292
52 601
52 350
52 761
52 553
52 499
52 71
52 769
52 657
52 706
52 593
52 677
53 519
53 139
53 429
53 53
53 590
53 223
53 749
53 494
53 539
53 469
53 182
53 613
53 143
53 317
53 321
53 740
53 231
53 127
54 395
54 410
54 667
54 286
54 417
54 548
54 682
54 427
54 686
54 315
54 318
54 487
54 54
54 314
54 236
55 786
55 335
55 467
55 413
55 90
55 55
55 559
55 87
55 734
55 756
55 496
55 203
55 575
55 722
55 352
55 357
56 650
56 653
56 147
56 284
56 169
56 555
56 583
56 616
56 149
56 725
56 748
56 529
56 176
56 222
56 774
57 141
57 680
57 302
57 96
57 179
57 131
57 101
57 382
57 629
57 63
57 138
57 625
57 306
57 239
57 476
57 116
58 779
58 413
58 800
58 187
58 756
58 533
58 352
58 734
58 467
58 575
58 58
58 87
59 387
59 648
59 787
59 709
59 205
59 620
59 89
59 693
59 140
59 460
59 369
59 757
59 211
59 61
59 446
59 595
59 563
60 392
60 678
60 171
60 183
60 441
60 729
60 705
60 329
60 64
60 360
60 608
60 755
60 370
60 290
60 716
60 766
61 387
61 648
61 460
61 602
61 140
61 61
61 369
61 185
61 128
61 757
61 693
61 292
61 709
61 595
61 211
61 110
62 593
62 537
62 544
62 308
62 214
62 534
62 688
62 226
62 796
62 739
62 62
62 188
62 191
62 201
62 342
62 607
62 354
63 131
63 138
63 792
63 302
63 306
63 190
63 63
63 96
63 382
63 327
63 116
63 120
63 480
63 484
64 362
64 390
64 678
64 171
64 301
64 565
64 183
64 441
64 64
64 511
64 729
64 728
64 142
64 201
64 465
65 793
65 550
65 184
65 576
65 200
65 714
65 97
65 380
65 727
65 98
65 351
65 741
65 240
65 140
65 597
66 641
66 655
66 528
66 275
66 535
66 166
66 167
66 299
66 373
66 338
66 644
66 253
66 429
66 377
66 506
66 768
67 666
67 694
67 181
67 78
67 73
67 358
67 93
67 325
67 634
67 132
67 742
67 715
67 780
67 595
67 486
67 490
67 286
68 134
68 262
68 520
68 538
68 412
68 684
68 220
68 772
68 557
68 443
68 310
68 760
68 735
68 174
68 721
68 95
68 611
68 384
69 660
69 668
69 416
69 687
69 435
69 195
69 615
69 362
69 137
69 212
69 458
69 119
69 472
69 224
70 260
70 645
70 781
70 525
70 415
70 447
70 337
70 225
70 661
70 726
70 776
70 504
70 261
70 190
70 606
70 109
71 769
71 514
71 657
71 292
71 430
71 178
71 248
71 750
71 71
71 761
71 397
71 423
71 436
71 601
71 682
72 646
72 778
72 287
72 414
72 689
72 454
72 72
72 624
72 202
72 293
72 610
72 444
72 752
72 765
72 757
73 474
73 402
73 666
73 181
73 445
73 325
73 715
73 358
73 85
73 780
73 694
73 761
73 93
73 368
73 634
74 706
74 796
74 544
74 688
74 434
74 569
74 201
74 354
74 226
74 537
74 361
74 74
74 739
74 319
74 501
75 517
75 399
75 283
75 560
75 691
75 438
75 785
75 604
75 718
75 141
75 331
75 619
75 75
75 724
75 94
76 391
76 676
76 558
76 585
76 587
76 459
76 76
76 758
76 523
76 736
76 730
76 105
76 512
76 454
76 151
77 259
77 266
77 530
77 409
77 285
77 300
77 431
77 690
77 759
77 697
77 159
77 152
77 571
77 286
77 596
78 132
78 780
78 402
78 436
78 572
78 358
78 78
78 715
78 490
78 368
78 736
78 742
78 634
78 416
79 393
79 165
79 554
79 556
79 440
79 312
79 626
79 733
79 108
79 180
79 79
79 104
79 649
79 464
79 222
79 364
79 503
79 124
79 755
80 518
80 267
80 403
80 163
80 204
80 462
80 328
80 122
80 737
80 102
80 477
80 80
80 515
80 750
80 344
80 88
80 381
80 746
81 319
81 531
81 771
81 400
81 404
81 408
81 674
81 298
81 304
81 577
81 708
81 589
81 505
81 160
81 393
81 731
81 238
82 403
82 573
82 800
82 513
82 265
82 270
82 799
82 543
82 164
82 500
82 135
82 234
82 241
82 244
82 86
82 751
82 250
83 294
83 456
83 200
83 714
83 592
83 727
83 380
83 218
83 576
83 597
83 509
83 793
83 83
83 91
83 97
83 240
83 497
84 266
84 530
84 152
84 409
84 159
84 300
84 571
84 340
84 697
84 92
84 319
84 259
84 383
84 432
85 132
85 666
85 436
85 181
85 325
85 715
85 402
85 634
85 215
85 368
85 445
85 535
86 265
86 270
86 799
86 196
86 164
86 234
86 250
86 241
86 86
86 567
86 699
86 381
86 751
87 559
87 374
87 779
87 722
87 87
87 467
87 357
87 235
87 800
87 575
87 392
87 90
87 113
88 515
88 518
88 267
88 395
88 403
88 163
88 328
88 737
88 448
88 347
88 123
88 462
88 204
88 440
88 102
88 122
88 381
88 596
89 606
89 725
89 387
89 787
89 185
89 205
89 89
89 369
89 620
89 709
89 595
89 711
89 110
89 719
89 548
89 681
90 779
90 786
90 413
90 800
90 335
90 722
90 374
90 533
90 734
90 467
90 90
90 352
90 401
91 793
91 184
91 576
91 456
91 218
91 497
91 91
91 98
91 727
91 97
91 349
91 592
91 403
91 380
92 259
92 266
92 152
92 285
92 431
92 690
92 596
92 340
92 713
92 92
92 345
92 383
92 446
92 355
93 220
93 132
93 780
93 436
93 572
93 325
93 215
93 358
93 445
93 181
93 402
93 170
93 490
93 634
94 155
94 264
94 399
94 785
94 683
94 438
94 141
94 560
94 691
94 718
94 517
94 283
94 619
94 499
95 772
95 538
95 412
95 684
95 557
95 310
95 443
95 323
95 220
95 760
95 379
95 738
95 735
96 131
96 138
96 792
96 536
96 680
96 681
96 302
96 306
96 179
96 327
96 629
96 480
96 592
96 625
96 116
96 382
97 311
97 184
97 456
97 714
97 588
97 592
97 380
97 509
97 351
97 218
97 123
97 741
98 793
98 576
98 592
98 351
98 727
98 741
98 509
98 497
98 349
98 98
98 184
98 796
99 526
99 405
99 568
99 252
99 237
99 251
99 385
99 642
99 125
99 639
99 618
99 419
99 753
99 546
99 570
100 532
100 277
100 790
100 146
100 667
100 686
100 314
100 318
100 315
100 487
100 113
100 548
100 490
100 236
101 229
101 138
101 680
101 681
101 221
101 480
101 476
101 629
101 101
101 625
101 302
101 296
102 515
102 395
102 403
102 204
102 474
102 219
102 448
102 518
102 422
102 336
102 122
102 267
102 549
102 378
102 787
103 335
103 269
103 687
103 435
103 458
103 103
103 660
103 224
103 416
103 362
103 483
104 393
104 294
104 556
104 440
104 229
104 104
104 222
104 777
104 554
104 324
104 446
104 108
104 626
104 124
105 748
105 391
105 396
105 558
105 580
105 523
105 587
105 366
105 541
105 736
105 148
105 747
105 754
105 115
105 248
105 796
105 193
106 774
106 391
106 523
106 541
106 558
106 730
106 736
106 612
106 580
106 148
106 758
106 459
106 676
106 525
106 771
107 795
107 679
107 296
107 562
107 309
107 326
107 489
107 746
107 720
107 704
107 603
107 425
107 156
107 121
107 761
107 343
108 165
108 312
108 324
108 229
108 556
108 733
108 222
108 108
108 777
108 532
108 626
109 260
109 645
109 261
109 525
109 337
109 150
109 798
109 781
109 415
109 225
109 701
109 636
109 118
110 648
110 693
110 185
110 460
110 232
110 595
110 140
110 757
110 620
110 471
110 211
110 787
110 563
111 268
111 276
111 406
111 279
111 282
111 155
111 162
111 685
111 177
111 206
111 346
111 475
111 341
111 696
111 378
111 255
111 621
112 144
112 531
112 672
112 421
112 175
112 564
112 449
112 710
112 359
112 145
112 333
112 311
112 343
112 703
112 278
112 408
113 766
113 277
113 410
113 417
113 682
113 686
113 303
113 315
113 286
113 548
113 151
113 318
114 717
114 642
114 405
114 153
114 546
114 419
114 424
114 621
114 237
114 618
114 114
114 398
114 583
115 523
115 541
115 676
115 587
115 459
115 736
115 612
115 747
115 366
115 396
115 774
115 585
115 451
115 758
115 512
115 496
116 371
116 138
116 536
116 306
116 179
116 190
116 221
116 480
116 302
116 629
116 565
117 770
117 649
117 290
117 551
117 707
117 210
117 468
117 732
117 394
117 631
117 239
117 170
117 117
118 581
118 260
118 261
118 776
118 781
118 701
118 457
118 726
118 504
118 118
118 738
118 525
118 778
119 137
119 269
119 416
119 435
119 483
119 356
119 622
119 472
119 668
119 119
119 151
120 519
120 139
120 429
120 182
120 469
120 216
120 749
120 494
120 723
120 473
120 491
120 321
120 120
120 127
121 697
121 258
121 156
121 795
121 296
121 425
121 295
121 562
121 704
121 712
121 489
121 623
122 518
122 267
122 395
122 422
122 197
122 204
122 462
122 336
122 477
122 448
122 381
122 135
122 325
122 421
122 517
123 515
123 518
123 267
123 395
123 403
123 163
123 197
123 204
123 344
123 219
123 477
123 123
123 787
124 165
124 294
124 297
124 554
124 180
124 440
124 312
124 733
124 651
124 503
124 264
125 431
125 425
125 642
125 398
125 546
125 419
125 568
125 482
125 618
125 621
125 252
125 424
125 406
125 660
126 414
126 444
126 208
126 442
126 288
126 207
126 610
126 624
126 765
126 673
126 689
126 126
126 197
127 429
127 723
127 227
127 740
127 231
127 749
127 469
127 473
127 494
127 223
127 317
127 623
127 130
128 140
128 787
128 693
128 211
128 709
128 460
128 595
128 620
128 128
128 369
128 757
128 473
129 130
129 579
129 194
129 493
129 257
129 245
129 640
129 633
129 334
129 136
129 129
129 762
129 453
129 773
129 783
129 367
129 498
130 603
130 257
130 630
130 245
130 367
130 579
130 627
130 744
130 493
130 194
130 773
130 647
130 783
130 334
130 470
130 762
130 640
131 526
131 221
131 306
131 190
131 680
131 476
131 179
131 131
131 792
131 225
131 302
131 480
131 484
131 629
132 402
132 486
132 490
132 325
132 358
132 742
132 780
132 694
132 715
132 634
132 368
132 352
132 666
132 572
133 388
133 508
133 599
133 578
133 752
133 263
133 507
133 524
133 289
133 274
133 228
133 249
133 418
133 549
133 783
133 271
133 677
133 570
133 371
133 638
134 772
134 451
134 310
134 581
134 735
134 134
134 721
134 557
134 611
134 379
134 443
134 569
134 262
134 520
134 538
134 412
134 573
134 220
134 760
134 384
134 331
135 539
135 513
135 164
135 799
135 270
135 567
135 751
135 652
135 453
135 450
135 196
135 465
135 231
135 265
135 543
135 330
136 502
136 627
136 257
136 579
136 245
136 647
136 194
136 367
136 470
136 783
136 498
136 630
136 493
136 328
136 186
136 744
136 476
137 137
137 458
137 416
137 668
137 212
137 615
137 435
137 363
137 269
137 687
137 224
137 326
137 472
137 483
137 622
137 625
138 145
138 636
138 625
138 680
138 536
138 681
138 792
138 476
138 484
138 302
138 544
138 327
138 221
139 519
139 469
139 473
139 216
139 491
139 494
139 182
139 613
139 584
139 317
139 231
139 139
139 321
139 723
139 223
140 387
140 648
140 140
140 446
140 595
140 471
140 369
140 620
140 787
140 232
140 282
140 693
140 460
140 205
140 455
141 785
141 399
141 561
141 283
141 683
141 560
141 623
141 154
141 724
141 272
141 264
141 604
141 619
141 438
141 614
141 221
142 389
142 743
142 527
142 521
142 247
142 665
142 636
142 656
142 485
142 479
142 142
142 284
142 158
142 376
143 355
143 281
143 320
143 658
143 670
143 466
143 794
143 637
143 711
143 420
143 675
143 662
143 143
143 401
143 659
143 663
143 280
143 172
143 348
144 595
144 311
144 564
144 189
144 702
144 664
144 333
144 307
144 452
144 421
144 710
144 704
144 411
144 669
144 672
144 359
145 631
145 343
145 307
145 452
145 672
145 703
145 311
145 449
145 175
145 702
145 145
145 411
145 564
145 719
145 389
146 532
146 277
146 790
146 151
146 487
146 286
146 315
146 686
146 667
146 410
146 303
146 682
146 548
146 403
146 461
147 429
147 522
147 574
147 169
147 745
147 605
147 725
147 552
147 529
147 147
147 198
147 676
147 149
147 284
147 583
147 391
147 543
148 379
148 169
148 523
148 396
148 676
148 541
148 612
148 585
148 148
148 717
148 459
148 580
148 391
148 482
148 558
148 730
148 366
149 650
149 529
149 169
149 574
149 522
149 616
149 583
149 198
149 246
149 284
149 177
149 748
149 187
150 260
150 261
150 776
150 781
150 457
150 504
150 150
150 645
150 738
150 447
150 661
150 415
150 580
150 798
150 701
150 773
151 532
151 790
151 417
151 686
151 410
151 667
151 151
151 487
151 277
151 303
151 286
151 548
151 682
151 236
152 530
152 596
152 431
152 217
152 345
152 571
152 759
152 690
152 319
152 285
152 159
152 517
152 409
152 300
152 697
152 713
152 355
153 279
153 642
153 526
153 398
153 753
153 424
153 153
153 482
153 546
153 639
153 251
153 392
154 163
154 399
154 691
154 517
154 604
154 154
154 438
154 785
154 375
154 623
154 283
154 656
154 560
154 698
154 619
155 268
155 273
155 276
155 788
155 282
155 206
155 213
155 594
155 177
155 696
155 784
155 598
155 406
155 162
155 685
155 341
156 795
156 746
156 296
156 562
156 203
156 712
156 704
156 309
156 258
156 161
156 665
156 425
156 295
156 720
157 545
157 514
157 499
157 609
157 248
157 292
157 706
157 350
157 750
157 455
157 769
157 547
157 157
157 553
157 593
157 761
158 389
158 521
158 656
158 636
158 386
158 376
158 632
158 479
158 254
158 481
158 247
158 365
158 524
158 743
158 763
159 530
159 285
159 571
159 409
159 759
159 345
159 340
159 431
159 383
159 319
159 697
159 322
159 217
160 756
160 510
160 313
160 582
160 771
160 731
160 160
160 304
160 400
160 505
160 674
160 408
160 266
160 298
160 173
160 577
160 708
160 767
161 258
161 712
161 795
161 586
161 295
161 489
161 679
161 326
161 296
161 469
161 203
161 603
162 268
162 406
162 279
162 282
162 475
162 213
162 346
162 788
162 255
162 685
162 591
162 341
162 422
162 177
162 696
163 267
163 328
163 403
163 422
163 347
163 163
163 219
163 474
163 395
163 336
163 448
163 462
163 344
163 387
163 708
163 601
163 390
164 513
164 270
164 265
164 164
164 751
164 330
164 453
164 567
164 234
164 500
164 228
164 465
165 393
165 777
165 229
165 297
165 503
165 324
165 651
165 165
165 294
165 556
165 180
165 464
165 364
165 575
166 643
166 644
166 535
166 407
166 542
166 641
166 338
166 754
166 253
166 373
166 789
166 336
166 299
167 626
167 641
167 528
167 275
167 789
167 644
167 377
167 168
167 754
167 253
167 643
167 590
167 784
167 424
167 576
168 641
168 528
168 535
168 407
168 275
168 644
168 299
168 655
168 542
168 373
168 338
168 440
168 768
169 650
169 529
169 545
169 555
169 176
169 574
169 246
169 284
169 605
169 725
169 748
169 242
170 649
170 797
170 439
170 239
170 732
170 707
170 566
170 244
170 700
170 551
170 394
170 695
170 492
170 262
170 192
171 711
171 390
171 392
171 441
171 729
171 360
171 755
171 766
171 608
171 678
171 716
172 555
172 654
172 659
172 662
172 794
172 420
172 332
172 637
172 488
172 670
172 675
172 348
172 563
172 643
172 320
172 466
173 414
173 400
173 404
173 408
173 600
173 771
173 510
173 298
173 238
173 304
173 589
173 731
173 432
173 290
173 708
173 230
173 767
174 646
174 287
174 673
174 414
174 291
174 293
174 174
174 202
174 442
174 765
174 454
174 208
174 258
174 692
174 444
174 610
174 243
175 788
175 531
175 664
175 672
175 359
175 702
175 669
175 175
175 421
175 703
175 311
175 564
175 449
175 333
175 608
176 650
176 653
176 529
176 583
176 555
176 745
176 522
176 616
176 574
176 552
176 725
176 563
176 530
177 268
177 273
177 276
177 788
177 282
177 346
177 696
177 406
177 213
177 378
177 310
177 591
177 594
177 341
177 255
178 791
178 514
178 657
178 423
178 430
178 178
178 397
178 761
178 769
178 499
178 375
178 455
178 609
178 750
179 566
179 306
179 681
179 792
179 625
179 476
179 536
179 629
179 764
179 327
179 325
179 190
179 221
180 777
180 554
180 733
180 364
180 312
180 229
180 626
180 180
180 651
180 676
180 222
180 503
181 436
181 402
181 694
181 634
181 181
181 325
181 572
181 666
181 715
181 780
181 445
182 539
182 429
182 182
182 231
182 519
182 227
182 223
182 321
182 216
182 373
182 317
182 584
182 723
182 469
182 749
183 755
183 617
183 370
183 705
183 392
183 729
183 608
183 441
183 353
183 716
183 800
183 728
183 360
183 766
184 793
184 550
184 240
184 741
184 351
184 200
184 456
184 497
184 218
184 714
184 635
184 592
185 693
185 709
185 205
185 648
185 387
185 602
185 185
185 620
185 460
185 211
185 340
185 595
185 471
185 369
186 507
186 257
186 773
186 647
186 640
186 762
186 502
186 245
186 744
186 194
186 334
186 186
186 579
186 627
187 413
187 559
187 235
187 187
187 335
187 575
187 374
187 496
187 734
187 352
187 533
187 722
188 537
188 796
188 671
188 544
188 308
188 433
188 739
188 226
188 688
188 501
188 534
188 361
188 214
188 570
188 342
188 607
189 664
189 411
189 672
189 311
189 333
189 719
189 710
189 343
189 564
189 449
189 669
189 703
189 716
189 702
190 792
190 681
190 306
190 302
190 680
190 480
190 382
190 476
190 726
190 327
190 764
191 537
191 308
191 569
191 361
191 534
191 607
191 226
191 354
191 201
191 671
191 501
191 257
192 524
192 770
192 649
192 797
192 290
192 551
192 695
192 439
192 631
192 192
192 239
192 256
192 492
192 244
192 438
193 699
193 500
193 513
193 543
193 330
193 465
193 193
193 567
193 250
193 233
193 241
193 453
193 450
193 196
194 257
194 647
194 493
194 367
194 470
194 334
194 773
194 744
194 579
194 477
195 269
195 668
195 416
195 687
195 660
195 622
195 195
195 362
195 212
195 615
195 478
195 557
195 458
195 363
196 513
196 652
196 270
196 450
196 751
196 567
196 234
196 543
196 453
196 465
196 622
196 330
196 233
196 250
197 515
197 422
197 518
197 344
197 462
197 737
197 403
197 336
197 448
197 219
197 395
197 477
197 467
197 328
198 650
198 522
198 529
198 284
198 545
198 552
198 574
198 246
198 653
198 786
198 679
199 700
199 322
199 631
199 551
199 492
199 394
199 199
199 649
199 256
199 244
199 732
199 540
199 707
199 591
199 468
200 491
200 793
200 550
200 597
200 200
200 218
200 456
200 741
200 576
200 258
200 714
200 588
200 349
200 351
200 497
201 534
201 537
201 688
201 342
201 501
201 739
201 308
201 796
201 214
202 646
202 778
202 692
202 316
202 414
202 287
202 291
202 624
202 207
202 454
202 208
202 442
202 539
202 610
203 258
203 795
203 679
203 704
203 425
203 562
203 712
203 326
203 720
203 519
203 746
204 515
204 267
204 395
204 328
204 347
204 462
204 381
204 422
204 474
204 737
204 390
205 387
205 693
205 460
205 709
205 757
205 471
205 602
205 232
205 446
205 284
205 369
206 784
206 273
206 788
206 406
206 279
206 685
206 339
206 475
206 255
206 213
206 268
206 276
206 297
206 674
207 646
207 287
207 288
207 414
207 291
207 293
207 689
207 692
207 442
207 316
207 778
207 610
207 624
207 511
207 765
208 293
208 689
208 692
208 444
208 316
208 454
208 208
208 288
208 442
208 550
208 610
208 243
208 400
209 494
209 263
209 524
209 271
209 274
209 278
209 289
209 549
209 599
209 570
209 752
209 508
209 418
209 699
210 649
210 394
210 540
210 290
210 551
210 695
210 732
210 700
210 322
210 797
210 210
210 770
210 235
210 478
210 361
211 246
211 648
211 595
211 693
211 369
211 211
211 620
211 471
211 312
211 602
211 757
212 622
212 224
212 356
212 363
212 416
212 628
212 458
212 212
212 300
212 478
213 268
213 276
213 788
213 696
213 591
213 339
213 341
213 378
213 273
213 213
213 475
214 534
214 796
214 434
214 226
214 501
214 544
214 308
214 342
214 671
214 433
214 422
215 780
215 402
215 666
215 436
215 694
215 715
215 486
215 368
215 572
215 358
215 792
215 742
216 539
216 429
216 317
216 584
216 723
216 740
216 223
216 227
216 231
216 590
216 473
217 253
217 243
217 259
217 266
217 530
217 409
217 300
217 697
217 690
217 340
217 571
217 730
217 355
218 227
218 550
218 714
218 741
218 592
218 588
218 349
218 456
218 727
218 547
219 422
219 448
219 336
219 737
219 328
219 515
219 267
219 344
219 474
219 403
219 723
220 772
220 520
220 323
220 451
220 557
220 384
220 412
220 573
220 379
220 581
220 684
220 780
220 254
221 476
221 629
221 306
221 382
221 625
221 221
221 327
221 480
221 764
222 651
222 556
222 393
222 733
222 297
222 464
222 312
222 222
222 503
222 720
222 229
222 423
223 317
223 321
223 584
223 590
223 723
223 231
223 469
223 740
223 227
223 613
223 301
224 557
224 668
224 622
224 435
224 472
224 269
224 416
224 628
224 660
224 483
224 478
224 385
224 356
224 363
225 260
225 781
225 661
225 791
225 798
225 701
225 337
225 606
225 776
225 645
225 447
225 726
225 650
225 504
226 537
226 796
226 671
226 688
226 433
226 434
226 544
226 569
226 607
226 354
227 519
227 429
227 590
227 469
227 473
227 723
227 491
227 494
227 317
228 263
228 524
228 278
228 418
228 677
228 599
228 228
228 249
228 289
228 752
228 800
228 371
228 638
229 393
229 651
229 554
229 440
229 312
229 733
229 229
229 364
229 630
230 258
230 732
230 771
230 400
230 404
230 298
230 432
230 304
230 313
230 582
230 589
230 731
230 775
230 581
230 238
230 767
231 651
231 321
231 590
231 317
231 519
231 494
231 429
231 421
231 491
231 749
232 275
232 387
232 648
232 446
232 709
232 471
232 602
232 232
232 679
232 369
232 757
233 265
233 652
233 543
233 567
233 699
233 330
233 751
233 241
233 799
233 270
233 233
233 500
234 513
234 265
234 652
234 799
234 543
234 450
234 453
234 330
234 465
234 234
234 250
235 779
235 575
235 335
235 734
235 235
235 786
235 722
235 533
235 357
235 521
235 496
235 374
236 667
236 417
236 314
236 318
236 277
236 686
236 532
236 487
236 465
237 385
237 526
237 482
237 618
237 251
237 546
237 635
237 639
237 642
237 621
237 237
237 577
237 242
237 252
238 775
238 408
238 298
238 432
238 708
238 600
238 505
238 582
238 674
238 404
238 313
238 349
238 767
239 649
239 540
239 290
239 439
239 322
239 707
239 468
239 566
239 700
239 551
239 732
239 770
239 293
239 631
240 436
240 588
240 597
240 741
240 592
240 380
240 793
240 509
240 240
241 251
241 265
241 543
241 567
241 751
241 799
241 513
241 330
241 568
241 250
242 385
242 642
242 398
242 546
242 424
242 568
242 482
242 621
242 251
242 753
242 635
242 252
242 775
243 646
243 287
243 288
243 673
243 291
243 293
243 316
243 610
243 624
243 442
243 414
244 770
244 394
244 540
244 797
244 551
244 566
244 695
244 700
244 468
244 492
244 256
244 791
245 541
245 304
245 773
245 783
245 334
245 470
245 744
245 498
245 576
245 502
245 513
246 522
246 653
246 555
246 725
246 605
246 583
246 529
246 284
246 354
247 715
247 386
247 516
247 389
247 527
247 376
247 485
247 495
247 479
247 365
247 636
247 510
247 632
247 763
248 769
248 514
248 782
248 553
248 430
248 455
248 609
248 292
248 350
248 593
248 750
249 289
249 418
249 677
249 570
249 578
249 752
249 371
249 249
249 388
249 271
249 742
249 508
250 265
250 270
250 450
250 330
250 250
250 453
250 513
250 795
251 385
251 398
251 405
251 546
251 419
251 482
251 621
251 305
251 635
251 252
251 753
252 642
252 419
252 568
252 482
252 621
252 305
252 639
252 546
252 635
252 362
253 641
253 528
253 275
253 789
253 535
253 542
253 338
253 754
253 506
253 407
254 386
254 521
254 527
254 426
254 479
254 481
254 485
254 743
254 495
254 632
255 784
255 276
255 788
255 406
255 282
255 685
255 594
255 346
255 475
255 341
255 683
255 315
256 262
256 770
256 394
256 797
256 290
256 439
256 732
256 631
256 566
256 540
256 468
256 639
257 493
257 367
257 627
257 647
257 773
257 762
257 502
257 783
257 327
257 744
257 498
257 633
258 562
258 720
258 295
258 795
258 603
258 489
258 712
258 425
258 309
258 704
259 319
259 713
259 596
259 690
259 759
259 259
259 355
259 285
259 697
259 769
259 266
259 530
259 571
259 340
259 568
260 457
260 261
260 738
260 525
260 798
260 776
260 726
260 415
260 365
260 661
260 791
260 447
260 606
260 713
261 645
261 447
261 726
261 261
261 415
261 791
261 738
261 781
261 475
261 661
261 798
261 701
262 772
262 310
262 611
262 721
262 384
262 735
262 412
262 538
262 323
262 760
262 451
262 520
262 443
262 573
262 581
262 379
263 388
263 578
263 638
263 549
263 508
263 507
263 437
263 371
263 274
263 570
263 289
263 783
263 418
263 752
264 517
264 698
264 375
264 691
264 718
264 264
264 724
264 785
264 283
264 399
264 683
264 614
264 561
264 619
264 623
264 652
265 638
265 657
265 513
265 652
265 543
265 465
265 500
265 787
265 699
265 751
266 530
266 319
266 571
266 409
266 300
266 340
266 266
266 713
266 774
266 285
266 759
267 381
267 344
267 448
267 477
267 347
267 336
267 462
267 518
267 728
267 395
267 422
267 328
267 737
268 788
268 406
268 594
268 378
268 696
268 339
268 268
268 346
268 354
268 276
268 282
268 685
268 385
269 668
269 472
269 660
269 362
269 416
269 435
269 478
269 356
269 615
269 742
269 483
270 710
270 330
270 453
270 513
270 500
270 567
270 799
270 751
270 662
270 699
271 524
271 508
271 599
271 507
271 578
271 278
271 752
271 418
271 271
271 274
271 638
271 296
271 289
271 677
271 437
271 570
272 517
272 399
272 375
272 614
272 623
272 604
272 619
272 724
272 560
272 272
272 698
272 691
272 635
272 785
272 438
272 718
273 784
273 279
273 788
273 475
273 591
273 341
273 339
273 346
273 276
273 282
273 378
273 696
273 598
273 546
274 388
274 524
274 371
274 638
274 752
274 570
274 278
274 507
274 549
274 401
274 289
274 437
274 578
274 514
274 743
275 556
275 641
275 643
275 655
275 407
275 644
275 542
275 373
275 535
275 338
275 789
275 299
275 754
275 768
276 784
276 346
276 378
276 685
276 279
276 341
276 598
276 458
276 406
276 282
276 594
276 430
276 665
277 315
277 686
277 548
277 318
277 427
277 461
277 410
277 790
277 277
277 667
277 286
277 417
277 682
277 303
277 314
277 495
278 388
278 524
278 507
278 570
278 278
278 437
278 371
278 578
278 508
278 451
278 418
278 549
278 677
278 752
279 406
279 282
279 339
279 598
279 594
279 279
279 475
279 346
279 378
280 654
280 711
280 401
280 794
280 348
280 637
280 372
280 280
280 488
280 662
280 658
280 332
280 281
280 670
280 428
281 654
281 401
281 658
281 659
281 662
281 637
281 372
281 488
281 670
281 348
281 428
281 675
281 317
281 794
281 332
281 463
282 784
282 788
282 475
282 378
282 685
282 603
282 577
283 305
283 517
283 399
283 724
283 561
283 331
283 619
283 691
283 375
283 571
283 604
283 614
284 646
284 653
284 529
284 284
284 583
284 555
284 522
284 312
284 616
285 431
285 530
285 345
285 697
285 690
285 713
285 340
285 704
285 300
285 571
285 319
285 596
285 614
286 709
286 532
286 790
286 410
286 315
286 487
286 667
286 303
286 314
286 548
286 318
287 646
287 692
287 293
287 454
287 288
287 442
287 610
287 444
287 689
287 745
287 414
287 765
287 782
287 751
288 646
288 778
288 454
288 689
288 316
288 624
288 444
288 288
288 673
288 692
288 471
288 291
288 442
288 610
289 549
289 599
289 289
289 388
289 752
289 581
289 570
289 638
290 770
290 649
290 492
290 707
290 394
290 695
290 290
290 732
290 554
290 439
291 778
291 673
291 689
291 765
291 444
291 316
291 646
291 624
291 291
291 692
291 454
291 661
292 797
292 769
292 706
292 423
292 782
292 553
292 350
292 547
292 292
292 502
292 455
292 750
292 499
293 646
293 778
293 673
293 414
293 316
293 689
293 454
293 442
293 765
293 384
294 777
294 324
294 626
294 503
294 440
294 554
294 364
294 556
294 651
294 312
294 733
295 704
295 489
295 586
295 679
295 712
295 562
295 295
295 452
295 309
295 720
296 795
296 296
296 704
296 425
296 326
296 603
296 581
296 309
296 712
297 651
297 777
297 440
297 556
297 364
297 297
297 312
297 464
297 554
297 680
297 733
297 503
298 585
298 771
298 775
298 400
298 408
298 505
298 600
298 582
298 313
298 767
298 329
299 655
299 407
299 643
299 789
299 542
299 644
299 754
299 338
299 629
299 377
299 506
300 745
300 355
300 409
300 530
300 697
300 759
300 383
300 340
300 365
300 431
300 690
300 571
300 713
300 596
301 447
301 390
301 370
301 729
301 755
301 441
301 353
301 678
301 301
301 565
301 329
301 716
301 360
301 766
302 365
302 536
302 764
302 476
302 484
302 306
302 625
302 792
303 790
303 410
303 417
303 548
303 682
303 427
303 318
303 315
303 646
303 314
303 487
304 771
304 400
304 775
304 767
304 313
304 582
304 600
304 432
304 589
304 731
305 490
305 570
305 385
305 642
305 526
305 398
305 405
305 419
305 753
305 635
305 568
305 305
305 482
306 767
306 480
306 792
306 536
306 625
306 681
306 476
306 460
306 327
306 484
306 629
306 382
307 531
307 664
307 411
307 669
307 421
307 710
307 719
307 452
307 333
307 359
307 542
307 564
307 311
308 534
308 671
308 544
308 688
308 308
308 569
308 501
308 739
308 398
308 607
309 425
309 679
309 326
309 712
309 586
309 795
309 704
309 743
309 746
310 772
310 520
310 412
310 684
310 310
310 735
310 581
310 538
310 765
310 443
310 323
310 321
310 561
311 765
311 531
311 669
311 564
311 710
311 452
311 421
311 702
311 449
311 333
311 719
311 343
311 359
312 651
312 777
312 554
312 440
312 733
312 324
312 541
312 464
312 605
313 460
313 771
313 775
313 400
313 408
313 510
313 582
313 432
313 505
313 581
313 589
313 600
314 790
314 410
314 667
314 532
314 417
314 682
314 324
315 610
315 532
315 667
315 417
315 686
315 548
315 461
315 698
315 327
316 646
316 778
316 673
316 414
316 689
316 316
316 766
316 454
316 765
316 669
317 723
317 429
317 613
317 519
317 469
317 494
317 590
317 317
317 584
317 749
318 532
318 410
318 417
318 548
318 427
318 461
318 487
318 648
319 409
319 431
319 690
319 713
319 319
319 345
319 596
319 620
320 694
320 401
320 662
320 663
320 794
320 670
320 463
320 420
320 659
320 320
320 637
320 435
320 466
320 680
321 519
321 539
321 429
321 584
321 491
321 473
321 723
321 740
321 749
322 394
322 797
322 566
322 695
322 700
322 732
322 649
322 540
322 770
322 322
322 697
322 707
323 520
323 412
323 557
323 573
323 772
323 760
323 721
323 684
323 581
323 427
323 451
323 611
324 393
324 651
324 777
324 440
324 733
324 464
324 554
324 364
324 513
325 780
325 436
325 572
325 445
325 358
325 666
325 715
325 486
325 490
325 634
326 795
326 679
326 586
326 704
326 746
326 720
326 603
326 562
326 752
327 778
327 792
327 536
327 480
327 625
327 484
327 764
327 382
328 518
328 395
328 403
328 477
328 347
328 344
328 336
328 381
328 515
328 365
328 474
328 737
328 586
329 390
329 392
329 565
329 441
329 705
329 353
329 755
329 766
329 716
329 370
329 750
329 729
329 617
330 513
330 799
330 699
330 567
330 500
330 656
331 517
331 785
331 560
331 698
331 691
331 623
331 438
331 375
331 604
331 561
331 718
331 724
332 401
332 675
332 428
332 711
332 348
332 488
332 466
332 794
332 420
332 662
332 659
332 669
333 531
333 664
333 411
333 669
333 564
333 710
333 333
333 434
334 647
334 627
334 502
334 630
334 762
334 470
334 498
334 493
334 378
334 744
335 533
335 413
335 575
335 467
335 779
335 559
335 786
335 722
335 480
336 403
336 422
336 448
336 462
336 518
336 477
336 344
336 593
336 474
336 347
336 737
337 776
337 525
337 661
337 798
337 447
337 701
337 415
337 504
337 457
337 350
337 726
337 594
338 643
338 655
338 789
338 768
338 373
338 754
338 535
338 679
339 784
339 788
339 696
339 591
339 594
339 341
339 339
339 598
339 421
339 346
339 472
340 530
340 431
340 690
340 697
340 596
340 383
340 759
340 778
340 345
341 696
341 591
341 594
341 341
341 788
341 685
341 433
341 598
341 664
342 534
342 433
342 434
342 361
342 537
342 607
342 569
342 671
342 354
343 531
343 664
343 421
343 564
343 702
343 710
343 343
343 669
343 411
344 515
344 448
344 381
344 347
344 518
344 403
344 344
344 474
344 690
345 409
345 690
345 697
345 345
345 713
345 383
345 759
345 571
345 421
346 788
346 406
346 591
346 598
346 696
346 359
346 510
347 395
347 403
347 422
347 448
347 462
347 347
347 568
348 662
348 670
348 675
348 463
348 659
348 466
348 372
348 794
348 420
348 527
348 750
349 503
349 456
349 588
349 592
349 597
349 349
349 351
349 741
349 576
349 437
349 509
350 707
350 769
350 514
350 397
350 782
350 657
350 423
350 430
350 455
350 593
351 752
351 456
351 588
351 576
351 741
351 597
351 592
351 550
351 509
351 362
351 497
351 380
352 779
352 575
352 800
352 756
352 786
352 374
352 742
353 356
353 441
353 511
353 728
353 370
353 390
353 678
353 716
353 360
353 565
353 766
353 560
354 671
354 544
354 688
354 569
354 607
354 433
354 534
355 437
355 530
355 713
355 355
355 596
355 383
355 697
355 759
356 687
356 483
356 435
356 458
356 472
356 622
356 416
356 668
356 615
356 363
357 786
357 533
357 800
357 559
357 575
357 467
357 374
357 357
357 630
357 496
358 780
358 666
358 436
358 694
358 572
358 445
358 608
358 368
359 531
359 664
359 669
359 702
359 449
359 719
359 452
359 698
360 649
360 390
360 678
360 565
360 705
360 370
360 360
360 755
361 662
361 619
361 534
361 537
361 796
361 671
361 688
361 433
361 739
362 768
362 660
362 416
362 687
362 435
362 472
362 478
362 483
362 615
363 415
363 695
363 416
363 687
363 472
363 668
363 478
363 445
363 628
363 497
364 393
364 556
364 464
364 733
364 626
364 440
364 782
364 503
364 735
364 653
364 761
365 386
365 527
365 426
365 481
365 763
365 521
365 495
365 516
365 632
366 774
366 391
366 396
366 541
366 585
366 717
366 459
366 736
366 580
366 730
366 558
366 386
367 773
367 647
367 783
367 470
367 630
367 367
367 742
368 402
368 572
368 445
368 490
368 436
368 694
368 486
369 648
369 709
369 602
369 620
369 440
370 392
370 678
370 441
370 728
370 617
370 716
370 735
371 613
371 388
371 524
371 418
371 599
371 437
371 507
372 701
372 654
372 401
372 670
372 675
372 659
372 372
372 563
372 711
372 794
372 409
373 641
373 643
373 655
373 528
373 535
373 407
373 542
373 768
373 395
374 779
374 786
374 800
374 559
374 734
374 756
374 386
375 443
375 399
375 561
375 718
375 604
375 614
375 698
375 414
376 389
376 527
376 656
376 479
376 481
376 485
376 636
376 743
376 401
377 535
377 542
377 643
377 407
377 754
377 655
377 789
377 528
377 594
377 506
378 784
378 406
378 378
378 594
378 685
378 763
378 588
379 772
379 520
379 538
379 684
379 557
379 721
379 735
379 573
379 451
379 611
379 618
380 793
380 588
380 727
380 497
380 380
380 592
380 509
381 518
381 395
381 403
381 422
381 448
381 515
381 477
381 778
381 583
381 458
382 482
382 705
382 792
382 536
382 629
382 681
382 484
383 590
383 409
383 431
383 690
383 697
383 571
383 561
384 443
384 573
384 581
384 451
384 611
384 538
384 557
384 412
384 700
385 618
385 424
385 635
385 639
385 621
385 482
385 526
385 753
385 405
385 568
385 398
385 546
385 419
386 495
386 636
386 479
386 763
386 426
386 386
386 521
386 622
386 485
387 620
387 471
387 709
387 387
387 787
387 648
387 757
387 595
388 777
388 437
388 524
388 578
388 570
388 599
388 638
388 658
388 418
388 677
389 665
389 527
389 426
389 743
389 389
389 521
389 636
389 632
389 516
389 481
390 716
390 617
390 766
390 511
390 565
390 678
390 755
390 728
390 392
390 608
391 774
391 747
391 523
391 459
391 587
391 717
391 396
391 391
391 676
391 541
391 758
391 592
392 441
392 678
392 608
392 766
392 392
392 755
392 728
392 531
392 705
392 716
392 617
393 626
393 440
393 651
393 503
393 556
393 464
393 554
393 532
393 777
394 770
394 700
394 492
394 540
394 551
394 797
394 631
394 649
394 707
394 394
394 566
394 468
395 515
395 518
395 462
395 474
395 403
395 731
395 640
396 523
396 717
396 459
396 730
396 512
396 612
396 541
396 580
396 758
396 585
396 396
396 558
396 587
396 747
397 616
397 769
397 499
397 514
397 706
397 657
397 593
397 750
397 547
397 423
397 761
397 694
397 553
397 455
398 526
398 424
398 642
398 546
398 482
398 398
398 591
398 568
399 720
399 702
399 561
399 614
399 619
399 623
399 488
399 683
399 560
399 438
399 698
399 718
399 724
399 792
400 771
400 775
400 432
400 582
400 708
400 600
400 510
400 505
400 404
400 577
401 662
401 670
401 488
401 420
401 637
401 659
401 711
401 654
401 658
401 663
401 466
402 402
402 694
402 436
402 634
402 780
402 572
402 738
402 666
403 515
403 518
403 448
403 422
403 477
403 462
403 737
403 502
404 771
404 775
404 408
404 767
404 589
404 510
404 404
404 708
404 445
404 674
404 432
404 731
405 526
405 753
405 635
405 621
405 642
405 424
405 405
405 568
405 611
405 546
405 419
405 675
406 406
406 598
406 475
406 594
406 793
407 643
407 644
407 528
407 789
407 754
407 506
407 641
407 542
408 775
408 582
408 771
408 767
408 505
408 731
408 708
408 674
408 432
408 589
409 596
409 409
409 697
409 759
409 727
409 431
409 690
409 571
410 790
410 532
410 461
410 417
410 700
410 667
410 682
410 427
410 686
411 448
411 531
411 664
411 449
411 411
411 702
411 452
411 669
412 538
412 520
412 760
412 772
412 721
412 611
412 451
412 562
412 557
412 443
412 581
412 500
413 786
413 533
413 467
413 756
413 559
413 779
413 800
413 722
413 418
413 575
414 646
414 673
414 442
414 414
414 444
414 564
415 740
415 645
415 776
415 525
415 661
415 447
415 791
415 504
415 738
415 701
415 457
415 606
415 622
416 488
416 483
416 416
416 622
416 478
416 687
416 472
417 532
417 667
417 461
417 682
417 655
417 548
417 427
418 524
418 437
418 507
418 578
418 794
418 677
418 599
418 752
419 642
419 753
419 482
419 546
419 639
419 424
419 526
419 492
419 618
419 785
419 762
420 758
420 654
420 662
420 663
420 637
420 420
420 466
420 794
420 463
420 670
420 799
420 579
421 650
421 664
421 672
421 669
421 702
421 564
421 703
421 710
421 719
422 515
422 477
422 518
422 422
422 528
422 448
422 462
422 474
422 737
423 730
423 782
423 657
423 609
423 601
423 499
423 423
423 547
423 553
423 430
424 568
424 635
424 424
424 526
424 618
425 679
425 795
425 704
425 489
425 562
425 603
425 712
425 746
426 734
426 516
426 521
426 656
426 665
426 426
426 636
426 629
426 495
427 452
427 532
427 548
427 682
427 461
427 427
427 640
427 686
427 487
428 654
428 658
428 662
428 663
428 794
428 675
428 466
428 670
428 463
428 488
428 659
428 563
428 637
429 519
429 539
429 740
429 494
429 590
429 584
429 473
429 613
430 655
430 657
430 547
430 430
430 499
430 601
430 761
430 706
431 530
431 690
431 596
431 571
431 713
431 658
432 775
432 674
432 505
432 708
432 771
432 582
432 767
432 577
432 731
432 498
433 534
433 537
433 671
433 544
433 433
433 501
433 688
433 434
434 607
434 671
434 434
434 688
434 534
434 495
434 569
434 739
435 660
435 615
435 458
435 435
435 668
435 506
435 472
435 478
436 780
436 742
436 486
436 666
436 436
436 694
436 715
437 549
437 677
437 638
437 437
437 752
438 517
438 561
438 623
438 718
438 785
438 560
438 619
438 691
438 698
439 770
439 649
439 797
439 566
439 551
439 695
439 540
439 700
439 707
439 468
440 651
440 777
440 556
440 464
440 798
441 678
441 565
441 766
441 705
441 608
441 712
441 729
441 617
441 511
442 673
442 692
442 646
442 765
442 689
442 442
442 563
442 444
442 610
442 648
443 520
443 538
443 684
443 760
443 573
443 735
444 778
444 673
444 689
444 624
444 765
444 709
444 454
444 610
445 715
445 445
445 694
445 486
445 490
445 666
445 659
445 634
445 459
446 789
446 648
446 787
446 693
446 709
446 446
446 757
446 727
446 602
447 645
447 726
447 447
447 776
447 606
447 781
447 457
448 515
448 518
448 477
448 448
448 474
448 678
449 531
449 669
449 672
449 564
449 703
449 664
449 614
449 710
450 513
450 652
450 567
450 699
450 500
450 465
450 751
450 552
450 453
451 538
451 557
451 573
451 451
451 735
451 760
451 745
451 611
451 547
452 664
452 672
452 564
452 452
452 531
452 719
453 513
453 799
453 543
453 567
453 652
453 604
453 500
454 673
454 624
454 778
454 692
454 711
454 610
454 765
454 584
455 514
455 657
455 553
455 547
455 499
455 761
455 769
455 593
455 601
455 609
455 750
456 550
456 741
456 714
456 592
456 456
456 588
456 597
457 645
457 781
457 525
457 661
457 701
457 776
457 504
457 606
457 727
457 726
457 738
458 660
458 668
458 615
458 478
458 628
458 458
458 472
458 622
459 774
459 523
459 580
459 585
459 717
459 587
459 758
459 730
459 736
459 512
459 551
459 468
460 648
460 693
460 709
460 602
460 787
460 757
460 620
461 682
461 667
461 487
461 790
461 532
461 514
462 518
462 515
462 477
462 489
463 654
463 659
463 670
463 563
463 711
463 663
463 675
463 466
463 637
464 777
464 556
464 733
464 503
464 557
465 519
465 513
465 652
465 543
465 699
465 500
466 518
466 654
466 658
466 794
466 675
466 659
466 587
467 677
467 779
467 533
467 800
467 559
467 722
467 786
468 770
468 649
468 551
468 492
468 468
468 797
468 566
468 732
468 633
469 539
469 584
469 590
469 519
469 469
469 740
469 598
469 716
470 498
470 630
470 502
470 783
470 762
470 680
470 633
471 471
471 648
471 620
471 757
471 727
472 668
472 615
472 478
472 483
472 628
472 622
473 519
473 539
473 584
473 723
473 491
473 613
473 494
473 749
473 740
473 753
474 515
474 518
474 737
474 474
475 685
475 696
475 591
475 594
476 792
476 536
476 681
476 484
476 480
477 515
477 518
477 737
477 587
478 733
478 668
478 687
478 622
478 628
479 656
479 665
479 485
479 495
479 636
479 479
479 481
480 506
480 536
480 680
480 681
480 480
481 516
481 521
481 656
481 481
481 485
481 580
482 546
482 639
482 618
482 621
483 660
483 668
483 687
483 628
483 556
484 681
484 629
484 792
484 764
484 484
484 638
485 534
485 527
485 495
485 656
485 516
485 702
485 743
485 763
486 754
486 780
486 666
486 694
486 715
486 742
486 572
486 583
486 490
487 532
487 790
487 548
487 786
488 659
488 663
488 675
488 563
488 654
488 711
488 662
488 637
489 746
489 562
489 489
489 603
489 724
490 780
490 490
490 572
490 694
491 519
491 539
491 584
491 723
491 613
491 491
491 494
491 749
492 540
492 797
492 566
492 695
492 732
492 700
492 649
492 691
493 773
493 783
493 630
493 498
493 744
493 762
493 640
494 519
494 539
494 590
494 613
494 723
495 769
495 521
495 656
495 763
495 527
495 632
496 779
496 533
496 800
496 559
496 734
496 496
496 756
497 550
497 714
497 592
497 597
497 793
497 509
498 647
498 640
498 633
498 502
498 627
498 762
499 782
499 593
499 601
499 750
499 553
499 531
500 684
500 652
500 699
500 567
501 534
501 537
501 544
501 688
501 569
501 607
501 725
502 773
502 762
502 627
502 502
503 651
503 777
503 554
504 776
504 661
504 798
504 726
504 606
504 784
505 654
505 771
505 674
505 577
505 510
505 743
505 767
506 643
506 644
506 655
506 528
506 789
506 535
506 754
507 524
507 677
507 599
507 508
507 549
507 752
507 565
508 549
508 677
508 570
508 578
508 599
508 508
508 595
509 776
509 559
509 793
509 550
509 597
509 714
509 658
510 771
510 577
510 731
510 510
510 708
510 674
511 565
511 705
511 716
511 729
511 617
511 755
511 766
511 511
512 774
512 558
512 580
512 585
512 717
512 758
512 587
512 736
512 512
513 744
513 543
513 699
513 652
513 799
513 567
514 547
514 761
514 706
514 782
514 609
514 657
514 514
514 601
515 518
515 737
515 566
516 668
516 521
516 665
516 743
516 516
516 763
516 766
516 632
517 785
517 604
517 623
517 718
517 517
517 683
517 560
517 698
517 724
518 737
518 518
519 539
519 613
519 723
519 584
519 590
519 740
520 772
520 573
520 581
520 760
520 520
520 566
520 684
520 557
521 656
521 632
521 527
521 544
522 624
522 616
522 545
522 650
522 605
522 583
522 725
522 748
522 574
522 552
522 648
523 730
523 523
523 676
523 774
523 587
523 558
523 634
523 541
523 580
523 747
523 758
524 599
524 524
524 549
525 645
525 776
525 525
525 701
525 606
525 738
525 791
525 583
525 661
525 726
526 642
526 635
526 753
526 618
526 621
526 639
527 553
527 718
527 763
527 632
527 733
527 656
527 665
527 743
528 644
528 655
528 768
528 528
528 789
528 754
529 555
529 725
529 748
529 605
529 529
529 745
529 713
529 552
530 690
530 596
530 713
530 697
530 571
531 564
531 672
531 669
531 664
532 682
532 790
532 633
532 667
532 607
533 779
533 786
533 722
533 575
533 734
533 800
533 533
533 538
533 559
534 569
534 796
534 607
534 688
534 534
534 537
535 641
535 643
535 789
535 535
535 688
536 538
536 792
536 681
536 629
536 625
536 682
536 764
537 688
537 544
537 796
537 569
537 774
537 607
537 739
538 772
538 721
538 557
538 573
538 684
538 581
539 584
539 740
539 749
539 590
539 723
539 795
540 770
540 732
540 649
540 700
540 631
540 551
540 566
540 695
540 572
540 797
541 676
541 736
541 580
541 717
541 558
541 612
541 730
541 747
542 641
542 643
542 644
542 768
542 789
542 542
543 652
543 799
543 543
543 567
543 699
544 796
544 671
544 607
544 569
544 630
544 688
545 650
545 653
545 583
545 552
545 605
545 725
545 555
545 545
545 574
545 745
546 642
546 753
546 639
546 621
547 782
547 657
547 553
547 761
547 593
547 601
547 609
547 750
548 562
548 790
548 682
548 686
549 752
549 570
549 549
549 704
549 677
549 578
550 696
550 550
550 576
550 597
550 709
550 714
550 592
551 631
551 649
551 770
551 700
551 566
551 707
551 695
551 732
552 748
552 574
552 745
552 653
552 552
552 725
552 567
552 555
552 605
552 616
553 782
553 769
553 601
553 706
553 761
553 609
553 750
553 593
554 651
554 777
554 556
554 611
554 733
555 650
555 583
555 555
555 605
555 616
555 790
556 777
556 651
556 626
557 772
557 684
557 557
557 573
557 611
557 714
558 774
558 676
558 580
558 587
558 730
558 754
558 585
558 612
559 779
559 786
559 722
559 575
560 628
560 614
560 698
560 718
560 619
560 691
560 724
560 623
561 785
561 683
561 691
561 604
561 614
561 561
561 698
562 795
562 603
562 712
562 720
562 704
563 662
563 663
563 670
563 711
563 563
563 675
564 703
565 678
565 755
565 617
565 728
565 608
565 705
566 770
566 797
566 700
566 631
566 707
566 695
567 659
567 652
567 799
567 567
567 699
567 751
568 621
568 642
568 639
568 635
568 739
569 796
569 671
569 739
569 763
570 677
570 578
570 638
571 713
571 759
571 697
571 604
571 663
572 666
572 694
572 780
572 572
572 742
572 634
573 573
573 611
573 581
573 721
574 650
574 745
574 748
574 774
574 725
574 605
575 786
575 734
575 756
575 800
576 597
576 592
576 727
576 588
576 576
576 714
576 793
577 689
577 775
577 674
577 771
577 582
577 708
577 731
578 578
578 660
578 599
579 773
579 647
579 633
579 627
579 630
579 744
579 783
580 749
580 587
580 717
580 580
580 585
581 772
581 760
581 684
581 581
581 735
581 611
582 771
582 600
582 582
582 589
582 645
583 650
583 653
583 725
583 605
583 616
583 748
583 639
584 613
584 740
584 590
584 723
585 774
585 612
585 585
585 717
585 587
585 730
585 747
585 609
586 704
586 712
586 795
586 720
586 586
586 603
586 746
587 774
587 730
587 717
587 758
587 682
587 747
588 714
588 793
588 727
588 588
588 597
589 637
589 771
589 674
589 708
589 600
590 740
590 613
590 723
591 788
591 685
591 696
591 594
591 784
591 598
591 610
592 793
592 714
592 597
592 727
592 741
593 769
593 609
593 657
593 706
594 784
594 788
594 598
595 787
595 693
595 620
595 602
596 690
596 713
596 697
597 793
597 714
597 727
598 784
598 788
598 696
598 665
599 677
599 599
599 752
599 656
600 674
600 708
600 600
600 771
600 675
601 769
601 657
601 706
601 782
602 648
602 787
602 693
602 709
602 620
603 795
603 679
603 712
603 720
604 691
604 623
604 724
604 698
604 750
604 619
605 650
605 745
605 748
606 645
606 781
606 798
606 776
606 701
606 738
607 796
607 688
608 678
608 705
608 716
608 728
608 729
609 609
609 769
609 657
609 761
610 646
610 778
611 735
611 721
611 675
611 724
612 774
612 676
612 736
612 758
612 612
612 730
612 723
612 747
612 700
613 740
613 749
614 691
614 724
614 614
614 619
615 660
615 687
615 668
615 622
615 639
616 653
616 725
616 745
616 650
617 705
617 729
617 678
617 755
617 679
618 753
618 639
618 642
618 618
618 635
619 683
619 724
619 623
620 787
620 709
621 642
621 635
621 639
622 660
622 668
622 628
623 785
623 683
624 673
624 692
624 624
624 778
624 689
625 792
625 680
625 681
626 651
626 777
626 626
626 733
627 773
627 647
627 744
627 640
627 633
627 783
628 660
628 668
628 687
628 628
629 740
630 647
630 633
630 744
630 773
631 770
631 649
631 732
631 700
631 631
632 763
632 665
632 636
632 728
633 687
633 647
633 783
633 762
633 773
634 780
634 715
634 691
635 642
635 639
636 656
637 712
637 654
637 711
637 659
638 677
638 638
640 773
640 647
640 744
640 640
641 644
641 789
641 643
641 768
642 753
642 642
643 655
643 643
643 689
643 644
643 789
643 754
643 768
644 789
644 754
644 644
644 655
644 717
645 738
645 781
645 798
645 776
645 645
645 791
645 726
646 692
646 689
646 765
647 773
647 762
647 783
648 693
649 772
649 770
649 695
649 707
649 797
650 725
650 650
650 653
650 745
650 748
651 733
651 651
651 777
651 673
652 699
652 751
652 799
653 748
653 653
654 659
654 654
654 711
654 670
654 658
654 663
655 754
655 655
656 665
657 769
657 782
657 657
657 706
658 737
658 658
658 659
658 663
658 675
658 662
658 711
659 675
659 662
659 711
659 659
659 794
659 670
660 660
660 668
660 687
661 776
661 781
661 661
661 798
661 791
661 701
661 770
662 711
662 675
662 794
662 663
663 675
663 670
663 663
664 703
664 672
664 702
664 710
664 719
665 665
665 743
665 763
666 780
666 715
666 694
666 666
666 742
666 747
667 790
667 667
669 719
669 710
669 669
669 672
669 702
669 703
670 753
670 794
670 741
671 721
671 796
671 688
671 777
671 739
672 702
672 703
672 719
672 676
673 673
674 771
674 775
674 674
674 731
675 794
675 711
676 774
676 736
676 747
676 749
676 717
676 758
678 678
678 716
678 728
679 795
679 746
679 704
680 680
680 792
680 681
680 764
681 792
681 681
681 764
682 786
683 785
683 698
683 683
683 718
683 725
684 721
684 760
684 772
684 735
685 784
685 788
685 685
685 790
685 696
686 790
686 686
688 796
689 689
689 692
690 781
690 713
690 759
691 785
691 718
691 691
691 698
692 778
692 736
693 787
693 757
693 775
694 742
694 780
694 715
695 770
695 700
695 707
696 784
696 788
697 697
697 759
698 785
698 718
699 729
699 782
699 751
700 726
700 770
700 797
700 707
701 776
701 781
701 791
701 798
701 701
701 738
702 703
702 710
702 719
703 703
703 732
703 719
704 795
704 764
705 716
705 705
705 729
706 769
706 782
706 706
707 707
707 732
708 760
708 771
708 775
708 767
709 787
709 757
710 719
712 746
714 793
714 727
715 780
716 728
716 766
717 774
717 736
717 747
718 785
718 724
719 719
720 795
720 746
720 727
721 772
721 721
722 722
722 734
722 800
723 753
724 724
726 791
726 781
727 793
728 766
728 755
728 728
729 729
730 774
730 747
730 730
730 758
731 771
731 767
732 797
733 777
734 779
734 786
735 772
735 735
735 760
736 774
736 758
736 736
738 776
738 738
739 796
739 739
740 749
741 793
741 746
742 780
742 742
743 763
744 773
744 762
745 748
745 745
746 746
747 774
747 758
749 749
750 794
750 782
750 750
754 789
754 768
756 779
756 786
756 800
756 756
759 759
761 769
762 783
764 792
764 764
765 778
767 775
768 768
769 782
769 769
770 797
771 775
772 772
775 798
776 776
776 781
776 791
778 778
778 793
779 800
779 786
781 791
781 798
782 782
784 784
785 785
786 786
791 791
791 798
794 794
797 797
799 799
800 800
