800 9336
1 309
1 241
1 446
1 24
1 785
1 36
1 629
1 97
1 140
1 415
1 645
1 1
1 453
1 519
1 278
1 791
1 700
1 279
1 526
1 260
1 133
1 75
1 225
2 714
2 336
2 235
2 114
2 46
2 617
2 618
2 321
2 335
2 442
2 564
2 92
2 291
2 596
2 358
2 330
2 480
2 454
2 273
2 225
2 181
2 438
2 55
2 586
2 349
2 719
2 544
3 61
3 52
3 151
3 410
3 313
3 49
3 661
3 708
3 766
3 218
3 416
3 455
3 371
3 783
3 631
3 96
3 666
3 739
3 684
3 520
3 529
3 530
3 155
3 429
3 751
3 130
4 259
4 65
4 224
4 623
4 7
4 383
4 272
4 327
4 284
4 177
4 305
4 217
4 793
4 230
4 130
4 310
4 379
4 797
4 21
4 533
4 781
4 282
4 550
4 566
4 292
5 386
5 792
5 226
5 5
5 399
5 329
5 733
5 411
5 459
5 714
5 754
5 50
5 390
5 209
5 77
5 35
5 795
5 516
5 64
5 41
5 304
5 724
5 110
5 758
5 677
5 796
6 697
6 196
6 198
6 760
6 45
6 468
6 6
6 636
6 213
6 500
6 523
6 13
6 740
6 311
6 385
6 397
6 65
6 390
6 684
6 219
6 492
6 282
6 504
7 503
7 658
7 130
7 566
7 230
7 177
7 797
7 284
7 217
7 305
7 793
7 282
7 272
7 162
7 734
7 623
7 224
7 580
7 408
7 781
7 660
7 407
7 327
7 379
7 547
8 330
8 391
8 262
8 649
8 290
8 78
8 8
8 269
8 152
8 301
8 167
8 350
8 539
8 610
8 252
8 614
8 664
8 612
8 473
8 404
8 158
8 558
8 175
9 493
9 676
9 772
9 264
9 187
9 180
9 624
9 254
9 150
9 615
9 616
9 253
9 482
9 755
9 312
9 574
9 367
9 377
9 228
9 714
9 401
9 589
9 592
9 354
10 584
10 308
10 488
10 33
10 37
10 191
10 197
10 413
10 757
10 287
10 498
10 671
10 549
10 202
10 460
10 10
10 489
10 664
10 769
10 51
10 738
10 361
10 636
11 750
11 516
11 600
11 274
11 169
11 543
11 582
11 368
11 14
11 357
11 11
11 103
11 17
11 737
11 115
11 98
11 421
11 426
11 459
11 800
11 682
11 560
11 415
12 257
12 139
12 717
12 599
12 354
12 494
12 504
12 501
12 526
12 609
12 619
12 657
12 95
12 205
12 210
12 532
12 742
12 12
12 294
12 168
12 88
13 662
13 385
13 523
13 198
13 157
13 65
13 397
13 500
13 211
13 636
13 745
13 196
13 45
13 56
13 13
13 67
13 733
13 321
13 311
13 219
13 93
13 740
13 492
13 352
13 285
14 602
14 151
14 373
14 690
14 682
14 598
14 103
14 600
14 98
14 543
14 368
14 378
14 274
14 507
14 115
14 357
14 17
14 386
14 485
14 421
14 582
14 384
14 206
15 132
15 773
15 392
15 776
15 651
15 652
15 236
15 21
15 467
15 319
15 699
15 514
15 369
15 750
15 743
15 185
15 628
15 255
15 38
15 18
15 414
15 572
15 66
15 105
16 101
16 679
16 772
16 448
16 312
16 367
16 180
16 624
16 187
16 150
16 574
16 359
16 482
16 254
16 798
16 253
16 755
16 401
16 555
16 236
16 615
16 616
16 377
16 526
16 799
16 160
17 646
17 600
17 17
17 103
17 582
17 384
17 421
17 682
17 516
17 373
17 98
17 507
17 274
17 378
17 357
17 299
17 285
17 543
17 800
17 169
17 598
17 687
17 253
18 136
18 143
18 594
18 370
18 763
18 29
18 777
18 380
18 76
18 250
18 18
18 222
18 420
18 656
18 70
18 565
18 122
18 494
18 163
18 194
18 195
18 719
18 605
19 93
19 315
19 388
19 522
19 270
19 654
19 400
19 337
19 441
19 577
19 452
19 242
19 762
19 364
19 307
19 667
19 685
19 753
19 623
19 153
19 279
19 435
19 725
19 343
20 304
20 419
20 150
20 258
20 245
20 520
20 583
20 581
20 244
20 394
20 339
20 524
20 590
20 458
20 20
20 768
20 160
20 122
20 601
20 578
20 360
20 638
21 773
21 776
21 652
21 572
21 467
21 319
21 369
21 651
21 497
21 514
21 414
21 255
21 21
21 132
21 66
21 392
21 36
21 646
21 185
21 699
21 214
21 481
21 236
21 628
21 251
22 118
22 215
22 515
22 261
22 534
22 465
22 178
22 419
22 338
22 53
22 683
22 639
22 173
22 126
22 496
22 694
22 475
22 630
22 420
22 289
22 665
22 153
22 174
22 206
22 732
23 652
23 129
23 266
23 653
23 658
23 662
23 382
23 784
23 141
23 466
23 365
23 722
23 387
23 709
23 138
23 356
23 23
23 261
23 121
23 712
23 464
23 601
23 248
23 175
24 645
24 140
24 527
24 791
24 453
24 36
24 446
24 519
24 40
24 744
24 700
24 260
24 673
24 415
24 785
24 97
24 499
24 335
24 305
25 141
25 89
25 258
25 394
25 524
25 458
25 245
25 234
25 339
25 360
25 375
25 747
25 703
25 316
25 25
25 520
25 578
25 753
25 533
25 160
25 695
25 472
25 638
25 768
26 135
26 787
26 790
26 588
26 620
26 551
26 125
26 687
26 27
26 444
26 26
26 148
26 265
26 62
26 100
26 38
26 303
26 438
26 780
26 678
26 296
26 436
26 109
27 389
27 265
27 148
27 405
27 790
27 62
27 436
27 38
27 428
27 125
27 748
27 551
27 729
27 444
27 687
27 678
27 588
27 207
27 257
27 431
27 620
28 642
28 134
28 273
28 39
28 71
28 309
28 28
28 563
28 249
28 749
28 463
28 718
28 495
28 559
28 457
28 606
28 221
28 211
28 359
28 556
28 60
28 706
28 477
28 531
28 171
29 256
29 508
29 517
29 777
29 222
29 763
29 594
29 732
29 420
29 565
29 370
29 76
29 656
29 608
29 29
29 323
29 451
29 583
29 163
29 195
29 70
29 719
29 250
30 702
30 648
30 277
30 542
30 229
30 83
30 547
30 295
30 764
30 285
30 63
30 84
30 430
30 363
30 30
30 164
30 161
30 385
30 590
30 48
30 462
30 86
30 476
30 634
31 505
31 288
31 213
31 778
31 761
31 289
31 324
31 546
31 486
31 545
31 625
31 315
31 44
31 688
31 333
31 727
31 440
31 90
31 731
31 478
31 426
31 352
31 765
31 436
32 643
32 647
32 780
32 145
32 555
32 633
32 176
32 32
32 347
32 449
32 684
32 314
32 705
32 561
32 105
32 571
32 59
32 404
32 211
32 328
32 283
32 649
33 259
33 413
33 671
33 287
33 308
33 498
33 191
33 361
33 37
33 51
33 757
33 549
33 202
33 197
33 489
33 726
33 460
33 359
33 798
33 418
33 584
33 622
33 587
33 530
34 399
34 406
34 770
34 541
34 799
34 172
34 553
34 179
34 490
34 127
34 771
34 189
34 119
34 355
34 554
34 544
34 470
34 731
34 503
34 684
34 707
34 208
34 597
34 223
34 767
35 390
35 399
35 792
35 411
35 329
35 795
35 672
35 724
35 110
35 733
35 758
35 35
35 304
35 459
35 77
35 345
35 727
35 519
35 50
35 200
35 714
36 260
36 527
36 278
36 673
36 700
36 645
36 629
36 791
36 744
36 415
36 75
36 785
36 40
36 225
36 97
36 522
36 152
36 446
36 735
37 259
37 413
37 287
37 549
37 489
37 622
37 202
37 584
37 671
37 637
37 738
37 460
37 197
37 51
37 498
37 418
37 786
37 736
37 308
37 191
37 488
37 781
37 650
37 163
37 179
37 277
38 200
38 148
38 405
38 678
38 62
38 38
38 588
38 428
38 687
38 729
38 265
38 748
38 431
38 444
38 537
38 254
38 303
38 620
38 186
39 134
39 273
39 107
39 39
39 334
39 706
39 746
39 60
39 718
39 495
39 249
39 463
39 477
39 721
39 71
39 559
39 710
39 115
39 556
39 309
39 221
39 606
40 666
40 131
40 260
40 133
40 645
40 140
40 278
40 791
40 673
40 744
40 499
40 97
40 415
40 75
40 40
40 85
40 158
40 700
40 446
40 453
40 629
41 390
41 792
41 795
41 672
41 758
41 345
41 411
41 209
41 459
41 304
41 110
41 41
41 329
41 714
41 754
41 733
41 592
41 408
41 200
41 724
41 226
41 82
41 742
41 770
42 681
42 518
42 263
42 531
42 403
42 533
42 535
42 280
42 701
42 247
42 728
42 759
42 502
42 692
42 493
42 756
42 237
42 483
42 379
42 517
42 432
42 569
42 485
42 240
42 600
42 136
43 733
43 389
43 774
43 135
43 142
43 659
43 275
43 406
43 409
43 283
43 676
43 741
43 318
43 166
43 510
43 239
43 437
43 575
43 521
43 513
43 58
43 331
43 593
43 736
43 210
43 494
44 778
44 289
44 545
44 426
44 333
44 44
44 124
44 546
44 90
44 727
44 204
44 761
44 440
44 73
44 315
44 324
44 135
44 780
44 688
44 325
44 486
44 104
44 765
45 523
45 397
45 45
45 211
45 198
45 740
45 468
45 56
45 760
45 385
45 196
45 213
45 500
45 65
45 157
45 665
45 648
45 492
45 243
45 636
46 668
46 291
46 424
46 618
46 55
46 586
46 235
46 114
46 330
46 596
46 358
46 454
46 46
46 617
46 349
46 480
46 269
46 580
46 438
46 442
46 321
46 336
47 533
47 650
47 393
47 788
47 591
47 796
47 474
47 560
47 723
47 344
47 396
47 691
47 536
47 47
47 752
47 398
47 779
47 138
47 184
47 348
47 621
47 257
48 765
48 156
48 648
48 277
48 285
48 542
48 547
48 164
48 295
48 84
48 430
48 86
48 63
48 627
48 363
48 764
48 48
48 539
48 83
48 229
48 512
49 783
49 529
49 661
49 666
49 155
49 288
49 416
49 293
49 429
49 631
49 371
49 96
49 218
49 739
49 530
49 313
49 49
49 534
49 52
49 708
50 80
50 390
50 792
50 795
50 672
50 399
50 758
50 386
50 714
50 50
50 77
50 209
50 200
50 411
50 733
50 95
50 683
50 724
50 56
51 671
51 287
51 418
51 549
51 308
51 488
51 622
51 361
51 202
51 757
51 584
51 498
51 413
51 738
51 637
51 94
51 561
51 191
51 197
51 460
51 686
52 783
52 530
52 151
52 410
52 666
52 155
52 293
52 429
52 96
52 313
52 371
52 455
52 739
52 288
52 416
52 708
52 522
52 149
52 218
52 631
52 766
52 687
53 297
53 515
53 261
53 534
53 665
53 419
53 683
53 173
53 178
53 174
53 465
53 53
53 126
53 630
53 183
53 694
53 308
53 462
53 206
53 496
53 639
53 91
53 84
54 792
54 65
54 533
54 268
54 286
54 674
54 297
54 299
54 557
54 434
54 686
54 573
54 342
54 171
54 57
54 680
54 540
54 54
54 139
54 469
54 215
54 89
54 251
55 424
55 181
55 438
55 330
55 235
55 92
55 604
55 335
55 617
55 564
55 55
55 586
55 454
55 358
55 321
55 309
55 648
55 442
55 349
55 115
55 507
55 698
56 722
56 397
56 311
56 523
56 196
56 468
56 243
56 760
56 219
56 385
56 93
56 67
56 211
56 745
56 198
56 65
56 605
56 636
56 199
57 433
57 157
57 268
57 286
57 171
57 299
57 434
57 720
57 215
57 686
57 297
57 669
57 79
57 557
57 374
57 540
57 456
57 683
57 646
57 573
57 450
57 89
57 108
58 80
58 389
58 774
58 142
58 659
58 275
58 406
58 409
58 283
58 676
58 166
58 593
58 144
58 135
58 239
58 736
58 228
58 465
58 450
59 647
59 780
59 679
59 555
59 684
59 176
59 571
59 105
59 705
59 351
59 145
59 294
59 314
59 508
59 347
59 561
59 613
59 582
59 447
59 326
59 328
59 633
59 404
60 559
60 563
60 309
60 134
60 749
60 642
60 60
60 706
60 477
60 107
60 221
60 746
60 273
60 457
60 495
60 201
60 95
60 71
60 334
60 721
60 249
61 513
61 521
61 525
61 786
61 681
61 317
61 190
61 689
61 340
61 585
61 193
61 113
61 61
61 640
61 632
61 231
61 201
61 787
61 332
61 612
61 503
61 122
61 738
62 642
62 790
62 551
62 296
62 428
62 687
62 431
62 303
62 436
62 62
62 678
62 588
62 748
62 444
62 779
62 697
62 729
62 100
62 620
62 109
63 285
63 161
63 547
63 164
63 430
63 542
63 192
63 363
63 83
63 462
63 229
63 512
63 511
63 476
63 84
63 295
63 122
63 212
63 634
63 764
64 641
64 137
64 276
64 537
64 154
64 417
64 423
64 298
64 302
64 697
64 595
64 118
64 121
64 538
64 320
64 422
64 64
64 732
64 777
64 99
64 484
64 238
64 287
65 385
65 523
65 397
65 311
65 211
65 196
65 213
65 492
65 243
65 745
65 65
65 67
65 468
65 219
65 93
65 740
65 760
65 636
65 233
65 476
66 514
66 132
66 773
66 392
66 776
66 651
66 414
66 185
66 572
66 319
66 750
66 699
66 497
66 255
66 628
66 743
66 711
66 334
66 214
66 481
66 489
66 715
67 385
67 397
67 157
67 211
67 468
67 636
67 523
67 760
67 243
67 196
67 745
67 492
67 740
67 198
67 311
67 112
67 453
67 213
67 219
67 327
68 641
68 137
68 537
68 154
68 538
68 417
68 422
68 302
68 697
68 320
68 118
68 505
68 99
68 595
68 376
68 276
68 423
68 238
68 798
68 600
68 121
69 113
69 129
69 266
69 138
69 653
69 141
69 784
69 658
69 662
69 300
69 709
69 101
69 464
69 356
69 248
69 387
69 466
69 69
69 721
69 85
69 365
69 710
70 635
70 517
70 136
70 656
70 763
70 250
70 420
70 719
70 194
70 143
70 195
70 732
70 323
70 565
70 608
70 380
70 131
70 399
70 222
70 370
70 192
71 134
71 273
71 556
71 559
71 706
71 107
71 221
71 606
71 749
71 721
71 309
71 642
71 563
71 718
71 457
71 229
71 187
71 477
71 746
71 531
71 574
72 743
72 644
72 402
72 147
72 149
72 794
72 670
72 182
72 677
72 123
72 106
72 635
72 117
72 509
72 491
72 82
72 471
72 713
72 557
72 721
72 220
72 353
72 456
72 301
73 369
73 778
73 289
73 546
73 545
73 426
73 688
73 440
73 325
73 324
73 765
73 73
73 90
73 233
73 333
73 352
73 396
73 633
73 204
73 727
73 104
73 625
73 339
74 769
74 775
74 395
74 267
74 271
74 188
74 207
74 112
74 461
74 341
74 567
74 74
74 445
74 696
74 408
74 128
74 170
74 355
74 160
74 587
74 80
74 346
74 311
75 549
75 408
75 109
75 260
75 645
75 519
75 140
75 527
75 278
75 415
75 700
75 791
75 735
75 225
75 673
75 734
75 782
76 132
76 112
76 252
76 517
76 136
76 656
76 565
76 194
76 323
76 195
76 732
76 163
76 380
76 763
76 420
76 594
76 138
76 617
76 719
76 605
76 370
76 250
77 201
77 386
77 390
77 399
77 792
77 411
77 672
77 304
77 200
77 714
77 459
77 754
77 724
77 110
77 77
77 585
77 226
77 758
77 552
78 201
78 108
78 391
78 262
78 269
78 404
78 290
78 558
78 711
78 539
78 528
78 301
78 350
78 614
78 158
78 152
78 252
78 395
78 720
78 730
79 383
79 268
79 674
79 297
79 171
79 299
79 557
79 450
79 456
79 89
79 573
79 286
79 540
79 215
79 686
79 251
79 374
79 647
79 526
79 469
79 664
80 769
80 775
80 395
80 267
80 655
80 408
80 170
80 696
80 188
80 445
80 587
80 346
80 128
80 478
80 567
80 271
80 602
80 341
80 546
80 184
80 694
81 104
81 257
81 139
81 526
81 657
81 532
81 156
81 159
81 552
81 168
81 205
81 693
81 609
81 717
81 81
81 501
81 742
81 483
81 536
81 210
81 599
81 88
81 354
81 494
81 504
82 644
82 402
82 147
82 149
82 794
82 677
82 562
82 713
82 716
82 220
82 670
82 246
82 509
82 117
82 471
82 106
82 306
82 179
82 353
82 123
82 232
82 586
83 648
83 277
83 285
83 542
83 161
83 192
83 462
83 511
83 164
83 363
83 547
83 430
83 229
83 295
83 764
83 580
83 154
83 84
83 86
83 476
83 512
84 216
84 705
84 510
84 648
84 277
84 285
84 164
84 192
84 229
84 511
84 476
84 542
84 363
84 634
84 538
84 627
84 764
84 512
85 387
85 266
85 784
85 658
85 662
85 300
85 464
85 722
85 466
85 138
85 356
85 365
85 101
85 129
85 141
85 248
85 712
85 279
85 617
85 601
85 534
85 532
86 775
86 115
86 648
86 285
86 542
86 164
86 295
86 430
86 462
86 476
86 764
86 627
86 511
86 277
86 547
86 269
86 435
86 229
86 363
86 634
87 207
87 131
87 146
87 789
87 663
87 668
87 427
87 439
87 568
87 570
87 576
87 704
87 203
87 116
87 362
87 548
87 702
87 87
87 321
87 603
87 611
87 626
88 709
88 139
88 532
88 693
88 717
88 210
88 159
88 552
88 609
88 156
88 168
88 95
88 88
88 619
88 657
88 141
88 478
88 354
88 742
88 133
89 311
89 268
89 540
89 669
89 286
89 297
89 686
89 573
89 456
89 469
89 720
89 557
89 342
89 89
89 441
90 385
90 778
90 289
90 545
90 426
90 315
90 324
90 325
90 625
90 90
90 104
90 727
90 333
90 233
90 257
90 754
90 486
90 761
90 124
90 765
90 380
91 632
91 429
91 396
91 779
91 782
91 398
91 536
91 796
91 322
91 591
91 344
91 473
91 474
91 752
91 393
91 650
91 506
91 348
91 405
91 487
92 324
92 424
92 181
92 442
92 586
92 330
92 336
92 596
92 604
92 349
92 617
92 291
92 321
92 480
92 564
92 235
92 153
92 666
92 667
93 523
93 397
93 157
93 198
93 468
93 213
93 219
93 93
93 311
93 243
93 500
93 385
93 196
93 740
93 119
93 745
93 492
93 279
93 338
93 703
94 329
94 650
94 393
94 396
94 782
94 788
94 536
94 796
94 560
94 322
94 723
94 344
94 473
94 474
94 94
94 348
94 516
94 193
94 506
95 218
95 257
95 532
95 156
95 552
95 717
95 210
95 504
95 501
95 526
95 693
95 619
95 599
95 95
95 776
95 609
95 354
95 742
96 637
96 783
96 529
96 661
96 151
96 410
96 155
96 288
96 293
96 429
96 313
96 218
96 371
96 631
96 96
96 604
96 751
96 789
96 144
96 470
97 372
97 388
97 645
97 519
97 140
97 785
97 791
97 446
97 735
97 629
97 97
97 278
97 133
97 757
97 223
97 744
98 110
98 516
98 646
98 274
98 543
98 800
98 169
98 582
98 600
98 737
98 598
98 368
98 115
98 682
98 103
98 123
98 314
98 357
98 507
98 664
99 154
99 422
99 423
99 302
99 697
99 320
99 595
99 121
99 276
99 505
99 641
99 111
99 484
99 118
99 298
99 417
99 297
99 402
99 238
99 426
99 685
99 768
100 572
100 506
100 265
100 787
100 148
100 405
100 296
100 428
100 687
100 729
100 431
100 748
100 125
100 100
100 588
100 268
100 624
100 109
101 387
101 138
101 653
101 141
101 722
101 216
101 784
101 365
101 266
101 382
101 356
101 248
101 601
101 712
101 709
101 300
101 438
101 543
102 514
102 371
102 742
102 770
102 771
102 541
102 675
102 553
102 172
102 179
102 189
102 715
102 597
102 470
102 355
102 767
102 102
102 733
102 530
102 490
102 127
103 137
103 800
103 421
103 682
103 690
103 598
103 737
103 357
103 582
103 169
103 507
103 516
103 373
103 543
103 172
103 226
103 588
103 707
104 642
104 643
104 289
104 546
104 426
104 688
104 204
104 333
104 727
104 778
104 761
104 325
104 486
104 765
104 625
104 350
104 233
104 124
104 630
105 606
105 643
105 647
105 780
105 145
105 294
105 679
105 555
105 684
105 561
105 199
105 328
105 347
105 613
105 705
105 176
105 268
105 633
105 348
105 616
105 512
106 644
106 402
106 794
106 562
106 716
106 471
106 123
106 677
106 306
106 106
106 491
106 232
106 246
106 670
106 147
106 444
106 487
106 635
106 509
106 674
107 642
107 273
107 556
107 309
107 706
107 457
107 334
107 721
107 221
107 134
107 249
107 495
107 107
107 563
107 379
107 624
107 749
107 280
107 158
108 271
108 515
108 261
108 534
108 665
108 153
108 419
108 173
108 694
108 183
108 475
108 630
108 639
108 496
108 607
108 174
108 465
108 338
109 265
109 787
109 148
109 790
109 678
109 551
109 296
109 303
109 436
109 444
109 588
109 431
109 729
109 109
109 414
109 140
110 390
110 399
110 792
110 411
110 672
110 329
110 714
110 459
110 209
110 345
110 200
110 754
110 226
110 386
110 519
110 758
110 563
110 286
110 479
110 547
111 641
111 137
111 537
111 154
111 538
111 417
111 423
111 298
111 302
111 697
111 320
111 595
111 121
111 376
111 118
111 212
111 276
111 184
111 236
111 282
111 351
111 638
112 775
112 267
112 655
112 271
112 170
112 587
112 769
112 207
112 602
112 567
112 188
112 395
112 478
112 408
112 696
112 346
112 445
112 790
112 372
112 128
112 145
112 598
112 223
113 521
113 525
113 689
113 190
113 447
113 193
113 585
113 340
113 681
113 231
113 425
113 640
113 786
113 113
113 201
113 122
113 188
113 134
113 116
114 392
114 426
114 291
114 424
114 564
114 181
114 442
114 454
114 330
114 336
114 604
114 358
114 235
114 114
114 617
114 446
114 486
115 516
115 646
115 274
115 421
115 169
115 682
115 737
115 357
115 543
115 373
115 507
115 800
115 600
115 582
115 378
116 789
116 548
116 427
116 439
116 570
116 443
116 702
116 576
116 704
116 579
116 203
116 241
116 626
116 131
116 663
116 611
116 668
116 389
116 633
117 644
117 147
117 149
117 562
117 306
117 713
117 123
117 232
117 491
117 246
117 794
117 402
117 117
117 716
117 220
117 377
117 448
117 635
117 618
117 142
117 222
118 641
118 137
118 276
118 538
118 417
118 298
118 302
118 697
118 212
118 484
118 154
118 320
118 505
118 238
118 301
119 423
119 770
119 541
119 799
119 553
119 179
119 189
119 208
119 470
119 490
119 771
119 715
119 731
119 172
119 355
119 597
119 682
119 147
119 767
120 769
120 395
120 267
120 655
120 271
120 408
120 170
120 567
120 445
120 587
120 207
120 341
120 372
120 120
120 128
120 696
120 602
120 176
120 636
120 177
120 522
121 641
121 137
121 276
121 537
121 538
121 417
121 422
121 423
121 302
121 697
121 595
121 320
121 154
121 238
121 376
121 661
121 430
121 484
121 169
122 521
122 786
122 681
122 433
122 689
122 447
122 193
122 585
122 201
122 332
122 503
122 190
122 122
122 231
122 513
122 678
122 782
122 283
123 402
123 149
123 670
123 677
123 713
123 794
123 562
123 491
123 123
123 246
123 471
123 232
123 220
123 218
123 739
123 635
123 326
123 204
123 747
124 778
124 289
124 426
124 440
124 324
124 727
124 352
124 486
124 625
124 761
124 545
124 688
124 315
124 325
124 124
124 239
124 476
125 182
125 169
125 265
125 148
125 790
125 678
125 428
125 431
125 303
125 436
125 444
125 729
125 748
125 620
125 405
125 172
125 250
125 747
126 618
126 337
126 515
126 261
126 665
126 153
126 419
126 683
126 173
126 174
126 178
126 694
126 183
126 206
126 338
126 475
126 496
126 630
126 639
126 391
126 163
127 771
127 799
127 544
127 554
127 179
127 707
127 208
127 597
127 490
127 127
127 770
127 541
127 715
127 553
127 470
127 615
127 475
127 767
127 638
128 497
128 769
128 395
128 267
128 655
128 408
128 696
128 188
128 461
128 602
128 445
128 271
128 128
128 563
128 442
128 143
128 258
129 387
129 712
129 658
129 662
129 216
129 300
129 266
129 138
129 722
129 709
129 464
129 601
129 356
129 382
129 248
129 365
129 359
129 689
129 653
129 141
129 784
129 466
129 357
130 660
130 230
130 383
130 379
130 130
130 310
130 284
130 272
130 177
130 224
130 282
130 217
130 305
130 793
130 623
130 797
130 747
130 781
130 407
130 566
130 192
131 422
131 570
131 443
131 548
131 579
131 611
131 789
131 362
131 256
131 663
131 568
131 668
131 626
131 203
131 281
131 603
131 427
131 691
131 146
131 439
131 378
131 574
132 514
132 467
132 572
132 699
132 414
132 652
132 185
132 481
132 743
132 651
132 255
132 132
132 628
132 776
132 392
132 457
132 773
132 497
132 505
132 559
132 723
132 517
133 722
133 772
133 260
133 527
133 415
133 140
133 700
133 629
133 499
133 446
133 785
133 791
133 133
133 744
133 453
133 410
133 645
133 519
133 278
133 673
134 642
134 746
134 749
134 134
134 563
134 559
134 718
134 477
134 273
134 495
134 334
134 249
134 463
134 721
134 665
134 556
134 457
134 663
134 473
135 389
135 774
135 406
135 479
135 142
135 437
135 318
135 166
135 228
135 283
135 144
135 409
135 593
135 510
135 659
135 736
135 567
135 331
135 741
136 567
136 291
136 719
136 136
136 517
136 656
136 143
136 420
136 380
136 763
136 163
136 370
136 195
136 777
136 644
136 565
136 194
136 323
136 594
136 605
136 222
136 608
137 641
137 320
137 595
137 137
137 484
137 538
137 276
137 298
137 537
137 212
137 697
137 154
137 743
137 417
137 422
137 423
137 238
137 376
137 492
137 730
138 266
138 216
138 356
138 387
138 141
138 709
138 712
138 658
138 248
138 466
138 722
138 653
138 464
138 382
138 784
138 353
138 703
138 662
138 300
138 365
138 752
138 504
139 291
139 261
139 717
139 501
139 693
139 139
139 205
139 168
139 354
139 210
139 619
139 526
139 494
139 755
139 345
139 657
139 552
139 599
139 609
140 779
140 494
140 260
140 645
140 735
140 415
140 744
140 225
140 785
140 527
140 629
140 140
140 278
140 791
140 673
140 700
140 499
141 387
141 266
141 216
141 300
141 653
141 382
141 365
141 356
141 464
141 658
141 601
141 709
141 466
141 248
141 445
141 784
141 662
141 712
141 722
141 635
142 449
142 774
142 659
142 239
142 283
142 575
142 228
142 389
142 331
142 479
142 736
142 406
142 676
142 510
142 166
142 145
142 275
142 409
142 437
142 741
143 749
143 517
143 777
143 380
143 605
143 323
143 732
143 195
143 719
143 763
143 143
143 370
143 565
143 194
143 420
143 518
143 222
143 608
144 751
144 509
144 487
144 389
144 144
144 593
144 510
144 479
144 331
144 283
144 318
144 406
144 575
144 275
144 228
144 409
144 265
144 676
144 166
144 437
144 239
145 429
145 643
145 647
145 780
145 508
145 199
145 555
145 561
145 705
145 684
145 571
145 679
145 347
145 326
145 328
145 176
145 629
145 294
145 314
145 449
145 351
146 739
146 570
146 256
146 362
146 568
146 668
146 281
146 603
146 241
146 443
146 579
146 576
146 439
146 789
146 611
146 548
146 583
146 581
146 663
146 427
147 402
147 491
147 716
147 246
147 562
147 147
147 670
147 182
147 635
147 644
147 232
147 471
147 149
147 220
147 605
147 517
147 306
147 713
147 353
147 269
147 152
148 652
148 265
148 787
148 428
148 405
148 303
148 296
148 588
148 431
148 444
148 790
148 551
148 436
148 623
148 270
148 687
148 748
149 644
149 220
149 716
149 635
149 471
149 670
149 794
149 149
149 677
149 306
149 246
149 286
149 213
149 713
149 353
149 232
149 491
149 452
149 430
150 712
150 377
150 710
150 574
150 254
150 798
150 312
150 589
150 448
150 187
150 624
150 359
150 755
150 253
150 482
150 615
150 387
150 180
150 592
151 216
151 783
151 529
151 530
151 661
151 416
151 455
151 410
151 631
151 708
151 155
151 371
151 739
151 218
151 293
151 630
151 666
151 313
151 766
151 355
152 391
152 262
152 269
152 528
152 404
152 664
152 301
152 350
152 167
152 610
152 290
152 539
152 649
152 175
152 451
152 558
152 252
152 331
152 158
152 186
152 711
152 614
152 250
153 670
153 534
153 665
153 496
153 153
153 694
153 639
153 174
153 173
153 683
153 630
153 475
153 370
153 510
153 178
153 183
153 206
153 465
153 338
153 607
153 366
153 393
154 641
154 276
154 537
154 320
154 298
154 302
154 423
154 422
154 417
154 484
154 595
154 697
154 154
154 716
154 538
154 238
154 224
155 412
155 661
155 293
155 708
155 739
155 529
155 410
155 766
155 218
155 455
155 530
155 631
155 666
155 753
155 173
155 429
155 313
155 751
156 710
156 257
156 205
156 717
156 504
156 168
156 159
156 657
156 156
156 619
156 210
156 532
156 609
156 526
156 552
156 421
157 196
157 500
157 213
157 492
157 198
157 397
157 385
157 740
157 760
157 745
157 636
157 311
157 523
157 211
157 157
157 243
157 240
157 473
158 575
158 391
158 262
158 269
158 528
158 404
158 664
158 301
158 610
158 290
158 167
158 175
158 711
158 614
158 649
158 451
158 771
158 186
159 422
159 365
159 263
159 257
159 526
159 657
159 532
159 210
159 494
159 504
159 205
159 552
159 599
159 501
159 693
159 609
159 527
159 533
159 717
159 619
160 321
160 577
160 748
160 520
160 394
160 524
160 581
160 578
160 747
160 244
160 768
160 258
160 472
160 339
160 583
160 182
160 316
160 703
160 458
161 383
161 648
161 277
161 542
161 164
161 462
161 634
161 476
161 363
161 547
161 192
161 285
161 627
161 295
161 764
161 426
161 197
161 430
161 229
161 511
162 781
162 660
162 407
162 793
162 284
162 797
162 623
162 566
162 230
162 162
162 177
162 224
162 734
162 282
162 305
162 217
162 540
162 387
162 573
162 691
162 755
163 517
163 656
163 763
163 565
163 605
163 420
163 250
163 163
163 608
163 777
163 380
163 195
163 719
163 222
163 194
163 323
163 732
163 695
164 293
164 459
164 285
164 547
164 542
164 363
164 462
164 430
164 164
164 192
164 277
164 519
164 495
164 295
164 511
164 512
165 319
165 518
165 263
165 531
165 403
165 533
165 280
165 292
165 432
165 756
165 502
165 535
165 240
165 237
165 227
165 165
165 247
165 530
165 504
165 759
165 290
166 255
166 774
166 275
166 406
166 283
166 331
166 228
166 318
166 239
166 437
166 510
166 575
166 389
166 741
166 643
166 560
166 736
167 193
167 699
167 557
167 262
167 649
167 528
167 404
167 664
167 252
167 539
167 175
167 614
167 350
167 269
167 301
167 398
167 248
167 186
167 451
167 610
167 735
168 397
168 290
168 257
168 526
168 657
168 532
168 552
168 717
168 494
168 599
168 619
168 205
168 168
168 194
168 475
168 693
168 210
168 354
169 646
169 543
169 421
169 682
169 600
169 690
169 582
169 169
169 516
169 368
169 373
169 737
169 357
169 444
170 769
170 395
170 267
170 655
170 271
170 408
170 587
170 170
170 341
170 346
170 461
170 696
170 188
170 207
170 691
170 290
170 567
170 602
170 372
170 565
171 500
171 540
171 669
171 674
171 251
171 720
171 286
171 374
171 434
171 680
171 450
171 469
171 456
171 171
171 299
171 766
171 557
171 573
171 342
171 344
172 737
172 380
172 770
172 771
172 799
172 544
172 553
172 554
172 597
172 355
172 179
172 541
172 767
172 470
172 683
172 302
172 707
172 715
172 208
172 581
173 410
173 230
173 515
173 261
173 534
173 683
173 338
173 366
173 630
173 206
173 694
173 475
173 601
173 599
173 178
173 183
173 607
174 376
174 378
174 441
174 665
174 419
174 465
174 183
174 534
174 607
174 630
174 496
174 338
174 366
174 475
174 639
174 681
174 751
175 391
175 262
175 269
175 664
175 539
175 301
175 558
175 730
175 404
175 610
175 614
175 186
175 290
175 451
175 390
176 643
176 647
176 294
176 555
176 684
176 780
176 314
176 449
176 326
176 613
176 561
176 571
176 199
176 633
176 255
176 380
176 705
176 347
176 351
177 198
177 660
177 793
177 797
177 550
177 305
177 224
177 407
177 734
177 781
177 177
177 383
177 379
177 186
177 566
177 327
177 217
178 419
178 534
178 261
178 465
178 694
178 366
178 630
178 515
178 496
178 639
178 475
178 206
178 683
178 523
178 741
178 183
178 338
178 607
179 771
179 544
179 675
179 731
179 490
179 767
179 554
179 470
179 597
179 715
179 541
179 223
179 760
179 189
179 707
179 208
179 355
180 214
180 772
180 264
180 401
180 798
180 448
180 574
180 377
180 180
180 624
180 367
180 253
180 615
180 482
180 298
180 666
180 312
180 187
180 710
180 755
180 254
180 777
181 291
181 424
181 564
181 604
181 596
181 438
181 335
181 181
181 480
181 330
181 321
181 336
181 235
181 576
181 433
181 442
181 589
181 592
182 644
182 794
182 670
182 677
182 562
182 232
182 713
182 471
182 182
182 353
182 491
182 509
182 635
182 220
182 246
182 686
183 601
183 622
183 783
183 515
183 261
183 665
183 694
183 683
183 465
183 366
183 206
183 409
183 571
183 475
183 607
183 639
183 589
184 766
184 456
184 270
184 654
184 685
184 307
184 242
184 388
184 435
184 184
184 577
184 753
184 364
184 381
184 343
184 522
184 431
184 441
184 580
184 683
184 673
185 392
185 776
185 773
185 236
185 651
185 255
185 699
185 743
185 750
185 481
185 652
185 319
185 467
185 214
185 559
185 216
185 572
185 497
185 369
185 628
185 560
186 649
186 269
186 528
186 404
186 290
186 301
186 558
186 262
186 730
186 186
186 614
186 711
186 527
186 610
187 276
187 772
187 401
187 798
187 312
187 624
187 616
187 592
187 574
187 615
187 187
187 482
187 788
187 514
187 448
187 710
187 589
187 367
187 377
187 363
188 467
188 769
188 775
188 395
188 267
188 655
188 271
188 461
188 567
188 346
188 188
188 587
188 390
188 190
189 718
189 770
189 771
189 541
189 675
189 554
189 707
189 470
189 208
189 490
189 767
189 355
189 731
189 189
189 588
190 521
190 525
190 786
190 412
190 681
190 317
190 689
190 433
190 190
190 640
190 632
190 201
190 231
190 612
190 513
190 512
190 559
190 585
190 332
190 340
190 567
190 468
191 259
191 413
191 671
191 287
191 308
191 584
191 637
191 622
191 460
191 418
191 361
191 549
191 197
191 726
191 277
191 777
191 202
191 738
191 669
191 367
192 697
192 285
192 547
192 295
192 430
192 627
192 363
192 229
192 634
192 648
192 764
192 476
192 512
192 511
192 703
193 513
193 521
193 525
193 425
193 433
193 689
193 317
193 193
193 632
193 231
193 201
193 612
193 340
193 585
193 660
193 332
194 725
194 517
194 656
194 565
194 195
194 732
194 370
194 250
194 594
194 719
194 777
194 763
194 608
194 568
194 279
194 323
194 605
194 222
195 517
195 777
195 420
195 565
195 323
195 370
195 732
195 763
195 608
195 656
195 380
195 198
195 529
195 719
195 594
195 222
195 250
196 385
196 523
196 311
196 213
196 636
196 740
196 198
196 745
196 211
196 196
196 460
196 561
196 219
196 500
196 760
197 259
197 413
197 671
197 418
197 498
197 202
197 287
197 308
197 584
197 726
197 757
197 637
197 460
197 429
197 419
197 488
197 489
197 361
197 680
198 200
198 385
198 523
198 397
198 311
198 500
198 198
198 740
198 211
198 378
198 468
198 213
198 745
198 243
198 760
198 706
198 437
198 285
199 489
199 643
199 647
199 780
199 294
199 679
199 555
199 684
199 561
199 314
199 571
199 351
199 633
199 705
199 508
199 296
199 328
199 613
200 498
200 399
200 411
200 795
200 304
200 386
200 733
200 200
200 209
200 329
200 792
200 390
200 459
200 714
200 724
200 226
200 758
200 684
200 571
201 786
201 412
201 433
201 317
201 447
201 425
201 231
201 640
201 513
201 525
201 585
201 681
201 521
201 340
201 332
201 612
201 214
201 794
202 418
202 460
202 671
202 757
202 738
202 488
202 549
202 287
202 498
202 726
202 413
202 489
202 601
202 709
202 637
203 281
203 668
203 548
203 427
203 439
203 443
203 576
203 579
203 789
203 603
203 704
203 241
203 702
203 256
203 203
203 759
203 611
204 399
204 778
204 289
204 546
204 688
204 440
204 315
204 325
204 233
204 727
204 204
204 333
204 625
204 486
204 266
204 352
204 761
204 527
204 695
205 612
205 484
205 270
205 496
205 591
205 257
205 526
205 657
205 693
205 501
205 205
205 458
205 407
205 210
205 599
205 354
205 742
205 494
206 750
206 534
206 665
206 419
206 683
206 630
206 496
206 206
206 607
206 694
206 747
206 338
206 366
207 769
207 408
207 567
207 696
207 461
207 775
207 267
207 341
207 271
207 478
207 207
207 346
207 602
207 655
207 530
207 310
208 308
208 350
208 541
208 544
208 675
208 707
208 355
208 470
208 715
208 208
208 597
208 761
208 716
208 731
208 223
209 386
209 390
209 399
209 795
209 672
209 329
209 459
209 754
209 758
209 733
209 345
209 209
209 791
209 682
209 226
210 545
210 454
210 358
210 257
210 526
210 532
210 552
210 504
210 354
210 742
210 424
210 599
211 385
211 523
211 311
211 760
211 500
211 211
211 636
211 745
211 397
211 640
211 625
211 272
211 439
211 659
212 537
212 538
212 417
212 422
212 423
212 302
212 320
212 595
212 238
212 212
212 697
212 484
212 505
212 276
212 298
212 368
212 649
212 720
213 385
213 500
213 740
213 760
213 468
213 745
213 213
213 523
213 243
213 736
213 518
213 768
214 514
214 773
214 392
214 776
214 651
214 572
214 319
214 236
214 652
214 255
214 628
214 497
214 467
214 481
214 414
214 743
214 750
214 478
214 545
214 565
215 548
215 268
215 540
215 680
215 297
215 299
215 686
215 434
215 450
215 456
215 342
215 573
215 469
215 215
215 576
216 387
216 266
216 464
216 356
216 709
216 382
216 248
216 658
216 712
216 722
216 216
216 784
216 601
216 365
216 225
217 298
217 385
217 781
217 272
217 660
217 407
217 793
217 282
217 284
217 797
217 305
217 327
217 734
217 786
217 225
217 383
218 513
218 529
218 410
218 288
218 416
218 429
218 371
218 783
218 708
218 313
218 530
218 666
218 544
218 751
218 766
218 576
218 571
218 688
218 424
218 355
219 385
219 397
219 468
219 636
219 492
219 760
219 311
219 500
219 243
219 740
219 523
219 282
219 595
219 342
219 725
219 799
220 425
220 644
220 794
220 670
220 677
220 562
220 306
220 471
220 635
220 716
220 220
220 353
220 470
220 252
220 232
220 491
221 642
221 559
221 563
221 309
221 706
221 457
221 718
221 463
221 721
221 249
221 746
221 606
221 334
221 477
221 748
221 547
221 749
221 693
222 517
222 777
222 420
222 565
222 323
222 732
222 719
222 370
222 380
222 763
222 429
222 608
223 609
223 771
223 541
223 799
223 675
223 553
223 715
223 767
223 770
223 544
223 223
223 731
223 355
223 707
223 342
223 490
224 272
224 407
224 282
224 550
224 327
224 660
224 781
224 797
224 734
224 566
224 224
224 284
224 345
224 230
225 527
225 785
225 791
225 415
225 673
225 700
225 735
225 499
225 225
225 519
225 645
225 770
225 744
226 651
226 399
226 792
226 411
226 795
226 329
226 459
226 390
226 758
226 386
226 345
226 304
226 754
226 339
226 423
226 623
226 713
226 396
227 468
227 533
227 535
227 292
227 432
227 692
227 569
227 701
227 728
227 502
227 403
227 493
227 518
227 263
227 247
227 531
227 483
227 415
227 735
227 485
227 240
227 517
228 774
228 659
228 406
228 409
228 283
228 676
228 331
228 593
228 239
228 275
228 437
228 510
228 575
228 435
228 598
228 741
229 332
229 277
229 542
229 430
229 285
229 363
229 511
229 512
229 547
229 753
229 717
229 627
229 634
229 764
230 781
230 284
230 550
230 310
230 327
230 566
230 305
230 623
230 379
230 272
230 797
230 383
230 734
230 663
230 800
231 513
231 521
231 786
231 412
231 681
231 433
231 689
231 612
231 447
231 640
231 632
231 425
231 332
231 231
231 430
231 503
231 278
232 402
232 794
232 677
232 562
232 306
232 713
232 716
232 635
232 471
232 246
232 232
232 729
232 594
233 769
233 793
233 555
233 546
233 440
233 315
233 324
233 333
233 352
233 486
233 765
233 778
233 325
233 426
233 711
233 625
234 372
234 737
234 258
234 520
234 524
234 695
234 578
234 581
234 583
234 458
234 339
234 768
234 375
234 703
234 472
234 360
234 234
234 733
234 638
235 424
235 438
235 442
235 454
235 586
235 330
235 335
235 358
235 596
235 336
235 480
235 291
235 548
235 458
236 514
236 773
236 392
236 776
236 651
236 652
236 414
236 699
236 319
236 467
236 255
236 572
236 236
236 708
236 402
236 750
236 497
236 325
237 637
237 329
237 579
237 263
237 531
237 533
237 280
237 432
237 692
237 569
237 701
237 483
237 485
237 493
237 240
237 502
237 619
237 601
237 247
238 641
238 537
238 538
238 422
238 423
238 697
238 320
238 484
238 238
238 302
238 630
238 763
238 376
238 379
238 663
239 640
239 389
239 774
239 659
239 406
239 283
239 676
239 575
239 331
239 736
239 479
239 295
239 358
240 769
240 518
240 531
240 403
240 533
240 535
240 280
240 569
240 483
240 485
240 292
240 756
240 502
240 759
240 405
241 789
241 668
241 570
241 702
241 576
241 704
241 611
241 548
241 663
241 256
241 568
241 603
241 241
241 579
241 500
241 626
241 621
242 388
242 522
242 270
242 279
242 667
242 685
242 441
242 452
242 343
242 762
242 381
242 307
242 753
242 654
242 580
242 577
242 328
242 604
243 385
243 523
243 397
243 311
243 468
243 740
243 492
243 760
243 500
243 382
243 669
243 636
243 787
243 645
244 300
244 420
244 394
244 524
244 695
244 316
244 703
244 581
244 583
244 458
244 590
244 768
244 747
244 339
244 638
244 245
244 735
244 774
245 258
245 520
245 394
245 524
245 695
245 316
245 578
245 581
245 583
245 458
245 590
245 472
245 360
245 747
245 245
245 386
246 492
246 402
246 794
246 677
246 306
246 716
246 353
246 509
246 635
246 713
246 519
246 257
247 302
247 518
247 263
247 531
247 403
247 533
247 535
247 292
247 569
247 728
247 483
247 692
247 247
247 717
247 478
248 387
248 266
248 653
248 658
248 662
248 300
248 466
248 601
248 248
248 649
248 427
249 556
249 309
249 718
249 463
249 477
249 606
249 495
249 559
249 746
249 706
249 249
249 502
249 785
249 420
250 773
250 420
250 370
250 777
250 380
250 323
250 656
250 763
250 605
250 732
250 749
251 604
251 540
251 674
251 680
251 297
251 557
251 434
251 573
251 450
251 374
251 720
251 251
251 669
251 469
251 792
252 262
252 269
252 404
252 539
252 290
252 558
252 451
252 711
252 730
252 610
252 391
252 664
252 350
252 450
253 412
253 356
253 264
253 448
253 710
253 592
253 482
253 615
253 616
253 359
253 589
253 574
253 254
253 624
253 502
254 729
254 264
254 401
254 798
254 574
254 448
254 710
254 482
254 615
254 367
254 377
254 254
254 432
255 773
255 651
255 414
255 319
255 467
255 481
255 750
255 628
255 699
255 776
255 743
255 390
255 523
255 746
255 349
255 665
255 398
256 789
256 663
256 668
256 427
256 568
256 570
256 443
256 702
256 704
256 579
256 603
256 611
256 362
256 626
256 716
256 403
257 580
257 657
257 717
257 526
257 609
257 619
257 552
257 554
257 693
257 742
257 504
257 553
258 578
258 703
258 258
258 768
258 316
258 524
258 581
258 458
258 590
258 638
258 520
258 339
258 375
258 384
258 394
258 747
259 549
259 361
259 498
259 726
259 413
259 671
259 489
259 287
259 622
259 308
259 460
259 738
259 488
259 584
259 529
259 418
260 672
260 563
260 752
260 415
260 527
260 278
260 791
260 735
260 700
260 744
260 785
260 673
260 601
260 736
260 645
260 519
260 499
260 629
261 716
261 279
261 515
261 465
261 665
261 607
261 419
261 496
261 261
261 683
261 466
261 694
262 391
262 290
262 664
262 610
262 614
262 649
262 528
262 350
262 558
262 301
262 539
262 280
262 744
262 404
262 730
263 518
263 502
263 280
263 535
263 728
263 432
263 292
263 531
263 403
263 493
263 263
263 485
263 533
263 609
263 692
263 569
263 701
263 657
264 788
264 772
264 574
264 448
264 710
264 624
264 589
264 264
264 592
264 798
264 755
264 359
264 615
264 482
264 420
264 795
264 401
264 616
264 367
264 377
265 646
265 428
265 551
265 431
265 265
265 678
265 787
265 436
265 729
265 790
265 620
265 570
265 587
265 405
265 296
265 687
265 303
265 444
266 712
266 601
266 466
266 653
266 722
266 300
266 365
266 266
266 356
266 660
266 763
266 784
266 658
266 662
266 464
266 341
267 769
267 346
267 587
267 655
267 567
267 602
267 445
267 341
267 372
267 271
267 408
267 538
267 594
267 696
267 745
267 388
267 615
268 268
268 680
268 299
268 669
268 374
268 573
268 286
268 456
268 720
268 434
268 686
268 582
268 403
268 540
268 297
268 469
268 342
269 491
269 759
269 649
269 350
269 664
269 290
269 269
269 528
269 539
269 529
269 404
269 558
270 464
270 584
270 522
270 270
270 337
270 580
270 452
270 762
270 307
270 381
270 435
270 577
270 279
270 753
270 275
270 654
270 400
270 685
270 698
270 725
270 364
270 532
271 775
271 395
271 655
271 602
271 372
271 341
271 408
271 769
271 445
271 587
271 346
271 478
271 753
271 696
271 749
271 469
272 455
272 781
272 305
272 793
272 550
272 284
272 660
272 379
272 623
272 797
272 272
272 310
272 665
272 734
272 330
273 724
273 642
273 463
273 746
273 477
273 559
273 273
273 606
273 334
273 556
273 563
273 721
273 697
273 364
273 457
273 718
274 276
274 516
274 646
274 598
274 737
274 800
274 543
274 274
274 690
274 600
274 384
274 378
274 347
274 694
274 357
274 373
274 295
274 499
275 766
275 774
275 659
275 479
275 331
275 318
275 275
275 409
275 593
275 676
275 575
275 530
275 783
275 741
276 484
276 697
276 422
276 276
276 641
276 595
276 537
276 423
276 376
276 302
276 417
276 505
276 538
276 298
276 726
276 281
276 443
277 481
277 352
277 648
277 285
277 511
277 547
277 512
277 363
277 277
277 542
277 538
277 295
277 430
277 462
278 361
278 527
278 791
278 744
278 415
278 519
278 446
278 278
278 499
278 700
278 431
278 453
278 735
278 360
279 402
279 690
279 388
279 522
279 654
279 400
279 435
279 753
279 343
279 337
279 441
279 381
279 762
279 307
279 667
279 685
279 698
279 577
279 580
279 452
279 725
279 296
280 518
280 531
280 535
280 483
280 759
280 756
280 280
280 728
280 533
280 403
280 493
280 292
280 664
280 692
280 569
280 701
280 368
280 599
280 785
281 439
281 579
281 576
281 443
281 603
281 427
281 281
281 626
281 702
281 611
281 548
281 668
281 704
281 568
281 766
281 362
282 660
282 793
282 284
282 305
282 327
282 734
282 383
282 550
282 797
282 379
282 310
282 781
282 566
282 623
282 502
283 389
283 406
283 479
283 593
283 659
283 437
283 736
283 575
283 318
283 774
283 331
283 510
283 375
284 739
284 714
284 781
284 407
284 660
284 379
284 383
284 305
284 550
284 327
284 629
284 326
284 797
284 310
285 648
285 542
285 764
285 627
285 476
285 547
285 634
285 462
285 511
285 430
286 485
286 540
286 573
286 680
286 669
286 450
286 557
286 374
286 686
286 469
286 299
286 286
286 733
286 674
286 434
286 720
286 342
286 678
287 671
287 413
287 757
287 361
287 738
287 308
287 726
287 287
287 488
287 489
287 460
287 614
287 418
287 622
287 637
287 716
287 381
288 783
288 530
288 661
288 410
288 666
288 529
288 293
288 631
288 371
288 429
288 766
288 313
288 455
288 751
288 708
288 792
288 416
288 739
289 778
289 486
289 546
289 333
289 315
289 727
289 688
289 289
289 761
289 426
289 770
289 521
289 545
289 440
289 324
290 438
290 391
290 649
290 528
290 404
290 664
290 539
290 711
290 451
290 558
290 350
291 321
291 438
291 617
291 424
291 454
291 564
291 618
291 335
291 291
291 358
291 596
291 336
291 586
291 442
291 330
291 480
292 636
292 518
292 531
292 403
292 533
292 728
292 483
292 535
292 292
292 756
292 759
292 502
292 787
292 432
292 701
292 485
292 493
292 630
293 464
293 783
293 530
293 410
293 666
293 766
293 371
293 708
293 293
293 455
293 739
293 773
293 313
294 643
294 647
294 780
294 633
294 571
294 347
294 561
294 705
294 351
294 508
294 294
294 326
294 555
294 379
294 382
294 679
294 314
294 449
295 510
295 648
295 764
295 634
295 542
295 295
295 476
295 430
295 511
295 400
295 363
295 627
296 562
296 678
296 551
296 790
296 620
296 296
296 436
296 431
296 428
296 787
296 499
296 588
296 729
297 540
297 669
297 674
297 680
297 686
297 342
297 450
297 456
297 720
297 469
297 434
297 470
297 299
297 557
298 641
298 537
298 422
298 505
298 423
298 302
298 538
298 298
298 595
298 320
298 484
298 729
298 697
298 376
299 508
299 669
299 674
299 680
299 342
299 374
299 450
299 686
299 299
299 690
299 797
299 434
299 456
299 711
299 730
299 719
300 653
300 784
300 658
300 662
300 712
300 722
300 382
300 466
300 601
300 356
300 387
300 603
300 709
300 464
300 610
301 672
301 483
301 391
301 649
301 528
301 404
301 664
301 610
301 451
301 539
301 792
301 730
302 641
302 537
302 538
302 417
302 423
302 595
302 697
302 376
302 439
302 484
302 505
302 789
302 727
302 770
302 541
303 455
303 685
303 787
303 405
303 678
303 551
303 687
303 428
303 436
303 444
303 431
303 508
303 416
303 588
303 729
304 399
304 792
304 411
304 672
304 758
304 754
304 459
304 329
304 304
304 724
304 386
304 733
304 394
304 345
305 537
305 320
305 660
305 407
305 793
305 797
305 379
305 327
305 623
305 305
305 789
305 310
306 644
306 402
306 794
306 670
306 677
306 562
306 306
306 353
306 509
306 471
306 716
306 588
306 469
306 491
307 362
307 388
307 654
307 400
307 667
307 337
307 343
307 522
307 364
307 762
307 685
307 753
307 580
307 725
307 320
307 729
307 435
307 441
307 577
308 671
308 418
308 549
308 622
308 726
308 308
308 413
308 738
308 460
308 757
308 416
308 489
308 637
309 642
309 559
309 463
309 309
309 606
309 749
309 718
309 746
309 721
309 706
309 457
309 657
309 477
310 481
310 781
310 407
310 793
310 550
310 310
310 623
310 734
310 797
310 379
310 670
310 383
310 507
311 523
311 397
311 492
311 740
311 385
311 468
311 760
311 311
311 500
311 347
312 313
312 772
312 401
312 592
312 798
312 616
312 448
312 710
312 312
312 377
312 359
312 574
312 740
312 348
312 589
312 482
312 755
313 783
313 410
313 416
313 429
313 751
313 708
313 530
313 313
313 455
313 339
313 739
313 371
314 643
314 647
314 679
314 555
314 508
314 571
314 561
314 326
314 633
314 613
314 328
314 449
314 780
314 624
314 398
314 705
314 487
314 629
315 778
315 545
315 440
315 727
315 546
315 486
315 765
315 761
315 325
315 324
315 333
315 688
315 672
315 384
315 796
316 520
316 394
316 524
316 472
316 583
316 316
316 375
316 458
316 360
316 768
316 695
316 747
316 697
316 346
316 578
316 590
317 513
317 525
317 786
317 412
317 425
317 433
317 689
317 340
317 317
317 632
317 521
317 332
317 503
317 757
317 352
317 585
317 612
318 696
318 654
318 389
318 774
318 659
318 409
318 676
318 406
318 510
318 479
318 593
318 575
318 320
318 649
318 741
319 514
319 773
319 392
319 776
319 651
319 414
319 699
319 572
319 481
319 652
319 369
319 479
319 467
319 743
319 750
319 421
320 538
320 422
320 484
320 697
320 595
320 641
320 537
320 505
320 417
320 376
320 508
320 371
321 696
321 424
321 564
321 442
321 604
321 336
321 321
321 454
321 335
321 618
321 589
321 586
321 330
321 480
322 780
322 400
322 393
322 396
322 782
322 788
322 796
322 560
322 691
322 621
322 536
322 487
322 723
322 473
322 506
322 591
322 597
322 451
322 344
322 752
323 777
323 656
323 565
323 732
323 420
323 594
323 605
323 380
323 763
323 608
323 671
323 503
324 778
324 546
324 545
324 426
324 440
324 325
324 761
324 333
324 688
324 727
324 352
324 683
324 625
324 599
324 764
325 653
325 545
325 426
325 778
325 727
325 765
325 352
325 761
325 546
325 325
325 625
325 594
325 333
325 486
326 797
326 643
326 780
326 684
326 561
326 705
326 449
326 679
326 613
326 571
326 347
326 326
326 499
327 781
327 660
327 407
327 793
327 797
327 566
327 623
327 550
327 383
327 409
327 734
328 467
328 647
328 780
328 679
328 555
328 561
328 449
328 684
328 705
328 633
328 508
328 613
328 514
328 471
328 351
329 386
329 390
329 399
329 792
329 795
329 672
329 714
329 345
329 724
329 754
329 459
329 733
329 758
329 524
330 424
330 564
330 438
330 442
330 454
330 358
330 618
330 596
330 335
330 336
330 349
330 480
330 617
330 580
331 406
331 409
331 676
331 736
331 437
331 659
331 510
331 479
331 741
331 662
331 627
331 593
332 521
332 425
332 681
332 433
332 447
332 585
332 525
332 612
332 503
332 332
332 689
332 543
332 759
332 609
333 546
333 545
333 688
333 440
333 426
333 625
333 333
333 663
333 587
333 352
333 761
333 765
334 585
334 653
334 642
334 457
334 721
334 749
334 463
334 334
334 477
334 495
334 556
334 656
334 465
334 626
334 785
335 351
335 424
335 564
335 442
335 454
335 480
335 438
335 349
335 618
335 335
335 722
335 662
335 336
335 596
335 604
335 617
335 787
336 632
336 564
336 438
336 454
336 586
336 349
336 617
336 424
336 604
336 710
336 647
336 596
336 618
336 554
337 388
337 522
337 654
337 400
337 667
337 685
337 435
337 698
337 580
337 452
337 577
337 753
337 343
337 762
337 387
337 725
337 554
338 795
338 515
338 534
338 465
338 366
338 338
338 496
338 694
338 665
338 639
338 678
338 475
339 650
339 520
339 524
339 695
339 458
339 583
339 375
339 360
339 768
339 638
339 590
339 343
340 513
340 521
340 525
340 786
340 412
340 681
340 447
340 585
340 640
340 425
340 632
340 612
340 550
340 384
340 503
341 775
341 395
341 408
341 567
341 445
341 655
341 696
341 587
341 602
341 461
341 346
341 690
341 478
341 372
341 758
341 704
341 713
342 540
342 669
342 680
342 557
342 686
342 573
342 450
342 456
342 342
342 720
342 500
342 374
342 639
343 388
343 522
343 654
343 400
343 685
343 441
343 725
343 364
343 698
343 343
343 667
343 573
343 344
344 734
344 650
344 396
344 779
344 782
344 560
344 591
344 723
344 796
344 506
344 474
344 473
344 752
344 787
344 348
344 621
345 399
345 795
345 672
345 459
345 724
345 792
345 411
345 733
345 758
345 345
345 390
345 519
345 549
346 365
346 775
346 395
346 408
346 696
346 587
346 461
346 655
346 372
346 478
346 772
346 452
346 602
346 754
347 569
347 643
347 647
347 679
347 449
347 508
347 555
347 780
347 705
347 684
347 351
347 369
347 613
348 704
348 650
348 393
348 396
348 782
348 398
348 536
348 560
348 591
348 723
348 796
348 474
348 506
348 752
348 779
348 419
348 621
349 733
349 564
349 454
349 596
349 604
349 424
349 349
349 442
349 480
349 358
349 640
349 364
350 466
350 666
350 391
350 649
350 528
350 539
350 730
350 451
350 711
350 404
350 638
351 585
351 386
351 502
351 643
351 647
351 780
351 555
351 684
351 571
351 449
351 633
351 649
351 501
352 701
352 545
352 688
352 727
352 486
352 765
352 352
352 761
352 625
353 407
353 644
353 670
353 677
353 716
353 353
353 562
353 471
353 421
353 668
353 491
353 590
354 526
354 657
354 532
354 693
354 717
354 599
354 619
354 501
354 494
354 504
354 569
355 770
355 771
355 541
355 544
355 553
355 355
355 767
355 731
355 490
356 387
356 653
356 784
356 658
356 662
356 709
356 712
356 722
356 601
356 514
357 800
357 421
357 682
357 737
357 368
357 384
357 582
357 598
357 600
357 373
357 357
358 647
358 424
358 564
358 438
358 586
358 480
358 358
358 604
358 617
358 721
359 424
359 450
359 772
359 401
359 798
359 592
359 482
359 615
359 377
359 448
359 647
359 632
359 367
359 755
360 758
360 479
360 597
360 394
360 524
360 695
360 703
360 578
360 581
360 458
360 472
360 747
360 583
360 520
360 534
360 638
361 671
361 418
361 549
361 584
361 460
361 488
361 498
361 413
361 622
361 361
361 543
361 637
361 734
362 789
362 663
362 548
362 427
362 439
362 568
362 443
362 702
362 576
362 704
362 668
362 603
362 362
363 416
363 648
363 547
363 430
363 462
363 542
363 703
363 627
363 634
363 764
363 512
364 612
364 509
364 780
364 388
364 522
364 400
364 667
364 441
364 698
364 577
364 381
364 654
364 703
364 614
365 387
365 653
365 658
365 662
365 709
365 464
365 601
365 722
365 382
365 366
366 382
366 795
366 515
366 534
366 665
366 419
366 496
366 630
366 475
366 694
366 639
366 691
367 423
367 798
367 710
367 589
367 616
367 401
367 772
367 615
367 592
367 377
367 574
367 394
367 755
368 516
368 646
368 543
368 800
368 421
368 682
368 690
368 582
368 737
368 598
368 600
368 378
368 701
368 458
369 514
369 392
369 776
369 651
369 652
369 414
369 572
369 699
369 743
369 497
369 369
369 481
369 628
369 452
370 777
370 656
370 732
370 608
370 565
370 380
370 594
370 668
370 488
371 529
371 530
371 661
371 666
371 416
371 429
371 739
371 410
371 783
372 460
372 769
372 775
372 408
372 696
372 445
372 587
372 461
372 478
372 602
372 655
373 480
373 516
373 646
373 543
373 800
373 421
373 682
373 690
373 598
373 737
373 378
373 374
373 505
374 432
374 669
374 674
374 680
374 573
374 469
374 456
374 557
374 540
374 720
374 413
374 574
375 397
375 520
375 524
375 695
375 703
375 581
375 583
375 590
375 472
375 747
375 375
375 578
375 541
375 638
375 768
376 773
376 641
376 417
376 422
376 697
376 595
376 423
376 537
376 505
376 496
377 772
377 401
377 710
377 616
377 755
377 589
377 624
377 798
377 639
377 549
378 646
378 543
378 800
378 421
378 682
378 582
378 737
378 507
378 516
378 690
378 600
378 384
379 781
379 660
379 793
379 566
379 734
379 383
379 623
379 640
379 711
380 603
380 517
380 777
380 656
380 420
380 565
381 463
381 522
381 654
381 400
381 441
381 698
381 577
381 580
381 685
381 753
381 725
381 381
381 438
382 387
382 784
382 658
382 712
382 464
382 466
382 601
382 382
382 653
382 635
382 611
382 654
383 660
383 797
383 566
383 623
383 383
383 734
383 407
383 656
383 453
384 433
384 671
384 516
384 646
384 543
384 421
384 582
384 598
384 600
384 737
384 507
384 800
384 641
385 410
385 636
385 385
385 492
385 523
385 468
385 397
385 740
385 500
385 592
385 542
386 661
386 714
386 795
386 733
386 390
386 672
386 754
386 758
386 399
386 724
386 386
386 792
386 459
386 657
387 658
387 653
387 464
387 709
387 387
387 712
387 784
387 662
387 553
387 402
387 722
387 601
387 657
388 441
388 580
388 522
388 753
388 654
388 400
388 435
388 388
388 698
388 762
388 667
388 452
388 798
389 774
389 575
389 676
389 659
389 736
389 479
389 510
389 741
389 593
389 406
389 742
389 409
389 437
390 447
390 459
390 754
390 399
390 795
390 792
390 390
390 696
390 411
390 672
390 714
390 758
390 402
390 393
390 458
391 558
391 539
391 614
391 404
391 528
391 730
391 711
391 391
391 439
391 610
392 514
392 773
392 651
392 652
392 497
392 750
392 572
392 699
392 481
392 628
392 716
392 414
392 743
392 617
393 708
393 650
393 796
393 560
393 788
393 723
393 591
393 506
393 621
393 473
393 393
393 396
393 779
393 536
393 691
393 752
394 660
394 520
394 578
394 747
394 590
394 695
394 472
394 703
394 583
394 526
394 726
394 581
395 769
395 461
395 478
395 408
395 696
395 567
395 655
395 395
395 548
395 660
395 445
395 591
396 752
396 560
396 621
396 473
396 779
396 506
396 591
396 474
396 796
396 723
396 487
396 467
396 398
396 788
396 536
397 523
397 492
397 745
397 397
397 468
397 740
398 650
398 779
398 782
398 506
398 723
398 487
398 560
398 796
398 473
398 536
398 591
398 691
398 398
398 780
398 788
398 621
398 752
398 541
399 459
399 714
399 754
399 792
399 399
399 411
399 795
399 672
399 724
400 522
400 654
400 452
400 685
400 435
400 762
400 667
400 725
400 441
400 603
401 574
401 755
401 401
401 798
401 710
401 589
401 448
401 482
401 564
401 708
401 592
401 615
401 616
401 777
402 677
402 644
402 562
402 509
402 794
402 471
402 635
402 713
402 670
403 531
403 483
403 535
403 403
403 533
403 569
403 756
403 759
403 485
403 692
403 502
403 570
403 701
404 614
404 528
404 610
404 451
404 649
404 786
404 539
404 558
404 730
405 787
405 431
405 405
405 678
405 790
405 687
405 620
405 436
405 748
405 568
405 528
405 551
405 428
405 444
405 729
406 659
406 437
406 479
406 593
406 406
406 510
406 428
406 409
406 676
407 781
407 660
407 566
407 550
407 793
407 407
407 797
407 734
407 741
407 516
408 775
408 567
408 478
408 461
408 587
408 602
408 769
408 589
408 561
409 792
409 593
409 409
409 774
409 722
409 632
409 479
409 615
410 783
410 530
410 661
410 429
410 410
410 631
410 666
410 455
410 751
410 416
410 766
410 474
411 792
411 459
411 754
411 411
411 672
411 795
411 724
411 733
411 542
411 562
411 714
412 513
412 521
412 525
412 425
412 585
412 433
412 503
412 632
412 786
412 612
412 640
412 689
412 447
412 681
412 496
412 791
413 757
413 584
413 738
413 418
413 726
413 489
413 413
413 488
413 637
413 498
413 549
413 629
413 490
413 671
413 460
414 514
414 773
414 651
414 652
414 572
414 776
414 497
414 481
414 628
414 690
414 608
414 467
414 750
414 436
415 461
415 645
415 519
415 527
415 785
415 791
415 453
415 744
415 673
415 777
415 446
416 776
416 529
416 530
416 661
416 666
416 455
416 751
416 429
416 766
416 587
416 708
416 739
416 631
416 668
416 515
417 641
417 423
417 484
417 505
417 595
417 422
417 538
417 487
417 453
417 697
417 643
417 634
418 488
418 489
418 498
418 757
418 637
418 726
418 622
418 460
418 738
418 418
418 650
418 549
418 584
418 677
419 515
419 630
419 694
419 496
419 465
419 607
419 639
419 683
419 635
420 471
420 517
420 777
420 656
420 763
420 719
420 565
420 594
421 516
421 800
421 582
421 646
421 690
421 598
421 694
421 600
421 737
421 507
421 583
422 641
422 537
422 538
422 595
422 422
422 505
423 699
423 641
423 537
423 505
423 423
423 538
423 595
423 484
424 559
424 604
424 442
424 617
424 596
424 438
424 480
424 564
424 586
424 618
425 513
425 521
425 525
425 786
425 640
425 681
425 433
425 425
425 689
425 503
425 585
425 447
425 632
425 687
425 588
425 542
426 778
426 546
426 545
426 440
426 727
426 426
426 765
426 761
426 688
427 668
427 548
427 663
427 704
427 439
427 579
427 576
427 789
427 611
427 436
427 682
427 568
427 570
427 702
428 568
428 621
428 787
428 678
428 588
428 620
428 551
428 729
428 512
428 433
428 431
428 436
428 748
429 529
429 666
429 766
429 739
429 751
429 631
429 455
430 648
430 512
430 634
430 476
430 547
430 749
430 462
431 564
431 790
431 678
431 551
431 687
431 729
431 620
431 444
431 636
431 761
431 748
432 535
432 483
432 569
432 728
432 759
432 756
432 502
432 533
432 493
432 692
432 518
432 432
432 701
432 582
433 513
433 521
433 786
433 681
433 447
433 525
433 640
433 632
433 612
433 503
433 689
433 585
434 540
434 557
434 720
434 434
434 680
434 686
434 469
434 450
434 535
434 537
434 490
435 709
435 654
435 685
435 580
435 667
435 698
435 452
435 762
435 725
435 753
435 435
435 590
435 577
436 787
436 790
436 678
436 687
436 444
436 588
436 748
437 676
437 510
437 736
437 575
437 437
437 774
437 593
437 659
437 741
437 645
438 564
438 480
438 454
438 442
438 438
438 596
438 466
438 604
438 617
438 618
438 607
439 789
439 663
439 579
439 548
439 576
439 570
439 702
439 439
439 797
440 778
440 546
440 545
440 486
440 625
440 688
440 440
440 474
441 667
441 685
441 577
441 654
441 522
441 441
441 689
441 698
441 580
441 725
441 762
442 564
442 618
442 480
442 442
442 522
442 454
442 586
443 784
443 789
443 668
443 443
443 576
443 579
443 702
443 548
443 568
443 704
443 652
443 611
443 626
444 790
444 687
444 444
444 588
444 748
444 570
445 525
445 775
445 445
445 769
445 602
445 567
445 478
445 696
445 461
445 467
445 555
445 728
446 645
446 527
446 791
446 673
446 519
446 446
446 453
446 744
446 775
446 487
446 735
447 513
447 521
447 525
447 786
447 681
447 447
447 585
447 503
447 689
447 799
447 640
447 448
448 450
448 772
448 798
448 574
448 755
448 482
448 615
448 710
448 620
448 589
448 616
449 647
449 780
449 684
449 449
449 643
449 633
449 705
449 679
449 773
450 669
450 680
450 686
450 573
450 469
450 450
450 720
451 649
451 528
451 664
451 558
451 451
451 730
451 539
451 711
451 628
451 648
451 614
452 756
452 522
452 654
452 667
452 577
452 452
452 685
452 548
453 519
453 527
453 785
453 791
453 673
453 453
453 629
453 499
453 616
454 564
454 618
454 480
454 586
454 604
454 662
454 753
454 762
455 530
455 661
455 666
455 783
455 739
455 455
455 529
455 751
455 741
456 540
456 674
456 557
456 573
456 669
456 720
456 456
456 686
456 469
456 736
457 642
457 559
457 563
457 706
457 495
457 746
457 556
457 749
457 660
457 521
457 718
457 463
457 477
457 606
457 762
457 482
458 581
458 583
458 768
458 578
458 524
458 520
459 672
459 714
459 758
459 640
459 733
460 671
460 549
460 584
460 637
460 757
460 548
460 738
460 488
460 489
460 614
461 769
461 775
461 655
461 567
461 696
461 602
461 461
461 778
462 748
462 542
462 547
462 462
462 648
462 627
462 476
462 553
462 607
462 764
463 642
463 556
463 559
463 563
463 706
463 495
463 721
463 746
463 463
463 629
463 606
463 596
464 653
464 784
464 709
464 712
464 662
464 466
464 722
464 586
465 529
465 534
465 665
465 683
465 630
465 465
465 607
465 531
465 638
465 520
466 784
466 662
466 709
466 722
466 601
466 653
466 466
466 479
467 514
467 652
467 699
467 467
467 572
467 743
467 651
467 481
467 497
468 523
468 636
468 492
468 468
468 740
468 500
468 550
469 540
469 669
469 680
469 557
469 573
469 720
469 575
469 470
469 673
470 740
470 782
470 770
470 541
470 675
470 707
470 597
470 553
470 799
470 731
471 644
471 794
471 670
471 562
471 716
471 713
471 491
471 677
471 509
471 527
471 573
471 620
472 611
472 543
472 520
472 524
472 703
472 581
472 583
472 590
472 768
472 578
472 695
472 699
472 552
472 747
473 775
473 650
473 779
473 782
473 788
473 536
473 796
473 560
473 591
473 506
473 487
473 752
474 679
474 650
474 782
474 536
474 796
474 723
474 779
474 474
474 591
474 691
474 487
474 737
474 621
475 688
475 515
475 534
475 694
475 630
475 639
475 683
475 665
475 475
475 594
475 607
475 501
476 619
476 771
476 547
476 476
476 764
476 648
476 627
477 556
477 559
477 563
477 706
477 718
477 721
477 642
477 584
477 795
477 746
478 769
478 775
478 655
478 567
478 696
478 587
478 602
478 478
478 557
478 797
478 544
479 718
479 774
479 659
479 676
479 575
479 736
479 741
480 586
480 596
480 617
480 564
480 704
481 773
481 776
481 651
481 652
481 572
481 699
481 514
481 743
481 750
481 497
482 772
482 798
482 592
482 624
482 482
482 659
482 615
482 616
483 533
483 692
483 701
483 569
483 756
483 531
483 759
483 518
483 485
483 502
483 660
484 641
484 537
484 538
484 595
484 775
485 518
485 535
485 692
485 493
485 728
485 485
485 759
485 756
485 569
485 736
486 702
486 778
486 546
486 545
486 688
486 727
486 765
486 597
486 566
486 761
486 578
487 650
487 782
487 788
487 536
487 796
487 691
487 723
487 506
487 621
487 591
487 752
488 549
488 584
488 726
488 498
488 488
488 637
488 556
488 781
488 622
489 584
489 726
489 489
489 757
489 671
489 549
489 622
489 627
490 556
490 771
490 541
490 799
490 544
490 675
490 554
490 707
490 597
490 731
490 574
491 794
491 716
491 509
491 562
491 635
491 491
491 681
492 689
492 523
492 492
492 745
492 500
492 760
493 569
493 701
493 728
493 493
493 535
493 533
493 531
493 502
493 756
493 508
493 759
494 526
494 657
494 552
494 693
494 717
494 609
494 742
494 501
494 494
494 504
495 642
495 556
495 563
495 706
495 718
495 721
495 749
495 559
495 495
495 733
495 595
495 756
496 534
496 607
496 683
496 496
496 610
496 731
497 514
497 776
497 651
497 699
497 652
497 773
497 743
497 657
498 671
498 549
498 584
498 738
498 498
498 622
498 698
498 637
499 551
499 645
499 519
499 785
499 791
499 673
499 700
499 735
499 527
499 629
500 500
500 523
500 749
500 511
501 682
501 526
501 532
501 552
501 693
501 717
501 609
501 657
501 599
501 742
502 701
502 756
502 569
502 728
502 535
502 518
502 759
502 717
503 513
503 689
503 612
503 632
503 786
503 585
503 521
503 525
503 577
503 587
504 526
504 532
504 552
504 693
504 609
504 619
504 717
504 657
505 537
505 697
505 595
505 505
505 538
506 779
506 788
506 536
506 796
506 723
506 782
506 650
506 560
506 694
506 512
507 644
507 516
507 646
507 543
507 800
507 598
507 600
507 737
507 690
507 582
508 643
508 647
508 780
508 679
508 684
508 561
508 571
508 705
508 613
508 678
509 794
509 670
509 677
509 713
509 716
509 635
509 644
509 509
510 774
510 676
510 575
510 741
510 659
511 793
511 626
511 779
511 648
511 542
511 547
511 634
511 712
512 596
512 542
512 547
512 627
512 634
512 648
513 585
513 525
513 521
513 786
513 632
513 681
513 612
513 640
513 648
514 652
514 572
514 776
514 743
514 773
514 750
514 651
514 699
514 789
515 639
515 694
515 534
515 683
515 607
515 515
515 684
515 665
516 682
516 598
516 516
516 800
516 646
516 582
516 737
516 603
516 600
517 539
517 605
517 594
517 763
517 656
517 777
517 565
518 671
518 518
518 569
518 531
518 692
518 701
518 728
518 756
518 759
518 742
518 533
518 535
519 645
519 735
519 791
519 629
519 700
519 535
519 671
519 785
520 633
520 546
520 526
520 581
520 703
520 747
520 638
520 578
520 777
520 524
520 583
521 612
521 640
521 585
521 786
521 521
521 745
521 525
521 681
521 689
521 632
521 631
522 577
522 762
522 667
522 698
522 654
522 632
522 580
522 725
522 753
522 717
523 745
523 760
523 523
523 695
524 695
524 581
524 638
524 590
524 578
524 747
524 563
524 703
524 768
525 632
525 612
525 640
525 786
525 689
525 525
525 605
525 585
526 619
526 717
526 552
526 532
526 657
526 599
526 609
526 742
527 735
527 673
527 791
527 785
527 584
527 744
528 649
528 610
528 730
528 711
528 664
528 528
528 645
528 539
528 558
529 783
529 708
529 766
529 631
529 530
529 666
529 529
529 661
529 767
529 739
529 751
529 675
530 743
530 783
530 766
530 661
530 739
530 751
530 631
530 570
530 708
530 534
531 535
531 756
531 759
531 701
531 692
531 728
531 531
531 533
531 732
532 742
532 599
532 532
532 657
532 619
532 552
532 717
532 609
533 692
533 759
533 756
533 728
533 535
534 630
534 607
534 665
534 694
534 683
534 639
535 728
535 569
535 535
535 756
535 692
535 601
535 792
536 628
536 650
536 779
536 788
536 560
536 796
536 723
536 691
536 580
536 722
536 772
537 538
537 595
537 537
537 697
538 641
538 538
538 697
538 757
538 567
539 790
539 558
539 711
539 664
539 610
539 730
539 539
539 614
540 557
540 674
540 680
540 720
540 669
540 540
540 799
540 686
540 573
541 771
541 597
541 799
541 715
541 544
541 554
541 553
541 767
541 770
541 707
542 736
542 764
542 542
542 648
542 627
542 547
542 634
543 794
543 646
543 800
543 598
543 682
543 690
543 582
544 799
544 715
544 554
544 771
544 544
544 553
544 770
544 597
544 731
544 675
545 546
545 545
545 688
545 625
545 727
546 726
546 778
546 765
546 761
546 688
546 727
546 625
547 648
547 547
547 627
547 764
548 566
548 663
548 668
548 603
548 568
548 702
548 570
548 789
548 576
548 698
548 704
548 579
549 584
549 671
549 726
549 738
549 549
549 622
549 688
549 593
550 658
550 660
550 793
550 797
550 550
550 781
550 566
550 720
550 734
550 623
550 690
551 787
551 790
551 687
551 551
551 729
551 620
551 678
551 737
552 742
552 657
552 552
552 609
552 693
552 584
552 717
553 753
553 770
553 771
553 799
553 675
553 767
553 597
553 707
553 731
553 659
553 715
554 770
554 799
554 554
554 767
554 715
554 597
554 707
554 731
554 771
555 643
555 679
555 561
555 613
555 780
555 647
555 705
555 744
555 684
555 571
556 749
556 606
556 563
556 706
556 642
556 718
556 721
556 674
556 746
556 561
557 669
557 674
557 680
557 573
557 686
557 657
557 720
558 649
558 664
558 558
558 675
558 586
558 614
559 642
559 606
559 749
559 721
559 746
559 706
560 650
560 782
560 788
560 691
560 796
560 560
560 621
560 729
560 581
561 643
561 780
561 684
561 571
561 633
561 647
561 705
562 644
562 794
562 670
562 635
562 677
562 562
562 658
562 713
562 716
563 642
563 746
563 718
563 721
563 563
563 606
564 761
564 586
564 596
564 618
564 617
564 779
564 604
564 582
565 777
565 732
565 605
565 565
565 719
565 594
565 608
566 781
566 793
566 566
566 660
566 734
566 623
566 652
567 595
567 775
567 655
567 587
567 696
567 769
567 567
567 602
568 663
568 668
568 579
568 570
568 626
568 576
568 568
568 704
568 603
568 653
568 611
568 744
569 692
569 569
569 756
569 701
569 728
569 604
570 663
570 611
570 702
570 603
570 704
570 626
570 579
570 770
570 693
570 800
571 643
571 780
571 633
571 684
571 679
571 647
571 613
572 652
572 773
572 572
572 743
572 628
572 699
572 576
573 669
573 686
573 720
573 680
574 625
574 798
574 589
574 574
574 624
574 592
574 615
574 755
574 619
575 774
575 659
575 676
575 736
575 741
575 716
575 597
576 789
576 668
576 663
576 704
576 603
576 721
576 579
576 611
576 626
577 654
577 685
577 577
577 580
577 698
577 604
577 725
577 762
578 695
578 703
578 747
578 581
578 578
578 583
578 780
578 590
578 638
578 768
579 789
579 663
579 668
579 702
579 603
579 608
579 798
580 776
580 685
580 698
580 753
580 667
581 747
581 581
581 638
582 705
582 682
582 800
582 690
582 600
582 737
583 695
583 703
583 590
583 638
583 626
583 768
584 671
584 726
584 757
584 624
584 738
584 622
584 637
585 681
585 689
585 640
585 632
585 757
586 721
586 604
586 596
586 618
587 769
587 655
587 587
587 602
588 738
588 787
588 790
588 678
588 687
588 748
588 729
588 620
589 772
589 798
589 710
589 589
589 755
589 592
589 615
589 616
590 712
590 623
590 695
590 590
590 594
590 747
590 768
591 660
591 650
591 788
591 796
591 691
591 591
591 752
591 782
592 772
592 798
592 710
592 616
592 592
592 615
592 755
593 774
593 659
593 593
593 736
593 684
594 656
594 719
594 763
594 605
594 608
594 630
594 732
595 595
595 697
595 690
595 644
596 596
596 617
596 618
596 604
597 774
597 770
597 771
597 675
597 715
598 646
598 800
598 682
598 690
598 598
598 600
598 737
598 643
599 657
599 693
599 609
599 742
599 619
599 599
600 800
600 682
600 690
600 600
600 734
601 653
601 658
601 709
601 712
601 722
601 784
601 708
601 707
602 662
602 775
602 655
602 696
602 733
603 789
603 663
603 704
603 611
603 702
603 668
603 745
604 617
604 618
604 797
605 732
605 777
605 656
605 719
605 605
605 715
606 642
606 706
606 749
606 721
606 606
606 770
607 683
607 694
607 630
607 607
607 708
608 656
608 777
608 732
608 608
608 752
609 657
609 742
610 664
610 711
610 649
610 610
610 614
611 663
611 611
611 668
611 702
611 626
612 786
612 681
612 632
612 689
612 640
612 655
613 780
613 679
613 684
613 643
613 705
613 613
613 786
613 638
614 708
614 649
614 664
615 710
615 772
615 624
615 616
615 755
616 757
616 772
616 798
616 710
616 735
616 624
617 617
617 751
617 618
617 700
618 618
619 745
619 682
619 742
619 717
620 740
620 790
620 687
620 748
620 620
620 761
620 771
621 786
621 689
621 779
621 782
621 796
621 691
621 723
621 752
622 671
622 738
622 637
622 757
622 622
622 706
623 660
623 793
623 797
623 734
623 781
623 774
624 639
624 772
624 755
624 624
624 739
625 778
625 688
625 727
625 671
626 789
626 668
626 702
626 704
626 626
626 663
626 755
627 764
627 634
627 648
627 645
628 773
628 776
628 651
628 743
628 652
628 699
628 628
629 786
629 645
629 785
629 700
629 784
630 667
630 639
631 783
631 661
631 708
631 739
631 751
631 666
631 745
632 786
632 689
632 640
633 643
633 780
633 679
633 705
633 633
634 648
634 634
634 790
634 764
635 644
635 670
635 677
635 713
635 765
635 735
636 740
636 760
636 636
637 671
637 726
637 738
637 670
638 695
638 747
639 665
639 694
639 683
640 681
640 689
640 790
640 741
641 641
641 656
641 712
641 697
642 706
642 749
642 642
642 721
642 718
642 746
643 679
643 705
643 684
643 647
643 698
644 670
644 794
644 713
644 644
644 716
644 677
645 735
645 645
645 785
645 673
645 700
646 727
646 690
646 800
646 718
647 684
647 780
647 705
647 679
647 703
648 761
648 745
649 730
649 649
649 664
649 711
650 691
650 650
650 782
650 723
650 779
651 776
651 773
651 652
651 743
651 763
651 699
652 773
652 776
652 699
652 652
652 750
652 746
653 653
653 722
653 662
653 712
653 658
653 709
654 762
654 753
654 685
654 698
655 769
655 775
655 655
655 696
655 730
656 719
656 763
656 777
656 656
656 696
656 732
657 693
657 742
657 717
658 784
658 709
658 722
658 662
658 712
659 774
659 741
659 676
659 659
659 697
659 736
660 797
660 734
661 783
661 751
661 739
661 708
661 709
661 766
662 784
662 712
662 722
662 709
663 702
663 668
663 704
663 663
663 720
664 711
664 730
664 791
665 683
665 670
666 751
666 666
666 766
666 708
666 739
666 700
667 753
667 725
667 685
667 698
667 667
667 762
668 704
668 668
668 702
669 686
669 669
669 674
669 680
669 725
670 713
670 794
670 677
671 726
671 757
671 671
671 738
671 728
672 792
672 795
672 672
672 754
672 714
672 758
673 785
673 700
673 735
673 673
674 680
674 674
674 686
674 720
674 715
675 770
675 799
675 707
675 715
675 731
675 771
675 767
675 786
676 774
676 676
676 790
676 741
677 794
677 716
677 677
677 713
678 787
678 687
678 748
679 780
679 679
679 705
680 720
680 680
680 686
680 770
681 786
681 689
681 681
681 771
682 800
682 690
682 737
683 694
683 683
684 705
684 784
685 685
685 698
685 762
685 725
686 686
686 720
686 695
687 790
688 778
688 727
688 688
689 786
689 689
690 690
690 737
690 782
691 779
691 788
691 723
691 691
691 693
691 752
692 756
692 759
692 728
692 701
692 752
692 734
693 717
693 693
693 705
693 742
694 735
695 768
695 747
695 703
696 769
696 775
696 696
696 724
696 788
698 753
698 698
698 725
699 773
699 776
699 750
699 743
699 778
700 785
700 744
700 735
701 756
701 759
701 728
701 791
702 789
702 704
702 702
703 747
703 768
704 789
705 780
705 705
706 746
706 718
706 721
707 770
707 771
707 799
707 767
707 731
707 715
708 783
708 751
708 739
709 784
709 712
709 722
710 772
710 798
710 755
711 730
711 711
712 712
712 722
713 794
713 713
713 716
714 792
714 795
714 754
714 724
714 733
715 770
715 771
715 767
715 731
715 799
715 715
717 742
718 746
718 718
719 777
719 719
719 763
719 732
720 720
721 728
721 746
721 761
722 784
722 760
723 779
723 788
723 723
723 782
723 775
724 724
724 795
724 792
724 754
724 758
725 762
725 725
726 757
726 726
726 738
726 751
727 778
727 761
727 765
728 728
728 759
729 790
729 787
729 748
730 730
731 799
731 767
731 731
731 770
731 771
731 760
732 777
732 763
733 783
733 792
733 733
733 754
734 781
734 793
734 734
735 785
735 791
735 744
736 774
737 800
738 757
739 783
740 745
741 774
743 776
743 750
743 743
744 785
744 791
744 763
745 745
745 760
746 749
747 768
748 787
748 748
749 749
750 776
750 773
750 750
751 766
751 783
751 754
752 779
752 782
752 752
753 753
753 762
754 792
754 795
755 798
758 792
760 760
761 765
761 761
762 784
763 777
764 780
765 778
765 765
766 783
766 766
767 771
767 776
767 784
769 769
769 775
770 771
770 799
771 771
772 790
772 798
773 776
773 773
777 777
778 783
779 788
779 779
779 796
779 782
781 797
781 793
781 781
782 782
782 796
782 788
783 783
784 784
786 786
787 787
788 788
788 796
789 789
792 795
793 797
794 794
795 795
796 796
799 799
