800 11413
1 770
1 192
1 443
1 248
1 723
1 487
1 14
1 528
1 458
1 754
1 133
1 610
1 797
1 19
1 210
1 267
1 759
1 196
1 726
1 581
1 1
1 36
1 554
1 134
1 704
1 222
1 224
1 634
1 584
1 405
1 180
2 264
2 270
2 23
2 214
2 427
2 413
2 659
2 24
2 286
2 252
2 653
2 519
2 432
2 374
2 152
2 155
2 522
2 532
2 537
2 124
2 376
2 301
2 81
2 424
2 125
2 744
2 367
2 206
2 578
3 659
3 514
3 259
3 102
3 231
3 32
3 396
3 112
3 741
3 186
3 534
3 350
3 3
3 666
3 635
3 390
3 98
3 223
3 752
3 356
3 618
3 555
3 199
3 562
3 663
3 316
3 755
3 768
3 10
4 403
4 28
4 786
4 255
4 204
4 176
4 478
4 177
4 475
4 103
4 558
4 194
4 146
4 244
4 22
4 507
4 4
4 775
4 334
4 275
4 411
4 124
4 122
4 107
4 149
4 289
4 418
4 62
4 736
4 755
4 389
5 349
5 510
5 300
5 484
5 114
5 604
5 69
5 776
5 647
5 789
5 633
5 251
5 237
5 5
5 649
5 440
5 342
5 488
5 787
5 265
5 225
5 386
5 239
5 549
5 687
5 49
5 571
5 699
5 501
5 395
6 321
6 49
6 743
6 698
6 445
6 715
6 709
6 469
6 139
6 6
6 189
6 713
6 158
6 540
6 584
6 544
6 359
6 254
6 20
6 276
6 731
6 644
6 493
6 132
6 7
6 142
6 580
7 370
7 445
7 709
7 540
7 743
7 142
7 713
7 544
7 584
7 7
7 491
7 319
7 158
7 731
7 276
7 469
7 359
7 698
7 339
7 715
7 533
7 430
7 180
7 139
7 673
7 538
8 646
8 777
8 262
8 215
8 622
8 141
8 739
8 327
8 207
8 611
8 461
8 88
8 8
8 132
8 641
8 575
8 406
8 122
8 730
8 486
8 95
8 243
8 376
8 235
8 466
8 240
8 348
9 662
9 320
9 645
9 409
9 145
9 576
9 9
9 589
9 369
9 462
9 305
9 800
9 279
9 147
9 239
9 30
9 87
9 457
9 582
9 148
9 613
9 742
9 628
9 620
9 660
9 281
9 565
9 736
9 481
9 242
9 549
9 90
10 790
10 85
10 637
10 508
10 521
10 161
10 536
10 269
10 561
10 655
10 665
10 375
10 352
10 636
10 27
10 425
10 679
10 213
10 54
10 579
10 793
10 586
10 482
10 580
10 79
10 90
11 638
11 516
11 524
11 572
11 779
11 365
11 181
11 771
11 602
11 76
11 550
11 366
11 460
11 198
11 570
11 11
11 480
11 357
11 187
11 58
11 89
11 97
11 258
11 473
11 712
11 631
11 782
12 470
12 358
12 434
12 35
12 129
12 523
12 597
12 701
12 761
12 703
12 619
12 689
12 209
12 725
12 549
12 493
12 127
12 746
12 165
12 229
12 782
12 12
12 101
12 420
12 559
12 306
12 630
13 795
13 659
13 667
13 513
13 395
13 650
13 420
13 64
13 234
13 343
13 383
13 324
13 233
13 382
13 101
13 243
13 125
13 317
13 742
13 498
13 778
13 315
13 406
13 726
13 680
13 163
14 770
14 133
14 222
14 759
14 458
14 797
14 581
14 196
14 610
14 248
14 726
14 704
14 528
14 723
14 487
14 192
14 14
14 634
14 443
14 754
14 582
14 786
14 208
14 19
14 224
14 546
15 720
15 153
15 690
15 205
15 321
15 202
15 378
15 278
15 295
15 178
15 298
15 302
15 542
15 648
15 26
15 598
15 173
15 735
15 175
15 160
15 422
15 750
15 111
15 729
15 471
15 34
15 563
15 691
15 794
15 791
16 640
16 638
16 362
16 93
16 628
16 84
16 293
16 96
16 512
16 347
16 121
16 249
16 66
16 482
16 120
16 737
16 668
16 193
16 728
16 724
16 172
16 756
16 103
16 652
16 445
16 164
16 332
17 642
17 517
17 651
17 527
17 325
17 253
17 529
17 501
17 732
17 52
17 548
17 393
17 455
17 83
17 338
17 199
17 459
17 492
17 639
17 201
17 448
17 111
17 119
17 110
17 69
17 450
17 734
17 260
17 365
17 742
18 293
18 518
18 137
18 290
18 599
18 107
18 438
18 119
18 18
18 567
18 706
18 606
18 166
18 377
18 330
18 171
18 792
18 368
18 86
18 453
18 499
18 574
18 598
18 673
18 688
18 72
18 595
18 108
18 796
18 54
19 512
19 770
19 754
19 726
19 610
19 133
19 581
19 528
19 267
19 723
19 196
19 19
19 210
19 222
19 634
19 443
19 759
19 704
19 248
19 514
19 121
19 281
19 797
19 224
19 42
20 277
20 330
20 201
20 684
20 139
20 276
20 20
20 359
20 491
20 715
20 540
20 709
20 339
20 142
20 698
20 158
20 189
20 254
20 743
20 731
20 103
20 84
20 578
20 544
20 673
20 445
20 319
20 584
20 469
21 484
21 633
21 260
21 131
21 773
21 780
21 144
21 658
21 456
21 37
21 329
21 47
21 671
21 355
21 520
21 652
21 353
21 764
21 71
21 21
21 700
21 442
21 137
21 498
21 41
21 683
21 563
21 502
21 632
21 582
22 721
22 174
22 775
22 786
22 275
22 149
22 507
22 475
22 411
22 62
22 204
22 255
22 146
22 334
22 194
22 558
22 478
22 289
22 28
22 244
22 97
22 484
22 186
22 303
22 176
22 177
22 740
22 371
23 285
23 519
23 532
23 124
23 537
23 374
23 155
23 214
23 413
23 252
23 432
23 653
23 376
23 744
23 24
23 367
23 23
23 301
23 154
23 522
23 772
23 472
23 568
23 152
23 427
23 617
24 784
24 519
24 653
24 659
24 152
24 155
24 532
24 252
24 427
24 154
24 413
24 24
24 124
24 376
24 286
24 432
24 301
24 214
24 522
24 61
24 60
24 607
24 744
24 374
25 783
25 530
25 404
25 437
25 230
25 757
25 200
25 85
25 25
25 360
25 554
25 710
25 568
25 384
25 379
25 560
25 719
25 625
25 150
25 553
25 63
25 293
25 767
25 517
25 410
25 70
25 113
25 629
25 73
25 140
26 756
26 648
26 278
26 173
26 302
26 750
26 175
26 321
26 202
26 26
26 205
26 298
26 153
26 422
26 598
26 378
26 160
26 720
26 542
26 690
26 791
26 557
26 75
26 34
26 295
26 178
26 735
26 748
26 673
26 375
27 581
27 402
27 53
27 521
27 655
27 536
27 665
27 793
27 561
27 161
27 115
27 269
27 27
27 352
27 375
27 90
27 425
27 442
27 586
27 299
27 103
27 631
27 296
27 54
27 579
27 79
27 213
27 636
28 775
28 786
28 275
28 146
28 411
28 507
28 244
28 28
28 475
28 289
28 255
28 204
28 176
28 418
28 334
28 558
28 194
28 149
28 62
28 206
28 73
28 168
28 97
28 103
28 662
28 376
28 610
28 254
28 151
29 116
29 690
29 471
29 208
29 458
29 408
29 282
29 538
29 669
29 337
29 143
29 504
29 747
29 439
29 56
29 474
29 454
29 643
29 336
29 35
29 100
29 29
29 108
29 736
29 183
29 441
29 55
29 65
29 585
29 219
30 468
30 634
30 645
30 145
30 660
30 148
30 279
30 281
30 409
30 239
30 613
30 589
30 305
30 242
30 736
30 147
30 481
30 457
30 462
30 87
30 369
30 395
30 197
30 640
30 800
30 565
30 576
30 582
31 374
31 266
31 525
31 280
31 794
31 796
31 620
31 39
31 284
31 191
31 364
31 36
31 547
31 246
31 467
31 753
31 208
31 708
31 745
31 588
31 335
31 162
31 493
31 412
31 608
31 222
32 202
32 783
32 779
32 514
32 259
32 390
32 396
32 534
32 663
32 666
32 98
32 618
32 356
32 32
32 741
32 350
32 316
32 740
32 186
32 768
32 763
32 166
32 502
32 231
32 752
32 635
33 547
33 769
33 157
33 159
33 495
33 556
33 477
33 167
33 473
33 33
33 268
33 373
33 509
33 615
33 363
33 497
33 110
33 75
33 381
33 190
33 358
33 51
33 655
33 478
33 697
33 60
33 322
33 68
34 648
34 278
34 153
34 542
34 598
34 748
34 750
34 173
34 175
34 295
34 735
34 160
34 422
34 690
34 321
34 202
34 178
34 720
34 302
34 298
34 593
34 611
34 162
34 616
35 236
35 449
35 643
35 143
35 408
35 282
35 538
35 56
35 585
35 504
35 439
35 337
35 454
35 747
35 474
35 336
35 669
35 446
35 508
35 441
35 65
35 629
35 48
35 55
35 219
35 100
36 266
36 525
36 162
36 620
36 429
36 208
36 191
36 280
36 284
36 794
36 753
36 246
36 39
36 335
36 543
36 745
36 588
36 547
36 796
36 465
36 467
36 210
36 211
36 470
36 708
36 364
37 260
37 520
37 780
37 671
37 37
37 773
37 353
37 456
37 71
37 652
37 764
37 372
37 502
37 683
37 632
37 700
37 144
37 355
37 47
37 329
37 480
37 771
37 291
37 563
37 60
38 772
38 399
38 273
38 662
38 283
38 670
38 601
38 656
38 203
38 346
38 672
38 569
38 307
38 696
38 43
38 74
38 250
38 749
38 341
38 716
38 624
38 59
38 354
38 660
38 618
38 320
38 219
39 318
39 732
39 525
39 280
39 543
39 547
39 39
39 796
39 745
39 465
39 364
39 162
39 208
39 708
39 753
39 266
39 246
39 335
39 429
39 781
39 41
39 71
39 588
39 467
39 620
39 743
39 168
40 130
40 661
40 417
40 170
40 555
40 614
40 684
40 50
40 705
40 351
40 309
40 40
40 323
40 691
40 206
40 506
40 310
40 109
40 308
40 452
40 221
40 776
40 153
40 216
40 333
40 61
41 294
41 567
41 776
41 633
41 260
41 520
41 652
41 780
41 144
41 658
41 671
41 456
41 47
41 700
41 71
41 41
41 353
41 502
41 764
41 372
41 515
41 576
41 739
41 683
41 563
41 355
41 632
41 528
41 709
42 795
42 386
42 379
42 517
42 392
42 526
42 781
42 271
42 791
42 667
42 674
42 423
42 168
42 451
42 428
42 195
42 607
42 77
42 118
42 562
42 593
42 557
42 285
42 610
42 444
42 226
43 772
43 399
43 656
43 273
43 662
43 283
43 672
43 624
43 59
43 341
43 346
43 307
43 320
43 203
43 601
43 696
43 74
43 569
43 749
43 608
43 716
43 774
43 322
43 752
44 273
44 387
44 261
44 134
44 138
44 680
44 566
44 126
44 185
44 503
44 707
44 44
44 82
44 760
44 182
44 574
44 733
44 596
44 91
44 354
44 340
44 639
44 712
44 621
44 78
44 348
44 637
44 511
45 495
45 394
45 151
45 156
45 546
45 292
45 296
45 45
45 505
45 573
45 694
45 738
45 664
45 463
45 238
45 609
45 600
45 197
45 431
45 313
45 331
45 90
45 760
45 71
46 774
46 654
46 790
46 795
46 291
46 426
46 46
46 391
46 314
46 304
46 483
46 326
46 328
46 415
46 235
46 435
46 92
46 693
46 312
46 447
46 218
46 679
46 612
46 473
46 184
46 494
46 370
46 335
46 578
46 557
47 260
47 131
47 773
47 780
47 144
47 658
47 671
47 683
47 372
47 355
47 71
47 652
47 502
47 520
47 456
47 632
47 563
47 47
47 139
47 618
47 443
47 700
47 329
47 764
47 161
48 412
48 541
48 545
48 675
48 677
48 678
48 552
48 297
48 424
48 686
48 577
48 470
48 695
48 468
48 116
48 51
48 765
48 241
48 311
48 685
48 48
48 467
48 238
48 714
48 433
48 318
48 762
48 499
49 153
49 647
49 776
49 649
49 789
49 687
49 69
49 300
49 604
49 440
49 787
49 484
49 49
49 114
49 349
49 510
49 488
49 251
49 571
49 342
49 700
49 394
49 699
49 237
49 633
50 83
50 661
50 417
50 555
50 130
50 351
50 109
50 333
50 310
50 73
50 452
50 472
50 170
50 308
50 705
50 614
50 691
50 684
50 221
50 323
50 506
50 540
50 528
50 236
50 436
50 309
50 369
51 412
51 541
51 545
51 675
51 678
51 552
51 297
51 424
51 685
51 686
51 433
51 468
51 695
51 116
51 470
51 765
51 311
51 211
51 51
51 318
51 788
51 542
51 725
51 241
51 762
51 63
51 78
51 151
52 642
52 517
52 393
52 651
52 527
52 548
52 501
52 83
52 52
52 201
52 111
52 450
52 338
52 253
52 199
52 529
52 492
52 325
52 639
52 732
52 675
52 689
52 694
52 448
52 455
52 705
52 754
53 564
53 672
53 141
53 68
53 513
53 778
53 395
53 650
53 420
53 324
53 128
53 729
53 742
53 163
53 243
53 61
53 317
53 498
53 53
53 383
53 101
53 538
53 527
53 315
53 125
54 278
54 787
54 509
54 623
54 521
54 655
54 536
54 665
54 161
54 425
54 299
54 561
54 579
54 269
54 352
54 213
54 54
54 586
54 793
54 262
54 296
54 442
54 79
55 356
55 643
55 408
55 282
55 669
55 439
55 183
55 441
55 55
55 508
55 336
55 337
55 747
55 56
55 474
55 446
55 585
55 100
55 538
55 328
55 140
55 628
55 65
55 454
55 219
56 643
56 143
56 408
56 282
56 669
56 441
56 538
56 183
56 747
56 100
56 336
56 337
56 446
56 454
56 508
56 439
56 56
56 219
56 223
56 64
56 59
56 65
56 585
56 474
57 338
57 257
57 385
57 644
57 136
57 285
57 676
57 682
57 227
57 344
57 616
57 105
57 594
57 702
57 489
57 57
57 591
57 496
57 727
57 449
57 332
57 171
57 523
57 694
57 188
57 612
57 766
57 570
57 526
58 370
58 771
58 516
58 779
58 524
58 550
58 181
58 366
58 365
58 712
58 80
58 480
58 570
58 631
58 198
58 89
58 460
58 711
58 58
58 106
58 662
58 614
58 318
58 187
58 572
58 76
58 602
58 357
58 588
58 272
59 695
59 647
59 399
59 273
59 662
59 283
59 670
59 672
59 307
59 74
59 749
59 608
59 59
59 716
59 772
59 203
59 250
59 346
59 696
59 128
59 121
59 241
59 320
59 341
59 601
59 185
60 663
60 769
60 268
60 159
60 556
60 697
60 473
60 60
60 497
60 615
60 68
60 358
60 714
60 477
60 509
60 373
60 381
60 495
60 75
60 716
60 314
60 190
60 322
61 626
61 641
61 634
61 778
61 395
61 650
61 163
61 420
61 315
61 317
61 513
61 343
61 382
61 234
61 61
61 243
61 101
61 729
61 125
61 286
61 357
61 324
61 498
62 527
62 775
62 786
62 275
62 149
62 411
62 289
62 418
62 558
62 176
62 177
62 146
62 478
62 507
62 255
62 103
62 97
62 334
62 475
62 472
62 384
62 721
62 194
62 204
63 654
63 435
63 388
63 81
63 783
63 530
63 150
63 554
63 560
63 437
63 568
63 710
63 230
63 379
63 70
63 629
63 63
63 200
63 625
63 553
63 696
63 462
63 719
63 360
63 384
64 787
64 227
64 196
64 778
64 395
64 650
64 315
64 317
64 498
64 128
64 742
64 513
64 101
64 420
64 343
64 125
64 64
64 729
64 234
64 397
64 601
64 458
64 233
64 382
64 383
65 365
65 643
65 282
65 538
65 669
65 441
65 446
65 747
65 508
65 336
65 408
65 219
65 454
65 439
65 474
65 504
65 337
65 100
65 634
65 625
65 549
65 585
66 515
66 640
66 668
66 164
66 293
66 172
66 193
66 362
66 93
66 121
66 249
66 628
66 66
66 512
66 724
66 96
66 638
66 347
66 84
66 120
66 250
66 421
66 622
66 728
66 737
66 553
66 324
67 714
67 400
67 657
67 402
67 531
67 788
67 405
67 272
67 535
67 401
67 430
67 434
67 479
67 419
67 123
67 621
67 371
67 216
67 421
67 580
67 287
67 67
67 411
67 235
67 212
67 99
67 500
68 583
68 516
68 481
68 769
68 190
68 322
68 497
68 110
68 381
68 157
68 477
68 159
68 363
68 556
68 167
68 268
68 75
68 473
68 68
68 94
68 241
68 714
68 358
68 509
68 495
68 380
68 269
69 647
69 776
69 649
69 789
69 300
69 687
69 571
69 699
69 488
69 440
69 349
69 510
69 265
69 237
69 633
69 342
69 787
69 114
69 604
69 251
69 446
69 150
69 131
69 225
69 460
69 216
70 783
70 530
70 404
70 410
70 553
70 554
70 437
70 710
70 379
70 85
70 113
70 625
70 560
70 70
70 719
70 568
70 629
70 360
70 757
70 84
70 353
70 598
70 230
70 384
70 436
70 239
70 498
71 651
71 260
71 131
71 773
71 520
71 652
71 780
71 144
71 658
71 671
71 683
71 563
71 456
71 372
71 700
71 71
71 353
71 742
71 326
71 472
71 329
71 355
71 502
71 79
72 542
72 518
72 137
72 792
72 290
72 169
72 171
72 688
72 438
72 567
72 706
72 453
72 377
72 595
72 606
72 72
72 330
72 599
72 119
72 86
72 132
72 223
72 725
72 107
72 108
72 368
72 499
72 279
73 415
73 154
73 130
73 661
73 417
73 170
73 691
73 436
73 310
73 308
73 705
73 323
73 452
73 351
73 73
73 684
73 206
73 555
73 309
73 798
73 635
73 333
73 614
73 109
73 506
74 772
74 399
74 273
74 662
74 283
74 670
74 672
74 307
74 696
74 569
74 749
74 716
74 320
74 250
74 601
74 608
74 74
74 656
74 259
74 717
74 342
74 203
74 547
75 524
75 769
75 157
75 159
75 167
75 556
75 697
75 322
75 615
75 268
75 75
75 509
75 110
75 473
75 373
75 381
75 190
75 790
75 491
75 464
75 477
75 497
75 352
76 360
76 771
76 779
76 524
76 550
76 181
76 187
76 570
76 198
76 712
76 572
76 602
76 711
76 631
76 357
76 480
76 80
76 76
76 460
76 386
76 177
76 505
76 89
76 106
76 365
76 366
76 417
76 770
77 710
77 543
77 477
77 389
77 392
77 526
77 791
77 667
77 674
77 428
77 557
77 180
77 444
77 195
77 593
77 168
77 104
77 226
77 77
77 781
77 251
77 263
77 506
78 447
78 210
78 387
78 261
78 134
78 138
78 680
78 566
78 182
78 185
78 574
78 511
78 596
78 78
78 348
78 340
78 733
78 354
78 707
78 91
78 484
78 580
78 82
78 637
78 94
79 137
79 521
79 269
79 536
79 665
79 793
79 161
79 679
79 299
79 561
79 442
79 579
79 425
79 352
79 79
79 636
79 90
79 115
79 325
79 205
79 94
79 375
80 654
80 494
80 530
80 155
80 771
80 516
80 779
80 524
80 550
80 181
80 187
80 572
80 570
80 198
80 711
80 712
80 460
80 631
80 89
80 480
80 622
80 792
80 468
80 602
80 366
80 781
81 164
81 205
81 386
81 258
81 388
81 135
81 397
81 785
81 274
81 533
81 799
81 551
81 681
81 692
81 464
81 718
81 345
81 247
81 721
81 403
81 217
81 485
81 182
81 458
81 490
81 626
81 111
81 730
81 497
81 609
81 238
82 387
82 261
82 134
82 138
82 680
82 182
82 574
82 760
82 511
82 637
82 91
82 503
82 82
82 340
82 596
82 707
82 348
82 733
82 763
82 410
82 280
82 783
82 354
82 725
83 384
83 393
83 527
83 529
83 548
83 450
83 455
83 199
83 201
83 338
83 459
83 325
83 642
83 448
83 639
83 111
83 517
83 732
83 651
83 253
83 184
83 530
83 501
83 310
84 515
84 640
84 668
84 164
84 172
84 193
84 724
84 737
84 96
84 84
84 121
84 638
84 347
84 249
84 512
84 628
84 482
84 362
84 120
84 706
84 203
84 551
84 93
84 756
84 197
85 783
85 530
85 404
85 150
85 410
85 553
85 554
85 560
85 437
85 568
85 710
85 625
85 379
85 85
85 200
85 719
85 384
85 757
85 629
85 637
85 275
85 230
85 360
85 113
85 453
85 376
85 364
86 518
86 137
86 792
86 290
86 166
86 169
86 688
86 438
86 567
86 706
86 595
86 119
86 171
86 330
86 86
86 453
86 599
86 377
86 107
86 759
86 731
86 328
86 108
86 368
86 499
86 608
86 134
86 101
87 194
87 308
87 208
87 645
87 145
87 660
87 148
87 279
87 409
87 800
87 305
87 589
87 462
87 242
87 736
87 147
87 239
87 582
87 457
87 576
87 590
87 190
87 143
87 481
87 613
87 369
88 530
88 360
88 641
88 132
88 646
88 777
88 406
88 575
88 461
88 466
88 215
88 611
88 141
88 95
88 627
88 486
88 88
88 327
88 262
88 739
88 570
88 342
88 618
88 605
88 240
88 122
88 310
89 249
89 771
89 516
89 779
89 524
89 550
89 181
89 187
89 572
89 198
89 711
89 712
89 460
89 480
89 106
89 631
89 365
89 570
89 763
89 727
89 391
89 366
89 596
90 324
90 269
90 655
90 536
90 665
90 161
90 425
90 299
90 561
90 586
90 213
90 94
90 636
90 679
90 115
90 90
90 521
90 712
90 473
90 352
91 347
91 583
91 339
91 589
91 752
91 134
91 138
91 185
91 596
91 126
91 733
91 637
91 763
91 354
91 760
91 503
91 182
91 261
91 707
91 698
91 343
91 439
91 348
91 607
92 774
92 391
92 654
92 790
92 795
92 415
92 291
92 435
92 693
92 184
92 312
92 314
92 326
92 717
92 218
92 304
92 328
92 494
92 370
92 92
92 675
92 111
92 684
92 483
92 235
93 515
93 668
93 164
93 293
93 172
93 193
93 724
93 728
93 347
93 121
93 737
93 756
93 96
93 512
93 93
93 628
93 362
93 120
93 239
93 636
93 622
93 598
93 730
93 299
94 558
94 260
94 546
94 521
94 655
94 536
94 665
94 793
94 161
94 679
94 299
94 442
94 579
94 561
94 425
94 213
94 94
94 586
94 680
94 383
94 375
95 717
95 132
95 646
95 777
95 262
95 141
95 406
95 575
95 461
95 207
95 466
95 215
95 605
95 240
95 486
95 641
95 622
95 730
95 611
95 739
95 380
95 422
95 511
95 627
95 122
96 515
96 640
96 293
96 172
96 193
96 724
96 728
96 347
96 121
96 756
96 628
96 668
96 96
96 362
96 638
96 512
96 482
96 281
96 323
96 436
96 737
96 120
96 249
97 326
97 775
97 786
97 275
97 146
97 149
97 289
97 558
97 176
97 194
97 204
97 334
97 475
97 478
97 103
97 244
97 507
97 255
97 418
97 336
97 765
97 365
97 469
97 742
98 262
98 259
98 390
98 396
98 534
98 663
98 666
98 186
98 316
98 350
98 223
98 102
98 752
98 231
98 98
98 112
98 755
98 514
98 356
98 344
98 506
98 397
98 618
98 392
99 577
99 253
99 618
99 400
99 531
99 405
99 272
99 535
99 287
99 419
99 421
99 434
99 212
99 216
99 500
99 401
99 580
99 402
99 430
99 788
99 657
99 590
99 223
99 566
99 123
99 151
99 156
100 143
100 408
100 538
100 669
100 441
100 446
100 454
100 337
100 474
100 336
100 439
100 585
100 504
100 219
100 643
100 747
100 183
100 519
100 495
100 231
100 508
101 675
101 214
101 513
101 778
101 395
101 317
101 324
101 343
101 729
101 742
101 315
101 125
101 383
101 101
101 243
101 233
101 238
101 522
101 128
102 514
102 259
102 390
102 396
102 534
102 666
102 316
102 350
102 740
102 741
102 231
102 755
102 635
102 663
102 186
102 356
102 102
102 768
102 752
102 520
102 270
102 166
102 618
103 675
103 775
103 786
103 275
103 146
103 149
103 289
103 418
103 558
103 194
103 204
103 411
103 103
103 475
103 334
103 255
103 173
103 221
103 767
103 661
103 209
103 315
103 536
103 442
104 468
104 660
104 800
104 296
104 389
104 392
104 526
104 781
104 791
104 667
104 674
104 168
104 562
104 180
104 444
104 451
104 195
104 593
104 428
104 118
104 557
104 318
104 352
104 730
104 751
105 257
105 385
105 644
105 136
105 270
105 285
105 303
105 188
105 702
105 332
105 591
105 594
105 344
105 616
105 612
105 766
105 227
105 727
105 682
105 105
105 312
105 232
105 653
105 327
105 133
106 771
106 516
106 779
106 524
106 550
106 181
106 187
106 572
106 570
106 711
106 712
106 460
106 602
106 357
106 480
106 366
106 365
106 106
106 338
106 742
106 503
106 631
107 397
107 137
107 792
107 166
107 688
107 438
107 567
107 453
107 330
107 599
107 606
107 169
107 107
107 595
107 377
107 518
107 171
107 290
107 372
107 604
107 207
107 108
107 499
108 518
108 137
108 792
108 290
108 166
108 169
108 171
108 438
108 706
108 595
108 599
108 606
108 377
108 688
108 119
108 108
108 368
108 642
108 769
108 511
108 499
109 130
109 661
109 417
109 170
109 555
109 684
109 309
109 310
109 323
109 452
109 333
109 351
109 614
109 691
109 206
109 506
109 221
109 705
109 109
109 625
109 549
109 229
110 769
110 268
110 159
110 167
110 473
110 363
110 509
110 157
110 477
110 556
110 697
110 615
110 373
110 497
110 190
110 110
110 495
110 179
110 614
110 553
110 421
111 675
111 175
111 719
111 642
111 393
111 651
111 527
111 529
111 548
111 325
111 201
111 459
111 732
111 492
111 450
111 111
111 739
111 526
111 501
111 182
112 507
112 514
112 259
112 390
112 396
112 534
112 663
112 666
112 186
112 316
112 350
112 223
112 356
112 231
112 752
112 618
112 768
112 112
112 755
112 651
112 493
112 712
112 635
112 674
113 530
113 404
113 150
113 410
113 437
113 568
113 710
113 200
113 360
113 625
113 379
113 783
113 719
113 554
113 757
113 113
113 560
113 230
113 195
113 244
113 426
113 629
114 783
114 410
114 554
114 220
114 649
114 787
114 789
114 300
114 687
114 440
114 571
114 699
114 349
114 225
114 488
114 237
114 510
114 265
114 114
114 346
114 694
114 633
114 251
115 554
115 521
115 269
115 655
115 536
115 665
115 793
115 161
115 679
115 299
115 561
115 442
115 579
115 586
115 213
115 375
115 352
115 115
115 199
115 467
115 504
116 412
116 541
116 545
116 675
116 677
116 678
116 552
116 297
116 424
116 685
116 686
116 695
116 311
116 468
116 470
116 241
116 318
116 116
116 762
116 670
116 310
116 648
116 580
117 719
117 264
117 784
117 539
117 798
117 294
117 174
117 564
117 587
117 590
117 722
117 471
117 476
117 398
117 256
117 236
117 603
117 232
117 414
117 220
117 288
117 407
117 240
117 197
117 591
117 300
117 656
117 309
117 544
118 678
118 682
118 389
118 392
118 526
118 271
118 667
118 423
118 428
118 557
118 180
118 444
118 451
118 593
118 226
118 751
118 118
118 674
118 607
118 284
118 539
118 796
119 518
119 137
119 290
119 166
119 169
119 171
119 688
119 438
119 567
119 706
119 453
119 330
119 599
119 368
119 499
119 595
119 377
119 119
119 287
119 340
119 773
119 144
119 472
119 614
120 515
120 640
120 668
120 164
120 193
120 724
120 728
120 121
120 482
120 362
120 756
120 628
120 512
120 249
120 347
120 120
120 157
120 741
120 214
120 638
120 334
120 743
121 515
121 640
121 668
121 164
121 293
121 193
121 724
121 728
121 347
121 756
121 121
121 628
121 362
121 512
121 638
121 560
121 791
121 672
121 737
121 482
121 249
121 203
121 348
122 624
122 641
122 132
122 646
122 262
122 406
122 575
122 327
122 207
122 466
122 730
122 611
122 486
122 627
122 215
122 739
122 622
122 461
122 512
122 131
122 129
122 632
122 465
122 272
122 419
122 669
123 657
123 402
123 531
123 788
123 272
123 535
123 401
123 287
123 419
123 434
123 580
123 212
123 623
123 500
123 421
123 621
123 371
123 216
123 123
123 131
123 618
123 707
123 354
124 560
124 739
124 522
124 653
124 659
124 532
124 152
124 537
124 155
124 154
124 286
124 427
124 301
124 432
124 214
124 744
124 617
124 252
124 374
124 376
124 524
124 441
125 285
125 778
125 395
125 650
125 420
125 315
125 343
125 729
125 234
125 125
125 317
125 382
125 742
125 243
125 383
125 660
125 289
125 500
126 277
126 564
126 771
126 387
126 261
126 134
126 138
126 680
126 566
126 185
126 574
126 340
126 348
126 503
126 763
126 637
126 511
126 760
126 182
126 596
126 451
126 641
126 727
127 277
127 406
127 408
127 129
127 263
127 523
127 165
127 559
127 306
127 701
127 703
127 209
127 597
127 229
127 245
127 630
127 761
127 228
127 619
127 725
127 767
127 692
127 254
127 787
128 152
128 513
128 778
128 163
128 420
128 317
128 324
128 343
128 729
128 233
128 234
128 498
128 382
128 383
128 315
128 742
128 128
128 547
128 610
128 517
129 466
129 376
129 372
129 281
129 619
129 129
129 701
129 549
129 165
129 746
129 306
129 630
129 523
129 263
129 782
129 689
129 228
129 761
129 791
129 445
129 141
129 559
129 703
129 209
129 725
129 493
129 245
130 333
130 661
130 436
130 614
130 308
130 684
130 170
130 130
130 351
130 691
130 323
130 555
130 206
130 472
130 310
130 221
130 417
130 506
130 318
130 155
130 707
130 309
130 705
130 359
130 761
131 328
131 399
131 252
131 260
131 700
131 658
131 372
131 329
131 355
131 144
131 764
131 563
131 520
131 780
131 671
131 652
131 353
131 572
131 271
131 601
131 683
131 456
131 502
132 173
132 641
132 215
132 605
132 627
132 132
132 575
132 461
132 739
132 486
132 730
132 777
132 207
132 646
132 466
132 622
132 262
132 235
132 359
132 664
132 406
132 611
132 240
132 744
132 661
132 208
133 311
133 766
133 524
133 267
133 210
133 487
133 248
133 196
133 723
133 726
133 610
133 222
133 224
133 797
133 704
133 634
133 754
133 528
133 443
133 770
133 422
133 469
133 192
133 581
134 435
134 552
134 625
134 590
134 760
134 503
134 354
134 596
134 574
134 387
134 185
134 707
134 134
134 138
134 733
134 298
134 686
134 680
134 566
134 182
134 340
134 348
134 763
134 667
135 386
135 258
135 388
135 592
135 799
135 247
135 681
135 274
135 721
135 626
135 464
135 551
135 485
135 533
135 397
135 345
135 785
135 490
135 403
135 277
135 135
135 433
135 178
135 692
135 718
135 217
135 284
135 183
136 150
136 257
136 385
136 644
136 702
136 332
136 227
136 727
136 303
136 612
136 616
136 188
136 682
136 285
136 496
136 591
136 594
136 489
136 449
136 270
136 212
136 640
136 475
136 344
136 782
137 628
137 518
137 438
137 137
137 290
137 166
137 377
137 368
137 169
137 595
137 171
137 567
137 453
137 792
137 688
137 480
137 327
137 706
137 330
137 599
137 499
137 687
137 214
137 458
137 276
138 765
138 372
138 182
138 503
138 733
138 185
138 511
138 760
138 763
138 574
138 138
138 340
138 387
138 596
138 261
138 575
138 535
138 399
138 680
138 566
138 348
138 637
138 513
139 545
139 230
139 342
139 333
139 698
139 359
139 544
139 491
139 254
139 276
139 709
139 713
139 445
139 139
139 743
139 584
139 540
139 214
139 765
139 760
139 142
139 673
139 189
139 715
140 608
140 506
140 726
140 394
140 609
140 140
140 313
140 738
140 664
140 151
140 463
140 546
140 197
140 573
140 156
140 758
140 380
140 361
140 431
140 238
140 274
140 289
140 292
140 578
140 331
140 600
140 505
140 243
141 560
141 416
141 641
141 646
141 262
141 466
141 240
141 406
141 730
141 207
141 486
141 141
141 327
141 605
141 215
141 622
141 627
141 739
141 611
141 733
141 785
141 575
141 461
142 291
142 204
142 715
142 713
142 584
142 254
142 731
142 491
142 142
142 445
142 339
142 189
142 158
142 319
142 709
142 673
142 540
142 276
142 617
142 736
142 451
142 698
142 359
142 667
143 554
143 520
143 643
143 474
143 282
143 143
143 504
143 336
143 585
143 408
143 337
143 441
143 538
143 747
143 446
143 183
143 439
143 771
143 308
143 356
143 669
143 219
143 508
143 271
143 636
144 773
144 520
144 652
144 780
144 671
144 563
144 700
144 632
144 144
144 353
144 260
144 355
144 683
144 372
144 329
144 502
144 342
144 328
144 658
144 456
145 645
145 589
145 242
145 481
145 279
145 145
145 582
145 660
145 281
145 800
145 462
145 565
145 148
145 736
145 409
145 147
145 576
145 457
145 577
145 603
145 165
145 305
145 369
145 421
146 775
146 786
146 411
146 177
146 289
146 204
146 176
146 255
146 244
146 275
146 478
146 146
146 194
146 475
146 507
146 149
146 418
146 735
146 420
146 291
146 558
146 334
146 439
146 380
147 193
147 274
147 592
147 488
147 346
147 645
147 305
147 281
147 582
147 147
147 576
147 457
147 565
147 660
147 148
147 369
147 481
147 736
147 239
147 741
147 555
147 751
147 279
147 409
147 589
147 462
147 613
148 645
148 660
148 800
148 565
148 409
148 481
148 462
148 281
148 457
148 148
148 613
148 589
148 369
148 242
148 239
148 582
148 717
148 433
148 523
148 305
148 576
148 736
148 419
149 424
149 202
149 775
149 786
149 275
149 475
149 177
149 176
149 255
149 558
149 334
149 289
149 244
149 478
149 418
149 149
149 269
149 427
149 411
149 204
149 507
149 353
149 287
150 530
150 404
150 554
150 629
150 560
150 379
150 783
150 360
150 230
150 200
150 568
150 150
150 410
150 437
150 719
150 710
150 625
150 553
150 659
150 335
150 757
150 384
150 251
151 237
151 394
151 380
151 331
151 600
151 758
151 463
151 573
151 313
151 694
151 664
151 578
151 361
151 292
151 546
151 156
151 609
151 738
151 238
151 431
151 296
151 197
151 505
151 536
152 177
152 519
152 522
152 659
152 155
152 154
152 427
152 744
152 214
152 367
152 252
152 301
152 532
152 432
152 152
152 376
152 374
152 165
152 690
152 413
152 286
152 617
152 663
153 648
153 278
153 378
153 295
153 202
153 173
153 153
153 690
153 748
153 160
153 205
153 735
153 422
153 175
153 178
153 750
153 302
153 321
153 401
153 618
153 298
153 720
153 598
153 330
153 444
153 382
154 519
154 522
154 653
154 532
154 537
154 155
154 374
154 659
154 432
154 413
154 252
154 617
154 376
154 744
154 301
154 286
154 427
154 367
154 489
154 182
154 181
154 663
155 519
155 522
155 653
155 659
155 532
155 537
155 155
155 427
155 744
155 432
155 367
155 376
155 252
155 374
155 617
155 409
155 435
155 413
155 286
156 790
156 447
156 739
156 394
156 664
156 238
156 578
156 505
156 331
156 600
156 197
156 609
156 156
156 463
156 738
156 546
156 296
156 292
156 541
156 648
156 431
156 313
156 573
156 361
157 320
157 773
157 540
157 769
157 268
157 381
157 497
157 495
157 157
157 167
157 473
157 714
157 363
157 477
157 159
157 358
157 322
157 615
157 516
157 779
157 654
157 556
157 697
157 190
157 504
158 176
158 276
158 540
158 254
158 469
158 491
158 359
158 339
158 731
158 743
158 709
158 715
158 544
158 584
158 189
158 698
158 445
158 713
158 515
158 716
158 478
158 673
158 660
158 226
159 514
159 390
159 769
159 268
159 495
159 615
159 556
159 322
159 363
159 373
159 497
159 381
159 714
159 190
159 509
159 697
159 473
159 671
159 176
159 174
159 167
159 477
159 358
160 648
160 278
160 542
160 302
160 175
160 748
160 205
160 750
160 202
160 160
160 321
160 690
160 298
160 598
160 378
160 735
160 173
160 720
160 326
160 455
160 749
160 422
160 295
160 178
160 698
160 315
161 706
161 521
161 655
161 665
161 793
161 375
161 425
161 442
161 299
161 213
161 269
161 579
161 679
161 636
161 536
161 533
161 522
161 352
162 404
162 266
162 525
162 794
162 796
162 284
162 543
162 745
162 465
162 364
162 191
162 588
162 208
162 620
162 547
162 280
162 753
162 246
162 429
162 272
162 775
162 759
162 708
162 467
162 657
163 718
163 749
163 751
163 513
163 778
163 650
163 324
163 234
163 420
163 315
163 729
163 742
163 383
163 317
163 382
163 395
163 498
163 163
163 774
163 532
163 676
163 343
163 233
164 515
164 668
164 512
164 164
164 640
164 362
164 728
164 293
164 737
164 172
164 347
164 756
164 482
164 249
164 638
164 632
164 244
164 193
164 628
164 411
164 308
164 588
164 276
164 504
165 265
165 167
165 263
165 523
165 782
165 549
165 701
165 703
165 619
165 746
165 306
165 767
165 229
165 725
165 630
165 493
165 597
165 629
165 280
165 364
165 559
165 689
165 209
165 228
165 761
166 278
166 518
166 792
166 290
166 706
166 595
166 438
166 169
166 567
166 688
166 599
166 453
166 166
166 499
166 330
166 177
166 439
166 531
166 171
166 606
167 205
167 614
167 769
167 268
167 167
167 322
167 381
167 363
167 497
167 477
167 190
167 358
167 509
167 495
167 473
167 615
167 298
167 779
167 556
167 714
167 535
167 760
167 782
167 361
167 607
168 282
168 392
168 526
168 781
168 423
168 271
168 389
168 557
168 593
168 562
168 674
168 451
168 168
168 791
168 180
168 607
168 751
168 226
168 662
168 360
168 428
168 444
168 195
169 326
169 792
169 290
169 688
169 368
169 567
169 499
169 330
169 595
169 706
169 169
169 438
169 377
169 518
169 599
169 402
169 493
169 572
169 171
169 453
169 606
169 622
169 432
169 266
169 579
170 587
170 661
170 417
170 170
170 310
170 705
170 691
170 436
170 206
170 506
170 555
170 323
170 452
170 472
170 351
170 309
170 308
170 694
170 718
170 629
170 684
170 333
170 614
170 239
171 518
171 792
171 290
171 606
171 171
171 706
171 688
171 595
171 330
171 368
171 599
171 377
171 453
171 438
171 407
171 217
171 679
171 567
171 499
171 322
172 515
172 640
172 293
172 172
172 512
172 482
172 728
172 362
172 347
172 249
172 193
172 638
172 668
172 724
172 756
172 214
172 562
172 641
172 737
172 628
172 449
173 648
173 542
173 298
173 175
173 295
173 205
173 302
173 202
173 690
173 178
173 720
173 750
173 321
173 378
173 735
173 173
173 551
173 765
173 333
173 797
174 326
174 398
174 784
174 407
174 539
174 414
174 416
174 288
174 294
174 179
174 256
174 264
174 220
174 564
174 232
174 798
174 476
174 471
174 603
174 722
174 174
174 794
174 587
174 604
174 671
174 534
175 648
175 278
175 422
175 295
175 298
175 302
175 542
175 205
175 202
175 750
175 321
175 598
175 720
175 175
175 690
175 417
175 310
175 735
175 748
175 232
175 373
175 703
175 593
176 548
176 275
176 289
176 558
176 204
176 255
176 177
176 786
176 176
176 478
176 507
176 475
176 418
176 334
176 477
176 537
176 194
176 244
176 273
176 243
177 786
177 411
177 418
177 558
177 478
177 177
177 244
177 289
177 194
177 275
177 507
177 204
177 475
177 775
177 639
177 406
177 334
177 255
177 385
178 648
178 278
178 542
178 422
178 295
178 298
178 690
178 735
178 205
178 750
178 302
178 378
178 720
178 598
178 321
178 178
178 406
178 417
178 202
178 748
178 350
178 337
179 264
179 398
179 784
179 407
179 798
179 414
179 416
179 288
179 294
179 236
179 471
179 220
179 256
179 539
179 232
179 590
179 583
179 564
179 179
179 587
179 355
179 452
179 760
179 603
179 706
179 502
180 492
180 356
180 434
180 389
180 392
180 526
180 791
180 674
180 557
180 562
180 444
180 180
180 607
180 751
180 271
180 451
180 670
180 599
180 593
180 226
181 771
181 516
181 524
181 550
181 366
181 365
181 357
181 779
181 572
181 711
181 631
181 187
181 198
181 181
181 480
181 591
181 704
181 570
181 712
181 602
181 491
181 566
181 197
182 653
182 279
182 697
182 387
182 566
182 763
182 354
182 680
182 760
182 503
182 261
182 574
182 511
182 182
182 416
182 268
182 707
182 596
182 340
182 348
182 733
182 793
183 286
183 456
183 287
183 643
183 408
183 282
183 538
183 669
183 446
183 183
183 508
183 454
183 441
183 439
183 585
183 504
183 474
183 336
183 763
183 637
183 337
183 219
184 774
184 391
184 790
184 795
184 415
184 291
184 426
184 304
184 312
184 235
184 328
184 693
184 717
184 184
184 654
184 314
184 218
184 435
184 494
184 338
184 527
184 734
184 370
184 718
184 592
184 743
184 508
184 674
185 193
185 204
185 759
185 387
185 261
185 680
185 566
185 733
185 348
185 760
185 503
185 596
185 340
185 354
185 574
185 707
185 619
185 305
185 637
185 738
186 259
186 396
186 534
186 663
186 666
186 223
186 390
186 755
186 741
186 186
186 752
186 768
186 350
186 514
186 356
186 316
186 195
186 200
186 513
186 740
186 231
186 618
187 720
187 785
187 471
187 459
187 771
187 516
187 460
187 480
187 357
187 711
187 187
187 365
187 198
187 550
187 406
187 618
187 743
187 572
187 570
187 712
187 602
187 366
187 631
187 738
188 692
188 385
188 270
188 676
188 682
188 303
188 344
188 727
188 496
188 489
188 449
188 594
188 644
188 766
188 591
188 188
188 227
188 285
188 219
188 210
188 205
188 702
188 616
188 569
188 301
189 720
189 789
189 276
189 540
189 544
189 673
189 445
189 491
189 319
189 715
189 731
189 359
189 698
189 469
189 339
189 189
189 716
189 681
189 261
189 584
189 743
189 752
189 428
190 769
190 268
190 697
190 495
190 615
190 363
190 556
190 190
190 477
190 714
190 381
190 473
190 509
190 497
190 713
190 532
190 743
190 322
190 358
191 771
191 796
191 284
191 547
191 429
191 335
191 620
191 191
191 364
191 467
191 525
191 465
191 745
191 794
191 543
191 708
191 246
191 208
191 698
191 763
191 799
191 588
191 753
191 195
192 542
192 785
192 770
192 267
192 528
192 797
192 443
192 704
192 723
192 192
192 222
192 458
192 210
192 754
192 248
192 759
192 224
192 487
192 322
192 506
192 393
192 581
192 726
192 610
192 634
193 515
193 640
193 668
193 293
193 482
193 193
193 728
193 638
193 756
193 628
193 737
193 362
193 679
193 724
193 347
193 265
193 319
193 574
193 423
194 564
194 775
194 786
194 275
194 411
194 289
194 418
194 558
194 255
194 475
194 244
194 194
194 387
194 436
194 204
194 478
194 462
195 314
195 773
195 392
195 781
195 791
195 667
195 423
195 557
195 444
195 389
195 226
195 607
195 451
195 751
195 562
195 593
195 355
195 631
196 499
196 522
196 770
196 267
196 797
196 222
196 634
196 196
196 248
196 443
196 610
196 224
196 210
196 458
196 754
196 704
196 581
196 753
196 612
196 487
196 759
197 756
197 366
197 715
197 394
197 546
197 292
197 431
197 313
197 573
197 664
197 758
197 197
197 738
197 505
197 694
197 746
197 331
197 600
197 609
198 721
198 516
198 779
198 524
198 550
198 365
198 357
198 570
198 366
198 480
198 771
198 631
198 711
198 460
198 198
198 361
198 266
198 602
199 539
199 476
199 642
199 517
199 393
199 651
199 527
199 548
199 450
199 734
199 501
199 529
199 459
199 199
199 253
199 455
199 325
199 448
199 761
199 384
199 665
199 201
199 338
199 639
199 374
199 266
199 505
199 561
200 783
200 530
200 404
200 410
200 553
200 560
200 437
200 568
200 625
200 554
200 379
200 710
200 384
200 230
200 629
200 719
200 360
200 200
200 622
200 324
200 448
201 517
201 393
201 651
201 527
201 529
201 548
201 450
201 325
201 455
201 734
201 501
201 459
201 642
201 201
201 732
201 338
201 620
201 580
201 492
201 253
201 639
201 689
202 648
202 542
202 295
202 298
202 302
202 690
202 750
202 735
202 378
202 748
202 321
202 422
202 202
202 614
202 205
202 720
202 598
202 594
202 221
202 613
202 755
203 257
203 772
203 656
203 283
203 670
203 307
203 696
203 569
203 716
203 749
203 672
203 346
203 601
203 608
203 662
203 320
203 273
203 714
203 358
203 341
203 624
203 250
203 708
204 775
204 786
204 411
204 289
204 418
204 475
204 334
204 478
204 507
204 275
204 204
204 772
204 244
205 648
205 278
205 542
205 422
205 298
205 302
205 690
205 321
205 598
205 295
205 735
205 378
205 205
205 676
205 748
205 750
205 794
205 336
206 661
206 555
206 684
206 691
206 436
206 309
206 310
206 308
206 705
206 452
206 333
206 472
206 206
206 221
206 417
206 323
206 373
206 552
206 389
207 302
207 641
207 646
207 777
207 262
207 406
207 575
207 327
207 461
207 466
207 605
207 739
207 215
207 627
207 207
207 506
207 556
207 422
207 730
207 611
207 622
207 240
207 559
208 266
208 280
208 794
208 284
208 543
208 588
208 364
208 547
208 467
208 620
208 753
208 246
208 429
208 796
208 335
208 208
208 465
209 263
209 523
209 549
209 689
209 701
209 703
209 619
209 493
209 229
209 630
209 597
209 559
209 746
209 782
209 725
209 761
209 209
209 625
209 796
209 228
209 245
209 674
209 233
209 299
210 388
210 792
210 770
210 267
210 528
210 443
210 704
210 581
210 458
210 248
210 759
210 210
210 754
210 726
210 545
210 511
210 723
210 222
210 610
210 634
211 412
211 541
211 545
211 675
211 677
211 678
211 552
211 297
211 424
211 433
211 695
211 311
211 577
211 686
211 241
211 468
211 211
211 685
211 318
211 470
211 347
211 562
211 448
211 765
212 400
212 402
212 531
212 788
212 405
212 272
212 535
212 401
212 419
212 421
212 580
212 434
212 430
212 479
212 212
212 500
212 287
212 284
212 787
212 548
212 623
212 371
213 521
213 269
213 655
213 536
213 665
213 793
213 561
213 442
213 579
213 586
213 299
213 352
213 375
213 679
213 213
213 313
213 492
213 800
214 583
214 496
214 522
214 653
214 659
214 532
214 537
214 413
214 286
214 427
214 432
214 214
214 617
214 301
214 221
214 744
214 376
214 514
214 619
215 345
215 641
215 646
215 777
215 262
215 406
215 575
215 327
215 461
215 466
215 605
215 486
215 730
215 240
215 627
215 215
215 671
215 436
215 739
215 611
215 618
216 402
216 531
216 788
216 405
216 272
216 401
216 287
216 419
216 421
216 430
216 434
216 580
216 400
216 623
216 371
216 535
216 500
216 657
216 216
216 463
216 479
216 621
216 597
217 774
217 386
217 258
217 388
217 397
217 785
217 274
217 533
217 799
217 681
217 692
217 718
217 345
217 721
217 277
217 626
217 464
217 490
217 592
217 485
217 589
217 777
217 757
218 774
218 391
218 654
218 795
218 415
218 291
218 426
218 304
218 435
218 693
218 312
218 314
218 326
218 328
218 717
218 483
218 447
218 235
218 790
218 524
218 679
218 339
218 370
218 551
218 620
218 487
219 532
219 339
219 643
219 408
219 282
219 538
219 439
219 441
219 336
219 337
219 474
219 446
219 508
219 585
219 760
219 361
219 504
220 241
220 264
220 398
220 784
220 407
220 539
220 414
220 416
220 288
220 294
220 564
220 583
220 587
220 590
220 722
220 471
220 603
220 232
220 256
220 798
220 642
220 670
220 476
220 246
220 242
220 390
221 749
221 461
221 417
221 555
221 684
221 691
221 436
221 309
221 308
221 323
221 452
221 333
221 705
221 310
221 472
221 221
221 553
221 614
222 668
222 692
222 377
222 472
222 770
222 267
222 528
222 458
222 723
222 726
222 581
222 248
222 487
222 610
222 224
222 515
222 588
222 754
222 634
223 606
223 522
223 514
223 396
223 534
223 663
223 316
223 350
223 356
223 741
223 740
223 666
223 635
223 755
223 259
223 223
223 775
223 493
223 507
223 752
224 470
224 770
224 528
224 797
224 224
224 704
224 443
224 634
224 723
224 581
224 267
224 248
224 487
224 759
224 457
224 406
224 370
224 610
224 754
225 647
225 265
225 787
225 789
225 300
225 687
225 440
225 342
225 604
225 349
225 699
225 237
225 488
225 776
225 633
225 251
225 649
225 510
225 225
225 581
225 354
225 484
226 440
226 571
226 676
226 452
226 389
226 392
226 526
226 271
226 791
226 674
226 423
226 428
226 557
226 562
226 451
226 607
226 663
226 437
227 257
227 385
227 644
227 270
227 285
227 676
227 702
227 449
227 332
227 591
227 594
227 344
227 489
227 727
227 303
227 496
227 682
227 766
227 612
227 453
227 561
228 496
228 336
228 263
228 523
228 559
228 689
228 306
228 701
228 703
228 597
228 746
228 767
228 493
228 725
228 245
228 782
228 549
228 229
228 228
228 308
228 638
228 619
228 630
229 671
229 479
229 263
229 782
229 559
229 689
229 306
229 701
229 703
229 597
229 549
229 619
229 245
229 761
229 523
229 725
229 493
229 464
229 386
229 746
230 678
230 783
230 404
230 410
230 554
230 560
230 568
230 719
230 379
230 625
230 757
230 230
230 360
230 384
230 710
230 510
230 397
230 629
230 414
230 270
230 231
230 788
231 320
231 610
231 259
231 390
231 396
231 534
231 663
231 666
231 316
231 740
231 356
231 768
231 741
231 755
231 231
231 617
231 367
231 618
231 752
231 635
231 479
231 454
232 264
232 398
232 407
232 539
232 798
232 414
232 288
232 294
232 564
232 583
232 587
232 590
232 722
232 471
232 603
232 416
232 236
232 476
232 784
232 692
232 487
232 797
232 336
233 527
233 325
233 513
233 778
233 650
233 420
233 315
233 317
233 343
233 729
233 742
233 324
233 395
233 234
233 382
233 383
233 233
233 750
233 498
234 513
234 778
234 395
234 650
234 315
234 317
234 324
234 729
234 343
234 742
234 383
234 382
234 498
234 234
234 346
234 388
234 438
235 391
235 654
235 790
235 795
235 415
235 291
235 426
235 304
235 435
235 693
235 447
235 328
235 483
235 717
235 314
235 235
235 494
235 512
235 339
235 698
235 750
235 517
235 497
236 264
236 398
236 784
236 539
236 798
236 414
236 416
236 564
236 583
236 587
236 590
236 722
236 471
236 603
236 476
236 256
236 288
236 294
236 236
236 528
236 556
237 776
237 649
237 265
237 787
237 300
237 687
237 571
237 484
237 488
237 699
237 510
237 647
237 349
237 251
237 342
237 633
237 237
237 598
237 760
238 724
238 575
238 622
238 664
238 296
238 431
238 694
238 578
238 573
238 292
238 546
238 738
238 758
238 380
238 238
238 313
238 797
238 756
238 505
239 309
239 645
239 279
239 305
239 565
239 576
239 457
239 589
239 736
239 239
239 800
239 369
239 582
239 613
239 384
239 242
239 549
240 641
240 777
240 262
240 406
240 575
240 327
240 461
240 466
240 605
240 611
240 730
240 240
240 646
240 748
240 391
240 266
240 627
240 658
241 412
241 541
241 545
241 675
241 677
241 678
241 552
241 297
241 424
241 685
241 686
241 695
241 311
241 577
241 470
241 765
241 468
241 318
241 433
241 438
241 361
241 762
241 732
242 660
242 279
242 281
242 409
242 800
242 305
242 565
242 576
242 582
242 457
242 589
242 481
242 369
242 736
242 613
242 645
242 686
242 506
242 623
242 245
242 361
243 699
243 334
243 771
243 513
243 778
243 650
243 315
243 317
243 324
243 343
243 729
243 498
243 383
243 382
243 742
243 243
243 550
244 298
244 775
244 275
244 411
244 289
244 558
244 334
244 475
244 244
244 310
244 762
244 712
244 643
245 523
245 782
245 549
245 559
245 689
245 306
245 703
245 597
245 619
245 767
245 725
245 263
245 630
245 701
245 746
245 493
245 245
245 800
246 266
246 525
246 280
246 794
246 796
246 284
246 543
246 429
246 708
246 335
246 745
246 364
246 753
246 588
246 547
246 620
246 277
246 548
246 698
246 666
246 434
247 388
247 397
247 785
247 274
247 403
247 533
247 277
247 799
247 681
247 692
247 718
247 592
247 721
247 464
247 345
247 247
247 386
247 626
247 485
247 412
247 287
247 393
247 691
247 316
248 641
248 646
248 280
248 770
248 267
248 528
248 797
248 704
248 581
248 458
248 610
248 487
248 754
248 759
248 695
248 698
248 634
249 515
249 640
249 668
249 293
249 724
249 728
249 347
249 737
249 482
249 756
249 512
249 249
249 628
249 551
249 413
249 606
249 492
249 365
249 446
250 792
250 499
250 772
250 399
250 656
250 273
250 662
250 670
250 307
250 696
250 569
250 320
250 601
250 346
250 608
250 749
250 624
250 795
250 353
250 272
251 647
251 776
251 649
251 265
251 300
251 687
251 440
251 571
251 699
251 342
251 604
251 349
251 484
251 789
251 633
251 251
251 568
251 736
251 306
252 728
252 311
252 519
252 522
252 659
252 537
252 413
252 427
252 432
252 617
252 367
252 532
252 252
252 301
252 309
252 621
252 376
253 482
253 642
253 517
253 527
253 529
253 548
253 448
253 325
253 459
253 338
253 732
253 492
253 501
253 450
253 639
253 253
253 620
253 727
253 630
254 368
254 276
254 540
254 544
254 445
254 319
254 709
254 584
254 469
254 731
254 743
254 359
254 491
254 339
254 254
254 713
254 750
254 691
254 400
255 775
255 786
255 275
255 411
255 289
255 418
255 558
255 334
255 475
255 478
255 507
255 746
255 767
255 381
255 716
256 264
256 407
256 539
256 798
256 414
256 416
256 288
256 564
256 583
256 587
256 722
256 471
256 603
256 294
256 256
256 398
256 428
256 371
256 632
256 501
257 270
257 496
257 644
257 257
257 285
257 727
257 385
257 702
257 766
257 682
257 616
257 591
257 612
257 303
257 676
257 594
257 344
257 749
257 622
257 449
257 332
257 796
257 343
258 386
258 485
258 403
258 551
258 799
258 345
258 681
258 785
258 592
258 274
258 397
258 718
258 626
258 692
258 277
258 388
258 490
258 258
258 311
258 298
258 586
258 533
258 721
258 464
258 300
258 726
259 514
259 666
259 534
259 350
259 741
259 356
259 396
259 752
259 316
259 663
259 755
259 259
259 768
259 707
259 790
259 434
259 740
259 635
259 586
260 799
260 671
260 764
260 683
260 658
260 520
260 355
260 456
260 632
260 353
260 260
260 329
260 502
260 652
260 700
260 462
260 773
260 780
260 563
260 372
261 628
261 416
261 387
261 637
261 261
261 511
261 596
261 348
261 574
261 354
261 680
261 340
261 503
261 733
261 566
261 718
261 585
261 323
261 707
261 763
262 728
262 641
262 646
262 777
262 486
262 627
262 575
262 466
262 739
262 622
262 461
262 327
262 406
262 262
262 779
262 730
262 605
263 519
263 559
263 703
263 523
263 597
263 725
263 701
263 549
263 263
263 767
263 619
263 689
263 493
263 761
263 746
263 371
263 324
263 726
263 306
263 630
264 798
264 587
264 476
264 407
264 471
264 294
264 398
264 264
264 539
264 288
264 583
264 722
264 414
264 784
264 564
264 528
264 628
264 416
264 590
264 603
264 290
264 438
264 495
265 681
265 647
265 776
265 649
265 787
265 300
265 265
265 687
265 699
265 604
265 488
265 349
265 342
265 510
265 789
265 440
265 633
265 358
265 571
265 484
265 417
265 292
266 686
266 525
266 467
266 280
266 620
266 547
266 429
266 745
266 796
266 543
266 794
266 335
266 266
266 588
266 728
266 284
266 708
266 267
267 291
267 274
267 626
267 617
267 770
267 754
267 723
267 458
267 487
267 726
267 759
267 610
267 267
267 581
267 741
267 273
267 528
267 797
267 443
267 704
267 634
267 791
268 769
268 556
268 381
268 363
268 714
268 477
268 615
268 509
268 497
268 373
268 322
268 358
268 268
268 697
268 473
268 684
268 789
268 776
269 351
269 322
269 497
269 521
269 352
269 536
269 655
269 425
269 299
269 442
269 269
269 375
269 793
269 561
269 665
269 308
269 316
269 579
269 586
270 385
270 644
270 344
270 332
270 303
270 616
270 676
270 766
270 285
270 270
270 489
270 682
270 727
270 591
270 496
270 449
270 598
270 594
270 612
270 313
270 655
271 684
271 364
271 544
271 445
271 389
271 392
271 526
271 781
271 667
271 557
271 562
271 428
271 607
271 791
271 674
271 451
271 444
271 271
271 318
271 423
271 593
271 751
272 288
272 611
272 400
272 657
272 402
272 788
272 405
272 479
272 419
272 500
272 287
272 623
272 401
272 434
272 621
272 676
272 535
272 421
272 430
272 580
272 371
272 511
272 746
273 399
273 656
273 346
273 749
273 608
273 672
273 716
273 772
273 341
273 320
273 670
273 601
273 696
273 624
273 273
273 569
273 274
273 662
273 307
274 386
274 388
274 397
274 785
274 692
274 274
274 533
274 403
274 551
274 277
274 464
274 721
274 592
274 681
274 345
274 626
274 465
274 799
274 485
274 490
274 646
275 775
275 786
275 475
275 289
275 411
275 418
275 478
275 558
275 507
275 334
275 581
275 381
275 726
276 698
276 713
276 743
276 673
276 445
276 491
276 715
276 731
276 319
276 584
276 544
276 469
276 276
276 560
276 540
276 339
277 677
277 386
277 388
277 403
277 533
277 397
277 718
277 464
277 277
277 592
277 785
277 551
277 681
277 799
277 490
277 345
277 721
277 485
277 359
277 576
278 598
278 542
278 690
278 720
278 378
278 648
278 321
278 295
278 422
278 298
278 278
278 750
278 302
278 472
278 735
278 682
279 368
279 399
279 645
279 660
279 457
279 582
279 800
279 481
279 305
279 589
279 565
279 409
279 281
279 613
279 736
279 637
279 576
279 369
279 513
280 407
280 642
280 467
280 543
280 465
280 708
280 280
280 753
280 429
280 335
280 525
280 547
280 284
280 796
280 620
280 588
280 414
280 730
280 794
281 722
281 645
281 660
281 281
281 800
281 409
281 582
281 589
281 369
281 305
281 576
281 613
281 323
281 783
282 384
282 635
282 643
282 408
282 669
282 747
282 504
282 282
282 508
282 337
282 441
282 585
282 336
282 746
282 753
282 538
282 439
282 454
282 474
283 772
283 399
283 656
283 662
283 672
283 341
283 601
283 716
283 307
283 569
283 346
283 624
283 608
283 320
283 670
283 749
283 696
283 312
283 664
283 790
284 321
284 456
284 525
284 794
284 796
284 745
284 467
284 708
284 364
284 465
284 284
284 335
284 753
284 620
284 547
284 742
284 592
284 543
284 429
284 588
285 385
285 644
285 332
285 612
285 285
285 727
285 496
285 591
285 344
285 594
285 676
285 616
285 303
285 489
285 682
285 733
285 449
285 766
286 522
286 653
286 659
286 532
286 413
286 301
286 617
286 744
286 537
286 432
286 367
286 374
286 427
286 286
286 711
286 303
286 561
287 711
287 400
287 657
287 402
287 531
287 788
287 405
287 535
287 434
287 419
287 287
287 430
287 401
287 479
287 421
287 608
287 580
287 621
287 500
288 398
288 407
288 539
288 798
288 414
288 416
288 722
288 587
288 294
288 784
288 603
288 288
288 471
288 590
288 476
288 773
288 404
288 564
288 583
288 763
288 600
289 786
289 411
289 507
289 334
289 478
289 418
289 558
289 289
289 327
289 675
289 323
290 518
290 792
290 377
290 330
290 606
290 688
290 438
290 499
290 595
290 706
290 599
290 567
290 290
290 789
290 453
290 368
290 525
290 491
290 425
291 774
291 391
291 654
291 790
291 795
291 326
291 312
291 291
291 304
291 328
291 314
291 717
291 415
291 435
291 447
291 370
291 592
291 426
291 693
291 483
292 727
292 394
292 546
292 758
292 664
292 738
292 292
292 380
292 609
292 296
292 313
292 578
292 600
292 331
292 573
292 694
292 674
292 614
292 431
293 515
293 668
293 628
293 362
293 640
293 756
293 293
293 347
293 512
293 737
293 482
293 728
293 393
293 557
293 724
293 638
293 387
294 784
294 407
294 539
294 798
294 416
294 603
294 476
294 294
294 587
294 398
294 471
294 583
294 414
294 564
294 761
294 780
294 590
294 722
294 361
295 648
295 598
295 422
295 690
295 735
295 295
295 720
295 542
295 378
295 298
295 302
295 321
295 480
295 590
295 788
295 748
295 596
295 758
295 375
296 476
296 649
296 537
296 394
296 664
296 380
296 361
296 296
296 609
296 600
296 694
296 331
296 313
296 758
296 505
296 738
296 397
296 334
296 573
296 463
297 541
297 545
297 675
297 677
297 678
297 552
297 424
297 412
297 468
297 470
297 762
297 577
297 686
297 318
297 695
297 685
297 297
297 324
297 792
297 433
298 648
298 542
298 422
298 720
298 748
298 598
298 302
298 750
298 378
298 321
298 634
298 459
298 690
298 646
298 683
298 401
299 706
299 730
299 796
299 655
299 665
299 679
299 425
299 375
299 579
299 536
299 299
299 442
299 521
299 725
299 561
299 586
299 352
300 647
300 776
300 787
300 789
300 484
300 342
300 349
300 604
300 488
300 300
300 649
300 633
300 510
300 699
300 515
300 687
300 440
300 571
300 683
301 397
301 464
301 476
301 519
301 653
301 659
301 532
301 537
301 413
301 427
301 376
301 374
301 301
301 367
301 571
301 495
301 432
301 713
301 680
302 648
302 542
302 422
302 598
302 750
302 321
302 720
302 690
302 748
302 735
302 462
302 730
302 784
302 682
303 682
303 489
303 702
303 449
303 496
303 616
303 591
303 594
303 766
303 644
303 612
303 727
303 676
303 332
303 303
303 546
303 672
304 774
304 391
304 790
304 795
304 415
304 426
304 435
304 328
304 304
304 654
304 312
304 447
304 494
304 717
304 483
304 314
304 567
304 582
304 515
304 693
304 326
304 670
305 341
305 645
305 660
305 409
305 800
305 736
305 565
305 613
305 369
305 457
305 481
305 305
305 575
305 335
305 576
305 582
305 589
305 462
305 430
305 574
306 465
306 523
306 549
306 689
306 597
306 559
306 306
306 761
306 725
306 701
306 746
306 703
306 767
306 797
306 491
306 493
306 630
307 399
307 656
307 670
307 601
307 672
307 662
307 320
307 608
307 307
307 624
307 569
307 772
307 346
307 699
307 557
307 731
307 716
307 341
307 749
307 725
308 693
308 661
308 555
308 684
308 691
308 436
308 309
308 310
308 705
308 351
308 417
308 472
308 614
308 333
308 323
308 489
308 452
308 609
309 661
309 417
309 555
309 684
309 691
309 436
309 472
309 705
309 506
309 614
309 333
309 452
309 310
309 571
309 323
309 351
309 770
310 779
310 661
310 417
310 555
310 691
310 436
310 614
310 684
310 472
310 351
310 596
310 323
310 333
310 506
311 412
311 545
311 677
311 678
311 424
311 685
311 686
311 433
311 695
311 762
311 765
311 541
311 318
311 577
311 311
311 552
311 725
311 468
311 470
311 637
312 774
312 654
312 790
312 795
312 415
312 435
312 693
312 483
312 447
312 370
312 314
312 426
312 328
312 391
312 326
312 494
312 640
312 637
312 746
312 717
312 531
313 693
313 733
313 664
313 546
313 694
313 394
313 431
313 331
313 380
313 578
313 463
313 600
313 609
313 573
313 361
313 446
313 477
313 738
313 758
314 391
314 654
314 790
314 415
314 426
314 435
314 693
314 370
314 326
314 494
314 795
314 328
314 314
314 774
314 700
314 446
314 447
314 717
314 483
314 393
314 535
315 611
315 800
315 701
315 513
315 650
315 420
315 498
315 317
315 742
315 343
315 778
315 382
315 729
315 361
315 383
316 514
316 390
316 396
316 663
316 755
316 618
316 534
316 752
316 316
316 666
316 741
316 740
316 584
316 641
316 350
317 778
317 395
317 650
317 420
317 383
317 513
317 729
317 498
317 317
317 382
317 509
317 585
317 338
317 324
317 343
317 742
318 482
318 412
318 541
318 545
318 675
318 552
318 685
318 686
318 433
318 318
318 695
318 765
318 424
318 577
318 677
318 678
318 470
318 462
318 400
318 468
318 645
319 686
319 721
319 550
319 723
319 540
319 544
319 698
319 445
319 715
319 673
319 584
319 319
319 469
319 491
319 713
319 568
319 782
319 731
319 743
320 328
320 727
320 399
320 656
320 662
320 672
320 341
320 696
320 624
320 670
320 320
320 346
320 749
320 601
320 716
320 608
321 648
321 542
321 422
321 690
321 378
321 748
321 750
321 720
321 735
321 703
321 598
321 722
321 716
322 769
322 495
322 322
322 358
322 381
322 556
322 509
322 477
322 714
322 497
322 715
322 615
322 363
322 373
322 751
323 661
323 417
323 555
323 684
323 705
323 614
323 333
323 691
323 472
323 351
323 452
323 710
323 784
323 506
324 533
324 513
324 778
324 395
324 650
324 420
324 729
324 343
324 383
324 498
324 697
324 382
325 362
325 757
325 539
325 642
325 651
325 527
325 529
325 548
325 448
325 450
325 325
325 501
325 734
325 455
325 393
325 338
325 612
325 467
325 639
325 669
326 774
326 391
326 654
326 415
326 426
326 435
326 447
326 494
326 483
326 693
326 790
326 326
326 328
326 370
326 717
326 736
326 781
327 426
327 641
327 646
327 777
327 406
327 575
327 730
327 605
327 611
327 622
327 486
327 466
327 327
327 772
327 461
327 586
328 774
328 790
328 795
328 415
328 426
328 435
328 693
328 328
328 391
328 370
328 447
328 494
328 710
328 488
328 586
329 345
329 344
329 773
329 520
329 780
329 658
329 700
329 456
329 632
329 563
329 671
329 683
329 372
329 764
329 652
329 695
329 654
329 717
329 355
329 502
330 518
330 792
330 438
330 706
330 453
330 606
330 499
330 330
330 599
330 595
330 377
330 567
330 643
330 496
330 428
330 778
330 382
331 664
331 546
331 431
331 578
331 573
331 609
331 380
331 331
331 505
331 394
331 758
331 361
331 463
331 540
331 401
331 636
331 600
331 738
332 494
332 385
332 644
332 682
332 702
332 612
332 489
332 594
332 616
332 591
332 496
332 449
332 344
332 727
332 657
332 477
332 766
332 601
333 417
333 555
333 684
333 705
333 614
333 472
333 452
333 351
333 661
333 506
333 578
333 704
334 775
334 411
334 418
334 475
334 478
334 507
334 558
334 334
334 401
335 525
335 794
335 796
335 543
335 547
335 429
335 708
335 588
335 753
335 620
335 465
335 467
335 335
335 515
335 745
335 364
335 582
336 388
336 786
336 480
336 697
336 408
336 538
336 669
336 439
336 441
336 454
336 504
336 643
336 747
336 508
337 762
337 785
337 643
337 538
337 669
337 454
337 441
337 508
337 585
337 408
337 747
337 337
337 717
337 474
338 642
338 517
338 651
338 527
338 529
338 548
338 448
338 450
338 459
338 338
338 393
338 501
338 455
338 571
338 597
338 732
338 492
338 639
338 528
338 621
339 544
339 673
339 445
339 709
339 584
339 713
339 715
339 743
339 469
339 540
339 339
339 698
339 359
339 507
339 731
339 741
340 445
340 387
340 680
340 566
340 707
340 760
340 503
340 733
340 763
340 596
340 340
340 724
340 638
340 580
340 354
340 637
341 772
341 656
341 696
341 569
341 716
341 341
341 601
341 672
341 670
341 749
341 624
341 346
341 399
341 527
341 729
341 763
341 521
342 735
342 647
342 776
342 649
342 787
342 687
342 440
342 571
342 699
342 342
342 510
342 633
342 349
342 488
342 654
342 745
342 604
342 484
342 734
342 702
342 549
343 788
343 778
343 650
343 420
343 742
343 395
343 513
343 343
343 664
343 728
343 498
343 383
344 385
344 644
344 682
344 702
344 449
344 591
344 727
344 676
344 612
344 616
344 766
344 344
344 737
344 514
344 419
345 403
345 533
345 799
345 692
345 718
345 592
345 464
345 681
345 345
345 551
345 386
345 785
345 626
345 388
345 772
345 485
345 490
345 349
346 418
346 772
346 399
346 656
346 662
346 670
346 672
346 696
346 569
346 716
346 608
346 576
346 676
346 624
347 640
347 668
347 724
347 628
347 482
347 362
347 728
347 638
347 737
347 512
347 756
347 705
347 625
347 447
348 387
348 566
348 707
348 763
348 733
348 354
348 574
348 680
348 760
348 637
348 511
348 596
348 423
348 503
349 647
349 776
349 649
349 789
349 687
349 440
349 699
349 604
349 510
349 787
349 488
349 633
349 571
349 672
349 431
349 400
349 767
350 514
350 390
350 396
350 534
350 663
350 666
350 741
350 740
350 752
350 768
350 635
350 755
350 356
350 467
350 786
351 355
351 555
351 684
351 436
351 452
351 472
351 661
351 417
351 691
351 351
351 598
351 657
351 506
351 431
351 521
352 435
352 775
352 462
352 521
352 655
352 793
352 425
352 442
352 586
352 579
352 375
352 679
352 513
352 385
353 512
353 567
353 773
353 520
353 652
353 780
353 658
353 671
353 683
353 563
353 700
353 456
353 632
353 461
353 549
353 355
353 502
353 764
353 503
354 614
354 387
354 680
354 574
354 707
354 596
354 733
354 511
354 566
354 760
354 753
354 514
354 767
355 688
355 489
355 773
355 652
355 671
355 563
355 502
355 780
355 372
355 520
355 700
355 410
355 728
356 765
356 450
356 514
356 390
356 396
356 534
356 666
356 740
356 741
356 755
356 768
356 663
356 618
356 635
356 458
356 473
356 703
357 516
357 550
357 572
357 570
357 711
357 460
357 357
357 365
357 480
357 524
357 631
357 779
357 771
357 366
357 642
357 407
357 697
357 705
358 670
358 605
358 684
358 691
358 769
358 697
358 714
358 477
358 495
358 381
358 473
358 799
358 762
358 497
358 373
359 427
359 779
359 540
359 544
359 673
359 698
359 445
359 715
359 469
359 713
359 709
359 491
359 515
359 505
360 530
360 404
360 410
360 553
360 554
360 560
360 437
360 568
360 719
360 710
360 629
360 379
360 757
360 625
360 537
360 384
360 401
361 717
361 531
361 707
361 446
361 701
361 394
361 664
361 546
361 694
361 578
361 600
361 505
361 463
361 380
362 515
362 640
362 724
362 728
362 482
362 362
362 512
362 756
362 737
362 676
362 614
362 628
362 638
363 769
363 556
363 697
363 714
363 615
363 509
363 381
363 473
363 477
363 495
363 497
363 373
363 363
363 431
363 486
364 525
364 794
364 796
364 543
364 547
364 429
364 708
364 588
364 467
364 465
364 753
364 745
364 364
364 619
365 771
365 779
365 524
365 550
365 572
365 570
365 712
365 460
365 602
365 711
365 480
365 631
365 544
366 640
366 771
366 516
366 550
366 572
366 570
366 712
366 460
366 779
366 602
366 524
366 711
366 581
366 743
366 708
366 747
366 561
367 668
367 397
367 519
367 522
367 653
367 659
367 537
367 427
367 432
367 744
367 617
367 376
367 374
367 413
367 502
367 697
367 768
367 621
367 733
368 410
368 587
368 518
368 792
368 706
368 453
368 595
368 599
368 606
368 377
368 438
368 499
368 567
368 604
369 645
369 409
369 800
369 565
369 582
369 457
369 481
369 613
369 462
369 736
369 660
369 778
369 470
369 752
369 511
370 774
370 391
370 654
370 790
370 795
370 426
370 435
370 693
370 447
370 717
370 483
370 370
370 536
370 710
370 439
371 400
371 657
371 402
371 788
371 405
371 535
371 421
371 623
371 419
371 580
371 371
371 531
371 430
371 479
371 500
371 401
371 744
371 517
372 648
372 532
372 773
372 520
372 652
372 780
372 658
372 671
372 683
372 563
372 456
372 632
372 719
372 764
372 467
373 603
373 595
373 769
373 556
373 697
373 714
373 615
373 495
373 497
373 381
373 509
373 477
373 793
373 541
374 519
374 522
374 653
374 659
374 532
374 427
374 432
374 617
374 413
374 537
374 374
374 581
374 465
374 441
374 526
375 414
375 687
375 786
375 671
375 619
375 655
375 536
375 665
375 793
375 561
375 442
375 579
375 700
376 519
376 522
376 653
376 659
376 532
376 537
376 413
376 744
376 617
376 432
377 518
377 792
377 438
377 706
377 453
377 595
377 606
377 499
377 567
377 599
377 425
377 728
377 558
377 768
378 433
378 648
378 542
378 422
378 690
378 720
378 598
378 748
378 750
378 735
378 652
378 447
378 457
379 783
379 530
379 404
379 410
379 553
379 554
379 560
379 437
379 568
379 719
379 757
379 629
379 710
379 682
379 430
379 384
379 624
379 486
379 620
380 394
380 664
380 546
380 431
380 694
380 573
380 463
380 600
380 505
380 609
380 738
380 380
380 535
380 428
381 599
381 769
381 556
381 697
381 473
381 477
381 615
381 509
381 495
381 497
382 391
382 656
382 726
382 509
382 513
382 778
382 395
382 498
382 650
382 420
382 736
382 383
383 513
383 778
383 395
383 650
383 420
383 498
383 729
383 501
383 604
383 715
384 783
384 530
384 404
384 410
384 553
384 437
384 568
384 710
384 719
384 625
384 757
384 560
384 629
384 736
384 744
384 723
384 769
385 727
385 591
385 766
385 644
385 612
385 682
385 676
385 594
385 449
385 702
385 489
385 385
385 459
385 616
385 452
385 402
386 464
386 551
386 718
386 626
386 533
386 403
386 490
386 799
386 397
386 692
386 388
386 721
386 592
386 485
386 386
386 702
386 415
386 785
386 681
387 733
387 596
387 387
387 511
387 707
387 503
387 637
387 680
387 566
387 574
387 699
387 769
388 785
388 592
388 718
388 692
388 551
388 799
388 490
388 464
388 388
388 533
388 403
388 626
388 681
388 721
388 485
388 443
388 731
389 781
389 751
389 667
389 562
389 423
389 791
389 428
389 526
389 392
389 674
389 593
389 557
389 389
389 451
389 444
389 534
389 607
390 514
390 755
390 740
390 618
390 741
390 635
390 752
390 534
390 390
390 663
390 396
390 666
390 627
391 756
391 774
391 494
391 435
391 415
391 790
391 426
391 717
391 391
391 483
391 795
391 693
391 713
391 788
391 654
391 447
391 711
391 769
392 711
392 607
392 593
392 557
392 392
392 444
392 674
392 428
392 667
392 791
392 781
392 756
392 729
392 423
392 562
392 451
393 642
393 517
393 529
393 455
393 492
393 501
393 734
393 393
393 639
393 732
393 459
393 448
393 548
393 527
393 424
393 406
393 651
394 678
394 642
394 609
394 664
394 573
394 600
394 758
394 394
394 431
394 578
394 738
394 422
394 660
394 485
394 546
394 505
395 545
395 460
395 585
395 513
395 650
395 778
395 420
395 498
395 395
395 605
395 406
395 742
396 506
396 740
396 534
396 666
396 635
396 752
396 768
396 741
396 663
396 800
396 693
396 581
396 618
397 718
397 533
397 626
397 592
397 464
397 485
397 403
397 681
397 490
397 397
397 721
397 799
397 692
397 785
397 551
397 473
398 414
398 471
398 587
398 722
398 539
398 476
398 416
398 603
398 398
398 798
398 407
398 590
398 784
398 583
398 570
398 782
398 510
399 737
399 529
399 696
399 399
399 656
399 662
399 672
399 608
399 624
399 749
399 601
399 719
399 569
400 615
400 430
400 621
400 479
400 580
400 421
400 623
400 401
400 402
400 419
400 657
400 400
400 535
400 788
400 644
400 405
400 505
401 657
401 402
401 531
401 788
401 479
401 419
401 405
401 580
401 621
401 401
401 430
401 535
401 623
401 421
401 434
402 510
402 430
402 788
402 535
402 580
402 500
402 405
402 479
402 402
402 434
402 621
402 759
402 419
402 421
402 623
403 785
403 533
403 490
403 718
403 799
403 592
403 681
403 721
403 692
403 485
403 403
403 551
403 723
403 623
403 464
403 698
404 783
404 530
404 625
404 710
404 560
404 629
404 757
404 568
404 437
404 719
404 404
404 611
404 476
404 553
404 554
404 712
405 590
405 657
405 788
405 479
405 500
405 421
405 621
405 580
405 623
405 405
405 531
405 430
405 764
405 582
405 535
405 419
405 434
406 777
406 605
406 627
406 486
406 461
406 730
406 611
406 406
406 708
406 575
407 724
407 598
407 784
407 407
407 590
407 583
407 564
407 414
407 471
407 603
407 587
407 539
407 644
407 468
407 798
407 722
407 527
407 580
408 411
408 615
408 643
408 747
408 669
408 408
408 439
408 504
408 474
408 454
408 446
408 769
408 505
408 538
408 441
408 585
408 451
409 660
409 645
409 457
409 613
409 481
409 409
409 800
409 565
409 462
409 706
409 539
409 446
409 576
409 736
409 474
409 593
410 783
410 530
410 553
410 410
410 710
410 560
410 757
410 719
410 625
410 568
410 554
410 563
410 437
410 629
410 649
410 413
411 775
411 786
411 478
411 507
411 418
411 411
411 475
411 737
412 577
412 762
412 765
412 545
412 424
412 470
412 678
412 552
412 686
412 468
412 685
412 677
412 433
412 675
412 695
412 509
412 724
412 729
412 541
413 649
413 519
413 522
413 653
413 659
413 532
413 537
413 427
413 617
413 432
413 718
413 601
413 744
414 784
414 539
414 798
414 416
414 603
414 414
414 590
414 583
414 476
414 722
414 587
414 676
414 564
415 774
415 790
415 795
415 483
415 494
415 717
415 426
415 435
415 693
415 447
415 415
415 510
415 575
416 784
416 539
416 798
416 476
416 583
416 564
416 603
416 471
416 416
416 722
416 590
416 643
416 587
416 716
417 661
417 684
417 705
417 436
417 555
417 417
417 691
417 506
417 660
417 614
418 482
418 681
418 775
418 786
418 475
418 507
418 418
418 548
418 704
418 558
418 478
419 657
419 531
419 535
419 430
419 788
419 500
419 623
419 580
419 479
419 421
419 434
419 621
420 635
420 657
420 788
420 607
420 778
420 650
420 729
420 498
420 513
420 742
420 460
420 541
420 642
421 657
421 788
421 535
421 500
421 479
421 434
421 430
421 421
421 531
421 759
422 648
422 542
422 690
422 748
422 720
422 735
422 598
422 422
422 707
422 500
422 433
423 780
423 526
423 781
423 791
423 667
423 674
423 451
423 607
423 444
423 751
423 562
423 557
423 593
423 650
423 447
423 428
424 541
424 545
424 675
424 677
424 678
424 552
424 424
424 685
424 468
424 577
424 695
424 470
424 762
424 451
424 772
424 433
424 765
424 520
425 685
425 519
425 546
425 521
425 655
425 536
425 665
425 793
425 679
425 442
425 586
425 636
425 425
425 735
425 561
425 579
426 774
426 654
426 790
426 795
426 494
426 435
426 447
426 693
426 426
426 776
426 705
426 717
426 483
427 522
427 532
427 537
427 659
427 653
427 617
427 432
427 586
427 773
427 661
428 648
428 658
428 526
428 781
428 667
428 674
428 593
428 751
428 451
428 791
428 444
428 557
428 607
429 798
429 605
429 525
429 794
429 796
429 543
429 547
429 588
429 620
429 753
429 465
429 467
429 654
429 691
429 661
429 708
429 745
430 471
430 484
430 657
430 531
430 788
430 623
430 621
430 430
430 479
430 715
430 787
430 434
430 500
431 511
431 578
431 694
431 573
431 546
431 431
431 463
431 664
431 738
431 750
431 472
431 505
432 519
432 522
432 653
432 532
432 537
432 744
432 659
432 666
432 493
432 617
433 541
433 545
433 675
433 678
433 552
433 686
433 470
433 677
433 433
433 577
433 765
433 695
433 762
433 506
433 632
433 468
433 597
434 705
434 531
434 788
434 535
434 580
434 623
434 621
434 479
434 657
435 774
435 654
435 790
435 483
435 494
435 447
435 693
435 717
436 555
436 691
436 661
436 436
436 705
436 472
436 684
436 614
436 553
436 702
436 452
437 783
437 530
437 553
437 554
437 560
437 629
437 710
437 757
437 625
437 437
437 789
437 758
437 568
438 518
438 792
438 688
438 595
438 706
438 453
438 599
438 438
438 687
438 567
438 606
438 604
438 666
439 459
439 644
439 608
439 555
439 643
439 538
439 669
439 508
439 446
439 439
439 504
439 652
439 441
439 454
439 585
439 474
439 747
439 761
440 647
440 649
440 787
440 789
440 687
440 633
440 440
440 510
440 699
440 776
440 484
440 488
440 725
440 764
440 571
440 604
440 507
440 744
440 635
441 643
441 669
441 504
441 441
441 747
441 585
441 508
441 454
441 517
441 446
441 474
442 539
442 651
442 521
442 655
442 793
442 636
442 561
442 586
442 536
442 680
442 465
442 579
443 798
443 548
443 644
443 770
443 797
443 528
443 704
443 723
443 634
443 458
443 487
443 726
443 754
443 759
443 685
443 496
443 581
443 610
443 600
444 526
444 791
444 674
444 557
444 562
444 667
444 593
444 451
444 751
444 607
444 671
444 686
445 617
445 673
445 698
445 491
445 445
445 743
445 713
445 584
445 715
445 784
445 709
445 469
446 569
446 602
446 538
446 669
446 508
446 474
446 504
446 454
446 643
446 665
446 585
447 774
447 654
447 790
447 795
447 693
447 483
447 494
447 447
447 717
447 568
447 525
448 677
448 629
448 642
448 651
448 529
448 548
448 734
448 517
448 501
448 492
448 448
448 459
448 639
448 450
448 632
448 609
448 676
449 644
449 676
449 616
449 449
449 594
449 496
449 612
449 591
449 489
449 727
449 702
449 621
449 632
450 642
450 517
450 651
450 527
450 529
450 548
450 732
450 501
450 492
450 455
450 450
450 459
450 734
450 616
450 499
450 467
450 474
451 781
451 667
451 674
451 562
451 557
451 751
451 593
451 698
451 689
452 784
452 555
452 691
452 452
452 661
452 705
452 506
452 614
452 673
453 518
453 792
453 688
453 567
453 453
453 499
453 606
453 595
453 696
453 484
453 493
454 631
454 643
454 538
454 669
454 474
454 585
454 508
454 747
454 623
454 533
455 494
455 642
455 517
455 527
455 529
455 501
455 734
455 639
455 732
455 548
455 492
455 459
455 455
455 714
455 764
455 755
455 709
456 773
456 520
456 652
456 780
456 658
456 683
456 700
456 563
456 502
456 764
456 671
456 726
456 709
456 584
457 645
457 800
457 565
457 582
457 462
457 457
457 481
457 613
457 601
457 505
457 782
457 589
457 736
458 520
458 770
458 528
458 797
458 759
458 634
458 610
458 723
458 487
458 581
458 458
458 639
458 754
458 584
458 694
458 521
459 517
459 651
459 527
459 529
459 548
459 734
459 492
459 639
459 732
459 459
459 793
459 501
459 704
460 771
460 779
460 572
460 711
460 550
460 460
460 631
460 524
460 712
460 570
460 516
460 685
460 602
461 641
461 646
461 777
461 575
461 622
461 611
461 627
461 739
461 605
461 486
461 730
461 472
461 623
461 593
462 748
462 565
462 576
462 589
462 736
462 660
462 462
462 613
462 790
462 680
463 753
463 546
463 694
463 573
463 600
463 505
463 664
463 463
463 738
463 609
463 758
463 524
463 611
463 657
463 778
464 785
464 533
464 799
464 692
464 592
464 721
464 490
464 551
464 626
464 464
464 500
464 601
464 485
465 625
465 525
465 794
465 796
465 543
465 547
465 588
465 745
465 620
465 465
465 708
465 768
466 641
466 646
466 777
466 575
466 605
466 466
466 486
466 730
466 622
466 739
466 609
466 580
466 611
466 679
467 676
467 575
467 525
467 796
467 708
467 547
467 794
467 588
467 620
467 709
467 747
467 526
468 541
468 545
468 675
468 677
468 685
468 686
468 577
468 552
468 762
468 468
468 695
468 758
468 470
468 503
469 540
469 673
469 709
469 584
469 715
469 713
469 544
469 731
469 698
469 743
469 491
469 635
469 671
470 545
470 677
470 678
470 552
470 685
470 686
470 695
470 577
470 762
470 675
470 497
470 722
471 784
471 798
471 583
471 587
471 590
471 722
471 564
471 476
472 690
472 661
472 555
472 684
472 691
472 705
472 609
472 614
472 506
473 483
473 556
473 714
473 697
473 615
473 495
473 497
473 477
473 473
473 509
474 643
474 538
474 669
474 747
474 504
474 508
474 564
475 775
475 786
475 558
475 507
475 475
475 672
475 723
475 731
476 577
476 490
476 784
476 539
476 798
476 564
476 583
476 587
476 722
476 476
476 575
477 638
477 769
477 556
477 697
477 509
477 497
477 495
477 477
477 502
478 775
478 786
478 558
478 507
478 478
478 733
478 735
478 674
479 790
479 731
479 657
479 531
479 535
479 479
479 580
479 788
479 525
480 748
480 771
480 516
480 779
480 524
480 550
480 572
480 711
480 712
480 602
480 631
480 691
480 596
480 761
481 645
481 660
481 800
481 565
481 576
481 589
481 736
481 481
481 613
481 506
481 537
481 523
482 515
482 640
482 668
482 728
482 638
482 737
482 628
482 512
482 482
482 756
482 483
482 602
483 654
483 790
483 795
483 693
483 717
483 774
483 483
483 766
483 749
484 690
484 647
484 776
484 649
484 787
484 789
484 687
484 699
484 604
484 571
484 488
484 510
484 623
484 633
484 700
484 634
484 557
485 785
485 533
485 799
485 681
485 692
485 718
485 592
485 721
485 490
485 551
485 648
485 658
485 554
485 626
485 630
486 641
486 777
486 730
486 605
486 622
486 627
486 575
486 611
486 646
486 486
486 740
487 770
487 528
487 797
487 704
487 726
487 610
487 754
487 723
487 487
487 710
487 509
488 647
488 776
488 649
488 687
488 571
488 604
488 510
488 699
488 787
488 488
489 644
489 676
489 702
489 594
489 616
489 489
489 766
489 496
489 682
489 591
489 727
489 500
489 697
490 785
490 533
490 799
490 551
490 681
490 692
490 490
490 718
490 628
490 543
490 626
491 540
491 544
491 673
491 709
491 584
491 731
491 743
491 698
491 491
491 692
491 578
492 642
492 517
492 651
492 529
492 548
492 732
492 734
492 639
492 492
492 527
492 783
493 576
493 782
493 549
493 559
493 689
493 703
493 619
493 597
493 686
493 659
493 630
493 767
494 774
494 654
494 790
494 795
494 693
494 717
494 494
494 547
495 757
495 753
495 556
495 697
495 615
495 509
495 769
495 611
495 665
496 644
496 676
496 682
496 702
496 591
496 594
496 612
496 616
496 496
496 766
497 551
497 769
497 556
497 714
497 729
498 513
498 778
498 650
498 742
498 757
498 758
499 518
499 567
499 706
499 595
499 606
499 792
499 688
499 630
500 531
500 535
500 621
500 500
500 580
500 595
500 624
500 692
501 642
501 651
501 529
501 527
501 501
501 734
501 548
501 789
501 639
501 581
502 773
502 520
502 652
502 658
502 671
502 683
502 563
502 780
502 632
502 750
502 752
502 764
503 734
503 680
503 574
503 760
503 503
503 596
503 511
503 763
503 717
503 637
504 623
504 538
504 669
504 747
504 504
504 643
504 585
504 578
504 746
505 546
505 573
505 578
505 600
505 664
505 694
506 681
506 612
506 661
506 691
506 555
506 684
506 706
506 597
507 774
507 775
507 558
507 786
507 616
507 683
507 636
508 571
508 643
508 538
508 669
508 747
508 585
508 740
509 769
509 556
509 697
509 714
509 615
509 754
510 647
510 776
510 649
510 789
510 687
510 571
510 699
510 633
510 670
511 552
511 599
511 680
511 566
511 574
511 596
511 760
511 763
512 515
512 640
512 668
512 728
512 737
512 628
512 512
512 605
513 572
513 746
513 778
513 513
513 650
513 742
513 729
513 769
514 666
514 752
514 618
514 635
514 740
514 755
514 514
514 741
514 534
514 566
514 663
514 768
515 724
515 728
515 640
515 628
515 515
515 756
515 737
515 784
515 603
515 677
515 668
515 638
515 641
515 627
516 688
516 771
516 550
516 711
516 570
516 516
516 779
516 712
516 631
516 524
516 526
516 575
516 572
516 602
516 538
516 573
517 642
517 734
517 529
517 548
517 517
517 527
517 732
517 651
517 639
517 532
518 599
518 518
518 688
518 567
518 606
518 595
518 577
518 739
518 573
518 713
519 532
519 519
519 522
519 617
519 659
519 537
519 653
519 744
519 552
520 773
520 700
520 632
520 780
520 520
520 683
520 652
520 658
520 563
520 764
520 576
521 521
521 561
521 579
521 655
521 665
521 679
521 636
521 793
521 536
521 586
522 633
522 522
522 653
522 744
522 537
522 617
522 713
522 659
522 532
522 581
522 566
522 643
523 782
523 761
523 559
523 523
523 549
523 746
523 619
523 703
523 630
523 701
523 751
523 671
523 689
523 725
523 597
523 767
524 779
524 712
524 570
524 711
524 524
524 771
524 631
524 602
524 561
524 550
524 572
524 555
524 588
525 604
525 547
525 796
525 708
525 543
525 794
525 525
525 588
525 753
525 726
525 620
526 770
526 751
526 667
526 562
526 526
526 674
526 557
526 781
526 791
526 607
527 642
527 651
527 529
527 734
527 639
527 527
527 732
528 770
528 754
528 797
528 610
528 581
528 723
528 634
528 726
528 680
528 704
528 759
529 625
529 688
529 642
529 651
529 732
529 548
529 639
529 766
529 707
529 734
530 783
530 553
530 560
530 629
530 710
530 757
530 554
530 625
530 719
530 530
531 605
531 657
531 580
531 788
531 535
531 531
531 621
531 623
531 658
531 664
532 659
532 617
532 532
532 653
532 744
532 575
532 537
533 592
533 718
533 681
533 785
533 626
533 551
533 692
533 745
533 797
533 721
533 655
534 663
534 618
534 666
534 635
534 752
534 741
534 755
534 534
534 596
534 740
535 647
535 657
535 788
535 623
535 535
535 793
535 580
535 621
536 644
536 655
536 536
536 793
536 679
536 561
536 586
536 665
536 661
536 636
537 653
537 659
537 617
537 744
537 579
537 574
537 660
538 647
538 643
538 585
538 538
538 547
538 669
538 747
539 784
539 539
539 587
539 722
539 583
539 603
539 564
539 798
539 590
539 789
539 734
539 759
539 666
540 713
540 709
540 698
540 540
540 715
540 584
540 731
540 599
540 736
540 544
541 577
541 677
541 678
541 685
541 762
541 686
541 541
541 695
541 552
541 545
541 640
541 621
541 713
541 675
541 765
541 772
541 657
542 542
542 748
542 735
542 648
542 720
542 690
542 779
542 598
542 750
542 694
543 590
543 652
543 794
543 796
543 588
543 745
543 753
543 708
543 547
543 750
543 704
544 544
544 731
544 715
544 743
544 673
544 584
544 713
544 698
544 709
545 685
545 675
545 577
545 677
545 686
545 552
545 762
545 695
545 734
545 678
545 765
545 702
546 664
546 738
546 600
546 573
546 758
546 546
546 609
546 578
546 781
547 699
547 796
547 620
547 547
547 745
547 794
547 588
547 708
547 733
548 642
548 651
548 734
548 732
548 548
548 639
548 600
549 555
549 782
549 630
549 767
549 746
549 619
549 761
549 701
549 703
549 559
549 689
549 725
549 597
550 627
550 779
550 550
550 712
550 711
550 771
550 570
550 572
550 775
550 682
550 602
550 613
551 693
551 785
551 681
551 721
551 551
551 718
551 692
551 782
551 592
551 626
551 794
551 768
552 675
552 677
552 678
552 765
552 552
552 685
552 695
552 686
552 726
552 577
552 764
552 643
553 783
553 629
553 553
553 568
553 554
553 719
553 710
553 625
553 560
553 796
553 713
553 757
554 719
554 757
554 625
554 783
554 710
554 560
554 554
554 568
554 629
555 592
555 661
555 691
555 705
555 684
556 563
556 769
556 697
556 556
556 566
556 641
556 698
556 615
556 665
557 667
557 674
557 781
557 751
557 562
557 566
558 786
558 775
558 558
559 629
559 782
559 761
559 597
559 703
559 767
559 725
559 619
559 689
559 701
559 559
559 683
560 783
560 719
560 625
560 710
560 568
560 629
560 757
560 636
560 699
560 656
560 565
560 694
561 665
561 679
561 636
561 586
561 655
561 561
562 748
562 754
562 781
562 791
562 667
562 674
562 593
562 641
562 589
562 747
562 607
562 751
563 773
563 780
563 671
563 683
563 652
563 632
563 700
563 764
563 593
564 798
564 784
564 564
564 590
564 722
564 583
564 587
564 603
564 642
564 591
564 602
565 695
565 645
565 660
565 800
565 576
565 565
565 589
565 736
565 615
565 715
565 582
565 613
566 680
566 566
566 707
566 574
566 596
566 733
566 623
566 760
566 763
566 637
567 792
567 688
567 595
567 706
567 599
567 567
567 701
567 606
567 745
567 707
567 679
568 783
568 719
568 625
568 568
568 629
568 640
568 735
568 710
568 757
569 656
569 662
569 670
569 672
569 696
569 624
569 772
569 716
569 569
569 749
569 601
569 585
570 771
570 779
570 570
570 712
570 572
570 711
570 677
570 695
570 602
571 647
571 787
571 789
571 687
571 699
571 633
571 571
571 649
571 604
571 750
572 771
572 711
572 712
572 779
572 631
572 707
572 705
572 602
573 664
573 758
573 578
573 738
573 573
573 609
573 590
573 733
573 600
574 680
574 596
574 760
574 707
574 637
574 733
574 727
575 641
575 646
575 777
575 730
575 622
575 605
575 739
576 700
576 645
576 800
576 582
576 736
576 613
577 675
577 677
577 678
577 685
577 686
577 695
577 577
577 765
577 634
578 714
578 664
578 694
578 758
578 578
578 600
578 738
579 655
579 793
579 679
579 579
579 636
579 586
579 715
579 682
580 657
580 788
580 580
580 623
580 621
581 770
581 704
581 723
581 581
581 634
581 726
581 610
581 754
582 591
582 645
582 660
582 800
582 589
582 582
582 613
582 689
583 784
583 798
583 603
583 587
583 722
583 590
584 673
584 698
584 709
584 715
584 731
584 713
584 743
585 686
585 753
585 643
585 669
585 585
585 610
585 718
585 747
586 655
586 679
586 636
586 793
586 665
587 784
587 603
587 590
587 619
587 722
587 609
588 794
588 796
588 588
588 745
588 753
589 677
589 645
589 660
589 613
589 800
589 736
589 794
589 689
590 784
590 798
590 590
590 722
590 603
590 791
591 644
591 676
591 702
591 682
591 594
591 766
591 591
591 727
591 653
591 704
592 785
592 681
592 692
592 718
592 721
592 626
592 799
592 758
593 781
593 791
593 667
593 674
593 607
594 644
594 676
594 682
594 702
594 727
594 766
594 616
594 684
594 726
594 747
595 688
595 599
595 606
595 595
595 679
595 735
596 680
596 707
596 733
596 760
596 763
596 726
597 782
597 701
597 703
597 689
597 597
597 619
597 761
597 746
597 767
598 690
598 735
598 748
598 648
598 750
598 737
599 792
599 688
599 599
599 706
599 776
600 664
600 694
600 758
600 738
600 701
601 772
601 656
601 662
601 670
601 696
601 716
601 601
601 684
601 721
601 608
601 749
601 624
602 771
602 779
602 712
602 602
602 711
602 631
603 784
603 722
603 603
603 768
604 776
604 649
604 787
604 789
604 687
604 647
604 633
604 741
604 669
605 641
605 646
605 777
605 730
605 605
605 611
605 739
605 622
605 627
606 792
606 688
606 706
606 606
606 636
607 672
607 781
607 667
607 607
607 674
607 791
608 772
608 656
608 670
608 672
608 696
608 608
608 749
608 662
608 716
608 624
609 664
609 694
609 758
609 738
609 609
610 797
610 704
610 723
610 726
610 754
610 759
610 685
610 634
611 641
611 646
611 777
611 730
611 739
611 622
611 679
611 627
612 750
612 644
612 676
612 682
612 702
612 727
612 766
612 616
612 707
612 725
613 660
613 800
613 613
613 736
613 623
614 661
614 691
614 705
615 769
615 714
615 615
615 697
615 656
616 682
616 727
616 644
616 676
616 694
616 773
617 653
617 659
617 744
617 617
617 646
618 663
618 740
618 666
618 752
618 635
618 710
618 768
618 729
619 668
619 696
619 782
619 701
619 761
619 703
619 689
619 630
620 735
620 794
620 796
620 745
620 753
620 751
620 763
621 766
621 657
621 621
621 712
622 641
622 730
622 739
622 627
622 777
622 767
623 653
623 657
623 788
624 772
624 656
624 662
624 670
624 696
624 716
624 672
624 624
625 783
625 719
625 629
625 780
625 665
626 785
626 799
626 681
626 692
626 718
626 721
626 626
627 641
627 646
627 777
627 739
627 627
627 730
627 637
627 738
628 640
628 668
628 724
628 728
628 756
628 737
628 638
628 688
628 732
628 793
629 783
629 710
629 719
629 629
629 757
629 696
630 701
630 725
630 746
630 767
630 630
630 782
630 703
630 761
631 771
631 779
631 711
631 631
631 744
631 709
632 777
632 773
632 780
632 658
632 683
632 700
632 734
632 764
633 776
633 649
633 787
633 789
633 699
633 647
633 687
633 767
634 770
634 723
634 726
634 759
635 663
635 740
635 741
635 752
635 635
636 737
636 712
636 655
636 679
636 793
636 665
636 777
637 680
637 733
637 760
637 763
637 668
637 778
638 640
638 668
638 724
638 728
638 737
638 638
638 676
639 642
639 651
639 732
639 734
639 652
639 787
639 676
640 640
640 668
640 737
640 756
640 724
640 716
640 695
640 728
641 739
641 646
641 641
641 777
641 730
642 734
642 651
642 732
643 724
643 643
643 669
643 747
644 682
644 644
644 676
644 702
644 727
644 766
645 645
645 736
645 660
645 800
645 758
645 706
646 646
646 739
646 777
646 730
647 699
647 687
647 649
647 776
647 647
647 787
647 789
647 673
648 748
648 648
648 690
648 720
648 735
648 750
649 699
649 776
649 687
649 649
649 787
649 715
650 778
650 729
650 650
650 775
650 658
651 734
651 651
651 798
651 732
652 773
652 764
652 683
652 652
652 700
652 780
652 671
652 693
652 690
652 658
653 744
653 659
653 653
654 795
654 693
654 774
654 717
654 654
654 790
654 787
655 793
655 679
655 722
656 772
656 716
656 749
656 670
656 662
656 696
656 656
656 672
657 657
657 788
657 751
658 780
658 658
658 700
658 671
658 764
658 766
658 683
659 659
659 711
659 744
660 736
660 660
661 775
661 705
661 661
661 684
661 691
661 740
662 772
662 716
662 670
662 749
662 696
662 662
662 672
662 768
663 740
663 768
663 741
663 666
663 663
663 769
664 696
664 738
664 664
664 758
664 694
664 685
664 757
665 798
665 793
665 665
665 679
666 712
666 740
666 741
666 768
666 752
666 666
666 755
667 781
667 791
667 674
667 751
667 667
668 728
668 668
668 724
668 737
668 756
668 792
668 713
668 742
669 747
669 669
670 672
670 772
670 670
670 716
671 773
671 764
671 700
671 780
671 671
671 683
672 749
672 696
672 716
672 672
672 742
673 698
673 673
673 731
673 715
673 709
673 742
673 713
673 743
674 776
674 781
674 751
674 791
674 674
675 685
675 686
675 765
675 677
675 762
675 678
676 776
676 676
676 702
676 727
677 686
677 677
677 762
677 765
677 678
677 695
678 678
678 695
678 765
678 685
678 762
679 717
679 699
680 760
680 733
680 680
680 750
680 707
681 785
681 681
681 692
681 799
681 718
681 721
682 750
682 692
682 727
682 682
682 702
683 773
683 780
683 683
683 700
684 691
684 705
684 684
685 685
685 765
685 695
685 762
685 686
685 793
685 704
686 762
686 686
686 695
686 765
687 776
687 787
687 772
687 699
688 792
688 688
688 706
689 782
689 725
689 761
689 767
689 703
689 746
689 798
689 792
690 735
690 750
690 720
690 748
690 800
691 691
692 799
692 785
692 692
692 718
692 721
693 774
693 795
693 717
693 693
693 740
693 714
694 745
694 694
694 738
695 762
695 765
695 793
696 772
696 749
696 716
697 702
697 714
697 697
697 777
698 731
698 698
698 743
698 715
699 776
699 787
699 789
699 699
700 780
700 773
700 764
700 707
701 782
701 767
701 701
701 703
701 746
701 707
701 761
702 702
702 766
702 727
703 782
703 767
703 725
703 703
703 746
704 770
704 797
704 759
704 726
704 723
704 754
705 705
705 723
706 792
706 706
707 733
707 719
707 760
707 763
708 794
708 796
708 745
708 708
708 725
708 753
709 762
709 715
709 709
709 731
709 743
710 783
710 710
710 757
710 719
710 741
711 779
711 712
711 711
712 771
712 779
712 712
713 713
713 731
713 743
713 715
714 769
714 714
715 731
715 743
715 797
716 716
716 772
717 774
717 795
717 717
717 790
717 745
718 785
718 799
718 718
718 721
718 723
719 783
719 719
719 755
720 748
720 735
720 750
720 759
720 777
721 785
721 799
721 721
722 798
722 784
723 789
723 770
723 797
723 759
723 726
723 755
724 728
724 737
724 724
724 756
725 782
725 725
725 761
725 798
725 746
726 797
726 770
727 727
727 777
727 766
727 772
728 756
728 737
728 740
729 778
729 742
729 760
730 735
730 777
730 739
732 734
732 732
733 763
734 734
735 750
735 748
735 793
736 800
737 737
737 756
737 738
738 738
738 758
739 739
739 777
739 770
740 752
740 741
740 755
741 752
741 792
741 768
742 797
742 778
742 742
744 744
745 794
745 796
745 745
745 753
746 782
746 761
746 767
747 777
748 748
748 750
749 772
751 780
751 781
751 791
752 755
752 768
752 758
753 794
753 796
753 753
754 762
754 770
754 797
754 759
754 780
755 755
755 768
756 756
756 787
757 783
757 757
758 758
759 770
759 797
759 759
760 760
760 781
761 775
761 782
761 767
762 765
762 762
762 786
763 764
763 763
764 780
764 764
765 765
765 800
766 766
767 782
768 768
770 797
771 799
771 779
771 771
772 783
772 772
772 791
773 780
773 773
774 774
774 790
774 795
774 788
775 786
775 775
776 787
776 776
776 789
779 779
781 781
781 791
783 783
784 798
784 784
785 799
785 785
786 786
787 799
787 787
787 789
789 789
790 795
790 790
791 791
792 792
794 794
794 796
795 795
797 797
798 798
799 799
800 800
