900 2860
1 581
1 568
1 57
1 862
1 544
1 650
1 59
1 542
2 857
2 853
2 14
2 291
2 689
2 848
2 346
2 880
3 554
3 464
3 506
3 155
3 837
3 647
3 37
3 428
3 642
4 5
4 4
4 169
4 375
4 451
5 187
5 254
5 459
5 447
5 684
5 589
5 211
6 498
6 342
6 607
6 43
6 778
6 747
7 95
7 65
7 421
7 7
7 10
7 546
7 624
8 8
8 305
8 591
8 429
8 335
9 391
9 357
9 400
9 780
9 605
9 222
9 434
10 18
10 10
10 636
10 162
10 624
10 534
11 645
11 598
11 200
11 876
11 29
11 702
12 784
12 423
12 792
12 411
12 754
12 657
12 778
12 858
13 187
13 778
13 207
13 106
13 465
13 239
14 837
14 601
14 346
14 42
15 264
15 398
15 204
15 549
15 68
15 176
15 453
15 584
16 491
16 395
16 312
16 234
16 41
16 183
16 613
16 899
17 260
17 134
17 17
17 393
17 665
17 167
18 774
18 25
18 183
18 845
18 312
18 504
18 330
18 197
19 415
19 261
19 633
19 737
19 339
19 277
19 805
19 107
19 241
20 42
20 738
20 104
20 662
20 548
21 399
21 728
21 698
21 175
21 333
21 852
22 657
22 736
22 22
22 366
22 295
22 692
22 829
22 851
23 758
23 141
23 544
23 115
23 212
23 850
23 98
23 760
24 673
24 409
24 255
24 180
24 891
24 325
24 841
24 587
24 734
25 395
25 478
25 715
25 275
25 610
26 668
26 411
26 553
26 274
26 595
27 379
27 319
27 625
27 354
27 311
27 822
27 825
27 226
28 790
28 691
28 846
28 42
28 48
28 300
28 102
28 110
28 526
29 253
29 597
29 365
29 29
30 832
30 468
30 556
30 229
30 788
31 777
31 657
31 553
31 402
31 815
31 171
31 731
31 236
31 129
32 551
32 854
32 259
32 94
32 495
32 210
33 642
33 653
33 418
33 882
33 577
33 571
34 312
34 739
34 863
34 34
34 860
34 417
35 262
35 900
35 315
35 799
35 460
35 590
36 656
36 859
36 574
36 249
36 887
36 314
36 227
37 810
37 756
37 676
37 726
37 506
37 318
38 265
38 290
38 126
38 563
38 490
39 557
39 685
39 354
39 424
39 773
39 795
39 195
40 189
40 354
40 864
40 177
40 595
40 564
41 298
41 537
41 884
41 698
41 69
41 72
41 703
42 532
42 548
42 707
42 300
42 586
42 892
42 124
43 165
43 438
43 884
43 531
44 140
44 487
44 801
44 662
44 207
45 666
45 682
45 45
45 499
45 177
46 666
46 403
46 514
46 701
46 461
46 572
46 235
46 377
47 494
47 365
47 104
47 518
47 893
47 617
48 162
48 545
48 220
48 431
48 330
49 136
49 811
49 92
49 373
49 809
49 566
49 82
50 398
50 176
50 525
50 891
50 827
50 851
51 868
51 144
51 602
51 484
51 160
51 842
51 476
52 546
52 759
52 164
52 186
52 303
52 452
52 405
52 301
53 276
53 755
53 679
53 75
53 356
54 131
54 179
54 388
54 671
54 423
54 219
55 535
55 777
55 526
55 402
55 154
55 492
56 462
56 811
56 560
56 594
56 242
56 794
56 185
57 425
57 426
57 568
57 242
57 518
58 858
58 271
58 690
58 828
58 473
58 742
59 425
59 426
59 788
59 865
59 447
59 687
60 172
60 692
60 126
60 117
60 516
61 307
61 266
61 728
61 320
61 845
62 769
62 434
62 885
62 515
62 211
62 217
62 823
63 210
63 272
63 432
63 796
63 730
63 481
63 299
64 129
64 570
64 93
64 871
64 130
65 546
65 581
65 376
65 423
65 330
65 733
66 834
66 144
66 621
66 161
66 214
67 67
67 830
67 758
67 517
67 367
67 760
68 131
68 260
68 651
68 693
68 332
68 500
69 861
69 600
69 571
69 565
69 72
70 540
70 289
70 436
70 794
70 340
70 877
71 705
71 248
71 218
71 423
71 752
71 503
72 212
72 313
72 399
73 524
73 525
73 832
73 854
73 224
73 251
74 669
74 446
74 202
74 643
74 159
74 630
74 531
75 632
75 792
75 755
75 424
76 640
76 513
76 779
76 817
76 870
76 502
77 77
77 173
77 474
77 245
77 464
77 346
78 806
78 483
78 491
78 649
78 143
78 664
79 519
79 807
79 177
79 822
79 712
79 870
80 737
80 280
80 743
80 500
80 762
81 418
81 517
81 316
81 244
81 202
81 355
81 741
81 242
82 567
82 566
82 604
82 157
83 696
83 680
83 605
83 391
83 860
83 509
84 668
84 421
84 452
84 581
84 684
85 277
85 805
85 151
85 97
85 354
86 134
86 808
86 809
86 688
86 374
86 116
87 243
87 574
87 714
87 214
87 560
87 246
88 680
88 853
88 766
88 378
88 576
89 289
89 185
89 89
89 227
90 511
90 206
90 512
90 770
90 468
90 456
91 530
91 781
91 533
91 286
91 576
91 348
91 482
92 136
92 560
92 708
92 838
92 119
92 793
93 305
93 757
93 100
93 823
94 860
94 513
94 773
94 292
94 210
95 162
95 304
95 668
95 580
96 184
96 795
96 195
96 331
96 254
96 555
96 575
97 489
97 897
97 151
97 736
97 232
97 700
98 830
98 760
98 127
98 280
98 499
99 714
99 469
99 770
99 442
99 263
99 716
100 835
100 521
100 396
100 836
101 582
101 362
101 541
101 167
101 556
101 422
102 134
102 675
102 586
102 395
102 745
102 450
103 410
103 327
103 264
103 525
103 114
103 895
104 816
104 460
104 145
105 156
105 573
105 314
105 641
105 246
105 141
105 455
105 393
106 667
106 533
106 505
106 483
107 232
107 523
107 620
107 525
108 680
108 198
108 696
108 446
108 189
109 131
109 651
109 674
109 803
109 187
109 781
110 423
110 673
110 707
110 215
110 270
111 579
111 617
111 449
111 158
111 498
112 390
112 876
112 157
112 363
112 541
113 780
113 400
113 113
113 736
113 766
113 611
114 565
114 263
114 457
114 415
114 380
115 143
115 190
115 392
115 178
115 244
116 849
116 117
116 563
116 472
117 265
117 172
117 435
118 651
118 659
118 480
118 356
118 493
118 515
119 340
119 839
119 510
119 598
120 322
120 169
120 484
120 476
120 158
121 316
121 121
121 350
121 292
122 221
122 348
122 266
122 163
122 372
123 203
123 883
123 185
123 721
123 164
124 485
124 606
124 687
124 828
124 306
124 701
125 861
125 604
125 784
125 811
125 371
126 453
126 813
126 510
126 540
127 141
127 332
127 850
127 740
127 722
127 236
128 464
128 684
128 844
128 466
128 479
128 353
129 259
129 374
129 439
129 561
129 836
130 312
130 527
130 640
130 166
130 195
130 848
131 735
131 665
131 437
131 228
131 549
132 539
132 404
132 655
132 315
132 585
132 135
132 147
132 297
133 676
133 583
133 699
133 819
133 560
133 291
133 870
134 803
134 746
134 749
134 776
134 688
134 437
134 762
135 798
135 639
135 522
135 304
135 799
135 168
135 315
135 371
135 847
136 604
136 430
136 426
136 237
136 559
137 721
137 900
137 404
137 703
137 591
137 168
138 494
138 416
138 489
138 138
138 785
138 732
139 262
139 644
139 257
139 298
139 846
139 615
139 674
139 577
139 168
140 256
140 457
140 263
140 411
140 662
140 536
141 190
141 499
141 213
142 772
142 649
142 296
142 389
142 252
142 216
143 251
143 190
143 366
143 345
143 804
144 420
144 834
144 451
144 447
144 602
144 621
144 267
145 326
145 263
145 500
145 145
145 280
145 738
146 838
146 152
146 533
146 360
146 725
146 791
146 348
147 603
147 297
147 664
147 643
147 168
147 163
148 149
148 587
148 734
148 180
148 823
149 408
149 734
149 608
149 724
149 409
149 174
150 643
150 629
150 630
150 458
150 741
151 523
151 628
151 633
151 797
151 206
151 241
151 451
152 751
152 207
152 336
152 178
152 482
152 619
153 160
153 289
153 358
153 689
153 438
153 721
154 276
154 731
154 526
154 814
154 724
154 652
155 647
155 756
155 554
155 322
155 428
156 771
156 543
156 859
156 585
156 739
156 718
157 729
157 645
157 827
157 639
157 200
158 785
158 758
158 724
158 571
158 670
158 449
159 679
159 450
159 160
159 799
160 283
160 877
160 391
160 225
161 834
161 592
161 716
161 161
161 591
162 867
162 803
162 164
163 852
163 454
163 728
163 683
163 623
163 876
164 214
164 545
164 759
164 644
164 290
164 517
164 704
165 545
165 668
165 220
165 624
165 304
165 186
165 330
165 867
166 610
166 774
166 802
166 608
166 601
167 366
167 868
167 475
167 469
168 403
169 831
169 716
169 746
170 272
170 796
170 293
170 750
170 606
170 481
171 717
171 755
171 429
171 382
172 813
172 563
172 828
172 821
172 849
172 637
173 810
173 191
173 230
173 756
173 805
173 874
173 896
174 688
174 608
174 666
174 236
174 564
175 268
175 730
175 454
175 495
175 441
175 193
176 273
176 398
176 545
176 832
176 178
177 744
177 762
177 189
177 870
178 448
178 847
179 542
179 538
179 815
179 293
179 329
180 480
180 872
180 258
180 875
180 497
180 424
181 272
181 268
181 683
181 266
181 443
182 676
182 896
182 191
182 833
182 788
182 761
182 547
183 520
183 802
183 260
183 613
183 504
184 503
184 745
184 892
184 707
184 824
185 497
185 689
185 877
185 721
185 618
186 421
186 733
186 803
186 452
187 317
187 582
187 447
187 862
188 190
188 820
188 559
188 444
188 682
188 600
188 226
188 484
189 519
189 794
189 873
189 762
189 256
189 599
190 251
190 869
190 744
191 428
191 833
191 225
191 874
192 298
192 695
192 262
192 385
192 446
192 552
192 541
193 441
193 308
193 698
193 508
194 896
194 288
194 349
194 292
194 652
194 210
194 369
195 296
195 653
196 382
196 414
196 686
196 582
196 238
197 661
197 779
197 576
197 477
197 443
198 391
198 838
198 446
198 245
199 691
199 297
199 315
199 703
199 453
199 371
200 267
200 507
200 615
200 748
201 808
201 260
201 746
201 754
201 501
201 561
202 669
202 696
202 629
202 622
202 229
202 605
202 568
202 454
203 659
203 356
203 215
203 513
204 410
204 273
204 843
204 872
205 676
205 554
205 833
205 893
205 830
205 879
206 261
206 628
206 253
206 319
207 810
207 287
207 285
208 529
208 663
208 285
208 262
208 253
208 269
209 346
209 291
209 722
209 583
209 816
209 601
209 857
209 894
210 659
210 480
210 493
210 764
211 874
211 302
211 339
212 653
212 537
212 671
213 392
213 895
213 830
213 357
214 543
214 574
214 714
214 752
215 659
215 288
215 381
215 493
215 612
216 284
216 603
216 491
216 274
216 361
217 515
217 245
217 440
217 400
218 605
218 423
218 218
219 431
219 302
219 473
219 631
220 545
220 421
220 232
221 427
221 385
221 786
221 644
222 558
222 559
222 820
222 609
223 791
223 286
223 338
223 360
223 434
223 482
224 772
224 389
224 785
224 284
224 806
224 247
225 681
225 450
225 793
226 825
226 226
227 462
227 485
227 859
227 319
227 264
227 634
228 651
228 776
228 746
228 841
228 367
228 825
229 850
229 475
229 613
230 647
230 554
230 893
230 536
230 761
231 783
231 645
231 390
231 267
231 702
231 711
231 598
232 833
232 270
232 872
233 387
233 600
233 820
233 576
233 894
233 502
233 441
234 774
234 845
234 613
234 707
234 382
234 516
235 636
235 823
235 377
235 832
235 634
236 402
236 632
236 553
236 579
237 708
237 839
237 861
237 625
238 540
238 723
238 283
238 761
238 635
239 791
239 336
239 793
239 303
239 585
240 815
240 320
240 399
240 626
240 243
241 628
241 277
241 880
242 818
242 302
242 885
243 771
243 573
243 326
243 462
244 509
244 769
244 324
245 440
245 820
246 661
246 444
246 820
247 394
247 732
247 463
247 588
248 673
248 675
248 691
248 341
249 314
249 326
249 641
249 375
249 890
249 271
250 773
250 356
250 288
250 250
250 492
251 535
251 869
251 486
252 442
252 868
252 486
252 794
253 340
253 270
254 426
254 447
254 589
254 516
255 432
255 666
255 325
255 712
256 685
256 712
256 379
257 285
257 385
257 615
257 658
257 334
257 258
257 616
258 385
258 262
258 530
258 372
258 644
258 622
259 513
259 292
259 881
259 659
259 288
260 746
260 776
260 881
260 269
260 749
260 336
261 633
261 523
261 897
261 392
261 597
262 285
262 644
262 663
262 881
262 387
262 374
263 397
263 457
263 725
263 536
263 455
264 410
264 648
264 488
265 813
265 821
265 764
265 692
265 851
266 328
266 320
266 382
267 375
267 876
267 660
267 753
268 730
268 308
268 351
268 399
268 683
269 437
269 651
269 754
270 415
270 628
271 555
271 531
271 828
271 580
271 690
271 747
272 667
272 815
272 542
272 347
273 584
273 891
273 549
273 752
274 777
274 526
274 792
274 471
274 702
275 478
275 275
275 601
275 355
276 755
276 402
276 632
276 623
276 411
276 731
277 897
277 277
278 317
278 590
278 789
278 449
278 295
278 671
279 641
279 900
279 297
279 279
280 337
280 856
281 538
281 293
281 750
281 406
281 348
281 627
282 388
282 782
282 654
282 547
282 864
283 648
283 482
283 540
283 829
283 700
284 494
284 489
284 631
285 786
285 431
285 411
285 298
285 886
285 771
286 505
286 793
286 638
286 336
287 459
287 781
287 878
287 827
288 349
288 881
288 879
288 356
288 384
288 406
289 497
289 318
289 447
290 295
290 472
290 563
290 637
290 851
291 386
291 699
291 294
291 819
291 601
291 637
292 773
292 787
292 434
292 334
292 397
292 321
293 406
293 765
293 432
293 551
294 580
294 607
294 299
294 869
295 736
295 435
295 879
295 303
296 649
296 732
296 785
297 634
298 530
298 695
298 322
298 630
299 817
299 747
299 498
299 598
300 745
300 548
300 762
300 341
300 892
301 745
301 439
301 836
301 757
302 891
302 514
302 386
303 899
303 636
303 306
303 823
304 668
304 376
304 532
304 581
305 469
305 476
305 335
305 842
305 592
306 514
306 612
306 823
307 538
307 804
307 307
307 329
307 461
307 865
308 859
308 875
308 683
308 631
309 602
309 335
309 420
309 309
310 695
310 525
310 541
310 438
310 655
310 442
310 889
311 805
311 633
311 897
311 365
311 709
311 597
311 737
312 681
313 635
313 710
313 795
313 537
313 319
314 314
314 389
314 574
314 326
314 714
314 787
315 664
315 705
315 703
316 517
316 769
316 770
317 684
317 589
317 686
317 490
317 753
318 436
318 358
318 681
318 723
319 557
319 822
320 444
320 373
320 328
321 826
321 550
321 570
321 439
321 471
322 427
322 695
323 530
323 431
323 658
323 323
323 886
324 847
324 741
324 350
324 434
324 810
325 520
325 777
325 419
325 379
325 729
325 364
325 368
325 842
326 551
326 595
326 359
327 767
327 453
327 525
327 832
327 564
328 728
328 347
328 386
329 750
329 406
329 618
330 546
330 733
330 376
331 537
331 571
331 795
331 655
332 584
332 744
332 753
332 553
333 421
333 855
333 742
333 430
334 773
334 787
334 583
335 855
335 446
335 484
336 505
336 883
337 801
337 585
337 455
337 407
338 781
338 791
338 751
338 859
338 883
338 723
339 572
339 631
339 401
340 775
340 566
340 708
340 594
341 586
341 341
342 690
342 580
342 531
342 887
342 742
343 899
343 514
343 572
343 383
343 898
344 543
344 666
344 682
344 364
344 414
345 392
345 535
345 830
345 483
345 869
345 499
345 895
346 848
346 363
347 775
347 626
347 372
348 482
349 665
349 548
349 724
350 818
350 769
350 515
350 470
350 352
350 355
351 780
351 583
351 848
351 857
351 701
352 419
352 718
352 352
353 638
353 820
353 844
353 730
353 475
353 519
354 424
355 727
355 515
355 646
356 659
356 883
356 764
356 357
357 766
357 853
358 532
358 450
358 620
359 771
359 551
359 573
359 651
360 781
360 866
360 750
361 772
361 649
361 361
362 829
362 362
362 619
362 637
363 645
363 702
363 711
363 768
364 409
364 841
364 797
365 512
365 628
366 669
366 629
366 697
366 838
366 608
366 653
366 670
367 392
367 744
367 850
368 587
368 368
368 794
369 513
369 787
369 369
370 540
370 877
370 497
370 370
371 703
371 772
372 626
372 603
373 566
373 552
373 594
373 538
374 593
374 508
375 702
375 575
375 598
376 668
376 780
376 399
377 417
377 377
378 824
378 869
378 386
378 583
379 587
379 519
379 807
379 864
379 873
380 712
380 662
380 816
380 524
381 573
381 516
381 438
381 868
381 486
381 890
382 416
382 610
382 640
382 751
383 417
383 823
383 826
383 572
383 471
384 480
384 773
384 614
384 497
385 529
385 431
385 886
385 385
385 427
386 759
386 699
386 766
386 552
386 819
386 853
386 473
387 844
387 444
387 502
387 559
388 518
388 547
388 789
388 468
388 393
388 654
388 528
388 618
389 389
389 416
389 681
389 649
389 394
389 461
389 813
390 845
390 465
390 753
390 641
390 711
390 713
391 643
391 446
391 588
391 694
391 622
391 672
392 746
392 626
392 535
392 744
393 466
393 652
394 578
394 603
394 768
394 806
394 463
395 613
395 395
395 802
395 845
395 640
396 593
396 757
396 561
396 890
396 812
397 774
397 500
397 709
398 410
398 488
398 650
398 891
398 638
398 452
398 556
399 852
399 623
400 893
400 848
400 609
401 528
401 498
401 401
401 704
402 437
402 679
402 621
402 770
403 534
403 404
403 703
403 522
403 590
404 731
404 639
404 806
405 667
405 461
405 406
405 432
405 796
405 542
406 538
406 413
406 865
406 627
406 807
407 611
407 795
407 407
408 666
408 408
408 525
408 682
408 725
409 682
409 487
409 639
410 843
410 900
410 638
411 635
412 412
412 677
412 648
412 821
412 448
413 796
413 538
413 432
413 563
414 879
414 414
414 588
414 467
414 844
414 877
415 415
415 541
415 831
416 483
416 489
416 806
417 866
417 636
417 514
418 653
418 888
418 882
418 571
419 672
419 835
419 682
420 831
420 451
420 842
420 681
421 668
421 522
422 790
422 439
422 521
422 812
423 548
423 790
423 824
424 712
424 873
425 459
425 577
425 614
425 589
425 580
426 862
426 588
426 814
426 568
426 467
427 695
427 768
427 843
428 647
428 783
428 474
429 429
429 657
429 838
430 595
430 775
430 678
430 632
430 560
431 644
431 529
431 717
431 615
432 461
432 481
432 872
432 514
433 521
433 704
433 570
433 471
433 672
434 517
434 718
434 448
435 563
435 619
435 597
435 472
436 689
436 721
436 794
436 632
437 674
437 693
438 516
438 565
438 541
438 442
438 536
439 675
439 545
439 812
439 593
440 515
440 818
440 769
440 861
441 441
442 806
442 686
443 889
443 591
443 687
443 616
444 844
444 557
445 694
445 696
445 697
445 588
445 529
446 697
446 458
446 609
447 882
448 727
448 847
448 713
449 518
449 789
449 560
450 689
451 496
451 842
451 592
452 867
453 832
453 524
454 730
454 728
455 493
455 801
455 709
456 456
456 710
456 611
456 635
456 550
457 536
457 487
457 557
458 588
458 622
458 491
459 686
459 788
460 487
460 738
460 743
460 460
461 667
462 641
462 551
463 578
463 491
463 483
463 715
463 757
464 647
464 893
465 840
465 713
465 878
465 748
466 715
466 661
466 559
466 477
467 788
467 684
467 723
468 770
468 890
468 686
468 868
469 788
469 501
470 649
470 489
470 603
470 483
470 794
470 864
471 524
472 726
472 821
472 852
473 479
473 572
473 514
474 554
474 874
474 802
475 770
475 541
475 501
475 836
476 831
476 855
476 860
476 562
477 559
477 479
477 535
478 520
478 774
478 739
478 863
478 719
479 558
479 779
480 773
480 787
480 493
481 750
481 557
483 649
483 494
484 842
485 714
485 767
485 573
486 486
487 760
488 677
488 832
488 843
488 854
488 638
489 504
490 754
490 865
490 571
491 603
492 863
492 657
492 724
494 732
494 537
495 892
495 661
495 558
495 817
496 591
496 831
496 842
496 821
497 700
498 606
499 758
499 771
499 895
499 882
499 852
499 521
500 662
501 516
501 885
502 559
502 525
503 803
503 673
503 816
504 739
504 715
504 640
505 781
505 791
505 662
506 511
506 874
506 853
507 646
507 713
507 876
507 589
508 812
508 570
508 808
509 680
509 696
509 706
510 775
510 566
510 594
510 549
511 879
511 833
511 676
511 650
512 597
512 620
512 628
513 610
514 572
515 847
515 718
515 742
517 741
518 618
518 547
518 562
518 789
518 763
519 527
520 863
520 527
520 632
521 655
521 550
521 570
522 615
522 655
522 539
523 897
523 737
523 607
523 822
524 525
524 854
524 677
524 832
524 843
524 686
524 818
525 749
525 677
526 553
526 777
526 657
526 768
527 774
527 860
527 802
528 763
528 562
528 670
528 789
529 658
529 801
529 839
530 644
530 786
530 898
531 720
531 580
531 719
532 649
532 707
532 586
532 673
532 548
533 751
533 534
533 793
534 539
534 798
534 590
535 830
535 544
537 642
538 696
538 804
538 872
539 798
539 886
540 654
540 769
541 770
541 596
542 796
542 765
543 641
543 595
543 859
544 544
544 609
544 741
545 867
546 668
546 892
546 711
547 763
548 586
548 790
549 648
549 853
550 880
550 871
551 656
551 752
551 574
551 714
552 784
552 604
552 552
552 811
553 792
554 789
555 764
555 699
555 720
555 858
555 747
556 692
556 770
557 825
557 712
558 779
558 889
559 576
559 844
560 811
560 877
561 696
561 593
561 880
562 763
562 800
562 579
563 708
563 851
563 743
564 685
564 625
565 565
565 890
566 775
566 774
566 885
567 663
567 678
567 594
567 815
568 582
568 577
568 887
569 809
569 749
569 688
569 569
570 850
570 704
570 871
572 583
573 641
574 679
575 646
575 575
575 711
575 840
576 849
576 817
577 650
577 788
578 772
578 578
579 652
579 789
581 759
581 798
582 862
583 614
584 648
584 677
584 624
585 662
585 743
586 790
586 800
587 725
588 793
589 797
590 799
590 639
591 593
592 842
592 673
594 866
595 752
595 641
596 770
596 596
596 601
596 890
597 759
597 620
599 900
599 899
599 856
599 701
600 817
600 661
601 699
602 647
602 704
603 772
604 678
604 660
605 697
605 706
606 858
606 719
606 610
607 687
607 657
607 616
608 835
608 747
609 779
610 845
610 707
611 653
611 888
612 899
612 701
612 856
613 863
613 644
614 830
614 787
614 773
614 614
615 663
615 820
616 719
616 828
617 734
617 789
617 767
617 618
619 765
619 849
620 633
620 667
621 716
621 892
622 643
623 735
623 858
624 733
624 792
625 825
625 864
626 698
626 639
627 627
627 800
627 645
628 682
629 680
629 706
630 696
630 697
631 826
631 856
633 840
634 634
635 642
636 709
636 826
637 813
638 677
639 799
640 782
641 767
641 859
641 799
642 888
642 884
643 643
643 669
643 667
644 717
644 881
646 748
646 827
647 676
648 854
648 891
649 772
650 686
651 776
652 800
652 797
653 884
654 800
654 671
655 664
656 752
656 771
656 830
656 714
657 792
658 898
658 786
658 853
658 663
658 717
659 894
660 827
660 660
661 797
661 816
662 743
664 900
665 732
665 809
665 819
665 750
665 689
666 835
666 734
666 725
666 682
667 865
669 838
669 681
669 697
670 782
670 797
670 690
671 697
671 866
672 898
672 835
672 875
673 846
674 808
674 754
674 809
674 791
674 856
675 790
675 846
676 879
676 874
677 875
677 843
678 784
678 822
678 708
679 679
680 694
680 696
681 840
681 700
681 723
682 729
683 814
684 814
685 807
685 749
685 870
686 788
686 887
687 719
687 720
687 690
688 688
688 693
688 754
689 725
690 742
690 720
691 790
691 846
691 824
691 738
692 726
693 776
693 815
693 735
694 706
694 709
694 697
698 698
700 794
701 826
702 768
703 783
705 824
705 745
705 705
706 706
708 861
708 839
709 756
710 795
710 888
710 894
710 732
710 884
711 840
713 748
713 876
714 767
714 726
715 863
715 774
716 831
717 786
718 818
719 828
720 835
722 837
722 857
722 780
724 777
726 821
727 727
727 828
729 761
729 835
731 755
733 759
733 755
735 776
735 749
735 841
736 813
736 829
737 897
738 801
739 774
739 845
740 850
740 869
740 758
740 875
744 895
748 858
751 878
752 855
753 857
755 772
756 761
757 802
760 830
761 810
761 893
761 896
761 801
762 873
763 828
764 764
765 815
765 872
766 790
767 771
767 873
769 780
769 885
770 889
772 785
773 793
775 839
776 779
777 792
778 883
778 878
778 866
779 817
779 794
779 820
780 837
781 878
782 797
782 800
783 799
783 783
784 839
784 861
784 897
785 806
786 786
786 797
789 863
790 892
791 793
793 866
795 814
796 804
796 856
798 799
803 803
804 815
805 897
805 832
807 873
807 864
808 808
809 841
810 896
811 839
811 887
811 861
812 892
814 814
819 848
821 887
822 825
824 846
824 862
827 867
829 849
829 843
833 879
833 878
834 834
836 871
837 854
838 838
842 855
845 860
848 857
850 850
858 886
868 889
869 871
871 880
874 887
882 894
886 898
888 896
898 898
