900 10533
1 641
1 514
1 846
1 894
1 259
1 358
1 843
1 795
1 349
1 136
1 613
1 211
1 1
1 616
1 617
1 357
1 250
1 424
1 148
1 391
1 8
1 18
1 104
1 623
1 552
1 473
2 704
2 568
2 2
2 885
2 427
2 327
2 682
2 874
2 302
2 334
2 45
2 550
2 295
2 458
2 141
2 314
2 619
2 867
2 181
2 149
2 875
2 478
3 278
3 227
3 547
3 148
3 29
3 672
3 857
3 287
3 54
3 163
3 629
3 284
3 518
3 607
3 772
3 264
3 3
3 169
3 506
3 397
3 38
3 57
3 370
4 398
4 255
4 734
4 660
4 271
4 448
4 108
4 501
4 733
4 579
4 554
4 719
4 4
4 400
4 608
4 65
4 317
4 266
4 537
4 827
4 713
4 205
4 346
4 363
4 681
5 346
5 590
5 270
5 258
5 35
5 62
5 870
5 871
5 614
5 283
5 305
5 698
5 694
5 638
5 91
5 393
5 582
5 765
5 500
5 167
5 812
5 197
5 212
5 756
5 506
5 631
5 647
6 769
6 246
6 248
6 571
6 776
6 782
6 83
6 560
6 877
6 313
6 194
6 431
6 430
6 76
6 597
6 421
6 189
6 340
6 292
6 425
6 815
6 447
6 88
6 259
6 383
6 212
7 900
7 42
7 158
7 170
7 193
7 598
7 527
7 652
7 413
7 681
7 490
7 7
7 746
7 469
7 122
7 659
7 148
7 483
7 13
7 266
7 303
7 573
7 884
7 503
8 890
8 514
8 391
8 520
8 136
8 894
8 18
8 616
8 846
8 357
8 259
8 358
8 617
8 201
8 349
8 843
8 613
8 195
8 709
8 795
8 211
8 886
8 585
8 591
9 620
9 744
9 586
9 474
9 863
9 443
9 542
9 699
9 9
9 680
9 808
9 350
9 460
9 396
9 12
9 98
9 66
9 125
9 842
9 545
9 687
9 176
9 49
9 601
9 758
9 252
9 393
9 415
10 479
10 576
10 80
10 230
10 127
10 30
10 208
10 679
10 546
10 120
10 75
10 630
10 161
10 328
10 563
10 10
10 486
10 377
10 343
10 706
10 452
10 102
11 342
11 853
11 632
11 502
11 336
11 893
11 683
11 376
11 51
11 453
11 379
11 816
11 841
11 696
11 471
11 319
11 11
11 316
11 290
11 578
11 325
11 329
11 743
12 211
12 396
12 443
12 12
12 460
12 862
12 601
12 98
12 474
12 808
12 758
12 240
12 364
12 66
12 542
12 350
12 504
12 540
12 545
12 680
12 687
12 176
12 699
12 455
12 859
13 246
13 131
13 139
13 654
13 13
13 618
13 653
13 152
13 164
13 828
13 661
13 831
13 403
13 519
13 459
13 394
13 320
13 552
13 364
13 27
13 417
13 684
13 428
13 711
13 253
13 381
13 420
13 738
14 452
14 690
14 794
14 604
14 741
14 473
14 516
14 267
14 511
14 14
14 591
14 599
14 174
14 878
14 869
14 716
14 580
14 297
14 213
14 551
14 433
14 436
14 311
14 450
14 109
14 110
14 128
15 515
15 650
15 399
15 256
15 236
15 658
15 23
15 245
15 517
15 555
15 487
15 429
15 883
15 241
15 107
15 132
15 796
15 797
15 345
15 475
15 690
15 750
15 338
15 58
15 169
16 389
16 777
16 195
16 587
16 532
16 369
16 137
16 895
16 792
16 833
16 156
16 209
16 200
16 366
16 46
16 418
16 646
16 610
16 877
16 769
16 852
17 877
17 604
17 387
17 270
17 512
17 228
17 741
17 466
17 426
17 191
17 498
17 252
17 738
17 483
17 226
17 321
17 17
17 319
17 644
17 117
17 866
18 761
18 641
18 259
18 391
18 136
18 795
18 211
18 623
18 357
18 514
18 201
18 349
18 617
18 894
18 613
18 104
18 237
18 482
19 714
19 195
19 281
19 770
19 395
19 781
19 224
19 602
19 386
19 105
19 737
19 274
19 631
19 348
19 19
19 103
19 858
19 136
19 657
19 277
19 670
19 289
19 861
20 524
20 763
20 624
20 220
20 513
20 338
20 794
20 32
20 20
20 495
20 720
20 467
20 755
20 842
20 645
20 40
20 718
20 340
20 102
20 22
20 457
20 606
20 481
20 765
21 648
21 355
21 273
21 219
21 196
21 97
21 297
21 237
21 438
21 539
21 41
21 308
21 380
21 312
21 804
21 541
21 543
21 835
21 188
21 886
21 153
21 184
21 826
21 73
21 850
22 793
22 633
22 576
22 513
22 645
22 773
22 524
22 220
22 495
22 354
22 467
22 763
22 718
22 40
22 624
22 606
22 481
22 412
22 445
22 32
22 457
22 842
22 590
22 720
22 338
22 755
23 665
23 730
23 515
23 132
23 517
23 650
23 658
23 241
23 399
23 883
23 236
23 750
23 119
23 429
23 424
23 796
23 107
23 465
23 234
23 487
23 242
23 118
23 513
24 43
24 778
24 584
24 507
24 355
24 402
24 627
24 359
24 121
24 754
24 500
24 206
24 24
24 85
24 836
24 34
24 337
24 414
24 346
24 538
24 326
24 723
24 227
24 488
24 50
24 786
25 294
25 359
25 627
25 828
25 557
25 177
25 262
25 272
25 784
25 789
25 663
25 408
25 92
25 494
25 695
25 165
25 218
25 732
25 613
25 694
25 280
25 437
25 575
25 727
25 731
26 815
26 681
26 207
26 388
26 647
26 656
26 530
26 786
26 435
26 489
26 565
26 175
26 361
26 666
26 677
26 48
26 61
26 540
26 46
26 858
26 168
26 77
26 114
27 401
27 131
27 519
27 394
27 139
27 653
27 654
27 403
27 661
27 711
27 618
27 828
27 253
27 27
27 152
27 536
27 586
27 658
27 810
27 684
27 831
27 459
27 444
27 383
27 553
28 404
28 405
28 410
28 342
28 807
28 28
28 411
28 186
28 674
28 188
28 557
28 95
28 702
28 888
28 416
28 664
28 788
28 233
28 80
28 285
28 31
28 291
28 420
28 814
28 510
28 390
28 694
29 67
29 757
29 518
29 397
29 284
29 54
29 553
29 672
29 837
29 772
29 29
29 38
29 264
29 370
29 163
29 287
29 528
29 853
29 362
29 496
29 334
30 171
30 701
30 730
30 80
30 75
30 477
30 856
30 679
30 479
30 546
30 605
30 127
30 102
30 120
30 563
30 486
30 161
30 409
30 155
30 576
30 452
30 586
30 230
30 630
30 468
31 405
31 788
31 410
31 416
31 342
31 31
31 58
31 702
31 557
31 609
31 807
31 411
31 420
31 814
31 186
31 188
31 556
31 474
31 674
31 510
31 111
32 513
32 645
32 773
32 794
32 624
32 354
32 384
32 338
32 718
32 842
32 755
32 40
32 457
32 763
32 220
32 524
32 849
32 216
33 649
33 667
33 669
33 159
33 686
33 113
33 33
33 383
33 476
33 882
33 611
33 162
33 860
33 691
33 802
33 310
33 589
33 663
33 697
33 817
33 854
33 604
33 123
33 280
33 74
34 402
34 538
34 326
34 85
34 337
34 488
34 584
34 227
34 754
34 507
34 723
34 627
34 206
34 121
34 359
34 836
34 355
34 329
34 222
34 491
34 761
34 481
35 258
35 35
35 870
35 393
35 694
35 197
35 283
35 169
35 62
35 765
35 582
35 698
35 812
35 614
35 207
35 871
35 591
35 526
35 300
35 212
35 91
35 683
36 284
36 775
36 781
36 274
36 277
36 668
36 670
36 289
36 858
36 737
36 861
36 631
36 348
36 103
36 224
36 767
36 395
36 602
36 344
36 818
36 105
36 508
37 129
37 895
37 390
37 265
37 182
37 840
37 704
37 891
37 703
37 588
37 60
37 50
37 247
37 636
37 125
37 881
37 407
37 150
37 892
37 645
37 693
37 374
37 872
37 348
37 114
37 725
38 397
38 549
38 672
38 370
38 54
38 38
38 748
38 362
38 284
38 857
38 553
38 287
38 832
38 264
38 772
38 841
38 82
38 57
38 837
38 90
38 607
38 331
39 564
39 516
39 267
39 551
39 511
39 581
39 39
39 311
39 109
39 869
39 450
39 433
39 101
39 360
39 725
39 436
39 591
39 618
39 368
39 174
39 599
40 513
40 645
40 773
40 794
40 842
40 457
40 354
40 338
40 606
40 524
40 755
40 40
40 384
40 495
40 103
40 196
40 720
40 624
41 273
41 153
41 804
41 889
41 438
41 210
41 145
41 196
41 380
41 219
41 835
41 539
41 41
41 312
41 97
41 850
41 315
41 667
41 184
41 826
41 237
42 898
42 900
42 644
42 266
42 652
42 527
42 413
42 158
42 170
42 148
42 122
42 746
42 490
42 503
42 573
42 681
42 469
42 481
42 90
42 303
42 596
42 884
43 271
43 400
43 660
43 713
43 734
43 608
43 346
43 554
43 733
43 448
43 501
43 719
43 225
43 205
43 317
43 65
43 827
43 233
43 57
43 579
43 509
44 243
44 479
44 427
44 435
44 899
44 263
44 642
44 415
44 89
44 204
44 298
44 442
44 324
44 44
44 562
44 166
44 622
44 846
44 93
44 813
44 306
44 566
44 63
44 715
44 213
44 111
45 771
45 141
45 295
45 682
45 427
45 619
45 550
45 634
45 115
45 568
45 874
45 458
45 327
45 302
45 45
45 334
45 422
45 212
45 628
45 885
46 214
46 389
46 646
46 777
46 792
46 418
46 112
46 366
46 587
46 46
46 200
46 895
46 839
46 137
46 100
46 369
46 594
46 507
46 721
46 610
47 362
47 899
47 263
47 642
47 213
47 166
47 111
47 298
47 415
47 79
47 562
47 715
47 622
47 324
47 124
47 442
47 692
47 63
47 867
47 334
47 566
47 204
47 89
48 825
48 889
48 647
48 530
48 286
48 677
48 175
48 736
48 786
48 361
48 244
48 388
48 61
48 77
48 183
48 168
48 666
48 194
48 494
48 435
48 489
49 711
49 396
49 545
49 98
49 176
49 808
49 862
49 350
49 460
49 542
49 49
49 863
49 240
49 699
49 758
49 455
49 675
49 654
49 443
49 601
49 859
50 106
50 288
50 764
50 390
50 265
50 150
50 407
50 798
50 707
50 693
50 704
50 881
50 50
50 840
50 636
50 60
50 577
50 588
50 847
50 235
50 891
50 125
50 54
51 62
51 559
51 816
51 304
51 319
51 578
51 841
51 508
51 329
51 379
51 696
51 453
51 502
51 743
51 336
51 51
51 532
51 387
51 325
51 893
52 800
52 751
52 774
52 151
52 172
52 307
52 564
52 52
52 202
52 71
52 522
52 747
52 740
52 569
52 866
52 82
52 643
52 886
52 181
52 821
52 820
52 574
52 461
52 254
53 134
53 779
53 199
53 74
53 345
53 742
53 331
53 876
53 864
53 722
53 87
53 583
53 53
53 478
53 577
53 93
53 126
53 488
53 771
53 567
53 315
53 700
53 70
54 341
54 644
54 397
54 287
54 672
54 163
54 553
54 837
54 362
54 54
54 607
54 284
54 518
54 90
54 190
54 832
54 857
54 496
54 771
55 260
55 676
55 439
55 791
55 449
55 626
55 633
55 187
55 897
55 351
55 316
55 293
55 744
55 341
55 371
55 759
55 64
55 456
55 785
55 394
55 697
55 214
55 735
55 292
55 659
56 648
56 138
56 525
56 401
56 275
56 278
56 412
56 809
56 171
56 144
56 133
56 392
56 146
56 154
56 353
56 385
56 290
56 155
56 477
56 763
57 479
57 772
57 264
57 397
57 549
57 553
57 362
57 607
57 496
57 672
57 57
57 837
57 287
57 518
57 648
57 84
57 90
57 748
58 217
58 404
58 410
58 674
58 291
58 420
58 557
58 664
58 807
58 510
58 788
58 58
58 342
58 416
58 95
58 188
58 158
58 702
58 888
58 535
59 827
59 75
59 786
59 666
59 540
59 286
59 175
59 114
59 530
59 736
59 244
59 77
59 677
59 59
59 61
59 647
59 361
59 886
59 166
60 390
60 265
60 785
60 150
60 407
60 798
60 693
60 881
60 588
60 891
60 847
60 182
60 636
60 703
60 247
60 125
60 781
60 608
60 704
60 707
60 840
60 215
60 235
61 423
61 708
61 388
61 647
61 656
61 666
61 286
61 168
61 435
61 867
61 489
61 61
61 175
61 786
61 191
61 413
61 77
61 736
61 114
61 244
61 433
62 393
62 283
62 300
62 698
62 506
62 197
62 614
62 305
62 207
62 169
62 765
62 258
62 62
62 871
62 582
62 724
62 91
62 232
62 638
63 422
63 836
63 706
63 143
63 832
63 899
63 642
63 166
63 298
63 306
63 566
63 111
63 89
63 715
63 63
63 407
63 212
63 79
63 213
64 897
64 260
64 791
64 676
64 293
64 697
64 187
64 316
64 449
64 371
64 829
64 214
64 439
64 626
64 735
64 456
64 744
64 421
64 789
64 851
64 341
64 351
64 759
65 398
65 271
65 660
65 827
65 448
65 346
65 501
65 719
65 400
65 733
65 108
65 363
65 579
65 233
65 255
65 225
65 513
65 257
65 713
65 205
65 653
66 793
66 396
66 542
66 808
66 176
66 699
66 443
66 545
66 98
66 455
66 460
66 863
66 474
66 350
66 240
66 601
66 556
66 900
66 859
66 758
66 388
66 632
67 537
67 425
67 322
67 451
67 865
67 367
67 662
67 335
67 203
67 372
67 67
67 72
67 423
67 603
67 475
67 249
67 896
67 682
67 106
67 880
67 513
68 776
68 685
68 430
68 560
68 313
68 571
68 194
68 597
68 877
68 421
68 83
68 447
68 782
68 815
68 76
68 463
68 68
68 811
68 663
68 340
68 246
68 899
69 119
69 143
69 529
69 534
69 535
69 790
69 548
69 572
69 823
69 639
69 69
69 637
69 464
69 352
69 257
69 375
69 229
69 654
69 841
69 749
69 365
69 892
69 568
69 540
69 551
69 101
70 412
70 134
70 315
70 700
70 722
70 331
70 70
70 74
70 577
70 116
70 87
70 126
70 199
70 742
70 583
70 190
70 143
70 852
70 478
70 864
70 872
71 651
71 643
71 151
71 172
71 307
71 820
71 569
71 740
71 774
71 82
71 594
71 564
71 747
71 462
71 71
71 760
71 848
71 788
71 202
71 461
71 866
71 625
71 254
72 531
72 147
72 662
72 425
72 322
72 451
72 865
72 423
72 249
72 475
72 335
72 372
72 470
72 279
72 333
72 106
72 72
72 305
72 203
72 344
72 139
72 600
72 546
72 143
72 550
72 677
73 273
73 539
73 541
73 543
73 804
73 297
73 308
73 312
73 835
73 196
73 438
73 210
73 850
73 889
73 97
73 153
73 219
73 399
73 803
74 134
74 190
74 577
74 199
74 722
74 74
74 315
74 779
74 478
74 567
74 872
74 583
74 87
74 93
74 700
74 342
74 864
74 876
74 126
75 805
75 824
75 546
75 576
75 706
75 452
75 80
75 208
75 679
75 161
75 479
75 477
75 856
75 230
75 563
75 120
75 82
75 605
75 486
75 630
75 127
75 310
76 769
76 421
76 685
76 430
76 313
76 189
76 83
76 463
76 815
76 597
76 447
76 340
76 194
76 571
76 776
76 877
76 290
76 86
76 248
76 773
76 708
77 388
77 647
77 656
77 786
77 286
77 168
77 435
77 183
77 114
77 736
77 677
77 565
77 489
77 77
77 861
78 671
78 800
78 806
78 552
78 688
78 318
78 751
78 179
78 726
78 753
78 675
78 221
78 288
78 701
78 887
78 81
78 615
78 764
78 891
78 590
78 84
78 873
78 766
78 429
79 187
79 899
79 263
79 298
79 813
79 562
79 306
79 692
79 566
79 442
79 715
79 622
79 497
79 204
79 213
79 89
79 674
79 525
79 124
80 161
80 546
80 576
80 328
80 208
80 479
80 730
80 563
80 127
80 477
80 605
80 80
80 630
80 230
80 664
80 823
80 486
80 728
81 671
81 800
81 552
81 179
81 701
81 764
81 705
81 84
81 288
81 81
81 873
81 751
81 493
81 887
81 753
81 223
81 265
81 293
81 774
82 882
82 643
82 522
82 172
82 307
82 820
82 202
82 821
82 747
82 151
82 564
82 760
82 574
82 461
82 517
82 105
82 625
82 183
83 769
83 421
83 685
83 430
83 815
83 431
83 447
83 463
83 88
83 313
83 560
83 246
83 597
83 340
83 877
83 200
83 426
83 887
83 320
83 330
83 628
84 671
84 288
84 800
84 806
84 688
84 179
84 701
84 318
84 764
84 84
84 615
84 873
84 493
84 753
84 552
84 554
84 335
84 221
84 223
84 766
84 860
84 103
85 129
85 778
85 402
85 538
85 836
85 206
85 373
85 337
85 491
85 584
85 723
85 227
85 627
85 326
85 121
85 359
85 367
85 212
85 488
85 761
85 851
85 354
86 130
86 142
86 655
86 665
86 157
86 294
86 825
86 709
86 844
86 620
86 593
86 323
86 99
86 855
86 332
86 217
86 635
86 131
86 203
86 472
86 505
86 760
87 134
87 315
87 190
87 722
87 864
87 345
87 779
87 577
87 93
87 583
87 199
87 331
87 87
87 700
87 427
87 729
87 478
87 116
88 225
88 769
88 776
88 782
88 421
88 685
88 815
88 560
88 431
88 447
88 194
88 463
88 88
88 189
88 571
88 593
88 725
88 877
88 248
88 216
89 756
89 899
89 642
89 415
89 166
89 298
89 813
89 562
89 306
89 442
89 204
89 111
89 263
89 324
89 214
89 609
89 124
90 419
90 264
90 287
90 672
90 163
90 549
90 553
90 837
90 748
90 90
90 518
90 772
90 629
90 854
90 443
90 362
90 370
91 169
91 305
91 197
91 207
91 812
91 756
91 694
91 283
91 506
91 232
91 258
91 870
91 765
91 300
91 582
91 404
91 805
91 871
91 638
92 261
92 272
92 787
92 663
92 165
92 437
92 695
92 218
92 731
92 732
92 280
92 234
92 784
92 262
92 575
92 494
92 408
92 890
92 850
92 745
92 238
93 322
93 653
93 134
93 779
93 567
93 190
93 577
93 742
93 116
93 345
93 876
93 722
93 583
93 199
93 478
93 893
93 491
94 160
94 801
94 803
94 422
94 556
94 561
94 849
94 347
94 752
94 94
94 239
94 434
94 243
94 96
94 509
94 819
94 454
94 758
94 850
94 890
94 402
94 234
94 574
95 782
95 452
95 404
95 788
95 411
95 285
95 416
95 674
95 807
95 186
95 702
95 342
95 410
95 95
95 291
95 316
95 715
95 254
96 248
96 268
96 801
96 803
96 805
96 556
96 301
96 561
96 838
96 712
96 752
96 243
96 422
96 819
96 96
96 347
96 523
96 592
96 484
96 890
96 167
96 439
96 895
97 273
97 145
97 539
97 543
97 297
97 308
97 438
97 184
97 312
97 835
97 237
97 97
97 889
97 541
97 496
97 718
97 126
98 768
98 396
98 542
98 545
98 808
98 176
98 455
98 601
98 863
98 443
98 680
98 364
98 687
98 98
98 452
99 130
99 142
99 655
99 276
99 665
99 294
99 709
99 714
99 593
99 217
99 768
99 472
99 855
99 620
99 99
99 157
99 558
99 617
99 505
99 762
99 177
99 502
100 438
100 389
100 646
100 137
100 777
100 532
100 792
100 156
100 418
100 192
100 587
100 209
100 610
100 721
100 895
100 200
100 366
100 318
100 510
100 112
100 369
101 707
101 516
101 267
101 523
101 551
101 436
101 450
101 580
101 716
101 581
101 128
101 311
101 878
101 511
101 109
101 869
101 433
101 372
101 110
102 161
102 546
102 679
102 563
102 576
102 706
102 452
102 328
102 856
102 730
102 605
102 230
102 586
102 127
102 479
102 477
102 702
102 656
102 191
102 163
103 382
103 262
103 386
103 781
103 783
103 668
103 289
103 602
103 224
103 737
103 770
103 395
103 767
103 105
103 368
103 230
104 641
104 514
104 391
104 201
104 843
104 349
104 358
104 616
104 211
104 104
104 613
104 846
104 623
104 357
104 886
104 559
104 178
104 601
104 755
104 860
105 165
105 770
105 395
105 274
105 277
105 289
105 602
105 858
105 737
105 767
105 668
105 631
105 783
105 861
105 471
105 362
105 368
105 642
106 531
106 662
106 537
106 423
106 425
106 451
106 203
106 333
106 335
106 470
106 475
106 372
106 865
106 344
106 106
106 560
106 367
106 249
106 900
107 515
107 132
107 658
107 796
107 797
107 424
107 690
107 487
107 256
107 750
107 119
107 107
107 241
107 118
107 555
107 573
107 346
107 245
108 398
108 271
108 554
108 827
108 448
108 579
108 205
108 734
108 363
108 255
108 346
108 225
108 713
108 108
108 233
108 823
108 344
108 338
108 471
109 721
109 516
109 267
109 523
109 551
109 174
109 433
109 450
109 716
109 725
109 599
109 869
109 878
109 110
109 360
109 714
109 611
110 219
110 200
110 267
110 523
110 551
110 433
110 436
110 311
110 580
110 716
110 591
110 599
110 725
110 128
110 878
110 270
110 261
111 498
111 582
111 263
111 642
111 415
111 813
111 566
111 442
111 324
111 715
111 622
111 111
111 562
111 417
111 497
112 389
112 646
112 137
112 532
112 192
112 833
112 587
112 852
112 610
112 777
112 112
112 369
112 418
112 366
112 200
112 425
112 682
112 895
112 289
113 827
113 649
113 667
113 669
113 159
113 162
113 802
113 419
113 686
113 817
113 818
113 310
113 589
113 595
113 854
113 604
113 860
113 611
113 687
113 383
114 713
114 132
114 388
114 530
114 540
114 677
114 175
114 183
114 736
114 656
114 361
114 435
114 244
114 286
114 520
115 155
115 771
115 141
115 550
115 295
115 682
115 427
115 302
115 185
115 327
115 458
115 334
115 874
115 619
115 728
115 885
115 634
115 719
115 281
115 736
116 134
116 779
116 441
116 190
116 577
116 199
116 478
116 872
116 583
116 700
116 331
116 722
116 126
116 345
116 315
116 596
116 739
116 869
117 859
117 270
117 528
117 281
117 426
117 321
117 466
117 738
117 226
117 621
117 498
117 409
117 512
117 387
117 117
117 757
117 394
117 810
118 515
118 132
118 517
118 650
118 399
118 555
118 690
118 487
118 242
118 429
118 796
118 658
118 883
118 797
118 236
118 119
118 816
118 333
118 480
119 317
119 515
119 132
119 517
119 650
119 399
119 658
119 796
119 797
119 555
119 429
119 487
119 750
119 119
119 543
120 161
120 679
120 576
120 452
120 328
120 856
120 479
120 630
120 706
120 120
120 586
120 230
120 127
120 546
120 618
120 248
120 669
121 129
121 402
121 326
121 584
121 337
121 723
121 121
121 627
121 754
121 538
121 373
121 488
121 355
121 359
121 651
121 835
121 227
121 500
121 242
122 898
122 644
122 652
122 413
122 158
122 303
122 193
122 596
122 900
122 148
122 170
122 503
122 884
122 490
122 469
122 598
122 654
122 801
122 199
123 493
123 649
123 159
123 818
123 570
123 854
123 860
123 611
123 589
123 669
123 686
123 802
123 882
123 817
123 162
123 123
123 453
123 634
123 235
123 502
124 899
124 263
124 642
124 298
124 813
124 442
124 497
124 324
124 166
124 213
124 692
124 204
124 306
124 566
124 622
124 744
124 599
125 150
125 407
125 798
125 693
125 182
125 703
125 588
125 847
125 247
125 636
125 125
125 785
125 235
125 639
125 221
126 560
126 269
126 567
126 315
126 577
126 583
126 331
126 864
126 872
126 190
126 199
126 722
126 441
126 876
126 408
126 283
127 196
127 576
127 706
127 328
127 586
127 208
127 856
127 486
127 230
127 630
127 679
127 730
127 308
127 274
127 240
128 516
128 267
128 523
128 174
128 433
128 436
128 311
128 580
128 581
128 878
128 511
128 360
128 450
128 725
128 869
128 819
128 304
129 593
129 335
129 584
129 761
129 488
129 836
129 491
129 754
129 206
129 326
129 402
129 337
129 507
129 355
129 359
129 778
129 352
129 723
129 500
129 373
129 137
130 440
130 635
130 323
130 714
130 855
130 844
130 593
130 709
130 142
130 762
130 130
130 505
130 276
130 332
130 825
130 830
130 757
130 665
130 157
130 294
130 472
130 217
130 620
130 768
130 490
131 505
131 654
131 661
131 831
131 519
131 403
131 618
131 558
131 459
131 139
131 394
131 417
131 320
131 131
131 587
131 846
131 536
131 152
131 684
131 428
131 570
131 784
131 462
132 515
132 256
132 245
132 517
132 883
132 750
132 555
132 236
132 796
132 132
132 241
132 658
132 424
132 288
132 399
132 797
132 429
132 690
132 487
132 242
132 878
133 554
133 385
133 339
133 793
133 353
133 412
133 401
133 525
133 275
133 392
133 809
133 146
133 138
133 140
133 154
133 648
133 290
133 155
133 395
133 695
133 278
133 167
133 504
133 811
133 305
134 134
134 864
134 190
134 315
134 700
134 577
134 876
134 199
134 722
134 779
134 478
134 655
134 358
134 567
134 441
134 331
134 345
134 872
135 387
135 738
135 741
135 409
135 281
135 512
135 492
135 483
135 191
135 135
135 757
135 269
135 466
135 321
135 498
135 426
135 270
135 224
135 196
135 528
135 226
135 231
135 621
136 641
136 520
136 616
136 894
136 391
136 259
136 886
136 623
136 843
136 250
136 349
136 357
136 136
136 846
136 836
136 817
136 211
136 544
137 389
137 646
137 195
137 852
137 792
137 209
137 137
137 366
137 532
137 895
137 156
137 721
137 610
137 418
137 777
137 379
137 192
137 839
137 587
137 369
138 648
138 167
138 171
138 799
138 504
138 412
138 385
138 353
138 144
138 140
138 525
138 275
138 138
138 155
138 339
138 169
138 575
138 401
138 154
138 488
139 394
139 164
139 428
139 519
139 828
139 831
139 253
139 403
139 320
139 684
139 711
139 417
139 558
139 618
139 653
139 785
139 661
139 536
139 810
139 351
140 392
140 353
140 339
140 385
140 648
140 278
140 144
140 140
140 171
140 155
140 799
140 412
140 401
140 525
140 809
140 751
140 477
140 146
140 793
140 290
140 350
141 847
141 628
141 875
141 568
141 682
141 334
141 185
141 302
141 771
141 473
141 458
141 728
141 619
141 874
141 427
141 763
141 218
141 550
141 295
141 634
142 157
142 332
142 276
142 709
142 655
142 323
142 635
142 593
142 714
142 762
142 142
142 440
142 620
142 825
142 190
142 151
142 665
142 294
142 844
142 472
142 217
142 768
143 285
143 257
143 356
143 464
143 535
143 739
143 612
143 892
143 637
143 529
143 749
143 548
143 592
143 823
143 639
143 143
143 534
143 432
143 177
143 352
144 385
144 648
144 392
144 525
144 275
144 155
144 412
144 290
144 809
144 278
144 799
144 146
144 154
144 504
144 353
144 144
144 335
144 793
144 570
145 273
145 145
145 835
145 804
145 297
145 153
145 543
145 210
145 308
145 826
145 184
145 438
145 539
145 889
145 219
145 380
145 256
145 158
145 541
145 312
145 850
145 703
145 289
146 385
146 648
146 392
146 525
146 401
146 278
146 167
146 290
146 353
146 809
146 799
146 146
146 412
146 155
146 579
146 642
146 275
146 793
146 154
146 171
146 339
146 504
146 689
146 487
146 172
147 531
147 896
147 335
147 279
147 333
147 475
147 322
147 372
147 603
147 425
147 249
147 865
147 451
147 880
147 203
147 537
147 147
147 338
147 662
147 470
147 402
147 337
147 327
148 759
148 898
148 900
148 644
148 266
148 527
148 659
148 413
148 170
148 158
148 503
148 490
148 148
148 652
148 596
148 844
148 303
148 193
148 884
148 622
149 330
149 483
149 295
149 427
149 185
149 334
149 874
149 302
149 728
149 634
149 682
149 619
149 314
149 473
149 568
149 875
149 628
149 801
149 539
149 550
149 458
149 885
150 205
150 584
150 390
150 265
150 785
150 847
150 588
150 235
150 636
150 798
150 840
150 704
150 703
150 150
150 168
150 520
150 182
150 247
150 891
151 735
151 378
151 643
151 461
151 820
151 625
151 564
151 522
151 830
151 740
151 747
151 254
151 202
151 594
151 821
151 249
151 829
151 172
151 307
151 574
151 462
152 519
152 394
152 653
152 403
152 661
152 536
152 417
152 828
152 164
152 428
152 152
152 810
152 831
152 459
152 684
152 211
152 796
152 711
153 196
153 219
153 153
153 184
153 541
153 835
153 543
153 297
153 308
153 889
153 804
153 539
153 210
153 380
153 796
153 225
153 438
153 312
153 826
153 675
153 821
154 593
154 385
154 648
154 392
154 275
154 278
154 793
154 290
154 167
154 401
154 339
154 353
154 504
154 412
154 393
154 218
154 723
154 251
155 648
155 392
155 525
155 275
155 809
155 167
155 793
155 278
155 353
155 171
155 385
155 155
155 654
155 339
155 504
155 455
155 261
156 210
156 389
156 646
156 532
156 792
156 418
156 839
156 852
156 195
156 192
156 209
156 156
156 721
156 777
156 464
156 359
156 833
156 587
156 788
156 891
156 287
157 655
157 665
157 472
157 157
157 276
157 762
157 332
157 323
157 714
157 620
157 217
157 709
157 844
157 855
157 412
157 516
157 440
157 825
157 593
157 635
157 833
157 808
158 394
158 898
158 900
158 652
158 469
158 596
158 746
158 158
158 644
158 490
158 573
158 797
158 694
158 681
158 170
158 598
158 884
158 503
158 387
159 649
159 669
159 818
159 595
159 691
159 860
159 570
159 611
159 817
159 383
159 802
159 589
159 854
159 604
159 882
159 809
159 495
159 419
159 476
160 268
160 180
160 301
160 712
160 801
160 805
160 454
160 484
160 890
160 347
160 509
160 838
160 803
160 422
160 239
160 434
160 243
160 740
160 290
160 556
160 819
160 849
160 752
160 372
160 675
160 726
160 411
161 500
161 679
161 706
161 563
161 208
161 856
161 477
161 605
161 161
161 328
161 576
161 486
161 739
161 491
161 546
161 586
161 730
161 479
161 230
161 630
162 882
162 817
162 611
162 419
162 667
162 595
162 476
162 669
162 686
162 860
162 691
162 383
162 570
162 604
162 310
162 649
162 454
162 890
163 650
163 772
163 518
163 264
163 397
163 287
163 748
163 837
163 549
163 672
163 163
163 553
163 370
163 256
163 832
163 857
163 607
163 496
163 629
164 519
164 394
164 654
164 417
164 661
164 428
164 558
164 253
164 403
164 164
164 320
164 536
164 653
164 810
164 353
164 776
164 828
164 459
165 688
165 610
165 261
165 262
165 272
165 784
165 787
165 789
165 663
165 408
165 222
165 732
165 234
165 745
165 868
165 695
165 863
165 437
165 575
165 727
165 218
166 734
166 661
166 414
166 415
166 298
166 566
166 899
166 622
166 204
166 213
166 497
166 642
166 306
166 166
166 196
166 383
166 562
166 692
166 324
167 385
167 648
167 392
167 525
167 401
167 278
167 799
167 290
167 809
167 171
167 353
167 339
167 412
167 395
167 894
167 615
168 746
168 388
168 647
168 656
168 530
168 786
168 666
168 540
168 286
168 677
168 183
168 489
168 175
168 435
168 507
168 270
168 565
168 867
169 316
169 258
169 283
169 614
169 582
169 756
169 169
169 232
169 871
169 694
169 870
169 393
169 207
169 759
169 300
169 812
169 698
169 197
169 212
170 477
170 900
170 266
170 652
170 527
170 413
170 746
170 503
170 573
170 681
170 469
170 303
170 490
170 644
170 701
170 280
170 598
171 648
171 401
171 278
171 793
171 290
171 809
171 275
171 385
171 799
171 412
171 525
171 353
171 171
171 339
171 504
171 410
172 774
172 820
172 569
172 564
172 866
172 740
172 830
172 821
172 574
172 202
172 625
172 461
172 760
172 594
172 276
172 307
172 462
172 254
173 526
173 533
173 406
173 544
173 811
173 547
173 173
173 414
173 381
173 824
173 330
173 465
173 378
173 444
173 382
173 717
173 499
173 754
173 615
173 689
173 585
173 600
173 216
173 640
174 516
174 551
174 869
174 878
174 716
174 436
174 311
174 360
174 511
174 599
174 523
174 450
174 267
174 174
174 752
174 580
174 581
175 285
175 388
175 647
175 530
175 786
175 666
175 286
175 736
175 183
175 656
175 361
175 565
175 435
175 692
175 753
176 711
176 542
176 545
176 680
176 687
176 474
176 364
176 455
176 863
176 460
176 859
176 699
176 350
176 862
176 397
176 651
176 601
177 449
177 833
177 535
177 790
177 432
177 229
177 592
177 534
177 823
177 572
177 257
177 892
177 177
177 612
177 365
177 464
177 352
177 749
177 375
178 369
178 780
178 657
178 282
178 678
178 296
178 299
178 710
178 834
178 521
178 845
178 178
178 181
178 651
178 292
178 468
178 827
178 837
178 445
178 708
178 251
178 503
179 520
179 800
179 675
179 806
179 552
179 688
179 887
179 288
179 753
179 318
179 671
179 615
179 751
179 221
179 705
179 493
179 333
179 612
179 726
179 223
179 575
180 768
180 268
180 803
180 805
180 301
180 434
180 484
180 239
180 422
180 838
180 801
180 561
180 454
180 509
180 556
180 890
180 180
180 205
180 347
181 282
181 673
181 292
181 678
181 296
181 299
181 845
181 181
181 834
181 468
181 480
181 657
181 446
181 708
181 848
181 780
181 635
181 819
181 445
181 729
181 879
181 522
182 495
182 303
182 390
182 265
182 785
182 235
182 374
182 693
182 407
182 247
182 182
182 704
182 798
182 703
182 736
182 264
182 840
183 282
183 388
183 647
183 656
183 530
183 540
183 286
183 435
183 565
183 677
183 666
183 489
183 244
183 700
183 508
184 539
184 804
184 297
184 237
184 850
184 196
184 438
184 380
184 219
184 312
184 889
184 308
184 826
184 716
184 829
184 210
184 409
184 569
185 680
185 771
185 295
185 427
185 473
185 568
185 302
185 334
185 885
185 728
185 619
185 875
185 458
185 634
185 314
185 348
185 686
185 628
186 403
186 486
186 405
186 788
186 411
186 285
186 814
186 888
186 674
186 702
186 807
186 664
186 420
186 510
186 186
186 348
186 342
186 324
187 293
187 697
187 897
187 633
187 626
187 341
187 744
187 676
187 351
187 187
187 759
187 449
187 456
187 343
187 829
187 219
187 316
187 469
188 735
188 404
188 405
188 664
188 416
188 674
188 420
188 814
188 557
188 788
188 285
188 609
188 188
188 638
188 633
188 426
188 213
189 776
189 782
189 421
189 430
189 313
189 571
189 685
189 769
189 597
189 194
189 189
189 340
189 246
189 815
189 463
189 282
189 789
189 877
189 611
189 199
190 701
190 700
190 583
190 478
190 441
190 199
190 722
190 345
190 876
190 315
190 742
190 629
190 631
190 872
190 377
191 561
191 754
191 387
191 269
191 281
191 426
191 738
191 228
191 191
191 226
191 409
191 231
191 741
191 498
191 252
191 553
191 466
191 483
191 492
191 621
192 571
192 754
192 532
192 792
192 200
192 195
192 418
192 833
192 389
192 366
192 852
192 209
192 587
192 839
192 343
192 739
192 721
192 369
192 572
193 900
193 644
193 266
193 652
193 527
193 659
193 413
193 596
193 490
193 598
193 573
193 193
193 898
193 746
193 434
193 614
193 469
193 884
193 503
193 770
193 743
194 782
194 815
194 560
194 313
194 447
194 431
194 463
194 246
194 877
194 340
194 769
194 597
194 776
194 248
194 629
194 575
194 611
195 822
195 532
195 792
195 418
195 721
195 610
195 200
195 389
195 366
195 587
195 833
195 777
195 895
195 412
195 839
195 369
196 556
196 543
196 297
196 308
196 438
196 312
196 835
196 850
196 539
196 889
196 237
196 541
196 219
196 513
196 380
197 662
197 283
197 300
197 765
197 812
197 305
197 232
197 197
197 258
197 207
197 212
197 694
197 241
197 366
197 582
197 871
197 614
197 506
198 526
198 533
198 414
198 544
198 547
198 689
198 824
198 499
198 724
198 330
198 378
198 585
198 406
198 465
198 444
198 600
198 811
198 640
198 345
198 863
198 717
198 381
198 382
198 649
199 779
199 700
199 577
199 583
199 478
199 864
199 876
199 315
199 441
199 331
199 742
199 567
199 722
199 482
200 662
200 389
200 646
200 792
200 418
200 833
200 839
200 777
200 366
200 721
200 895
200 587
200 209
200 490
200 852
200 668
201 641
201 514
201 391
201 349
201 211
201 617
201 201
201 358
201 886
201 616
201 894
201 520
201 846
201 250
201 694
201 570
201 843
201 357
201 623
202 774
202 522
202 821
202 461
202 462
202 574
202 643
202 594
202 820
202 830
202 740
202 307
202 760
202 654
202 215
202 747
203 531
203 662
203 279
203 322
203 451
203 603
203 880
203 865
203 896
203 344
203 367
203 537
203 372
203 721
203 310
203 333
203 470
203 249
203 678
204 660
204 679
204 703
204 263
204 415
204 562
204 566
204 324
204 298
204 813
204 715
204 497
204 442
204 204
204 896
204 213
205 398
205 271
205 660
205 713
205 733
205 448
205 205
205 734
205 400
205 346
205 255
205 579
205 363
205 631
205 358
205 304
206 778
206 402
206 538
206 326
206 507
206 355
206 227
206 500
206 761
206 206
206 373
206 754
206 359
206 668
206 257
206 337
206 723
206 404
206 567
207 766
207 258
207 393
207 283
207 300
207 305
207 694
207 698
207 582
207 638
207 232
207 212
207 756
207 775
207 870
207 614
208 546
208 679
208 563
208 706
208 328
208 586
208 486
208 730
208 479
208 230
208 576
208 630
208 477
208 617
208 502
208 856
208 605
208 483
208 893
209 389
209 646
209 777
209 792
209 833
209 839
209 587
209 721
209 610
209 209
209 366
209 499
209 238
209 852
209 369
209 354
209 745
209 767
209 622
210 273
210 539
210 541
210 543
210 804
210 297
210 438
210 312
210 826
210 835
210 850
210 219
210 308
210 235
210 237
211 641
211 514
211 259
211 795
211 843
211 846
211 211
211 613
211 358
211 391
211 520
211 349
211 529
211 616
211 886
211 250
211 826
211 292
212 444
212 750
212 258
212 393
212 283
212 300
212 812
212 694
212 870
212 698
212 756
212 802
212 614
212 506
212 765
212 638
213 343
213 718
213 899
213 263
213 642
213 415
213 298
213 562
213 692
213 324
213 622
213 619
214 897
214 260
214 676
214 316
214 449
214 456
214 341
214 343
214 439
214 735
214 697
214 851
214 214
214 626
214 293
214 474
214 351
214 744
214 371
214 633
214 528
215 563
215 390
215 265
215 785
215 407
215 693
215 704
215 707
215 588
215 847
215 840
215 215
215 247
215 374
215 636
215 798
215 886
215 601
215 235
215 881
215 891
215 331
216 804
216 533
216 414
216 544
216 811
216 689
216 822
216 330
216 717
216 547
216 600
216 526
216 444
216 499
216 465
216 378
216 382
216 361
216 792
217 276
217 294
217 440
217 323
217 714
217 844
217 855
217 472
217 825
217 332
217 655
217 505
217 635
217 640
217 620
217 762
217 768
217 890
217 335
218 347
218 364
218 261
218 272
218 663
218 408
218 437
218 727
218 494
218 222
218 789
218 238
218 745
218 787
218 491
218 341
218 286
219 273
219 541
219 804
219 297
219 312
219 826
219 380
219 889
219 539
219 237
219 714
219 738
219 666
220 524
220 794
220 457
220 842
220 718
220 590
220 645
220 481
220 220
220 354
220 495
220 763
220 606
220 624
220 772
220 730
220 755
221 225
221 671
221 288
221 552
221 688
221 318
221 753
221 806
221 705
221 701
221 887
221 221
221 800
221 726
221 345
221 525
221 223
221 764
222 261
222 262
222 272
222 784
222 787
222 663
222 408
222 575
222 732
222 731
222 280
222 222
222 437
222 745
222 819
222 866
222 868
222 234
223 271
223 671
223 800
223 675
223 688
223 701
223 318
223 705
223 726
223 764
223 887
223 615
223 766
223 288
223 399
223 891
223 493
223 751
223 375
224 775
224 783
224 668
224 670
224 289
224 858
224 348
224 861
224 368
224 377
224 274
224 395
224 781
224 767
224 418
224 702
225 398
225 554
225 827
225 317
225 448
225 719
225 733
225 734
225 225
225 501
225 233
225 660
225 579
225 713
225 255
225 532
225 691
226 545
226 847
226 387
226 269
226 528
226 409
226 321
226 466
226 738
226 498
226 492
226 228
226 483
226 281
226 559
226 301
226 741
226 283
227 778
227 538
227 836
227 326
227 584
227 337
227 355
227 227
227 761
227 507
227 373
227 723
227 760
227 488
227 627
228 387
228 270
228 528
228 409
228 281
228 426
228 466
228 621
228 231
228 512
228 228
228 498
228 757
228 738
228 515
228 317
228 741
228 483
228 252
229 538
229 257
229 529
229 548
229 572
229 352
229 432
229 375
229 534
229 612
229 892
229 535
229 229
229 637
229 739
229 758
229 268
229 365
230 706
230 452
230 328
230 730
230 479
230 230
230 679
230 586
230 605
230 290
230 441
230 530
231 387
231 269
231 528
231 409
231 426
231 321
231 483
231 741
231 757
231 621
231 738
231 466
231 231
231 492
231 807
231 634
231 252
232 271
232 393
232 283
232 300
232 305
232 582
232 870
232 871
232 614
232 232
232 698
232 258
232 702
232 896
232 756
233 398
233 271
233 400
233 660
233 317
233 579
233 719
233 346
233 733
233 734
233 363
233 827
233 448
233 554
233 713
233 449
233 867
233 501
233 776
233 641
233 668
234 449
234 879
234 818
234 262
234 272
234 784
234 408
234 280
234 695
234 727
234 731
234 745
234 437
234 494
234 334
235 413
235 785
235 407
235 798
235 693
235 840
235 636
235 265
235 247
235 588
235 891
235 704
235 809
235 875
236 515
236 650
236 796
236 424
236 555
236 429
236 517
236 690
236 236
236 883
236 399
236 241
236 797
236 242
236 514
236 543
236 857
236 775
237 273
237 541
237 543
237 835
237 438
237 312
237 308
237 850
237 826
237 297
237 771
237 485
237 749
237 845
238 384
238 261
238 262
238 784
238 787
238 663
238 575
238 727
238 732
238 745
238 494
238 437
238 280
238 695
238 731
238 823
238 370
239 268
239 801
239 803
239 556
239 301
239 819
239 454
239 712
239 239
239 484
239 243
239 422
239 838
239 849
239 736
239 562
239 752
239 260
239 526
239 411
240 332
240 504
240 396
240 542
240 545
240 808
240 680
240 443
240 455
240 460
240 601
240 474
240 859
240 862
240 364
240 740
240 758
240 370
241 719
241 515
241 517
241 399
241 797
241 424
241 555
241 429
241 690
241 487
241 750
241 650
241 241
241 359
241 242
242 517
242 658
242 555
242 429
242 487
242 796
242 650
242 883
242 256
242 242
242 750
242 245
242 827
242 621
242 516
243 268
243 801
243 803
243 422
243 556
243 561
243 434
243 819
243 454
243 838
243 712
243 347
243 805
243 849
243 831
244 530
244 786
244 666
244 540
244 286
244 435
244 565
244 647
244 867
244 244
244 677
244 361
244 437
244 821
245 685
245 515
245 650
245 658
245 424
245 555
245 690
245 750
245 883
245 399
245 256
245 797
245 245
245 588
245 480
245 266
246 776
246 782
246 685
246 430
246 431
246 571
246 447
246 340
246 560
246 248
246 463
246 313
246 877
246 570
247 796
247 555
247 390
247 265
247 407
247 798
247 693
247 703
247 704
247 636
247 588
247 260
247 880
247 258
247 311
248 769
248 776
248 782
248 560
248 431
248 313
248 447
248 463
248 597
248 430
248 571
248 815
248 340
248 697
248 488
248 794
248 609
248 572
249 425
249 333
249 344
249 475
249 603
249 880
249 372
249 537
249 423
249 662
249 451
249 322
249 279
249 667
249 478
249 788
249 670
250 641
250 514
250 259
250 520
250 843
250 846
250 358
250 617
250 623
250 886
250 391
250 795
250 349
250 894
250 692
250 529
251 521
251 651
251 780
251 282
251 673
251 296
251 309
251 708
251 710
251 834
251 292
251 678
251 299
251 446
251 879
251 729
251 657
251 713
251 287
252 387
252 269
252 270
252 409
252 426
252 321
252 738
252 741
252 492
252 621
252 757
252 252
252 483
252 830
253 519
253 394
253 654
253 828
253 831
253 320
253 459
253 711
253 661
253 558
253 618
253 653
253 536
253 428
253 543
253 386
253 429
253 644
253 302
254 308
254 637
254 643
254 774
254 522
254 307
254 564
254 821
254 461
254 866
254 594
254 747
254 830
254 625
254 268
254 775
255 398
255 400
255 660
255 554
255 827
255 317
255 448
255 579
255 713
255 719
255 346
255 733
255 608
255 616
255 842
256 537
256 293
256 517
256 399
256 658
256 796
256 797
256 424
256 555
256 429
256 690
256 487
256 408
256 679
256 673
257 352
257 529
257 639
257 892
257 612
257 823
257 534
257 375
257 592
257 572
257 637
257 257
257 356
257 385
257 578
257 535
257 790
257 739
257 485
257 523
258 494
258 300
258 870
258 582
258 812
258 506
258 694
258 305
258 258
258 765
258 283
258 614
258 690
258 393
258 698
258 756
258 638
258 267
259 514
259 894
259 613
259 617
259 259
259 795
259 846
259 357
259 391
259 349
259 886
259 623
259 358
259 641
259 763
259 843
260 317
260 744
260 897
260 449
260 626
260 759
260 633
260 341
260 343
260 851
260 316
260 791
260 697
260 676
260 456
260 607
260 439
260 829
260 351
260 735
260 371
260 602
260 559
261 575
261 261
261 868
261 408
261 727
261 789
261 731
261 695
261 784
261 663
261 745
261 732
261 286
261 787
261 437
262 865
262 846
262 589
262 280
262 732
262 784
262 437
262 789
262 727
262 494
262 408
262 731
262 272
262 792
263 313
263 415
263 622
263 899
263 497
263 715
263 324
263 263
263 692
263 442
263 367
263 841
263 562
263 306
263 566
264 370
264 553
264 672
264 397
264 362
264 287
264 496
264 772
264 518
264 857
264 284
264 629
264 264
264 550
264 549
264 832
264 837
264 607
264 748
265 697
265 785
265 798
265 881
265 636
265 588
265 407
265 390
265 847
265 703
265 587
265 888
265 693
265 704
265 707
265 840
265 374
265 345
265 393
266 898
266 900
266 644
266 573
266 884
266 652
266 266
266 746
266 469
266 303
266 598
266 391
266 681
267 626
267 516
267 436
267 869
267 580
267 591
267 511
267 551
267 450
267 725
267 716
267 360
267 727
267 523
267 433
267 311
267 581
267 599
268 803
268 556
268 347
268 805
268 422
268 454
268 819
268 301
268 712
268 849
268 484
268 890
268 838
268 893
268 537
268 801
268 561
268 752
268 842
268 720
268 478
269 387
269 528
269 281
269 466
269 492
269 269
269 270
269 321
269 483
269 498
269 757
269 426
269 846
269 738
270 528
270 621
270 512
270 387
270 281
270 270
270 409
270 738
270 498
270 492
270 483
270 592
270 321
270 466
270 741
270 757
271 398
271 400
271 448
271 660
271 579
271 554
271 713
271 733
271 317
271 734
271 363
271 501
271 827
271 346
271 889
272 620
272 425
272 280
272 695
272 789
272 868
272 727
272 437
272 732
272 787
272 731
272 646
272 508
272 663
272 745
272 494
273 438
273 273
273 380
273 308
273 543
273 835
273 297
273 850
273 541
273 477
273 542
273 804
273 312
274 608
274 648
274 386
274 395
274 781
274 783
274 770
274 348
274 377
274 767
274 737
274 668
274 670
274 274
274 841
274 671
274 602
274 861
274 368
274 489
275 385
275 648
275 392
275 799
275 793
275 339
275 275
275 525
275 401
275 353
275 308
275 492
275 278
275 412
276 593
276 855
276 825
276 505
276 276
276 323
276 440
276 655
276 472
276 332
276 294
276 768
276 714
276 629
276 536
276 709
276 762
276 838
276 596
277 836
277 741
277 496
277 345
277 770
277 775
277 395
277 783
277 348
277 289
277 767
277 631
277 861
277 602
277 670
277 405
277 606
277 858
278 385
278 392
278 525
278 412
278 793
278 648
278 504
278 290
278 353
278 839
278 339
278 600
279 662
279 451
279 896
279 537
279 603
279 372
279 367
279 423
279 344
279 279
279 470
279 865
279 880
279 475
279 333
279 339
279 724
280 571
280 810
280 777
280 784
280 787
280 789
280 408
280 868
280 727
280 695
280 575
280 732
280 663
280 347
280 731
280 494
281 333
281 387
281 528
281 498
281 492
281 757
281 281
281 512
281 321
281 741
281 738
281 373
281 441
282 293
282 521
282 651
282 657
282 292
282 282
282 780
282 296
282 445
282 845
282 879
282 673
282 468
282 548
282 309
282 446
282 834
282 710
282 480
283 341
283 393
283 506
283 812
283 305
283 765
283 871
283 870
283 283
283 614
283 756
283 638
284 365
284 772
284 397
284 549
284 857
284 837
284 607
284 672
284 748
284 832
284 496
284 362
284 629
284 370
284 518
284 780
284 287
285 313
285 405
285 788
285 664
285 410
285 888
285 342
285 702
285 420
285 285
285 510
285 674
285 557
285 609
285 416
285 291
285 807
286 388
286 647
286 656
286 530
286 786
286 540
286 677
286 666
286 736
286 730
286 867
286 489
286 361
287 772
287 397
287 629
287 370
287 857
287 287
287 549
287 832
287 672
287 607
287 553
287 362
287 748
287 581
288 671
288 701
288 766
288 751
288 615
288 800
288 552
288 688
288 705
288 318
288 806
288 288
288 726
288 753
288 887
288 868
288 675
288 764
289 386
289 770
289 781
289 668
289 670
289 395
289 775
289 858
289 289
289 861
289 767
289 631
289 377
290 525
290 401
290 793
290 799
290 385
290 648
290 412
290 504
290 532
290 497
290 339
290 378
290 640
290 686
291 597
291 484
291 515
291 404
291 405
291 788
291 664
291 411
291 674
291 702
291 410
291 609
291 416
291 557
291 342
291 422
291 789
291 807
292 521
292 651
292 780
292 657
292 673
292 292
292 309
292 299
292 445
292 296
292 845
292 729
292 446
292 848
292 678
292 834
292 710
293 897
293 791
293 439
293 744
293 371
293 626
293 759
293 676
293 851
293 341
293 351
293 829
293 449
293 633
293 697
293 316
294 665
294 294
294 323
294 825
294 844
294 635
294 593
294 855
294 332
294 714
294 709
294 504
294 440
294 805
294 674
294 743
295 771
295 728
295 874
295 334
295 550
295 302
295 634
295 875
295 327
295 628
295 427
295 682
295 363
295 701
295 568
295 314
295 458
295 473
295 783
295 696
296 657
296 673
296 299
296 296
296 848
296 445
296 678
296 468
296 710
296 780
296 729
296 651
296 520
296 537
296 446
296 834
296 708
296 879
297 539
297 541
297 543
297 380
297 438
297 297
297 889
297 402
297 566
297 308
297 826
297 835
298 556
298 699
298 718
298 642
298 415
298 442
298 298
298 692
298 813
298 622
298 324
298 546
298 826
298 562
298 306
298 566
298 497
299 521
299 651
299 657
299 678
299 729
299 834
299 710
299 446
299 848
299 673
299 879
299 309
299 708
299 468
299 416
299 382
299 445
299 845
299 480
299 315
300 393
300 638
300 812
300 765
300 698
300 300
300 871
300 614
300 305
300 613
300 772
300 694
300 582
300 756
300 506
301 801
301 803
301 805
301 422
301 556
301 752
301 509
301 819
301 890
301 849
301 347
301 484
301 838
301 319
301 713
301 454
301 314
302 531
302 370
302 771
302 550
302 427
302 728
302 628
302 302
302 568
302 458
302 634
302 348
302 473
303 652
303 659
303 413
303 681
303 303
303 527
303 573
303 884
303 900
303 598
303 503
303 724
303 596
303 746
303 490
304 683
304 559
304 336
304 482
304 696
304 325
304 502
304 853
304 319
304 632
304 304
304 743
304 379
304 893
304 453
304 508
304 384
304 841
304 329
305 672
305 393
305 812
305 871
305 506
305 870
305 765
305 694
305 305
305 659
305 582
305 756
306 670
306 899
306 642
306 415
306 813
306 562
306 306
306 324
306 497
306 715
306 446
306 438
306 692
307 643
307 574
307 522
307 625
307 564
307 462
307 569
307 830
307 747
307 594
307 774
307 820
307 513
307 382
307 461
308 539
308 543
308 889
308 826
308 804
308 850
308 380
308 541
308 438
308 348
308 312
309 521
309 780
309 657
309 673
309 879
309 678
309 729
309 708
309 309
309 834
309 480
309 845
309 445
309 310
309 454
309 446
309 710
309 848
310 337
310 617
310 649
310 667
310 669
310 802
310 419
310 686
310 817
310 818
310 691
310 882
310 476
310 584
310 589
310 595
310 604
310 860
310 492
311 516
311 523
311 551
311 436
311 311
311 869
311 878
311 716
311 511
311 433
311 581
311 639
311 450
311 591
311 360
312 539
312 541
312 438
312 826
312 835
312 543
312 444
312 736
312 850
312 885
313 501
313 769
313 782
313 685
313 560
313 431
313 340
313 571
313 313
313 447
313 776
313 463
313 877
314 561
314 856
314 771
314 550
314 682
314 427
314 327
314 628
314 314
314 875
314 619
314 458
314 334
314 410
314 473
314 594
315 438
315 545
315 779
315 567
315 478
315 577
315 876
315 441
315 315
315 345
315 331
315 322
315 700
315 583
315 722
315 872
316 897
316 791
316 676
316 439
316 351
316 759
316 343
316 744
316 829
316 456
316 371
316 697
316 870
316 851
316 735
316 626
316 633
317 398
317 400
317 554
317 608
317 733
317 501
317 827
317 317
317 346
317 579
317 713
317 448
317 533
318 400
318 373
318 800
318 675
318 806
318 552
318 688
318 701
318 671
318 764
318 887
318 751
318 547
318 736
318 705
318 615
318 873
318 493
318 753
319 683
319 559
319 578
319 743
319 325
319 508
319 336
319 453
319 502
319 379
319 376
319 482
319 696
319 380
319 624
319 841
319 329
319 853
319 471
319 485
320 519
320 653
320 654
320 661
320 536
320 417
320 684
320 428
320 831
320 828
320 320
320 558
320 798
320 459
320 382
321 387
321 528
321 498
321 466
321 409
321 621
321 512
321 492
321 738
321 679
321 379
321 741
321 483
321 781
322 662
322 423
322 372
322 367
322 475
322 322
322 537
322 603
322 880
322 896
322 344
322 865
322 451
322 524
322 333
322 335
322 470
322 839
322 369
322 882
322 663
323 655
323 665
323 440
323 825
323 714
323 505
323 709
323 855
323 620
323 635
323 332
323 844
323 401
323 511
323 593
323 768
324 569
324 329
324 899
324 642
324 415
324 813
324 566
324 442
324 715
324 497
324 785
325 559
325 816
325 578
325 841
325 502
325 379
325 482
325 376
325 329
325 893
325 471
325 508
325 853
325 683
325 563
325 666
325 336
325 743
326 402
326 538
326 836
326 754
326 723
326 491
326 584
326 500
326 761
326 337
326 355
326 359
326 345
326 514
326 373
326 507
327 771
327 682
327 427
327 568
327 473
327 875
327 634
327 327
327 728
327 628
327 334
327 550
327 358
327 619
328 546
328 576
328 706
328 630
328 730
328 479
328 856
328 605
328 477
328 452
328 359
328 481
328 586
328 334
329 576
329 696
329 578
329 329
329 508
329 471
329 485
329 379
329 376
329 853
329 632
329 745
330 533
330 406
330 547
330 689
330 822
330 824
330 444
330 585
330 526
330 465
330 330
330 600
330 414
330 717
330 499
330 814
331 549
331 779
331 567
331 441
331 577
331 583
331 700
331 478
331 742
331 345
331 872
331 864
332 655
332 714
332 593
332 635
332 762
332 505
332 768
332 709
332 825
332 620
332 855
332 332
332 472
332 830
332 781
332 841
333 531
333 537
333 423
333 425
333 451
333 865
333 344
333 367
333 662
333 475
333 372
333 424
333 470
333 603
333 406
333 413
334 849
334 787
334 771
334 682
334 728
334 473
334 875
334 874
334 628
335 531
335 537
335 423
335 451
335 603
335 470
335 344
335 335
335 475
335 367
335 425
335 896
335 566
336 577
336 683
336 696
336 841
336 471
336 508
336 816
336 485
336 743
336 482
336 376
336 578
336 453
336 375
336 876
336 502
336 632
336 450
337 778
337 836
337 761
337 402
337 359
337 627
337 754
337 337
337 538
337 488
337 723
337 491
337 507
338 712
338 645
338 773
338 524
338 718
338 720
338 495
338 590
338 384
338 457
338 513
338 338
338 606
338 481
338 354
338 624
338 814
339 752
339 648
339 525
339 401
339 412
339 799
339 793
339 568
339 816
339 529
340 769
340 430
340 815
340 560
340 431
340 447
340 776
340 597
340 782
340 340
340 604
340 877
340 460
340 388
341 897
341 791
341 439
341 456
341 851
341 744
341 697
341 351
341 371
341 735
341 759
341 676
341 626
342 626
342 404
342 405
342 410
342 416
342 674
342 807
342 557
342 609
342 702
342 510
342 512
342 888
342 881
343 367
343 897
343 791
343 676
343 697
343 449
343 456
343 851
343 829
343 735
343 351
343 633
343 439
343 371
343 805
343 744
344 531
344 662
344 537
344 423
344 425
344 470
344 451
344 372
344 880
344 603
344 381
344 637
344 865
344 896
345 779
345 441
345 872
345 876
345 583
345 567
345 345
345 864
346 400
346 660
346 554
346 827
346 448
346 579
346 713
346 719
346 608
346 501
346 789
346 734
346 363
346 699
346 551
347 801
347 803
347 561
347 434
347 454
347 849
347 890
347 347
347 422
347 805
347 712
347 786
347 752
347 475
347 835
348 770
348 395
348 783
348 668
348 670
348 602
348 858
348 775
348 767
348 835
348 368
349 514
349 520
349 846
349 641
349 623
349 349
349 843
349 357
349 795
349 679
349 431
349 469
350 355
350 396
350 542
350 545
350 680
350 699
350 443
350 455
350 460
350 601
350 474
350 859
350 364
350 417
350 862
350 863
351 897
351 791
351 439
351 697
351 449
351 851
351 633
351 829
351 759
351 771
351 510
351 575
352 534
352 535
352 790
352 823
352 592
352 432
352 892
352 548
352 637
352 739
352 749
352 352
352 828
352 612
352 365
352 375
352 639
353 385
353 392
353 401
353 793
353 412
353 799
353 809
353 726
353 639
354 645
354 773
354 524
354 457
354 718
354 590
354 467
354 606
354 481
354 513
354 755
354 384
354 720
354 624
354 521
355 425
355 778
355 538
355 836
355 584
355 373
355 488
355 402
355 500
355 723
355 491
355 359
355 754
355 761
355 687
355 637
356 477
356 529
356 534
356 535
356 790
356 548
356 432
356 464
356 592
356 823
356 639
356 612
356 637
356 356
356 749
356 707
356 689
356 375
356 892
357 423
357 514
357 391
357 795
357 846
357 613
357 894
357 520
357 641
357 616
357 843
357 442
357 367
357 886
358 641
358 514
358 391
358 520
358 795
358 843
358 613
358 358
358 617
358 886
358 782
358 894
358 519
358 798
358 700
359 402
359 584
359 723
359 491
359 373
359 488
359 538
359 836
359 627
359 457
359 754
360 654
360 682
360 458
360 516
360 523
360 433
360 436
360 450
360 580
360 591
360 725
360 869
360 599
360 878
360 857
360 742
361 388
361 647
361 656
361 530
361 786
361 666
361 677
361 489
361 361
361 736
361 540
361 630
361 542
362 772
362 518
362 672
362 553
362 832
362 496
362 370
362 837
362 397
362 629
362 721
362 748
363 400
363 660
363 579
363 713
363 719
363 734
363 608
363 398
363 554
363 733
363 448
363 855
363 710
363 535
363 588
364 396
364 808
364 680
364 699
364 443
364 455
364 460
364 601
364 474
364 859
364 862
364 863
364 415
364 737
365 529
365 535
365 548
365 432
365 592
365 612
365 749
365 739
365 639
365 365
365 464
365 572
365 534
365 885
365 892
366 389
366 777
366 532
366 418
366 839
366 587
366 610
366 721
366 852
366 646
366 455
366 813
366 369
366 706
366 445
367 531
367 662
367 537
367 423
367 425
367 451
367 470
367 603
367 865
367 367
367 824
367 515
368 386
368 770
368 775
368 781
368 668
368 670
368 602
368 861
368 737
368 377
368 631
368 368
368 716
368 455
369 777
369 839
369 721
369 587
369 532
369 833
369 646
369 895
369 418
370 819
370 772
370 672
370 549
370 607
370 397
370 832
370 748
370 629
371 897
371 791
371 676
371 439
371 697
371 851
371 735
371 626
371 829
371 449
371 758
371 699
371 658
371 750
371 729
371 874
372 531
372 662
372 537
372 423
372 451
372 603
372 880
372 425
372 580
373 778
373 402
373 538
373 584
373 491
373 627
373 500
373 507
373 754
373 488
373 767
373 761
374 785
374 407
374 693
374 703
374 588
374 374
374 840
374 881
374 390
374 636
374 891
374 798
374 847
374 633
374 729
375 579
375 894
375 529
375 534
375 432
375 823
375 572
375 592
375 749
375 892
375 790
375 464
375 528
376 445
376 598
376 683
376 559
376 816
376 696
376 853
376 471
376 632
376 485
376 841
376 893
376 453
376 599
376 442
376 743
377 543
377 532
377 770
377 395
377 781
377 783
377 668
377 861
377 737
377 631
377 602
377 377
377 847
378 623
378 403
378 526
378 533
378 414
378 544
378 547
378 811
378 689
378 824
378 444
378 585
378 465
378 406
378 724
379 527
379 578
379 471
379 743
379 632
379 841
379 379
379 559
379 482
379 446
379 823
379 893
379 591
380 541
380 543
380 438
380 835
380 850
380 889
380 380
380 755
380 683
381 804
381 526
381 533
381 406
381 544
381 547
381 822
381 444
381 717
381 465
381 600
381 724
381 811
381 824
381 640
381 445
381 382
381 489
382 526
382 533
382 406
382 414
382 544
382 547
382 811
382 689
382 444
382 585
382 724
382 600
382 465
382 499
383 649
383 667
383 669
383 802
383 686
383 818
383 691
383 589
383 595
383 476
383 882
383 860
383 383
384 389
384 513
384 645
384 524
384 794
384 590
384 720
384 624
384 755
384 763
384 718
384 467
384 842
384 495
384 588
384 485
385 392
385 648
385 793
385 385
385 525
385 401
385 799
385 809
385 412
385 629
385 787
385 504
386 896
386 624
386 609
386 595
386 668
386 781
386 602
386 631
386 770
386 767
386 386
386 395
386 556
386 571
386 775
386 670
386 861
387 387
387 741
387 409
387 528
387 621
387 426
387 738
387 470
387 492
387 512
388 732
388 656
388 786
388 867
388 388
388 666
388 530
388 489
388 647
388 540
388 677
388 435
389 456
389 895
389 792
389 646
389 721
389 833
389 532
389 610
389 852
389 407
389 777
389 839
390 455
390 707
390 891
390 407
390 847
390 881
390 390
390 703
390 636
390 840
390 461
390 693
390 704
390 588
390 715
391 514
391 617
391 623
391 846
391 613
391 795
391 886
391 641
391 391
391 742
391 581
391 520
392 648
392 793
392 799
392 809
392 392
392 525
392 401
392 453
392 765
392 412
393 698
393 638
393 393
393 871
393 812
393 614
393 870
393 694
393 582
393 756
394 519
394 653
394 828
394 684
394 558
394 536
394 810
394 618
394 831
394 459
394 417
394 394
394 654
394 403
394 661
395 770
395 775
395 781
395 737
395 767
395 602
395 395
395 668
395 723
395 571
395 783
395 858
395 861
395 599
396 545
396 863
396 542
396 396
396 758
396 808
396 455
396 474
396 680
396 627
396 553
396 687
396 443
396 460
396 601
396 862
396 817
396 813
397 772
397 496
397 672
397 518
397 857
397 553
397 397
397 621
397 750
397 832
397 837
397 748
398 501
398 713
398 719
398 733
398 554
398 827
398 660
398 734
398 579
398 841
398 739
398 400
398 608
398 652
399 515
399 517
399 650
399 658
399 797
399 796
399 399
399 750
399 555
399 753
399 648
399 429
399 883
399 649
399 578
400 554
400 733
400 719
400 734
400 827
400 400
400 660
400 448
400 466
400 579
400 713
400 608
400 629
401 648
401 525
401 504
401 793
401 809
401 846
402 778
402 538
402 402
402 761
402 491
402 754
402 723
402 627
402 488
402 507
402 555
402 619
403 849
403 873
403 653
403 654
403 711
403 684
403 428
403 536
403 661
403 519
403 417
403 459
403 831
403 643
403 841
404 851
404 404
404 609
404 410
404 411
404 888
404 416
404 510
404 674
404 814
404 788
404 587
404 664
404 557
405 609
405 807
405 416
405 674
405 664
405 410
405 702
405 888
405 411
405 420
405 557
405 504
405 889
405 814
405 510
406 499
406 689
406 533
406 465
406 824
406 406
406 811
406 444
406 822
406 600
406 547
406 585
406 414
406 690
406 717
406 724
406 640
406 664
406 704
406 492
406 837
407 785
407 707
407 881
407 840
407 847
407 704
407 636
407 798
407 508
407 474
407 693
407 703
407 891
408 491
408 650
408 784
408 787
408 789
408 695
408 575
408 745
408 494
408 694
408 456
408 437
408 727
408 731
408 868
409 430
409 483
409 528
409 741
409 512
409 498
409 409
409 621
409 492
409 620
409 466
409 858
409 559
410 664
410 609
410 807
410 410
410 788
410 888
410 416
410 411
410 420
410 702
410 565
410 814
411 459
411 788
411 664
411 609
411 702
411 807
411 674
411 814
411 557
411 411
411 416
411 420
412 525
412 793
412 648
412 504
412 777
412 799
412 778
413 612
413 898
413 900
413 644
413 527
413 652
413 573
413 746
413 490
413 596
413 503
413 681
413 598
414 509
414 676
414 526
414 533
414 824
414 689
414 444
414 544
414 822
414 499
414 465
414 414
414 547
414 811
414 585
415 899
415 692
415 562
415 415
415 715
415 622
415 847
415 813
415 442
415 497
416 752
416 788
416 664
416 888
416 557
416 510
416 674
416 807
416 700
416 456
416 420
416 702
416 494
417 519
417 653
417 654
417 536
417 618
417 661
417 428
417 810
417 558
417 459
417 666
417 722
417 684
418 646
418 777
418 792
418 839
418 610
418 721
418 587
418 895
418 532
418 852
418 456
418 518
418 833
419 782
419 712
419 610
419 649
419 667
419 419
419 589
419 604
419 611
419 854
419 802
419 817
419 476
419 615
419 686
419 818
419 570
419 860
420 448
420 788
420 664
420 888
420 420
420 814
420 557
420 510
420 547
420 702
421 769
421 776
421 782
421 447
421 431
421 877
421 421
421 815
421 597
421 685
421 463
421 430
421 576
421 523
421 571
421 544
422 801
422 509
422 890
422 805
422 484
422 712
422 422
422 752
422 561
422 819
422 454
422 838
422 464
422 849
422 607
422 564
423 531
423 423
423 425
423 537
423 470
423 896
423 475
423 662
423 603
423 880
423 437
423 756
424 515
424 650
424 658
424 796
424 797
424 555
424 690
424 517
424 883
424 666
424 884
424 487
424 750
425 531
425 662
425 537
425 470
425 451
425 425
425 603
425 475
425 865
425 880
425 896
425 791
425 499
426 808
426 528
426 483
426 512
426 738
426 426
426 498
426 747
426 741
426 757
427 542
427 771
427 682
427 619
427 634
427 568
427 427
427 809
427 728
427 473
427 874
427 875
427 628
427 885
428 654
428 661
428 536
428 810
428 618
428 711
428 459
428 831
428 684
428 428
428 739
428 558
428 828
429 475
429 517
429 797
429 555
429 658
429 487
429 750
429 515
429 796
429 690
429 883
430 776
430 782
430 430
430 769
430 597
430 571
430 815
430 877
430 560
430 549
430 431
430 463
431 769
431 776
431 782
431 815
431 560
431 597
431 431
431 877
431 837
431 796
431 571
431 463
431 792
432 443
432 535
432 790
432 534
432 637
432 739
432 749
432 612
432 432
432 592
432 823
432 892
432 878
432 871
432 572
432 464
433 467
433 728
433 523
433 551
433 511
433 591
433 725
433 581
433 878
433 580
433 450
433 594
433 436
433 716
433 869
434 801
434 803
434 556
434 561
434 838
434 454
434 890
434 849
434 805
434 509
434 434
434 712
434 819
434 538
434 609
434 484
434 636
434 748
435 656
435 530
435 786
435 666
435 540
435 736
435 677
435 867
435 647
435 857
435 565
436 516
436 581
436 511
436 580
436 869
436 591
436 599
436 551
436 865
436 583
436 450
436 878
437 784
437 663
437 745
437 494
437 787
437 731
437 789
437 868
437 732
437 695
437 820
437 575
438 799
438 539
438 541
438 889
438 835
438 850
438 826
438 614
438 511
439 705
439 791
439 676
439 439
439 897
439 759
439 626
439 744
439 449
439 456
439 854
439 697
439 829
439 851
439 735
440 655
440 665
440 709
440 472
440 505
440 825
440 593
440 635
440 855
440 620
440 844
440 782
440 650
440 714
440 768
440 541
440 872
441 579
441 831
441 441
441 583
441 478
441 864
441 567
441 742
441 700
441 577
441 876
441 722
441 591
441 872
441 497
442 813
442 622
442 562
442 497
442 692
442 442
442 595
442 715
443 545
443 808
443 680
443 859
443 455
443 601
443 699
443 443
443 460
443 643
443 474
444 526
444 533
444 544
444 811
444 822
444 824
444 600
444 444
444 585
444 717
444 465
444 640
444 780
444 818
445 654
445 651
445 657
445 673
445 678
445 710
445 480
445 445
445 834
445 708
445 729
446 521
446 780
446 657
446 673
446 480
446 845
446 678
446 710
446 834
446 651
446 446
446 754
446 875
446 708
446 848
446 879
447 782
447 685
447 560
447 571
447 877
447 769
447 447
447 597
447 896
447 679
447 463
447 628
448 554
448 827
448 579
448 448
448 608
448 501
448 660
448 777
448 713
448 733
448 702
448 657
448 647
449 776
449 850
449 897
449 697
449 791
449 449
449 633
449 851
449 626
449 587
450 551
450 523
450 725
450 516
450 878
450 450
450 511
450 837
450 581
450 591
450 599
451 531
451 662
451 537
451 865
451 475
451 896
451 767
451 777
451 470
452 679
452 706
452 586
452 477
452 486
452 576
452 856
452 479
452 563
452 546
452 605
452 630
452 730
452 453
453 661
453 683
453 559
453 816
453 578
453 482
453 743
453 485
453 696
453 453
453 502
453 579
453 841
453 853
453 471
453 508
454 801
454 805
454 556
454 561
454 819
454 484
454 803
454 849
454 712
454 898
454 567
454 470
454 624
455 465
455 542
455 808
455 680
455 687
455 758
455 545
455 859
455 862
456 897
456 791
456 676
456 735
456 626
456 744
456 633
456 829
456 456
456 759
456 503
457 513
457 773
457 524
457 794
457 842
457 481
457 590
457 645
457 755
457 467
457 718
457 485
457 479
457 720
457 606
458 682
458 619
458 771
458 628
458 634
458 473
458 568
458 728
458 458
458 875
458 885
459 654
459 661
459 810
459 653
459 828
459 711
459 618
459 820
459 830
459 740
460 542
460 545
460 808
460 699
460 687
460 680
460 758
460 601
460 463
460 474
460 859
460 862
460 876
461 643
461 774
461 522
461 820
461 830
461 462
461 461
461 747
461 760
461 716
461 808
461 866
462 886
462 774
462 522
462 564
462 574
462 830
462 740
462 821
462 462
462 643
462 594
462 470
462 866
462 747
462 625
462 760
463 769
463 776
463 815
463 560
463 571
463 782
463 775
463 858
463 671
463 536
464 507
464 534
464 535
464 790
464 823
464 572
464 892
464 592
464 529
464 739
464 464
464 567
464 612
464 637
464 639
465 533
465 544
465 547
465 689
465 822
465 585
465 717
465 499
465 640
465 465
465 724
466 466
466 512
466 757
466 498
466 483
466 738
466 818
466 670
466 741
467 806
467 513
467 645
467 773
467 718
467 720
467 590
467 763
467 467
467 524
467 755
467 481
467 842
467 474
467 624
468 844
468 538
468 486
468 521
468 651
468 780
468 657
468 673
468 708
468 848
468 729
468 879
468 845
468 711
468 898
469 900
469 644
469 527
469 659
469 573
469 746
469 681
469 652
469 469
469 598
469 884
469 503
469 629
469 874
470 531
470 537
470 896
470 880
470 865
470 829
471 493
471 559
471 816
471 853
471 743
471 893
471 578
471 508
471 841
471 586
471 482
471 485
472 655
472 665
472 844
472 855
472 709
472 620
472 768
472 714
472 505
472 825
472 789
472 866
472 762
473 550
473 728
473 682
473 568
473 771
473 628
473 634
473 874
473 619
473 853
473 566
474 545
474 808
474 680
474 687
474 699
474 859
474 601
474 877
474 763
474 862
474 863
475 531
475 662
475 896
475 865
475 603
475 880
475 883
476 697
476 687
476 667
476 669
476 686
476 817
476 854
476 595
476 589
476 570
476 860
476 802
476 645
476 796
476 611
476 882
477 753
477 546
477 679
477 563
477 706
477 856
477 730
477 576
477 605
478 567
478 577
478 583
478 700
478 742
478 864
479 679
479 563
479 706
479 586
479 856
479 730
479 605
479 486
479 630
479 796
480 521
480 651
480 780
480 657
480 673
480 834
480 708
480 848
480 845
480 879
480 729
480 542
480 696
480 853
481 777
481 773
481 794
481 842
481 718
481 763
481 495
481 624
481 720
481 755
481 552
481 638
482 677
482 683
482 696
482 841
482 853
482 508
482 816
482 632
482 893
482 482
482 784
482 485
483 528
483 738
483 741
483 512
483 757
483 498
484 803
484 805
484 556
484 561
484 838
484 819
484 801
484 849
484 484
484 610
485 683
485 559
485 853
485 502
485 816
485 578
485 632
485 485
485 743
486 679
486 563
486 576
486 856
486 486
486 546
486 586
486 730
486 729
487 515
487 517
487 650
487 796
487 797
487 690
487 555
487 691
487 750
488 778
488 836
488 584
488 627
488 754
488 488
488 500
488 491
489 647
489 656
489 540
489 677
489 489
489 530
489 786
489 565
490 898
490 644
490 652
490 681
490 598
490 490
490 884
490 900
490 825
490 503
490 870
490 580
491 855
491 778
491 538
491 836
491 723
491 500
491 761
491 507
491 501
492 547
492 652
492 741
492 757
492 738
492 512
493 675
493 688
493 701
493 705
493 726
493 615
493 873
493 766
493 552
493 493
493 887
493 806
493 764
493 893
494 789
494 695
494 575
494 727
494 731
494 868
494 787
494 732
494 784
495 552
495 759
495 724
495 513
495 773
495 794
495 755
495 645
495 495
495 763
495 842
495 557
496 518
496 549
496 553
496 832
496 837
496 857
496 607
496 629
496 772
496 746
497 664
497 642
497 622
497 692
497 899
497 715
497 785
498 528
498 738
498 621
498 757
498 835
499 623
499 526
499 533
499 544
499 547
499 811
499 689
499 585
499 724
499 640
499 822
499 863
500 778
500 538
500 836
500 723
500 754
500 500
500 761
500 584
500 518
501 660
501 554
501 827
501 579
501 713
501 719
501 734
501 608
501 737
501 888
501 673
502 546
502 683
502 696
502 578
502 559
502 632
502 841
502 743
502 508
503 803
503 898
503 900
503 644
503 652
503 527
503 681
503 598
504 648
504 525
504 799
504 793
504 809
504 811
504 539
505 655
505 665
505 825
505 709
505 714
505 593
505 855
505 620
505 762
505 794
505 768
505 791
506 812
506 694
506 698
506 582
506 870
506 614
506 871
506 506
506 775
506 638
507 836
507 584
507 723
507 754
507 627
507 761
507 507
507 540
508 683
508 696
508 578
508 853
508 743
508 559
509 733
509 801
509 803
509 805
509 819
509 849
509 752
509 890
509 509
509 712
509 561
509 686
510 807
510 557
510 814
510 609
510 888
510 702
510 788
510 802
511 516
511 523
511 551
511 580
511 716
511 599
511 869
511 542
512 597
512 528
512 738
512 621
512 707
512 537
513 794
513 513
513 590
513 773
513 763
513 755
513 718
513 606
513 524
513 842
513 720
514 641
514 616
514 520
514 514
514 843
514 867
514 586
514 846
514 613
514 617
514 623
514 727
515 883
515 650
515 796
515 555
515 658
515 797
515 690
516 551
516 716
516 580
516 591
516 523
516 869
516 732
516 581
516 725
516 599
516 878
517 811
517 517
517 797
517 796
517 750
517 650
517 690
517 808
517 678
518 845
518 772
518 607
518 518
518 549
518 553
518 672
518 832
518 857
518 837
518 665
518 725
518 692
519 519
519 831
519 653
519 536
519 684
519 618
519 558
519 810
519 828
519 698
519 661
519 605
519 823
519 834
520 641
520 617
520 886
520 846
520 843
520 520
520 613
520 894
520 616
520 623
520 618
520 795
521 829
521 710
521 657
521 834
521 879
521 678
521 708
521 845
521 780
521 729
521 791
522 643
522 774
522 747
522 760
522 866
522 625
522 574
522 830
522 564
522 740
522 569
522 522
522 850
522 820
522 594
523 725
523 591
523 869
523 523
523 878
523 603
523 580
523 716
524 753
524 645
524 773
524 606
524 842
524 624
524 794
524 590
524 720
524 797
524 714
524 755
524 763
525 648
525 799
525 809
525 793
525 568
525 832
525 807
526 585
526 689
526 811
526 526
526 600
526 822
526 640
526 724
526 717
526 761
526 533
526 544
526 547
526 824
526 722
527 669
527 898
527 652
527 527
527 598
527 681
527 596
527 746
527 900
527 610
527 659
527 573
527 884
528 757
528 621
528 738
528 741
528 559
529 612
529 739
529 592
529 535
529 637
529 749
529 548
529 892
529 790
529 827
529 639
530 762
530 647
530 565
530 677
530 867
530 666
530 786
530 619
531 662
531 896
531 880
531 603
531 895
531 537
531 865
532 810
532 532
532 833
532 721
532 777
532 646
532 852
532 587
532 895
532 798
533 724
533 640
533 717
533 824
533 544
533 600
533 842
534 823
534 535
534 892
534 548
534 572
534 749
534 612
534 739
534 592
534 790
534 639
534 778
534 876
534 637
535 637
535 639
535 548
535 892
535 592
535 790
535 572
535 612
535 749
536 653
536 654
536 661
536 558
536 536
536 684
536 711
536 569
536 810
536 831
537 662
537 880
537 865
537 845
537 896
538 778
538 627
538 836
538 723
538 584
538 754
538 761
539 719
539 804
539 541
539 826
539 835
539 889
539 543
539 807
539 731
540 583
540 786
540 677
540 736
540 647
540 565
540 867
540 881
541 889
541 804
541 541
541 835
541 826
541 565
541 543
541 850
541 787
542 734
542 699
542 863
542 601
542 545
542 687
542 542
542 808
542 680
542 862
543 543
543 804
543 850
543 728
544 640
544 600
544 689
544 824
544 822
544 547
544 811
544 585
544 716
545 699
545 601
545 758
545 808
545 680
545 863
545 687
545 862
546 630
546 546
546 563
546 576
546 605
546 856
546 586
546 706
546 730
546 866
547 689
547 585
547 717
547 824
547 640
547 600
547 811
547 822
547 724
547 645
548 790
548 572
548 739
548 548
548 637
548 892
548 823
548 639
548 612
548 621
548 554
548 749
549 772
549 672
549 629
549 857
549 549
549 832
549 663
549 553
549 837
550 885
550 874
550 628
550 550
550 619
550 568
550 771
550 728
550 634
550 816
550 875
551 763
551 591
551 725
551 716
551 599
551 580
552 675
552 806
552 701
552 688
552 671
552 751
552 615
552 800
552 887
552 873
552 705
552 766
552 764
553 803
553 772
553 672
553 748
553 762
553 837
553 857
553 629
553 774
553 656
554 660
554 608
554 713
554 827
554 579
554 554
554 687
554 734
554 897
554 892
555 650
555 658
555 796
555 797
555 750
555 883
555 690
556 801
556 712
556 890
556 556
556 752
556 849
556 819
556 838
556 607
556 694
557 807
557 788
557 702
557 888
557 664
557 557
557 814
557 609
558 873
558 661
558 810
558 684
558 618
558 653
558 828
558 711
558 558
558 768
558 900
559 674
559 853
559 578
559 816
559 743
559 632
559 696
559 893
560 769
560 776
560 782
560 685
560 815
560 597
560 571
560 888
561 803
561 752
561 805
561 561
561 712
561 819
561 890
561 838
561 849
561 565
562 899
562 642
562 813
562 566
562 622
562 715
562 562
562 846
563 679
563 706
563 630
563 576
563 856
563 730
563 586
563 563
563 723
563 605
564 643
564 740
564 760
564 774
564 594
564 820
564 574
564 747
564 564
564 569
564 821
564 830
564 866
564 625
565 886
565 667
565 656
565 677
565 565
565 867
565 736
565 589
566 732
566 899
566 642
566 813
566 692
566 715
567 779
567 864
567 722
567 567
567 872
567 700
567 742
567 583
567 763
567 577
568 771
568 874
568 628
568 875
568 568
568 619
568 815
568 728
568 885
569 720
569 884
569 643
569 774
569 821
569 820
569 625
569 594
569 574
569 747
569 830
569 866
569 740
569 760
570 649
570 669
570 686
570 817
570 802
570 860
570 570
570 818
570 595
570 667
570 882
570 589
570 854
571 782
571 685
571 815
571 776
571 571
571 597
572 790
572 823
572 739
572 572
572 892
572 749
572 639
572 592
572 612
573 863
573 898
573 644
573 659
573 681
573 598
573 884
573 573
573 716
573 596
574 643
574 774
574 821
574 760
574 740
574 594
574 625
574 574
574 866
574 633
574 830
575 787
575 695
575 575
575 732
575 663
575 868
576 679
576 856
576 586
576 605
576 706
576 630
577 700
577 577
577 864
577 779
577 649
577 583
577 722
577 872
578 632
578 816
578 683
578 696
578 841
578 578
578 606
579 660
579 827
579 608
579 719
579 734
579 843
580 746
580 591
580 716
580 878
580 830
580 725
580 599
580 869
581 815
581 621
581 591
581 725
581 581
581 869
581 716
581 601
581 599
581 878
582 812
582 582
582 871
582 765
582 638
582 774
582 614
582 756
583 751
583 892
583 700
583 876
583 872
583 583
583 734
584 723
584 754
584 584
584 627
584 778
584 720
585 689
585 822
585 824
585 640
585 724
585 828
585 717
585 600
586 679
586 605
586 586
586 706
586 856
586 742
586 730
586 710
587 792
587 833
587 839
587 852
587 846
587 721
587 610
587 858
588 763
588 798
588 693
588 703
588 707
588 881
588 785
588 805
589 669
589 802
589 691
589 611
589 817
589 649
589 595
589 818
589 589
589 686
589 682
589 604
589 882
590 618
590 773
590 794
590 718
590 842
590 645
590 720
590 606
590 590
590 898
590 624
590 763
590 631
591 716
591 725
591 869
592 790
592 823
592 739
592 749
592 784
592 825
592 612
593 665
593 825
593 709
593 714
593 844
593 635
593 762
593 768
594 765
594 643
594 774
594 821
594 830
594 747
594 760
594 784
594 625
595 657
595 667
595 669
595 802
595 604
595 691
595 817
595 686
595 595
595 854
595 723
595 860
595 882
596 898
596 900
596 644
596 652
596 659
596 598
596 681
596 596
596 867
597 769
597 776
597 685
597 815
597 877
597 795
597 823
598 900
598 644
598 659
598 681
598 898
598 652
598 612
598 746
599 725
599 599
599 878
599 730
599 869
600 809
600 811
600 689
600 822
600 824
600 717
600 640
601 808
601 680
601 699
601 758
601 860
601 859
601 812
602 781
602 783
602 775
602 602
602 668
602 737
602 770
602 666
603 880
603 662
603 896
603 726
603 799
603 865
604 649
604 667
604 669
604 686
604 817
604 691
604 882
604 802
604 818
604 860
605 660
605 679
605 706
605 605
605 739
606 645
606 773
606 794
606 842
606 720
606 624
606 718
606 606
606 853
607 898
607 672
607 607
607 837
607 748
608 660
608 827
608 719
608 733
608 713
608 608
608 666
609 788
609 664
609 807
609 702
609 609
610 646
610 777
610 833
610 852
610 792
610 895
611 709
611 649
611 667
611 669
611 802
611 691
611 854
611 611
611 686
612 790
612 823
612 739
612 639
612 699
612 749
613 795
613 843
613 846
613 641
613 616
613 623
613 894
613 613
613 700
614 812
614 694
614 870
614 765
614 871
614 783
614 756
615 671
615 800
615 806
615 705
615 701
615 873
615 688
615 766
615 753
615 726
615 735
615 867
616 641
616 843
616 616
616 894
616 795
616 617
616 839
616 750
616 623
616 879
617 641
617 843
617 846
617 894
617 617
617 870
617 623
617 886
618 896
618 653
618 654
618 661
618 810
618 684
618 828
618 711
619 780
619 771
619 874
619 875
619 885
619 817
619 628
620 825
620 665
620 855
620 655
620 762
620 714
620 635
620 691
621 741
621 757
621 621
622 899
622 642
622 692
622 622
622 813
623 795
623 843
623 846
623 641
623 894
624 773
624 794
624 842
624 755
624 718
625 643
625 774
625 821
625 820
625 866
625 740
625 830
625 796
625 705
625 716
626 791
626 829
626 851
626 735
626 897
626 676
626 759
626 739
627 778
627 836
627 723
627 754
627 627
628 771
628 634
628 728
628 885
628 715
629 772
629 672
629 832
629 837
629 747
630 679
630 730
630 706
630 856
630 720
630 687
631 770
631 781
631 668
631 631
631 670
631 861
631 858
632 816
632 841
632 853
632 743
632 893
632 632
632 741
633 897
633 791
633 829
633 735
633 851
633 633
633 697
633 654
634 682
634 874
634 885
634 720
634 837
635 825
635 714
635 844
635 762
635 655
635 855
635 665
635 645
635 845
635 768
635 884
636 785
636 798
636 693
636 703
636 704
636 707
636 891
636 883
637 790
637 823
637 749
637 637
637 639
637 817
638 812
638 698
638 870
638 756
638 694
638 871
638 847
639 823
639 892
639 790
639 749
639 859
639 710
640 824
640 724
640 811
640 640
641 886
641 795
641 641
641 894
641 843
641 787
641 802
641 725
642 785
642 899
642 715
642 898
643 774
643 760
643 821
643 866
643 830
643 775
643 820
644 898
644 900
644 652
644 746
644 681
644 884
644 659
644 772
645 839
645 755
645 645
645 773
645 763
645 842
645 794
645 779
645 718
645 720
646 777
646 833
646 852
646 721
646 895
646 839
646 646
646 857
646 825
647 887
647 786
647 867
647 656
647 736
647 677
647 666
648 799
648 809
648 793
649 882
649 667
649 802
649 817
649 818
649 860
649 686
649 691
649 669
650 650
650 883
650 796
650 690
650 658
651 780
651 729
651 708
651 657
651 848
651 845
651 651
651 678
651 767
651 710
651 879
652 898
652 900
652 652
652 884
652 659
652 681
652 746
652 885
653 810
653 654
653 831
653 653
653 684
653 711
653 828
654 828
654 831
654 810
654 661
654 684
654 711
654 871
655 714
655 768
655 825
655 844
655 665
655 762
655 855
655 709
655 655
655 674
656 736
656 677
656 656
656 666
656 749
656 786
657 678
657 845
657 780
657 729
657 834
657 879
657 848
658 684
658 883
658 690
658 797
658 758
658 750
659 900
659 898
659 681
659 659
659 746
659 884
659 728
660 733
660 719
660 713
660 880
660 862
661 711
661 810
661 684
662 896
662 880
662 662
662 865
662 779
663 789
663 731
663 732
663 663
663 695
663 745
663 798
663 727
663 868
664 788
664 664
664 888
664 807
664 814
664 674
665 825
665 855
665 762
665 665
665 844
665 742
665 709
665 731
666 867
666 677
666 736
667 676
667 802
667 854
667 669
667 667
667 687
667 686
667 817
667 818
667 691
668 770
668 775
668 783
668 737
668 858
668 861
668 670
669 686
669 854
669 691
669 802
669 818
670 775
670 767
670 861
670 737
670 858
670 670
671 800
671 753
671 671
671 806
671 764
671 705
671 873
671 675
671 751
671 701
671 717
671 726
671 766
672 672
672 772
672 856
672 832
672 837
672 770
673 797
673 780
673 708
673 729
673 834
673 673
673 678
674 888
674 788
674 674
674 807
674 814
675 709
675 753
675 675
675 751
675 701
675 764
675 766
675 806
675 688
675 800
675 705
675 726
675 873
675 887
675 742
676 791
676 744
676 676
676 897
676 851
676 829
676 697
676 759
677 786
677 677
677 867
678 806
678 780
678 834
678 678
678 845
678 710
678 848
678 798
678 708
678 879
679 730
679 707
679 706
679 856
680 808
680 859
680 758
680 687
680 699
680 693
680 863
681 844
681 855
681 898
681 681
681 746
682 771
682 682
682 704
682 728
682 874
683 852
683 683
683 853
683 696
683 816
683 743
683 725
683 841
684 810
684 711
684 734
684 828
684 831
685 776
685 782
685 877
685 769
685 685
685 815
685 857
686 863
686 860
686 854
686 686
686 802
686 818
686 691
686 882
687 778
687 859
687 699
687 758
687 687
687 863
687 740
688 800
688 806
688 688
688 726
688 705
688 751
688 766
688 819
688 701
688 873
688 753
688 887
689 717
689 689
689 769
689 824
690 796
690 750
690 700
690 883
690 837
691 848
691 802
691 817
691 818
691 882
691 854
692 717
692 736
692 899
692 813
692 692
692 799
692 715
693 785
693 798
693 891
693 704
693 804
693 799
693 703
693 707
693 840
693 847
693 881
694 765
694 870
694 698
695 787
695 731
695 784
695 695
695 757
695 711
695 868
695 820
696 757
696 816
696 893
696 696
696 841
696 853
697 897
697 735
697 759
697 829
697 697
697 744
698 807
698 812
698 698
698 756
698 870
698 822
698 848
698 871
699 758
699 863
699 808
699 862
700 761
700 779
700 872
700 722
700 700
700 864
700 742
701 800
701 806
701 751
701 766
701 887
701 701
701 764
701 726
701 705
701 753
701 760
702 788
702 807
702 814
702 742
703 785
703 798
703 881
703 704
703 891
703 707
703 840
703 847
704 785
704 847
704 798
704 707
704 891
704 881
705 800
705 806
705 753
705 873
705 751
705 726
705 705
705 764
705 766
706 726
706 730
706 856
706 789
707 785
707 840
707 847
707 707
707 894
708 780
708 834
708 729
708 848
708 710
709 825
709 762
709 844
709 855
709 714
709 768
710 780
710 729
710 710
710 848
710 820
711 810
711 828
711 831
711 711
712 805
712 838
712 890
712 801
712 712
712 819
712 752
712 849
713 713
713 719
713 880
713 733
714 844
714 855
714 714
714 762
714 768
715 797
715 899
715 813
717 811
717 822
717 824
717 724
717 869
718 720
718 755
718 842
718 773
718 763
719 827
719 733
719 734
720 773
720 842
720 794
720 840
721 777
721 792
721 839
721 895
721 810
721 881
722 779
722 864
722 722
722 742
722 765
722 872
723 836
723 754
723 761
723 885
724 800
724 811
724 822
724 824
724 724
724 748
724 727
725 725
725 869
726 806
726 887
726 751
726 873
726 766
726 800
726 764
727 883
727 784
727 787
727 789
727 732
727 868
727 745
728 749
728 771
728 728
728 874
728 885
729 764
729 758
729 790
729 848
729 780
730 730
730 787
731 850
731 787
731 789
731 732
731 784
731 868
732 784
732 732
732 868
732 745
733 827
733 733
733 781
734 827
734 734
735 897
735 791
735 851
735 744
735 829
735 759
736 786
737 766
737 775
737 783
737 858
737 767
737 737
738 757
738 741
739 823
739 749
739 898
739 848
740 864
740 774
740 820
740 821
740 747
741 757
742 779
742 864
742 876
742 769
742 872
743 816
743 841
743 853
743 893
744 897
744 791
744 829
744 759
744 811
745 784
745 787
745 868
745 745
745 876
746 746
746 884
747 820
747 830
747 747
747 805
747 760
748 832
748 837
748 748
748 772
748 857
748 894
749 790
749 823
749 892
750 799
750 796
750 883
751 800
751 806
751 873
751 766
751 821
752 803
752 805
752 819
752 849
752 801
752 838
753 806
753 753
753 766
753 800
753 784
754 761
754 778
754 831
754 832
755 794
755 788
756 765
756 756
758 859
758 863
758 808
758 893
759 897
759 829
759 851
760 774
760 821
760 820
760 866
761 778
761 836
762 825
762 844
762 805
762 772
762 786
763 763
763 773
764 800
764 806
764 873
764 887
765 812
765 871
766 800
766 806
766 873
766 854
767 781
767 783
767 858
767 861
768 825
768 844
768 855
769 769
769 815
769 776
769 877
769 782
769 809
769 797
770 856
770 783
770 858
770 775
770 781
770 770
770 861
771 771
771 848
771 874
771 875
771 885
772 837
772 772
772 832
772 857
773 773
773 793
773 794
773 842
773 891
774 829
774 830
774 820
774 821
774 866
775 861
775 858
775 783
775 781
776 782
776 815
776 776
777 833
777 895
777 852
777 792
778 778
778 836
779 822
779 876
779 779
779 872
779 802
780 795
780 843
780 879
780 834
780 845
780 848
781 781
781 783
781 858
781 861
782 815
782 782
782 877
783 858
783 783
783 827
783 861
784 787
784 789
784 784
784 868
785 840
785 881
785 798
785 847
785 823
785 891
786 867
787 888
787 868
788 807
788 888
788 814
788 788
789 789
789 849
790 823
790 892
790 810
791 897
791 851
791 829
792 877
792 792
792 852
793 838
793 799
794 842
794 861
795 843
795 894
795 846
795 886
795 795
796 797
797 797
797 883
798 798
798 840
798 881
798 899
799 809
799 799
800 800
800 887
800 873
801 849
801 801
801 805
801 890
801 876
801 816
801 803
801 819
802 882
802 817
802 854
802 802
802 855
803 838
803 819
803 805
804 846
804 804
804 835
804 826
804 850
805 805
805 819
805 838
805 849
806 806
806 873
807 888
808 862
808 808
809 809
809 876
810 828
811 824
811 822
811 876
812 812
812 871
812 830
813 834
813 867
813 899
813 895
814 888
814 814
814 840
815 815
815 877
816 853
816 893
816 816
816 898
816 841
817 852
817 882
817 817
817 818
817 860
818 826
818 818
818 854
818 860
818 882
819 838
819 849
819 819
821 862
821 830
821 866
821 821
822 822
822 824
824 839
825 825
825 857
825 855
826 850
826 826
826 889
827 827
828 831
828 828
829 897
829 829
829 851
830 830
830 866
832 832
832 857
832 878
833 835
833 839
833 833
833 852
833 842
834 845
834 848
834 879
834 854
835 850
836 836
837 857
837 871
838 890
838 838
838 849
839 852
839 895
839 857
840 897
840 847
840 881
840 891
841 893
843 894
843 886
844 844
845 879
845 845
845 848
846 886
847 865
847 881
847 847
848 848
848 879
849 890
850 889
851 897
851 851
852 895
853 893
854 860
854 854
854 882
858 861
859 862
859 863
859 859
860 882
861 875
862 862
862 863
864 876
864 864
865 880
865 896
867 867
868 868
868 880
869 878
869 882
870 892
871 871
872 876
873 887
874 874
874 885
875 885
875 875
875 892
879 879
880 886
881 891
881 881
883 883
884 898
884 900
886 894
887 887
889 889
890 890
898 900
899 899
