900 8000
1 663
1 147
1 162
1 587
1 408
1 241
1 708
1 671
1 34
1 353
1 297
1 163
1 233
1 874
1 53
1 21
1 499
2 135
2 193
2 648
2 706
2 500
2 414
2 239
2 621
2 2
2 727
2 793
2 341
2 667
2 811
2 137
2 272
2 19
2 585
2 474
2 359
3 215
3 270
3 532
3 110
3 271
3 792
3 434
3 563
3 319
3 737
3 507
3 572
3 786
3 695
3 339
3 429
3 64
4 156
4 201
4 661
4 498
4 153
4 818
4 586
4 4
4 640
4 36
4 469
4 309
4 687
4 9
4 14
4 407
4 673
4 299
4 218
4 42
5 187
5 159
5 290
5 761
5 109
5 26
5 232
5 546
5 819
5 864
5 823
5 291
5 799
5 100
5 341
5 35
5 674
5 425
5 833
5 228
5 872
6 469
6 6
6 144
6 759
6 93
6 573
6 533
6 209
6 481
6 506
6 22
6 740
6 485
6 273
6 731
6 766
7 262
7 828
7 322
7 400
7 155
7 753
7 32
7 212
7 18
7 443
7 103
7 483
7 545
7 277
7 813
7 10
7 657
7 329
7 379
8 385
8 773
8 261
8 8
8 236
8 47
8 715
8 406
8 444
8 80
8 440
8 829
8 340
8 129
8 724
8 90
8 488
9 266
9 264
9 542
9 418
9 141
9 680
9 9
9 172
9 541
9 192
9 307
9 196
9 261
9 417
9 324
9 755
9 212
10 384
10 285
10 606
10 400
10 103
10 416
10 10
10 32
10 483
10 545
10 18
10 379
10 595
10 277
10 443
10 828
10 591
11 360
11 609
11 692
11 768
11 809
11 42
11 544
11 567
11 449
11 681
11 592
11 157
11 547
11 82
11 66
11 537
11 797
11 446
11 69
11 867
12 104
12 271
12 786
12 434
12 270
12 532
12 695
12 437
12 507
12 429
12 686
12 792
12 110
12 807
12 266
12 563
12 572
12 319
12 64
13 643
13 260
13 394
13 651
13 45
13 741
13 504
13 503
13 350
13 895
13 254
13 493
13 782
13 700
13 730
13 786
14 313
14 513
14 86
14 299
14 673
14 309
14 407
14 153
14 818
14 498
14 156
14 14
14 568
14 661
14 802
14 552
14 469
14 369
15 839
15 101
15 477
15 422
15 410
15 27
15 352
15 173
15 655
15 114
15 154
15 637
15 551
15 808
15 234
15 171
15 55
15 197
15 851
15 630
15 841
16 897
16 133
16 649
16 863
16 356
16 381
16 709
16 471
16 778
16 16
16 658
16 266
16 235
16 868
16 304
16 809
16 528
17 769
17 656
17 728
17 315
17 252
17 58
17 145
17 380
17 280
17 293
17 881
17 712
17 668
17 841
17 737
17 805
17 427
17 832
17 367
18 385
18 112
18 544
18 605
18 657
18 443
18 606
18 416
18 18
18 545
18 285
18 597
18 32
18 329
18 588
19 225
19 648
19 137
19 638
19 500
19 359
19 793
19 272
19 193
19 484
19 585
19 118
19 135
19 23
19 667
19 706
19 581
19 521
20 138
20 523
20 529
20 772
20 302
20 754
20 540
20 580
20 558
20 702
20 250
20 97
20 743
20 450
20 500
20 476
21 691
21 147
21 408
21 297
21 21
21 624
21 583
21 163
21 587
21 499
21 115
21 162
21 668
21 663
21 294
21 708
21 874
21 759
22 325
22 390
22 652
22 740
22 481
22 93
22 759
22 595
22 871
22 221
22 374
22 257
22 573
22 583
22 209
22 485
22 766
23 258
23 259
23 269
23 598
23 247
23 873
23 126
23 81
23 455
23 23
23 253
23 330
23 641
23 254
23 589
23 720
23 475
23 358
23 505
23 32
24 652
24 533
24 735
24 573
24 731
24 759
24 209
24 485
24 257
24 481
24 144
24 93
24 166
24 221
24 601
24 871
24 766
25 513
25 781
25 521
25 777
25 771
25 255
25 373
25 140
25 822
25 736
25 25
25 602
25 775
25 741
25 411
25 33
25 855
25 876
26 527
26 290
26 674
26 819
26 761
26 291
26 35
26 833
26 245
26 491
26 26
26 546
26 64
26 799
26 864
26 228
26 100
26 109
27 209
27 410
27 173
27 56
27 887
27 27
27 422
27 154
27 679
27 171
27 114
27 839
27 78
27 561
27 465
27 851
27 101
28 779
28 654
28 666
28 63
28 710
28 891
28 28
28 697
28 401
28 225
28 578
28 72
28 767
28 385
28 78
28 222
28 370
28 534
29 275
29 276
29 152
29 445
29 44
29 382
29 557
29 530
29 176
29 660
29 835
29 404
29 363
29 29
29 435
29 868
29 106
30 787
30 454
30 357
30 242
30 764
30 615
30 569
30 683
30 719
30 458
30 76
30 120
30 30
30 666
30 560
30 51
30 52
30 694
31 518
31 412
31 287
31 288
31 415
31 169
31 748
31 877
31 65
31 60
31 804
31 355
31 494
31 122
31 756
31 207
31 418
32 657
32 155
32 285
32 32
32 416
32 329
32 212
32 379
32 103
32 400
32 443
32 828
32 322
32 464
33 864
33 516
33 388
33 37
33 602
33 605
33 736
33 33
33 411
33 636
33 885
33 373
33 312
33 822
33 855
33 869
33 876
34 147
34 162
34 691
34 747
34 708
34 161
34 408
34 115
34 624
34 587
34 294
34 163
34 297
34 494
34 353
34 874
34 499
35 299
35 898
35 527
35 799
35 546
35 291
35 761
35 823
35 109
35 35
35 491
35 133
35 674
35 290
35 833
35 840
35 228
35 245
36 402
36 156
36 802
36 687
36 86
36 407
36 513
36 661
36 850
36 213
36 299
36 36
36 240
36 469
36 140
37 826
37 858
37 516
37 388
37 775
37 521
37 777
37 411
37 602
37 37
37 255
37 140
37 477
37 636
37 511
38 273
38 837
38 456
38 626
38 70
38 230
38 343
38 625
38 492
38 816
38 129
38 178
38 614
38 263
38 169
38 438
38 439
38 313
38 827
38 208
38 866
39 811
39 525
39 148
39 539
39 413
39 167
39 478
39 311
39 281
39 610
39 806
39 632
39 54
39 564
39 815
39 303
39 320
39 461
40 129
40 816
40 866
40 208
40 40
40 439
40 625
40 837
40 626
40 343
40 230
40 95
40 210
40 587
40 438
40 827
40 703
40 614
40 492
40 559
41 650
41 415
41 287
41 826
41 220
41 207
41 494
41 378
41 65
41 246
41 750
41 748
41 41
41 505
41 155
42 537
42 157
42 567
42 692
42 42
42 360
42 681
42 797
42 446
42 662
42 69
42 809
42 609
42 365
42 888
42 262
43 286
43 314
43 646
43 555
43 300
43 479
43 77
43 338
43 696
43 189
43 857
43 432
43 318
43 470
43 453
43 848
43 597
44 366
44 630
44 784
44 530
44 660
44 150
44 798
44 275
44 868
44 445
44 430
44 152
44 557
44 793
44 67
44 847
44 106
44 363
44 382
45 643
45 260
45 651
45 187
45 707
45 524
45 45
45 741
45 782
45 732
45 310
45 788
45 183
45 350
45 96
45 211
45 460
46 900
46 514
46 398
46 424
46 183
46 68
46 92
46 817
46 46
46 284
46 758
46 582
46 619
46 382
46 179
46 452
46 327
46 714
46 599
47 385
47 261
47 406
47 47
47 444
47 773
47 236
47 80
47 570
47 889
47 715
47 49
47 756
47 440
47 323
47 729
47 217
47 631
47 778
47 216
48 513
48 661
48 153
48 156
48 673
48 552
48 299
48 818
48 48
48 213
48 86
48 201
48 802
48 176
48 309
48 586
48 850
48 692
48 516
49 385
49 773
49 261
49 608
49 715
49 90
49 729
49 406
49 236
49 889
49 49
49 440
49 111
49 570
49 80
49 852
49 340
49 217
50 268
50 433
50 338
50 470
50 696
50 566
50 216
50 189
50 191
50 646
50 479
50 113
50 862
50 300
50 331
50 597
50 857
51 683
51 787
51 764
51 248
51 76
51 718
51 569
51 838
51 560
51 458
51 357
51 52
51 51
51 694
51 454
51 615
52 787
52 170
52 683
52 560
52 346
52 384
52 52
52 615
52 603
52 764
52 569
52 689
52 838
52 454
52 76
52 718
52 719
53 130
53 548
53 295
53 554
53 306
53 565
53 698
53 298
53 420
53 131
53 159
53 99
53 861
53 53
53 57
53 571
53 325
53 717
53 472
53 227
54 539
54 549
54 167
54 303
54 564
54 568
54 616
54 632
54 677
54 806
54 336
54 478
54 311
54 779
54 185
54 856
55 173
55 561
55 114
55 465
55 679
55 637
55 197
55 352
55 839
55 477
55 887
55 422
55 655
55 250
55 101
55 302
55 705
56 651
56 410
56 551
56 808
56 173
56 561
56 114
56 655
56 465
56 171
56 477
56 422
56 56
56 851
56 887
56 637
57 130
57 159
57 801
57 548
57 554
57 298
57 690
57 226
57 565
57 306
57 744
57 234
57 861
57 642
57 698
57 472
57 227
57 886
58 694
58 769
58 656
58 145
58 668
58 293
58 175
58 315
58 58
58 780
58 832
58 367
58 603
58 468
59 548
59 742
59 644
59 776
59 800
59 442
59 121
59 326
59 59
59 347
59 362
59 102
59 716
59 318
59 831
59 705
59 73
60 287
60 288
60 804
60 169
60 826
60 415
60 750
60 518
60 265
60 650
60 494
60 65
60 122
60 540
61 522
61 395
61 654
61 401
61 666
61 158
61 697
61 72
61 337
61 61
61 891
61 535
61 710
61 673
61 63
61 84
61 225
62 246
62 149
62 423
62 815
62 328
62 238
62 467
62 733
62 117
62 620
62 182
62 223
62 267
62 334
62 391
62 713
62 204
62 689
63 395
63 401
63 535
63 666
63 158
63 301
63 522
63 697
63 767
63 84
63 779
63 222
63 400
63 578
63 337
63 225
63 891
63 448
63 204
64 786
64 532
64 686
64 563
64 441
64 319
64 737
64 749
64 271
64 289
64 745
64 499
64 215
65 518
65 287
65 288
65 748
65 220
65 265
65 826
65 877
65 355
65 804
65 412
65 815
65 750
66 286
66 685
66 820
66 577
66 883
66 206
66 462
66 762
66 639
66 894
66 900
66 633
66 596
66 642
66 864
66 601
66 775
67 142
67 530
67 275
67 150
67 276
67 152
67 798
67 835
67 74
67 868
67 784
67 67
67 319
67 847
67 168
68 636
68 783
68 398
68 556
68 814
68 179
68 183
68 613
68 514
68 817
68 327
68 452
68 846
68 302
68 758
69 152
69 157
69 797
69 547
69 692
69 567
69 446
69 544
69 449
69 681
69 867
69 809
69 564
70 129
70 263
70 439
70 313
70 703
70 456
70 178
70 438
70 626
70 208
70 492
70 837
70 95
70 130
70 210
70 343
70 614
71 132
71 790
71 447
71 836
71 785
71 647
71 502
71 574
71 843
71 487
71 723
71 71
71 354
71 822
71 721
71 211
71 98
71 490
71 489
72 670
72 522
72 779
72 395
72 654
72 401
72 535
72 666
72 158
72 419
72 301
72 697
72 710
72 78
72 337
72 370
73 800
73 312
73 442
73 831
73 326
73 243
73 73
73 644
73 705
73 722
73 763
73 716
73 455
73 362
73 371
73 121
74 522
74 784
74 530
74 275
74 404
74 660
74 152
74 798
74 176
74 142
74 74
74 150
74 254
74 106
75 139
75 397
75 146
75 796
75 436
75 181
75 188
75 701
75 579
75 249
75 177
75 510
75 882
75 810
75 423
75 237
75 757
76 201
76 748
76 787
76 170
76 830
76 838
76 357
76 346
76 458
76 454
76 569
76 138
76 718
76 120
76 615
76 242
76 248
76 430
77 646
77 143
77 433
77 696
77 189
77 432
77 318
77 216
77 317
77 300
77 77
77 338
77 271
77 563
78 395
78 654
78 401
78 419
78 697
78 578
78 522
78 225
78 767
78 779
78 710
78 666
78 532
79 554
79 170
79 517
79 392
79 550
79 576
79 704
79 198
79 331
79 364
79 116
79 391
79 195
79 739
79 867
79 125
79 893
80 385
80 773
80 570
80 444
80 323
80 715
80 829
80 631
80 236
80 852
80 340
80 468
80 724
80 608
80 488
80 669
81 641
81 259
81 451
81 455
81 589
81 126
81 247
81 635
81 258
81 598
81 505
81 622
81 358
81 713
81 873
81 756
81 124
82 639
82 597
82 165
82 662
82 537
82 157
82 797
82 809
82 681
82 692
82 567
82 365
82 768
82 737
82 609
83 370
83 386
83 393
83 396
83 399
83 678
83 180
83 584
83 849
83 348
83 428
83 321
83 711
83 482
83 856
83 629
83 558
83 795
84 522
84 654
84 401
84 535
84 666
84 697
84 578
84 710
84 337
84 370
84 419
84 779
84 103
84 891
84 379
85 133
85 519
85 781
85 538
85 672
85 811
85 812
85 174
85 821
85 200
85 203
85 279
85 431
85 283
85 408
85 104
85 369
86 407
86 153
86 802
86 818
86 586
86 673
86 552
86 156
86 201
86 661
86 218
86 770
86 498
86 458
87 836
87 515
87 795
87 543
87 214
87 87
87 224
87 858
87 865
87 151
87 886
87 878
87 559
87 707
87 231
87 628
88 501
88 435
88 388
88 775
88 140
88 822
88 521
88 869
88 876
88 777
88 88
88 885
88 411
88 337
88 602
88 736
88 373
89 774
89 647
89 785
89 790
89 409
89 447
89 836
89 202
89 463
89 211
89 600
89 389
89 502
89 721
89 770
89 98
89 490
90 261
90 406
90 440
90 570
90 444
90 323
90 715
90 724
90 729
90 217
90 773
90 385
90 334
90 889
90 424
91 151
91 669
91 543
91 559
91 214
91 886
91 878
91 361
91 224
91 528
91 231
91 865
91 628
91 105
91 418
91 875
92 584
92 101
92 695
92 783
92 284
92 424
92 556
92 179
92 452
92 714
92 599
92 613
92 349
92 614
93 257
93 652
93 144
93 595
93 221
93 374
93 209
93 731
93 871
93 759
93 93
93 485
93 489
93 506
94 772
94 523
94 426
94 450
94 94
94 529
94 97
94 165
94 562
94 743
94 123
94 138
94 540
94 501
94 383
94 392
95 129
95 439
95 313
95 703
95 343
95 95
95 230
95 438
95 208
95 456
95 210
95 506
95 614
95 625
96 260
96 394
96 782
96 402
96 310
96 700
96 707
96 895
96 493
96 350
96 96
96 741
96 795
96 486
96 503
96 431
96 136
97 552
97 520
97 165
97 558
97 702
97 853
97 476
97 743
97 250
97 383
97 138
97 772
97 789
97 754
97 662
98 132
98 647
98 409
98 447
98 836
98 723
98 211
98 600
98 870
98 354
98 774
98 843
98 816
98 531
98 398
99 130
99 131
99 159
99 420
99 306
99 690
99 472
99 227
99 325
99 554
99 548
99 861
99 571
99 641
99 234
99 147
100 799
100 291
100 290
100 823
100 228
100 761
100 898
100 232
100 245
100 491
100 833
100 819
100 301
100 109
101 655
101 410
101 679
101 551
101 808
101 465
101 101
101 637
101 173
101 887
102 454
102 150
102 644
102 693
102 312
102 442
102 831
102 705
102 326
102 722
102 371
102 296
102 496
102 803
102 763
103 844
103 751
103 540
103 155
103 416
103 545
103 322
103 588
103 212
103 828
103 623
103 379
104 519
104 781
104 538
104 283
104 672
104 811
104 174
104 184
104 203
104 460
104 229
104 274
104 127
105 174
105 868
105 134
105 526
105 528
105 151
105 795
105 669
105 611
105 231
105 515
105 214
105 865
105 320
105 875
106 142
106 150
106 152
106 557
106 835
106 445
106 660
106 404
106 847
106 430
106 275
106 665
106 363
106 382
106 754
107 895
107 403
107 789
107 670
107 553
107 186
107 575
107 199
107 459
107 791
107 480
107 726
107 107
107 465
108 642
108 900
108 685
108 699
108 844
108 206
108 596
108 859
108 751
108 634
108 268
108 577
108 286
108 762
108 141
108 894
108 639
108 434
109 527
109 546
109 291
109 819
109 491
109 872
109 823
109 290
109 425
109 898
109 733
110 786
110 792
110 686
110 441
110 319
110 572
110 110
110 271
110 695
110 507
110 434
110 511
110 728
111 641
111 451
111 126
111 269
111 455
111 756
111 258
111 598
111 253
111 589
111 475
111 259
111 247
111 252
111 124
111 619
112 139
112 405
112 796
112 421
112 177
112 834
112 377
112 510
112 879
112 701
112 146
112 376
112 436
112 397
112 848
112 822
113 646
113 143
113 555
113 300
113 432
113 566
113 696
113 848
113 338
113 470
113 857
113 216
113 479
113 863
113 128
114 355
114 410
114 551
114 171
114 839
114 422
114 637
114 352
114 808
114 465
114 703
114 620
115 210
115 147
115 161
115 294
115 691
115 708
115 583
115 587
115 874
115 624
115 671
115 115
115 508
115 738
116 635
116 136
116 653
116 160
116 704
116 244
116 576
116 195
116 517
116 198
116 125
116 725
116 391
116 225
117 267
117 531
117 328
117 713
117 204
117 334
117 333
117 604
117 223
117 238
117 332
117 423
117 815
117 861
117 512
118 160
118 135
118 272
118 659
118 793
118 193
118 585
118 484
118 500
118 359
118 638
118 727
118 137
118 888
119 891
119 653
119 267
119 531
119 423
119 182
119 328
119 332
119 204
119 334
119 467
119 223
119 238
119 604
119 588
120 560
120 830
120 838
120 719
120 718
120 787
120 170
120 764
120 683
120 248
120 357
120 615
120 854
120 346
120 384
120 339
121 494
121 776
121 296
121 305
121 693
121 831
121 716
121 372
121 243
121 312
121 705
121 763
121 316
122 518
122 650
122 412
122 288
122 826
122 265
122 355
122 750
122 246
122 207
122 415
122 804
122 274
122 748
122 494
122 378
123 772
123 520
123 523
123 165
123 562
123 450
123 580
123 853
123 250
123 123
123 743
123 138
123 764
123 383
124 259
124 330
124 589
124 475
124 873
124 622
124 756
124 598
124 124
124 641
124 455
124 531
125 180
125 517
125 391
125 653
125 160
125 676
125 448
125 576
125 845
125 345
125 244
125 704
125 136
125 717
126 641
126 259
126 269
126 455
126 330
126 475
126 358
126 505
126 635
126 622
126 247
126 545
126 813
127 519
127 274
127 534
127 538
127 283
127 811
127 688
127 821
127 200
127 229
127 369
127 279
127 344
127 708
127 505
128 646
128 555
128 300
128 432
128 433
128 566
128 317
128 318
128 189
128 848
128 338
128 857
128 216
128 606
128 415
129 210
129 456
129 178
129 230
129 866
129 827
129 208
129 626
129 816
129 129
129 263
129 273
129 439
129 703
129 837
129 343
129 492
129 625
130 420
130 571
130 298
130 801
130 131
130 744
130 227
130 226
130 717
130 554
130 413
130 159
130 548
130 295
130 690
130 698
130 325
130 234
130 602
131 420
131 131
131 298
131 571
131 554
131 861
131 548
131 717
131 744
131 472
131 306
131 850
131 801
131 295
131 325
131 234
132 354
132 647
132 132
132 502
132 785
132 463
132 600
132 774
132 870
132 389
132 843
132 834
132 574
132 447
132 836
132 490
132 228
133 897
133 709
133 219
133 842
133 304
133 649
133 366
133 682
133 495
133 778
133 746
133 381
133 266
133 507
134 515
134 151
134 795
134 865
134 875
134 361
134 611
134 813
134 886
134 628
134 526
134 669
134 896
134 566
134 528
134 559
134 214
134 453
135 374
135 551
135 581
135 727
135 474
135 659
135 706
135 500
135 272
135 135
135 239
135 356
135 648
135 137
135 414
135 341
135 359
136 652
136 517
136 391
136 331
136 739
136 392
136 653
136 576
136 845
136 198
136 550
136 364
136 676
136 160
136 725
136 893
136 706
137 648
137 335
137 193
137 341
137 727
137 581
137 621
137 585
137 414
137 359
137 272
137 142
137 793
137 667
137 239
137 638
138 772
138 743
138 138
138 540
138 853
138 580
138 476
138 426
138 165
138 754
138 523
138 404
138 529
138 558
138 251
138 250
139 421
139 177
139 436
139 405
139 139
139 377
139 810
139 188
139 882
139 146
139 376
139 827
139 181
139 701
139 249
139 412
140 829
140 731
140 807
140 771
140 516
140 775
140 521
140 511
140 140
140 885
140 602
140 636
140 411
140 884
140 373
141 182
141 328
141 418
141 339
141 680
141 417
141 168
141 196
141 387
141 172
141 141
141 407
141 542
141 292
141 307
141 453
141 755
142 363
142 445
142 784
142 557
142 847
142 435
142 152
142 868
142 404
142 430
142 835
142 176
142 728
142 530
142 798
142 277
143 343
143 646
143 857
143 318
143 300
143 597
143 696
143 317
143 191
143 432
143 862
143 479
143 751
143 566
143 470
143 216
144 178
144 337
144 257
144 390
144 652
144 871
144 573
144 209
144 374
144 740
144 595
144 166
144 502
144 221
144 481
144 489
145 656
145 832
145 728
145 752
145 468
145 367
145 315
145 668
145 769
145 427
145 712
145 164
145 230
145 536
145 805
145 175
145 841
146 614
146 181
146 882
146 377
146 188
146 237
146 510
146 810
146 879
146 579
146 146
146 692
146 177
146 701
146 834
146 757
146 884
147 691
147 353
147 408
147 161
147 499
147 747
147 874
147 663
147 233
147 294
147 241
147 671
147 163
147 583
148 677
148 632
148 616
148 461
148 336
148 525
148 148
148 320
148 478
148 413
148 803
148 549
148 552
148 311
149 253
149 531
149 267
149 860
149 328
149 334
149 223
149 182
149 204
149 149
149 238
149 332
149 499
149 423
149 467
149 342
149 620
149 627
149 777
150 530
150 660
150 835
150 798
150 784
150 150
150 382
150 445
150 363
150 557
150 152
151 219
151 515
151 526
151 528
151 559
151 611
151 361
151 813
151 669
151 628
151 858
151 296
151 214
151 224
151 878
151 511
152 784
152 530
152 275
152 404
152 660
152 835
152 363
152 868
152 430
152 435
153 513
153 661
153 498
153 407
153 552
153 218
153 850
153 673
153 213
153 640
153 820
153 156
153 299
153 687
153 879
153 390
154 717
154 655
154 154
154 839
154 887
154 551
154 422
154 197
154 173
154 630
154 679
154 637
154 221
154 410
154 465
154 851
155 277
155 285
155 379
155 212
155 329
155 828
155 753
155 483
155 400
155 606
155 443
155 545
155 588
155 464
156 661
156 407
156 818
156 802
156 552
156 156
156 201
156 218
156 526
156 299
156 309
156 586
156 850
156 213
156 640
156 330
157 662
157 449
157 768
157 157
157 692
157 681
157 797
157 537
157 888
157 867
157 178
157 809
157 609
158 459
158 522
158 225
158 535
158 222
158 767
158 654
158 779
158 395
158 710
158 891
158 523
158 301
158 697
158 370
159 159
159 690
159 801
159 226
159 325
159 295
159 744
159 571
159 548
159 554
159 565
159 698
159 861
159 466
160 687
160 391
160 653
160 550
160 345
160 845
160 331
160 240
160 244
160 195
160 392
160 704
160 198
161 671
161 163
161 508
161 708
161 233
161 161
161 297
161 353
161 499
161 587
161 241
161 795
161 162
161 691
162 663
162 408
162 671
162 353
162 583
162 587
162 708
162 508
162 294
162 297
162 834
162 691
162 233
162 624
163 408
163 499
163 241
163 747
163 587
163 624
163 163
163 671
163 691
163 597
163 708
163 353
164 780
164 280
164 805
164 175
164 881
164 728
164 712
164 164
164 832
164 841
164 315
164 769
164 445
165 520
165 772
165 702
165 529
165 754
165 558
165 523
165 302
165 450
165 562
165 250
165 426
165 853
165 251
166 390
166 652
166 533
166 209
166 481
166 506
166 374
166 166
166 489
166 740
166 871
166 272
166 731
166 221
166 711
166 840
167 495
167 413
167 806
167 539
167 568
167 478
167 281
167 320
167 610
167 632
167 525
167 677
167 872
167 564
167 461
167 336
168 542
168 417
168 418
168 675
168 292
168 205
168 307
168 594
168 892
168 466
168 453
168 172
168 196
168 324
168 668
169 265
169 650
169 415
169 804
169 256
169 518
169 207
169 748
169 355
169 169
169 679
169 750
169 246
170 787
170 346
170 454
170 458
170 170
170 569
170 683
170 603
170 384
170 242
170 615
170 694
170 719
171 679
171 630
171 839
171 465
171 197
171 422
171 887
171 477
171 561
171 637
171 808
171 414
171 851
172 387
172 264
172 417
172 292
172 680
172 594
172 324
172 339
172 196
172 453
172 307
172 373
173 311
173 655
173 679
173 808
173 477
173 465
173 887
173 410
173 173
173 630
174 519
174 534
174 279
174 811
174 812
174 821
174 781
174 770
174 431
174 344
174 538
174 688
175 831
175 193
175 769
175 780
175 293
175 427
175 536
175 841
175 712
175 315
175 252
175 183
175 832
176 207
176 413
176 275
176 660
176 276
176 382
176 435
176 798
176 530
176 404
176 488
176 835
176 847
176 198
177 405
177 796
177 421
177 590
177 510
177 188
177 882
177 181
177 237
177 436
177 376
177 483
177 701
177 377
177 879
177 249
178 263
178 273
178 816
178 313
178 343
178 178
178 703
178 626
178 492
178 210
178 456
178 438
178 827
179 514
179 284
179 814
179 817
179 607
179 327
179 398
179 714
179 734
179 424
179 349
179 277
179 452
179 599
179 613
179 758
180 386
180 899
180 396
180 684
180 645
180 738
180 351
180 393
180 678
180 711
180 730
180 348
180 497
180 482
180 324
181 397
181 405
181 796
181 421
181 810
181 882
181 757
181 579
181 590
181 436
181 589
181 701
181 834
181 237
181 879
181 376
182 457
182 532
182 267
182 531
182 860
182 332
182 342
182 423
182 334
182 333
182 467
182 223
182 620
183 637
183 514
183 398
183 284
183 582
183 619
183 599
183 349
183 846
183 814
183 518
183 714
183 734
183 607
183 613
184 820
184 684
184 781
184 274
184 534
184 538
184 672
184 811
184 812
184 431
184 821
184 279
184 688
184 526
184 460
184 369
185 413
185 803
185 677
185 568
185 185
185 525
185 461
185 616
185 336
185 632
185 610
185 856
185 529
185 478
185 239
186 403
186 791
186 553
186 308
186 742
186 575
186 726
186 194
186 765
186 459
186 368
186 593
186 612
186 645
187 643
187 260
187 524
187 782
187 402
187 310
187 741
187 394
187 651
187 493
187 732
187 700
187 503
187 486
187 623
187 895
187 803
187 755
188 397
188 405
188 796
188 421
188 376
188 879
188 579
188 882
188 436
188 249
188 512
188 834
188 523
188 347
189 555
189 300
189 433
189 696
189 191
189 432
189 479
189 646
189 848
189 566
189 396
189 597
189 857
190 386
190 899
190 684
190 428
190 396
190 738
190 393
190 457
190 375
190 482
190 497
190 190
190 849
190 792
190 321
190 711
190 730
190 348
191 646
191 555
191 432
191 433
191 470
191 191
191 338
191 479
191 696
191 317
191 880
191 848
191 597
191 857
191 632
192 574
192 387
192 264
192 541
192 292
192 689
192 307
192 892
192 339
192 417
192 466
192 324
192 680
192 497
192 196
192 205
193 710
193 281
193 648
193 659
193 667
193 414
193 272
193 581
193 193
193 706
193 585
193 335
193 474
193 484
193 621
194 403
194 791
194 308
194 824
194 726
194 194
194 473
194 664
194 789
194 575
194 278
194 368
194 823
194 199
194 618
194 501
195 517
195 392
195 676
195 448
195 576
195 653
195 725
195 240
195 391
195 345
195 244
195 893
195 550
195 412
195 198
195 331
195 845
195 364
196 264
196 541
196 417
196 307
196 453
196 675
196 466
196 324
196 196
196 594
196 755
197 245
197 655
197 410
197 422
197 561
197 851
197 477
197 465
197 808
197 352
197 463
197 630
197 887
197 380
198 517
198 392
198 653
198 676
198 576
198 704
198 739
198 331
198 550
198 240
198 845
198 725
198 364
199 664
199 308
199 575
199 789
199 199
199 368
199 480
199 670
199 473
199 403
199 593
199 756
199 459
199 618
199 666
200 781
200 274
200 534
200 279
200 538
200 688
200 229
200 344
200 821
200 519
200 203
200 460
200 568
200 819
201 513
201 673
201 802
201 552
201 309
201 469
201 201
201 407
201 640
201 818
201 586
201 213
202 389
202 774
202 647
202 790
202 409
202 721
202 785
202 502
202 836
202 490
202 447
202 202
202 404
202 843
202 463
202 487
203 781
203 274
203 812
203 431
203 203
203 821
203 538
203 344
203 770
203 519
203 338
203 229
204 815
204 332
204 713
204 531
204 223
204 733
204 860
204 512
204 604
204 267
204 333
204 467
205 387
205 542
205 417
205 675
205 689
205 307
205 324
205 453
205 418
205 755
205 292
205 892
205 687
205 466
205 594
206 642
206 268
206 820
206 844
206 462
206 639
206 596
206 601
206 577
206 890
206 685
206 762
206 369
206 859
206 634
207 774
207 265
207 288
207 826
207 207
207 415
207 494
207 246
207 378
207 256
207 355
207 748
208 273
208 816
208 438
208 703
208 837
208 263
208 208
208 492
208 625
208 644
208 210
208 343
208 866
208 614
208 707
209 257
209 390
209 533
209 595
209 766
209 735
209 759
209 573
209 731
209 221
209 481
209 272
210 263
210 703
210 837
210 456
210 827
210 625
210 273
210 866
210 816
210 626
210 442
211 389
211 774
211 409
211 836
211 721
211 723
211 600
211 647
211 843
211 785
211 447
211 870
211 487
211 490
212 657
212 416
212 545
212 443
212 828
212 464
212 329
212 591
212 606
212 277
213 513
213 407
213 552
213 687
213 818
213 850
213 469
213 218
213 661
213 751
214 528
214 543
214 559
214 865
214 813
214 361
214 224
214 795
214 669
214 611
214 847
214 875
214 878
214 896
214 464
215 270
215 271
215 532
215 289
215 429
215 686
215 215
215 749
215 745
215 437
215 319
215 292
216 555
216 433
216 696
216 317
216 848
216 597
216 338
216 479
216 300
216 862
216 646
217 385
217 773
217 440
217 829
217 715
217 852
217 724
217 729
217 236
217 261
217 608
217 623
217 631
217 889
218 673
218 802
218 513
218 552
218 299
218 661
218 498
218 818
218 218
218 640
218 446
219 897
219 778
219 266
219 682
219 314
219 316
219 842
219 304
219 366
219 709
219 509
219 495
219 863
219 356
219 617
219 256
219 667
220 650
220 287
220 288
220 415
220 804
220 220
220 412
220 748
220 826
220 355
220 378
220 677
220 285
221 257
221 390
221 652
221 573
221 731
221 735
221 759
221 481
221 871
221 389
221 374
222 779
222 666
222 301
222 710
222 395
222 522
222 401
222 419
222 222
222 535
222 539
223 267
223 531
223 733
223 467
223 238
223 328
223 604
223 860
223 766
223 627
223 512
224 526
224 858
224 559
224 231
224 878
224 528
224 669
224 865
224 813
224 795
224 494
224 611
224 896
224 367
225 608
225 654
225 401
225 301
225 697
225 337
225 779
225 370
225 767
226 801
226 420
226 295
226 554
226 306
226 565
226 698
226 325
226 472
226 298
226 227
226 386
226 234
227 801
227 554
227 298
227 861
227 306
227 548
227 744
227 420
227 295
227 517
227 550
228 799
228 546
228 290
228 825
228 840
228 864
228 232
228 425
228 819
228 291
228 245
229 463
229 242
229 770
229 538
229 672
229 821
229 534
229 369
229 781
229 431
229 546
229 243
230 263
230 273
230 816
230 438
230 439
230 313
230 827
230 703
230 343
230 866
230 614
230 427
231 515
231 528
231 795
231 669
231 543
231 231
231 886
231 628
231 858
231 255
231 875
231 896
232 265
232 898
232 527
232 799
232 546
232 425
232 864
232 872
232 291
232 840
232 290
232 343
232 245
233 408
233 294
233 583
233 663
233 233
233 708
233 624
233 747
233 499
233 473
234 801
234 548
234 295
234 565
234 698
234 325
234 744
234 717
234 420
234 424
234 646
235 897
235 266
235 314
235 709
235 842
235 880
235 304
235 356
235 495
235 863
235 381
235 617
235 682
235 625
235 509
236 261
236 406
236 440
236 323
236 724
236 340
236 729
236 608
236 488
236 303
236 631
236 890
237 397
237 405
237 421
237 810
237 579
237 590
237 377
237 796
237 376
237 834
237 718
237 510
238 471
238 267
238 423
238 334
238 333
238 342
238 733
238 238
238 438
239 272
239 659
239 581
239 335
239 474
239 359
239 706
239 793
239 585
239 500
239 727
239 638
240 517
240 391
240 392
240 676
240 448
240 576
240 704
240 845
240 725
240 739
240 364
240 893
240 315
241 408
241 671
241 297
241 691
241 583
241 874
241 624
241 353
241 508
241 241
242 787
242 683
242 694
242 569
242 838
242 454
242 458
242 718
242 346
242 603
242 615
242 248
242 764
242 384
243 644
243 776
243 800
243 296
243 693
243 705
243 716
243 496
243 371
243 312
243 347
243 305
243 760
244 517
244 392
244 676
244 448
244 704
244 725
244 364
244 550
244 739
244 331
244 789
244 893
244 896
245 898
245 527
245 799
245 546
245 425
245 872
245 833
245 290
245 840
246 518
246 412
246 415
246 804
246 355
246 877
246 750
246 378
246 288
246 650
246 256
247 258
247 259
247 282
247 451
247 720
247 475
247 756
247 253
247 622
247 505
247 330
247 702
248 683
248 569
248 838
248 454
248 615
248 560
248 719
248 384
248 346
248 357
248 546
249 421
249 436
249 701
249 579
249 590
249 882
249 397
249 757
249 796
249 510
249 536
249 613
250 580
250 743
250 558
250 251
250 476
250 754
250 250
250 722
251 520
251 523
251 540
251 426
251 302
251 562
251 450
251 580
251 529
251 702
251 853
251 743
251 630
251 754
252 769
252 293
252 427
252 315
252 252
252 380
252 668
252 468
252 752
252 841
252 358
253 301
253 258
253 259
253 269
253 451
253 455
253 475
253 358
253 622
253 756
253 641
254 643
254 260
254 524
254 782
254 788
254 732
254 350
254 493
254 504
254 707
254 394
254 402
254 741
254 391
254 348
255 771
255 521
255 777
255 822
255 605
255 736
255 876
255 884
255 373
255 411
255 885
255 835
255 636
256 870
256 265
256 650
256 287
256 288
256 415
256 804
256 877
256 750
256 256
257 489
257 766
257 481
257 740
257 485
257 759
257 506
257 374
257 871
257 533
257 307
257 731
257 735
257 798
258 641
258 475
258 259
258 505
258 756
258 635
258 258
258 589
258 720
258 455
258 362
258 269
258 282
258 598
258 873
258 622
259 873
259 635
259 330
259 622
259 720
259 282
259 358
259 563
259 455
259 589
259 505
260 643
260 394
260 503
260 504
260 524
260 623
260 310
260 700
260 350
260 675
260 651
260 782
260 402
260 741
260 601
261 773
261 323
261 570
261 440
261 715
261 631
261 385
261 608
261 724
261 774
261 444
261 488
261 512
262 591
262 262
262 483
262 443
262 322
262 400
262 657
262 277
262 464
262 606
262 588
262 828
262 416
262 329
263 313
263 614
263 492
263 625
263 456
263 626
263 439
263 703
263 438
263 285
263 816
263 827
263 837
263 716
264 339
264 466
264 594
264 689
264 292
264 324
264 418
264 387
264 453
264 680
264 667
265 703
265 518
265 494
265 288
265 412
265 650
265 804
265 415
265 826
265 355
265 877
265 287
266 897
266 649
266 682
266 266
266 658
266 842
266 709
266 495
266 381
266 366
266 304
266 471
266 880
267 713
267 604
267 423
267 332
267 328
267 627
267 333
267 860
267 620
267 525
267 815
267 334
267 733
268 642
268 601
268 844
268 854
268 699
268 894
268 890
268 633
268 286
268 762
268 859
268 639
268 900
268 577
268 606
269 479
269 641
269 475
269 589
269 269
269 455
269 622
269 598
269 635
269 398
269 282
269 451
270 695
270 792
270 563
270 271
270 270
270 749
270 807
270 289
270 737
270 319
270 745
270 318
270 786
270 572
271 898
271 437
271 289
271 441
271 807
271 745
271 271
271 737
271 458
271 786
271 686
271 434
271 572
272 648
272 414
272 341
272 727
272 359
272 500
272 667
272 581
272 659
272 706
272 335
272 484
273 273
273 816
273 492
273 456
273 438
273 837
273 827
273 343
273 338
273 614
273 625
274 770
274 519
274 781
274 821
274 274
274 811
274 460
274 283
274 554
274 279
275 320
275 784
275 435
275 275
275 798
275 276
275 445
275 404
275 406
275 557
275 847
276 785
276 784
276 530
276 557
276 835
276 660
276 435
276 382
276 404
276 798
276 646
276 430
276 847
276 868
277 701
277 474
277 443
277 464
277 285
277 545
277 277
277 322
277 606
277 416
277 588
277 591
278 403
278 789
278 501
278 824
278 480
278 593
278 726
278 278
278 670
278 664
278 742
278 368
278 618
278 365
278 553
278 459
278 473
279 770
279 519
279 534
279 369
279 344
279 538
279 279
279 672
279 781
279 688
279 719
279 283
279 811
279 431
280 780
280 832
280 315
280 712
280 367
280 656
280 536
280 280
280 769
280 752
280 728
280 624
280 668
280 427
280 881
281 525
281 616
281 856
281 413
281 478
281 549
281 610
281 539
281 803
281 568
281 303
281 311
281 632
281 564
281 461
281 336
281 292
282 439
282 641
282 589
282 455
282 873
282 756
282 330
282 598
282 282
282 320
282 475
282 505
282 635
283 534
283 812
283 283
283 431
283 344
283 781
283 369
283 688
283 519
283 761
283 460
284 514
284 783
284 582
284 349
284 846
284 327
284 452
284 619
284 817
284 398
284 284
284 424
284 814
284 714
284 599
284 758
285 300
285 535
285 400
285 753
285 322
285 483
285 828
285 588
285 545
285 329
285 379
286 900
286 894
286 639
286 601
286 634
286 751
286 462
286 699
286 859
286 762
286 642
286 596
286 577
286 854
286 883
286 633
287 518
287 650
287 412
287 415
287 826
287 748
287 750
287 378
287 337
287 288
288 518
288 650
288 412
288 804
288 826
288 378
288 535
288 355
288 748
288 877
288 769
289 786
289 532
289 319
289 695
289 507
289 749
289 437
289 434
289 441
289 572
289 429
289 736
289 807
289 686
290 527
290 674
290 819
290 546
290 864
290 291
290 872
290 840
290 761
290 398
290 425
290 823
290 825
291 674
291 527
291 819
291 833
291 823
291 898
291 425
291 840
291 546
291 481
291 825
291 864
291 872
292 491
292 387
292 541
292 542
292 417
292 292
292 892
292 689
292 324
292 594
292 339
293 518
293 780
293 805
293 728
293 427
293 468
293 656
293 841
293 752
293 668
293 366
293 367
294 719
294 663
294 408
294 583
294 747
294 624
294 297
294 508
294 601
294 587
295 420
295 565
295 861
295 690
295 744
295 571
295 295
295 694
295 298
295 306
295 325
295 717
295 472
296 564
296 800
296 831
296 776
296 372
296 644
296 442
296 716
296 693
296 296
296 496
296 773
296 305
296 312
296 347
296 371
296 763
297 408
297 624
297 508
297 353
297 874
297 691
297 671
297 549
297 583
297 499
298 420
298 554
298 744
298 717
298 690
298 325
298 306
298 548
298 801
298 477
299 631
299 407
299 802
299 552
299 640
299 687
299 469
299 673
299 586
299 850
300 646
300 555
300 857
300 318
300 479
300 432
300 848
300 470
300 862
300 566
300 317
301 857
301 522
301 779
301 654
301 401
301 666
301 337
301 697
301 419
301 578
301 370
302 340
302 772
302 520
302 529
302 540
302 426
302 383
302 754
302 580
302 853
302 476
302 562
302 743
303 539
303 806
303 303
303 803
303 632
303 478
303 549
303 856
303 610
303 427
304 897
304 649
304 658
304 304
304 682
304 381
304 842
304 746
304 617
304 316
304 713
304 471
304 356
304 509
304 674
305 508
305 644
305 776
305 800
305 831
305 312
305 763
305 722
305 326
305 442
305 496
305 705
305 351
305 716
305 371
305 372
305 760
306 801
306 420
306 554
306 306
306 571
306 325
306 565
306 356
306 690
306 698
306 717
306 472
307 541
307 542
307 675
307 689
307 324
307 418
307 859
308 791
308 670
308 553
308 618
308 612
308 459
308 403
308 824
308 473
308 368
308 593
308 596
308 575
308 726
308 742
308 501
309 513
309 661
309 407
309 673
309 687
309 498
309 586
309 469
309 818
309 873
309 477
310 394
310 651
310 788
310 503
310 700
310 504
310 524
310 741
310 350
310 732
310 808
310 493
310 865
311 871
311 803
311 806
311 549
311 539
311 616
311 568
311 311
311 320
311 336
311 373
312 644
312 760
312 442
312 371
312 763
312 722
312 326
312 800
312 362
312 347
312 380
312 716
313 438
313 625
313 866
313 827
313 626
313 614
313 456
313 492
313 837
314 897
314 649
314 778
314 658
314 509
314 709
314 880
314 316
314 863
314 495
314 366
314 381
314 356
314 583
315 897
315 780
315 536
315 668
315 769
315 841
315 656
315 881
316 649
316 778
316 658
316 617
316 495
316 682
316 509
316 471
316 381
316 316
316 532
316 842
316 863
316 746
316 880
316 366
316 562
316 411
317 566
317 318
317 432
317 433
317 338
317 555
317 862
317 317
317 857
317 658
317 597
318 555
318 566
318 433
318 432
318 862
318 646
318 318
318 479
318 561
319 357
319 434
319 695
319 572
319 737
319 441
319 807
319 429
319 799
320 539
320 803
320 806
320 677
320 564
320 568
320 632
320 320
320 616
320 336
321 645
321 393
321 399
321 428
321 629
321 482
321 396
321 899
321 584
321 321
321 684
321 738
321 410
321 849
321 351
321 375
322 400
322 416
322 443
322 753
322 483
322 464
322 828
322 329
322 681
322 588
322 591
323 406
323 829
323 729
323 340
323 889
323 608
323 724
323 488
323 715
323 605
323 437
323 815
324 418
324 387
324 541
324 466
324 339
324 680
324 453
324 892
325 818
325 801
325 565
325 717
325 744
325 472
325 363
326 644
326 776
326 693
326 705
326 831
326 800
326 326
326 362
326 794
326 347
326 371
326 760
327 486
327 783
327 556
327 817
327 582
327 599
327 398
327 814
327 619
327 758
327 838
327 734
328 593
328 531
328 423
328 334
328 860
328 713
328 627
328 620
328 342
328 332
328 467
328 733
329 852
329 400
329 416
329 591
329 379
329 443
329 329
329 606
329 753
330 821
330 451
330 455
330 330
330 641
330 720
330 589
330 622
330 475
330 358
330 873
330 627
331 664
331 530
331 392
331 676
331 704
331 345
331 725
331 517
331 690
331 845
331 739
331 797
332 762
332 604
332 467
332 860
332 815
332 423
332 334
332 512
332 518
332 333
333 531
333 423
333 815
333 512
333 604
333 733
333 860
333 467
333 356
333 342
333 620
333 627
333 556
334 423
334 815
334 604
334 467
334 799
334 342
334 627
334 512
335 394
335 648
335 793
335 706
335 581
335 585
335 667
335 335
335 621
335 884
336 861
336 525
336 539
336 803
336 549
336 806
336 568
336 847
336 359
337 642
337 522
337 395
337 419
337 697
337 578
337 370
337 767
337 401
338 555
338 432
338 433
338 338
338 696
338 580
338 597
339 654
339 387
339 541
339 675
339 689
339 542
339 755
340 773
340 608
340 570
340 631
340 340
340 852
340 488
340 385
341 579
341 648
341 706
341 585
341 500
341 793
341 484
341 667
341 621
341 528
341 474
341 638
342 420
342 531
342 423
342 713
342 604
342 627
342 733
342 467
342 866
343 816
343 837
343 626
343 866
343 456
343 827
344 770
344 534
344 538
344 431
344 460
344 344
344 812
344 811
344 608
344 369
345 517
345 391
345 653
345 576
345 704
345 725
345 550
345 676
345 392
345 893
345 815
346 787
346 683
346 830
346 454
346 458
346 560
346 694
346 603
346 764
346 498
346 384
347 776
347 347
347 722
347 760
347 372
347 693
347 831
347 705
347 800
347 371
348 386
348 899
348 645
348 393
348 396
348 428
348 684
348 584
348 730
348 678
348 711
348 351
349 503
349 514
349 424
349 556
349 814
349 582
349 817
349 349
349 714
349 549
349 607
349 619
349 758
350 782
350 402
350 788
350 700
350 707
350 732
350 643
350 651
350 493
350 887
350 679
351 386
351 899
351 645
351 399
351 428
351 711
351 849
351 396
351 684
351 375
351 457
351 816
351 738
351 482
351 497
351 780
352 422
352 561
352 839
352 477
352 679
352 637
352 808
352 630
352 551
352 410
352 851
352 754
353 671
353 708
353 353
353 408
353 691
353 747
353 497
353 874
353 624
353 739
353 416
354 389
354 774
354 647
354 409
354 574
354 447
354 843
354 463
354 600
354 721
354 490
354 354
354 487
355 518
355 650
355 804
355 355
355 877
355 750
355 378
355 766
356 649
356 658
356 682
356 842
356 366
356 880
356 746
356 863
356 897
356 356
356 381
357 490
357 458
357 719
357 603
357 830
357 569
357 384
357 454
357 764
357 615
358 641
358 451
358 589
358 720
358 475
358 598
358 505
358 622
358 771
358 881
359 667
359 706
359 581
359 727
359 638
359 793
359 621
359 484
360 537
360 809
360 692
360 446
360 592
360 665
360 768
360 662
360 544
360 888
360 794
360 567
360 576
360 365
360 588
361 543
361 865
361 611
361 515
361 813
361 559
361 528
361 526
361 361
361 385
361 878
361 896
362 808
362 776
362 800
362 442
362 831
362 722
362 716
362 371
362 372
362 706
362 496
363 404
363 660
363 430
363 363
363 445
363 530
363 435
364 392
364 653
364 576
364 704
364 550
364 391
364 676
364 893
364 725
364 396
365 447
365 665
365 797
365 547
365 681
365 446
365 609
365 867
365 592
365 809
365 499
365 514
366 649
366 778
366 658
366 863
366 617
366 746
366 682
366 709
367 688
367 769
367 780
367 656
367 536
367 668
367 427
367 832
367 752
367 881
368 403
368 789
368 664
368 593
368 742
368 726
368 824
368 480
368 575
368 580
368 501
368 648
369 770
369 519
369 534
369 538
369 821
369 811
370 522
370 779
370 395
370 535
370 419
370 666
370 767
370 891
371 693
371 722
371 763
371 716
371 776
371 858
371 592
372 776
372 800
372 442
372 705
372 722
372 496
372 372
372 716
372 835
373 771
373 775
373 521
373 411
373 822
373 605
373 876
373 388
374 390
374 533
374 573
374 735
374 489
374 766
374 759
374 481
374 506
375 899
375 645
375 393
375 396
375 678
375 684
375 711
375 584
375 457
375 849
375 482
375 450
376 700
376 810
376 701
376 590
376 879
376 579
376 796
376 757
376 443
377 397
377 405
377 421
377 810
377 436
377 701
377 377
377 834
377 812
378 412
378 826
378 378
378 518
378 650
378 759
379 400
379 657
379 753
379 483
379 828
379 588
379 545
380 621
380 769
380 780
380 805
380 427
380 832
380 752
380 881
380 728
380 468
380 712
380 536
380 734
381 897
381 778
381 682
381 509
381 658
381 471
381 868
382 816
382 799
382 784
382 430
382 445
382 798
382 660
382 868
382 522
383 520
383 523
383 562
383 580
383 476
383 743
383 540
383 426
383 853
383 702
383 817
384 683
384 560
384 694
384 454
384 719
384 615
384 838
385 570
385 440
385 729
385 715
385 406
385 829
385 852
385 631
385 444
385 773
385 608
385 889
386 393
386 730
386 584
386 684
386 399
386 629
386 482
386 849
386 426
386 678
386 428
386 457
386 656
387 594
387 892
387 755
387 542
387 689
387 541
387 418
387 675
387 417
387 882
388 771
388 516
388 876
388 884
388 388
388 411
388 855
388 885
388 736
388 602
388 423
388 777
388 605
388 869
389 785
389 600
389 574
389 721
389 870
389 502
389 487
389 409
389 463
389 836
389 783
389 647
389 843
390 595
390 506
390 766
390 652
390 485
390 731
390 533
390 735
390 573
390 740
390 871
390 489
391 517
391 448
391 893
391 550
391 704
391 392
391 576
391 725
391 503
392 392
392 676
392 739
392 517
392 448
392 576
393 457
393 482
393 645
393 684
393 393
393 899
393 711
393 399
393 881
393 428
393 584
393 730
393 738
394 643
394 700
394 707
394 486
394 623
394 402
394 504
394 503
394 524
394 788
394 651
394 732
394 493
395 744
395 522
395 779
395 401
395 891
395 535
395 419
395 710
395 435
395 654
395 697
396 497
396 629
396 738
396 399
396 584
396 396
396 457
396 899
396 536
396 678
396 428
396 849
396 482
397 701
397 810
397 421
397 796
397 879
397 579
397 882
397 590
397 834
397 438
397 405
397 436
397 757
398 514
398 452
398 714
398 582
398 734
398 758
398 619
398 398
398 846
399 645
399 738
399 684
399 730
399 497
399 629
399 678
399 849
399 846
399 711
399 482
399 449
400 483
400 591
400 545
400 588
400 753
400 416
400 442
400 828
401 779
401 522
401 710
401 697
401 767
401 666
401 533
401 578
401 891
402 524
402 782
402 788
402 643
402 895
402 732
402 504
402 493
402 651
402 700
402 741
402 623
403 473
403 593
403 765
403 612
403 480
403 791
403 403
403 459
403 534
403 789
403 664
403 726
404 530
404 798
404 445
404 784
404 404
404 435
404 557
404 608
405 810
405 757
405 834
405 579
405 590
405 510
405 524
405 796
405 436
405 701
405 879
405 641
406 889
406 829
406 852
406 444
406 631
406 608
406 440
406 773
406 449
406 570
406 488
407 513
407 661
407 552
407 640
407 586
407 407
407 797
407 687
407 818
407 580
408 663
408 708
408 671
408 874
408 747
408 624
408 757
408 691
408 508
409 774
409 785
409 790
409 647
409 447
409 870
409 574
409 723
409 621
409 836
409 843
409 487
410 851
410 477
410 630
410 679
410 655
410 887
410 487
410 422
410 551
410 637
410 743
411 422
411 521
411 777
411 822
411 775
411 869
411 516
411 884
411 605
411 736
411 876
411 885
412 518
412 650
412 877
412 750
412 826
412 804
412 494
413 525
413 564
413 539
413 632
413 461
413 677
413 616
413 549
413 803
413 806
413 568
413 610
414 659
414 581
414 500
414 793
414 414
414 484
414 474
414 899
415 518
415 494
415 804
415 750
415 826
415 877
415 748
416 830
416 657
416 464
416 753
416 591
416 443
416 828
416 607
417 542
417 466
417 755
417 675
417 594
417 680
417 427
417 418
418 691
418 541
418 542
418 466
418 892
418 755
418 680
418 453
419 522
419 779
419 654
419 535
419 666
419 578
419 419
419 767
419 533
419 697
419 710
419 591
420 889
420 801
420 861
420 571
420 472
420 420
420 690
420 548
420 717
421 796
421 834
421 579
421 701
421 510
421 751
421 810
421 757
422 478
422 551
422 422
422 465
422 561
422 887
422 679
422 808
422 839
422 783
423 531
423 713
423 604
423 512
423 889
423 815
423 467
424 519
424 783
424 556
424 846
424 607
424 514
424 424
424 582
424 814
424 817
424 613
424 619
425 898
425 527
425 674
425 823
425 872
425 819
425 546
425 425
425 786
425 491
426 772
426 523
426 529
426 520
426 540
426 476
426 580
426 558
426 561
426 562
426 754
427 565
427 805
427 468
427 668
427 752
427 832
428 899
428 645
428 678
428 730
428 738
428 629
428 457
428 584
428 548
428 684
428 711
428 849
429 807
429 749
429 695
429 434
429 429
429 507
429 441
429 792
429 745
429 757
429 686
429 563
429 437
430 784
430 660
430 798
430 557
430 445
430 868
430 530
430 847
431 770
431 538
431 672
431 811
431 460
431 821
431 688
431 519
432 433
432 862
432 848
432 566
432 555
432 597
432 696
432 788
432 857
432 594
433 555
433 479
433 848
433 696
433 862
433 566
433 433
434 532
434 792
434 686
434 437
434 737
434 563
434 434
435 784
435 530
435 798
435 835
435 868
435 557
435 445
435 847
436 715
436 810
436 879
436 834
436 882
436 510
436 590
436 644
436 579
436 757
437 532
437 807
437 507
437 437
437 786
437 572
437 749
437 695
437 737
437 745
437 758
438 816
438 438
438 827
438 866
438 703
438 614
438 472
439 614
439 827
439 439
439 837
439 816
439 625
439 456
439 576
440 773
440 715
440 440
440 852
440 612
440 570
440 444
440 829
440 724
440 729
440 631
441 502
441 792
441 807
441 686
441 695
441 745
441 563
441 507
441 786
441 519
441 572
442 644
442 776
442 800
442 693
442 763
442 496
442 705
442 681
443 451
443 878
443 657
443 572
443 591
443 464
443 606
444 852
444 715
444 889
444 829
444 570
444 631
444 458
444 724
444 729
445 784
445 660
445 557
445 445
445 467
445 847
446 662
446 797
446 547
446 809
446 681
446 567
446 692
446 544
446 449
446 888
447 785
447 790
447 723
447 774
447 490
447 836
447 647
447 463
448 653
448 676
448 550
448 845
448 893
448 448
448 517
448 704
448 739
449 578
449 839
449 537
449 547
449 681
449 692
449 449
449 662
449 867
450 772
450 523
450 529
450 540
450 562
450 702
450 580
450 520
450 742
450 853
450 892
450 736
451 451
451 505
451 720
451 455
451 756
451 598
451 475
452 814
452 599
452 607
452 452
452 613
452 758
452 514
452 556
452 649
452 582
452 846
452 734
453 794
453 542
453 689
453 675
453 892
453 755
454 787
454 560
454 830
454 838
454 615
454 683
454 719
455 641
455 720
455 589
455 455
455 873
455 505
456 816
456 827
456 837
456 492
456 614
456 824
457 647
457 899
457 645
457 678
457 584
457 730
457 738
457 629
458 683
458 569
458 830
458 764
458 615
458 458
458 718
458 603
459 789
459 791
459 670
459 664
459 553
459 575
459 612
459 726
459 473
459 501
460 519
460 781
460 672
460 811
460 460
460 770
461 549
461 806
461 564
461 632
461 461
461 856
461 616
461 780
461 875
462 642
462 900
462 685
462 820
462 577
462 751
462 890
462 883
462 633
462 762
462 844
462 506
462 596
462 854
462 859
463 774
463 785
463 790
463 836
463 843
463 647
463 723
463 487
463 721
464 545
464 464
464 657
464 591
464 483
465 655
465 679
465 551
465 808
465 860
465 887
466 541
466 680
466 689
466 755
466 542
466 675
467 531
467 815
467 713
467 515
467 604
467 620
468 769
468 656
468 668
468 805
468 841
468 752
468 536
468 468
468 664
469 673
469 552
469 850
469 687
469 469
469 818
470 810
470 646
470 555
470 696
470 479
470 470
470 862
470 712
471 778
471 658
471 682
471 709
471 471
471 880
471 746
471 617
471 863
472 801
472 548
472 571
472 717
472 556
473 791
473 553
473 575
473 593
473 726
473 670
473 742
473 480
473 752
473 618
473 765
474 721
474 648
474 659
474 706
474 727
474 484
474 793
474 667
474 621
475 589
475 598
475 720
475 898
475 873
475 622
475 745
476 772
476 523
476 540
476 743
476 476
476 580
476 702
476 753
477 655
477 551
477 808
477 561
477 851
477 637
477 630
478 525
478 803
478 549
478 677
478 564
478 856
478 632
479 646
479 696
479 848
479 862
479 899
479 793
480 789
480 791
480 664
480 670
480 553
480 575
480 726
480 480
480 501
480 573
480 742
480 618
481 595
481 731
481 735
481 485
481 759
481 506
481 837
482 645
482 584
482 738
482 849
482 574
482 629
483 673
483 657
483 545
483 753
483 591
483 647
484 706
484 585
484 484
484 648
484 581
484 659
484 784
484 638
484 680
485 595
485 731
485 485
485 573
485 489
485 735
485 890
485 871
486 643
486 651
486 524
486 782
486 788
486 700
486 707
486 493
486 895
486 504
486 741
486 520
487 790
487 574
487 721
487 600
487 774
487 487
487 732
487 838
488 829
488 715
488 852
488 724
488 729
488 488
488 733
489 533
489 731
489 735
489 871
489 489
489 506
489 766
489 851
490 790
490 721
490 723
490 490
490 843
490 502
491 898
491 527
491 674
491 823
491 825
491 546
491 864
491 819
491 761
492 837
492 614
492 625
492 703
492 856
493 651
493 782
493 707
493 524
493 895
493 863
493 685
494 518
494 804
494 826
494 748
494 494
495 897
495 682
495 617
495 746
495 709
495 658
495 495
495 880
496 644
496 776
496 831
496 705
496 722
496 496
496 716
496 620
497 899
497 584
497 849
497 730
497 738
497 678
497 645
497 711
497 767
498 577
498 633
498 513
498 673
498 552
498 687
498 850
498 661
498 779
498 640
499 691
499 708
499 583
499 874
499 747
499 587
499 612
500 648
500 659
500 727
500 706
500 793
500 748
501 664
501 553
501 575
501 593
501 618
501 670
501 765
501 824
501 823
501 676
502 774
502 785
502 723
502 870
502 836
502 790
502 502
503 782
503 788
503 707
503 503
503 895
503 741
503 651
503 504
503 862
504 643
504 788
504 895
504 732
504 782
504 700
504 813
504 615
505 788
505 641
505 598
505 635
506 573
506 595
506 740
506 766
506 802
506 549
506 833
507 786
507 792
507 686
507 563
507 572
507 807
507 737
508 663
508 671
508 583
508 587
508 874
508 747
508 624
509 600
509 897
509 709
509 863
509 617
509 746
509 649
509 658
509 577
510 623
510 796
510 701
510 834
510 879
510 525
511 516
511 775
511 521
511 605
511 736
511 876
511 885
511 636
511 771
511 777
511 855
512 663
512 713
512 604
512 733
512 627
512 620
513 661
513 552
513 673
513 818
513 802
513 586
513 687
514 569
514 514
514 814
514 619
514 846
514 607
514 599
514 783
514 582
514 613
515 729
515 757
515 813
515 669
515 528
515 526
515 896
515 611
515 543
515 536
515 559
515 886
516 683
516 771
516 885
516 884
516 855
516 516
516 822
516 869
516 777
516 602
516 605
516 736
517 704
517 576
517 550
517 725
517 789
517 845
517 739
517 893
518 826
518 877
518 518
518 650
519 519
519 534
519 770
519 821
519 672
520 743
520 580
520 853
520 540
520 520
520 562
520 702
520 529
520 644
520 828
521 771
521 521
521 736
521 885
521 869
521 775
521 777
521 822
521 884
521 636
522 654
522 535
522 779
522 522
522 666
522 710
522 891
522 767
522 825
523 754
523 702
523 562
523 529
523 558
523 743
524 643
524 651
524 700
524 741
524 788
524 707
524 623
524 524
524 732
524 760
525 709
525 525
525 549
525 803
525 568
525 806
525 610
525 567
525 539
525 564
526 896
526 528
526 543
526 526
526 559
526 669
526 689
526 858
526 865
526 875
526 878
527 898
527 546
527 819
527 761
527 872
527 825
527 891
527 799
527 674
527 833
527 840
528 875
528 795
528 669
528 813
528 628
528 611
528 559
528 858
528 896
529 824
529 772
529 540
529 562
529 529
529 558
529 756
529 702
529 754
529 675
530 784
530 835
530 660
530 868
530 557
530 798
531 747
531 860
531 733
531 620
531 627
532 786
532 572
532 745
532 737
532 749
532 792
532 695
533 652
533 740
533 766
533 533
533 731
534 821
534 688
534 770
534 672
534 538
534 811
535 626
535 779
535 891
535 578
535 654
535 535
536 724
536 769
536 656
536 536
536 805
536 841
536 675
536 668
536 832
536 712
537 794
537 768
537 797
537 537
537 544
537 592
537 567
537 547
537 900
537 609
537 582
538 770
538 781
538 672
538 582
539 677
539 610
539 568
539 564
539 632
539 806
539 573
540 772
540 743
540 558
540 540
540 702
541 542
541 892
541 675
541 755
541 680
541 692
541 689
542 892
542 680
542 689
542 788
542 755
543 669
543 795
543 865
543 543
543 878
543 858
543 779
543 875
544 610
544 662
544 665
544 888
544 797
544 692
544 567
544 592
544 547
544 768
544 544
544 809
544 609
545 657
545 606
545 591
545 782
545 588
546 898
546 823
546 825
546 840
546 806
546 674
546 833
547 662
547 794
547 665
547 797
547 888
547 609
547 547
547 809
547 592
548 801
548 548
548 861
548 554
548 690
548 698
549 806
549 549
549 610
549 616
549 677
549 564
549 856
550 894
550 653
550 676
550 576
550 845
550 550
550 725
550 739
551 655
551 851
551 637
551 679
551 839
552 673
552 850
552 640
552 818
553 664
553 824
553 742
553 670
553 612
553 618
553 553
553 593
554 698
554 801
554 861
554 565
554 571
554 717
555 646
555 862
555 566
555 884
555 848
555 597
555 857
556 812
556 599
556 734
556 714
556 846
556 783
556 607
556 619
556 817
556 613
556 758
557 784
557 660
557 835
557 833
557 847
557 868
558 863
558 772
558 754
558 558
558 743
558 580
558 853
558 659
559 669
559 875
559 611
559 628
559 795
559 813
559 886
559 865
559 878
560 834
560 787
560 764
560 838
560 718
560 603
560 560
560 569
560 737
560 694
560 830
561 655
561 808
561 839
561 561
561 869
561 851
561 630
562 772
562 853
562 743
562 754
562 638
563 643
563 786
563 745
563 686
563 749
563 737
564 610
564 616
564 856
565 801
565 698
565 571
565 861
565 744
565 690
565 717
566 646
566 848
566 566
566 654
566 597
567 730
567 794
567 681
567 797
567 567
567 867
567 662
567 782
567 768
568 677
568 616
568 735
569 694
569 787
569 830
569 719
569 569
569 838
569 718
569 572
569 817
570 608
570 852
570 889
570 829
570 570
570 854
570 724
571 690
571 744
571 861
571 801
571 766
572 786
572 792
572 749
572 695
572 737
573 652
573 871
573 573
573 740
573 604
573 731
574 647
574 790
574 574
574 836
574 600
574 774
574 843
574 721
574 870
575 670
575 791
575 612
575 789
575 575
575 765
575 882
575 593
576 576
576 845
577 741
577 642
577 900
577 699
577 601
577 634
577 751
577 854
577 633
577 894
577 596
577 762
577 725
578 779
578 654
578 666
578 697
578 891
578 752
579 796
579 590
579 879
579 882
579 712
580 702
581 659
581 793
581 706
581 727
581 648
581 757
582 783
582 613
582 817
582 758
582 714
582 734
582 607
583 663
583 583
583 671
583 587
583 747
583 872
584 899
584 678
584 684
584 645
584 730
585 638
585 727
585 585
585 648
585 667
585 607
586 661
586 802
586 687
586 850
586 640
586 816
587 663
587 671
587 747
587 715
587 874
588 657
588 606
588 588
588 591
589 622
589 641
589 635
589 824
589 720
590 796
590 810
590 879
590 834
590 882
590 714
591 746
591 606
591 657
591 753
592 612
592 874
592 595
592 662
592 794
592 665
592 681
592 692
592 888
592 609
593 670
593 765
593 726
593 618
594 689
594 675
594 892
594 680
594 594
595 652
595 740
595 766
595 735
595 595
595 871
596 642
596 900
596 820
596 699
596 844
596 854
596 633
596 596
596 601
596 634
596 894
597 646
597 862
597 848
598 641
598 720
598 598
598 622
598 873
598 756
598 768
598 635
599 817
599 846
599 599
599 783
599 691
599 619
600 647
600 785
600 790
600 600
600 836
600 774
600 870
601 642
601 900
601 685
601 820
601 854
601 634
601 890
601 883
601 751
601 633
601 639
601 876
602 677
602 775
602 885
602 884
602 822
602 876
602 869
602 605
603 787
603 683
603 838
603 718
603 719
603 830
603 603
604 733
604 860
604 604
605 775
605 777
605 855
605 822
605 869
605 771
605 884
605 636
606 882
606 828
607 783
607 814
607 734
607 613
607 714
607 758
608 773
608 852
608 724
608 729
609 665
609 681
609 867
609 692
609 609
610 806
610 856
610 803
610 616
611 790
611 795
611 669
611 813
611 896
611 741
611 875
611 628
611 886
612 789
612 791
612 664
612 670
612 824
612 765
612 742
612 618
613 783
613 814
613 758
613 817
613 619
614 703
614 625
615 634
615 787
615 830
615 718
615 719
616 677
616 803
616 859
617 649
617 842
617 778
617 863
617 617
617 682
617 828
617 746
618 670
618 824
618 618
618 647
618 765
619 814
619 714
619 734
620 815
620 733
620 713
620 620
621 699
621 648
621 659
621 793
621 667
621 706
621 638
622 873
622 622
622 843
622 635
623 788
623 895
623 741
623 651
623 623
623 707
623 782
624 671
624 708
624 874
624 899
625 816
625 703
625 839
625 655
626 703
626 866
626 816
626 626
627 713
627 860
627 733
627 627
628 865
628 878
628 669
628 875
628 795
628 858
628 828
628 886
628 896
629 899
629 678
629 849
629 730
629 711
629 645
629 667
629 800
630 655
630 808
630 630
630 637
631 773
631 715
631 852
631 829
632 677
632 856
633 820
633 699
633 844
633 642
633 751
633 859
633 900
634 685
634 844
634 854
634 859
634 890
634 762
634 751
634 699
635 641
635 756
635 635
635 771
636 645
636 771
636 869
636 736
636 775
636 822
636 777
637 851
637 679
637 805
638 659
638 793
638 727
638 648
638 706
639 642
639 844
639 854
639 859
639 699
639 900
639 883
639 894
640 673
640 661
640 640
640 778
641 672
641 720
641 873
642 685
642 894
642 762
642 844
642 883
642 820
642 900
642 699
643 651
643 707
643 788
643 741
643 643
644 831
644 705
644 644
645 837
645 899
645 678
645 849
645 738
645 684
645 711
646 646
646 857
646 862
647 723
647 870
647 785
647 721
647 836
647 774
647 843
648 727
648 648
648 659
648 793
649 897
649 746
649 709
649 649
649 762
649 778
649 658
649 682
649 842
649 863
650 750
650 826
650 748
650 666
650 804
650 877
651 788
651 895
651 651
651 707
651 782
651 732
651 842
652 735
652 652
652 731
652 759
652 766
653 660
653 676
653 725
653 653
653 739
654 654
654 891
654 767
654 855
655 887
655 655
655 808
655 839
656 791
656 769
656 712
656 656
656 832
656 728
656 805
656 668
656 841
657 657
657 828
657 692
657 753
658 897
658 842
658 658
658 682
658 699
658 709
658 746
659 793
659 667
659 727
660 784
660 835
660 660
660 868
660 798
660 832
661 673
661 661
661 818
661 802
661 779
662 782
662 768
662 665
662 681
662 794
662 662
662 797
662 809
662 867
662 888
663 747
663 708
663 874
663 663
663 691
663 671
664 789
664 791
664 664
664 765
664 726
664 824
665 853
665 794
665 888
665 768
665 797
665 681
665 867
665 666
665 809
666 666
666 767
666 740
667 793
667 727
667 667
667 706
668 769
668 752
668 728
668 841
669 893
669 858
669 896
669 813
669 878
669 886
670 765
670 824
670 742
670 670
670 726
671 854
671 874
671 671
672 811
672 672
672 812
672 821
673 850
673 802
673 687
674 799
674 819
674 840
674 674
674 823
674 825
674 833
674 761
675 768
675 680
675 755
675 689
675 892
675 675
676 725
676 676
676 704
676 739
677 803
677 806
678 899
678 678
678 738
678 764
678 684
678 711
679 856
679 839
679 887
679 851
679 808
680 689
680 680
680 892
681 809
681 692
681 797
681 794
681 768
682 880
682 863
682 709
682 778
682 897
682 755
682 842
683 787
683 694
683 718
683 719
683 764
684 738
684 684
684 711
684 730
685 854
685 762
685 883
685 820
685 844
685 685
685 894
685 890
686 807
686 786
686 792
686 686
686 749
687 818
687 687
687 850
688 781
688 811
688 812
688 770
688 688
688 821
690 801
690 717
690 690
690 835
690 698
690 861
691 874
691 708
692 794
692 809
692 797
693 859
693 800
693 763
693 776
693 831
693 705
693 693
694 787
694 764
694 719
694 694
694 830
694 838
695 792
695 807
695 786
695 695
695 745
695 749
696 857
696 696
696 842
697 710
697 767
697 863
697 891
698 744
698 698
698 855
698 714
699 900
699 883
699 820
699 751
699 762
699 894
699 844
699 859
699 890
700 782
700 788
700 732
700 707
700 741
700 727
701 834
701 757
701 879
701 882
701 767
702 772
702 702
702 853
702 828
702 754
703 816
703 827
703 866
704 845
704 739
704 752
704 725
704 893
705 831
705 716
705 776
705 760
707 788
707 782
707 732
708 747
708 876
708 835
709 897
709 746
709 709
709 842
710 779
710 767
710 891
711 899
711 849
711 711
711 730
711 738
712 769
712 805
712 728
712 780
712 881
712 841
712 752
713 815
713 860
713 713
714 783
714 817
714 846
714 814
715 773
716 800
716 716
716 760
716 722
716 831
717 801
717 717
717 861
717 744
717 733
718 787
718 830
718 718
718 719
718 764
719 787
719 719
720 765
720 756
720 873
720 790
721 774
721 785
721 790
721 721
722 776
722 800
722 831
722 760
722 722
723 774
723 785
723 836
723 843
723 870
723 820
724 852
724 829
724 729
724 889
724 787
725 845
725 739
726 791
726 824
726 765
726 795
726 742
727 793
728 732
728 769
728 780
728 805
728 841
729 829
729 852
729 889
730 899
731 735
732 788
732 895
732 741
734 783
734 814
734 817
734 734
735 766
735 759
735 740
735 893
736 792
736 845
736 775
736 855
737 807
737 792
737 749
737 817
737 745
739 893
740 740
740 759
740 749
741 782
741 788
741 895
742 789
742 791
742 824
742 765
743 853
744 801
745 786
745 745
746 880
746 778
747 874
747 763
748 804
748 877
749 792
749 807
750 804
750 877
750 750
750 822
751 844
751 859
751 883
751 751
751 900
751 854
751 890
751 894
752 769
752 780
752 832
753 828
753 753
754 772
755 892
756 873
756 825
757 796
757 810
757 834
757 879
757 757
758 783
758 817
759 883
760 866
760 761
760 831
760 760
760 763
761 799
761 825
761 840
761 864
761 898
762 900
762 859
762 820
763 877
763 776
763 763
764 830
764 787
764 781
765 789
765 791
765 770
768 794
768 809
768 888
769 841
769 780
769 881
770 811
770 781
770 770
770 812
771 876
771 822
771 869
771 775
771 771
771 777
771 885
772 853
772 772
773 889
773 829
773 773
774 836
774 790
774 870
774 785
774 843
775 876
775 884
775 869
775 885
775 855
775 777
775 822
776 800
776 776
777 784
777 869
777 876
777 855
777 884
778 842
778 897
778 880
778 778
778 863
778 779
780 881
780 805
780 832
780 841
781 781
781 812
782 788
782 806
783 817
783 814
784 847
784 885
785 785
785 843
785 802
786 807
787 830
787 838
789 824
789 791
789 789
789 850
790 790
791 824
792 887
792 807
793 793
794 794
794 809
794 888
794 867
795 878
795 813
795 795
795 875
795 865
795 886
796 879
796 810
796 840
797 797
797 888
798 847
798 798
798 835
799 898
799 864
799 823
799 833
799 819
799 840
800 800
800 831
801 861
801 855
802 850
802 802
802 818
803 803
803 806
803 856
804 819
804 826
804 877
805 832
805 841
805 805
805 881
806 806
806 856
807 807
808 808
808 839
809 867
809 888
810 882
810 879
811 821
811 812
812 821
812 812
813 886
813 813
813 896
813 858
813 875
814 846
814 814
815 827
815 860
816 827
816 837
816 866
816 888
817 846
817 817
818 818
819 898
819 864
819 819
819 825
819 833
819 840
819 872
820 844
820 890
820 859
820 900
820 883
820 854
822 885
822 876
822 855
823 898
823 833
823 840
823 872
824 824
824 849
825 898
825 825
825 872
827 866
827 837
829 829
829 852
829 889
830 830
830 847
832 881
833 840
833 833
833 864
834 834
834 882
836 843
837 866
838 838
840 898
840 872
842 880
843 843
843 870
844 859
844 883
845 893
846 846
847 868
848 848
848 857
849 899
850 850
851 851
852 889
853 853
854 900
854 854
855 855
855 876
857 862
858 865
858 858
858 886
858 896
858 875
858 878
859 883
859 900
859 890
860 860
863 863
863 880
864 873
864 898
864 872
865 886
865 878
867 867
867 885
869 869
869 884
870 870
871 871
872 898
875 886
878 896
880 897
880 880
881 881
883 890
883 883
884 885
890 900
890 890
890 894
894 900
894 894
895 895
900 900
