900 10512
1 709
1 181
1 549
1 170
1 196
1 882
1 427
1 177
1 371
1 39
1 712
1 551
1 180
1 835
1 1
1 440
1 429
1 472
1 109
1 38
1 317
1 71
1 586
1 846
1 84
1 359
1 721
1 423
2 623
2 896
2 574
2 445
2 2
2 600
2 709
2 708
2 320
2 45
2 607
2 322
2 308
2 736
2 722
2 191
2 667
2 316
2 819
2 680
2 175
2 324
2 39
2 646
3 878
3 568
3 812
3 275
3 3
3 439
3 666
3 269
3 873
3 338
3 856
3 841
3 535
3 833
3 214
3 622
3 101
3 210
3 24
3 152
3 335
3 862
3 737
3 741
3 62
4 515
4 626
4 396
4 852
4 47
4 823
4 303
4 28
4 285
4 65
4 264
4 268
4 519
4 136
4 771
4 725
4 111
4 659
4 795
4 410
4 259
4 14
4 687
4 559
4 441
4 544
5 578
5 755
5 5
5 612
5 611
5 576
5 615
5 796
5 416
5 895
5 137
5 555
5 454
5 414
5 237
5 646
5 12
5 446
5 152
5 723
6 401
6 863
6 400
6 86
6 114
6 676
6 118
6 6
6 10
6 183
6 31
6 254
6 808
6 321
6 340
6 554
6 138
6 521
6 217
6 392
6 522
6 107
6 231
7 248
7 719
7 387
7 647
7 520
7 745
7 394
7 228
7 223
7 95
7 750
7 478
7 7
7 890
7 315
7 685
7 781
7 797
7 861
7 156
7 557
7 838
7 99
7 344
7 727
8 339
8 197
8 649
8 42
8 21
8 283
8 818
8 328
8 233
8 682
8 289
8 888
8 438
8 69
8 821
8 758
8 54
8 766
8 638
8 508
8 278
8 539
8 105
9 353
9 82
9 194
9 347
9 749
9 633
9 884
9 189
9 752
9 538
9 831
9 92
9 190
9 475
9 840
9 182
9 442
9 820
9 813
9 218
9 661
9 199
9 79
10 138
10 401
10 400
10 321
10 183
10 631
10 29
10 254
10 118
10 215
10 114
10 863
10 808
10 15
10 107
10 31
10 554
10 257
10 368
10 676
10 713
10 340
10 86
10 487
10 251
11 389
11 262
11 692
11 25
11 11
11 754
11 564
11 249
11 511
11 336
11 81
11 20
11 526
11 609
11 603
11 479
11 406
11 154
11 531
11 540
11 304
11 337
11 98
12 413
12 332
12 461
12 330
12 578
12 454
12 611
12 414
12 813
12 576
12 416
12 755
12 740
12 731
12 646
12 12
12 368
12 866
12 796
12 555
12 615
13 760
13 393
13 89
13 673
13 231
13 784
13 837
13 40
13 60
13 575
13 536
13 135
13 451
13 423
13 430
13 239
13 232
13 67
13 868
13 782
13 703
13 608
14 771
14 515
14 264
14 268
14 519
14 626
14 823
14 136
14 285
14 396
14 111
14 852
14 687
14 65
14 528
14 28
14 47
14 69
14 612
14 559
14 441
14 532
15 392
15 107
15 400
15 29
15 114
15 86
15 183
15 321
15 808
15 863
15 118
15 554
15 676
15 401
15 522
15 215
15 15
15 74
15 254
15 848
16 140
16 348
16 765
16 23
16 786
16 144
16 871
16 16
16 94
16 733
16 502
16 802
16 474
16 770
16 594
16 274
16 807
16 760
16 666
16 403
16 811
16 581
16 102
17 653
17 714
17 361
17 68
17 616
17 57
17 543
17 116
17 443
17 412
17 314
17 510
17 346
17 893
17 684
17 246
17 117
17 853
17 656
17 262
17 323
17 721
17 363
17 492
18 107
18 647
18 402
18 161
18 597
18 391
18 885
18 18
18 787
18 341
18 590
18 27
18 213
18 288
18 509
18 83
18 785
18 57
18 179
18 542
18 547
18 463
18 619
18 236
19 710
19 496
19 258
19 131
19 514
19 134
19 381
19 782
19 868
19 350
19 344
19 22
19 168
19 343
19 220
19 96
19 157
19 240
19 783
19 757
19 164
19 342
19 93
19 483
19 484
20 389
20 262
20 526
20 255
20 98
20 336
20 337
20 249
20 609
20 25
20 754
20 511
20 81
20 540
20 113
20 564
20 762
20 85
20 880
20 406
20 692
20 479
21 333
21 271
21 54
21 162
21 278
21 21
21 758
21 105
21 69
21 766
21 539
21 42
21 279
21 75
21 649
21 888
21 429
21 579
21 283
21 289
21 682
21 438
21 580
22 272
22 32
22 134
22 782
22 484
22 100
22 868
22 342
22 96
22 168
22 22
22 240
22 381
22 131
22 164
22 343
22 482
22 710
22 157
22 220
22 93
22 350
22 483
22 486
22 498
22 875
23 757
23 440
23 144
23 274
23 786
23 765
23 502
23 669
23 802
23 594
23 102
23 140
23 23
23 793
23 807
23 94
23 675
23 389
23 33
23 811
23 581
23 733
24 897
24 63
24 111
24 607
24 110
24 445
24 565
24 708
24 623
24 667
24 24
24 722
24 476
24 191
24 45
24 324
24 861
24 400
24 704
24 680
24 574
24 320
24 322
24 736
24 896
24 547
25 389
25 262
25 526
25 406
25 762
25 249
25 564
25 754
25 113
25 81
25 25
25 337
25 479
25 692
25 511
25 328
25 435
25 540
25 336
25 603
25 609
25 98
25 255
25 293
25 101
25 697
26 176
26 789
26 277
26 663
26 150
26 546
26 459
26 874
26 26
26 664
26 732
26 34
26 794
26 639
26 58
26 734
26 420
26 424
26 493
26 155
26 541
26 800
26 426
27 163
27 152
27 785
27 402
27 787
27 236
27 61
27 288
27 367
27 193
27 391
27 250
27 590
27 83
27 161
27 27
27 626
27 75
27 542
27 547
27 198
27 597
27 619
27 885
27 509
27 130
28 366
28 771
28 515
28 519
28 136
28 396
28 528
28 65
28 441
28 823
28 268
28 659
28 852
28 259
28 285
28 626
28 119
28 252
28 559
28 303
28 47
28 725
28 111
28 470
28 439
28 723
28 37
29 392
29 522
29 138
29 401
29 86
29 400
29 254
29 107
29 554
29 340
29 114
29 863
29 215
29 29
29 631
29 93
29 752
29 676
29 713
29 539
30 650
30 146
30 154
30 158
30 696
30 204
30 365
30 886
30 563
30 481
30 613
30 679
30 167
30 799
30 894
30 500
30 30
30 897
30 473
30 294
30 72
30 758
31 522
31 400
31 713
31 183
31 86
31 631
31 808
31 118
31 114
31 863
31 31
31 676
31 401
31 554
31 321
31 176
31 174
31 107
31 807
32 32
32 491
32 160
32 728
32 345
32 815
32 173
32 827
32 810
32 169
32 316
32 103
32 817
32 544
32 434
32 121
32 421
32 270
32 809
32 569
32 828
32 333
32 58
32 356
33 244
33 433
33 689
33 693
33 622
33 770
33 786
33 793
33 807
33 33
33 811
33 669
33 733
33 581
33 802
33 94
33 640
33 515
33 210
33 474
33 102
34 43
34 789
34 277
34 663
34 150
34 664
34 794
34 541
34 798
34 800
34 546
34 874
34 639
34 256
34 305
34 459
34 420
34 594
34 704
34 426
34 732
34 360
35 513
35 129
35 388
35 774
35 266
35 530
35 245
35 724
35 35
35 875
35 761
35 517
35 217
35 380
35 356
35 286
35 251
35 130
35 202
35 550
35 880
36 523
36 662
36 671
36 464
36 241
36 768
36 677
36 556
36 591
36 351
36 601
36 178
36 166
36 433
36 122
36 637
36 456
36 729
36 490
36 167
36 819
36 572
36 506
37 207
37 433
37 117
37 146
37 154
37 799
37 365
37 204
37 563
37 500
37 613
37 377
37 634
37 72
37 37
37 894
37 422
37 557
37 167
37 679
37 431
37 695
37 79
38 654
38 549
38 427
38 867
38 359
38 371
38 71
38 843
38 586
38 39
38 180
38 196
38 84
38 551
38 170
38 882
38 712
38 81
38 306
38 429
38 317
39 551
39 181
39 170
39 427
39 177
39 835
39 882
39 440
39 84
39 196
39 429
39 180
39 867
39 317
39 843
39 846
39 853
39 359
40 499
40 565
40 855
40 135
40 393
40 784
40 536
40 673
40 423
40 327
40 239
40 349
40 837
40 67
40 575
40 430
40 711
40 306
40 518
40 302
40 60
40 720
40 89
40 608
40 231
40 232
41 175
41 488
41 412
41 516
41 133
41 267
41 655
41 408
41 282
41 224
41 372
41 624
41 635
41 235
41 596
41 883
41 672
41 91
41 292
41 891
41 558
41 869
41 742
41 229
41 640
42 898
42 649
42 271
42 278
42 162
42 42
42 54
42 758
42 580
42 283
42 818
42 289
42 888
42 766
42 105
42 634
42 620
42 821
42 438
42 75
42 233
43 215
43 257
43 331
43 588
43 446
43 759
43 638
43 43
43 179
43 300
43 470
43 326
43 700
43 876
43 436
43 428
43 185
43 652
43 688
43 444
43 583
43 850
43 730
43 151
43 790
44 540
44 132
44 518
44 147
44 296
44 726
44 172
44 585
44 744
44 53
44 467
44 681
44 693
44 270
44 632
44 234
44 187
44 866
44 395
44 878
44 307
44 832
45 667
45 680
45 896
45 322
45 709
45 708
45 110
45 600
45 607
45 45
45 445
45 476
45 308
45 565
45 191
45 130
45 487
45 574
45 320
45 722
45 861
45 736
46 643
46 130
46 783
46 675
46 610
46 521
46 651
46 891
46 126
46 238
46 261
46 527
46 280
46 295
46 507
46 148
46 791
46 621
46 116
46 345
46 473
46 738
46 504
47 276
47 771
47 519
47 136
47 396
47 528
47 687
47 268
47 259
47 285
47 111
47 823
47 725
47 515
47 659
47 743
47 384
48 386
48 805
48 553
48 174
48 872
48 311
48 480
48 313
48 120
48 718
48 201
48 74
48 628
48 864
48 599
48 769
48 455
48 508
48 167
48 466
48 453
48 842
48 468
48 618
48 734
48 147
49 165
49 678
49 686
49 561
49 50
49 375
49 176
49 49
49 368
49 318
49 849
49 636
49 450
49 595
49 704
49 537
49 435
49 72
49 358
49 55
49 753
49 243
49 332
49 880
50 654
50 678
50 686
50 176
50 561
50 753
50 292
50 636
50 50
50 704
50 243
50 505
50 375
50 195
50 595
50 849
50 802
50 738
50 435
50 318
50 863
50 666
51 304
51 293
51 80
51 339
51 51
51 698
51 325
51 63
51 881
51 629
51 143
51 364
51 106
51 309
51 717
51 59
51 499
51 314
51 605
51 310
51 824
51 707
51 207
51 748
51 855
51 513
52 263
52 776
52 272
52 689
52 52
52 449
52 332
52 462
52 205
52 699
52 570
52 757
52 216
52 188
52 448
52 209
52 352
52 287
52 298
52 566
52 571
52 830
52 854
52 253
52 189
53 653
53 270
53 296
53 552
53 307
53 187
53 832
53 681
53 632
53 78
53 467
53 147
53 693
53 234
53 604
53 488
53 132
53 293
53 328
53 585
53 866
53 744
54 540
54 142
54 71
54 649
54 278
54 279
54 539
54 682
54 54
54 233
54 271
54 328
54 75
54 580
54 636
54 123
54 758
54 888
55 654
55 537
55 292
55 165
55 678
55 176
55 561
55 435
55 636
55 505
55 595
55 318
55 753
55 55
55 704
55 243
55 544
55 255
55 450
55 849
55 870
55 368
55 375
55 493
56 241
56 525
56 657
56 409
56 298
56 814
56 301
56 487
56 369
56 644
56 379
56 751
56 584
56 56
56 397
56 746
56 839
56 628
56 523
56 593
56 471
56 877
56 112
56 767
56 378
57 149
57 559
57 385
57 660
57 543
57 443
57 116
57 246
57 412
57 363
57 714
57 721
57 898
57 616
57 314
57 323
57 510
57 249
57 423
57 68
57 853
58 805
58 764
58 641
58 789
58 150
58 664
58 541
58 798
58 546
58 305
58 822
58 800
58 155
58 874
58 794
58 469
58 639
58 140
58 256
59 577
59 143
59 795
59 413
59 293
59 310
59 824
59 698
59 119
59 80
59 881
59 59
59 63
59 309
59 707
59 339
59 866
59 249
59 207
59 225
59 106
59 748
60 573
60 784
60 536
60 302
60 60
60 239
60 67
60 837
60 423
60 575
60 327
60 430
60 349
60 703
60 231
60 849
60 534
60 451
60 711
60 608
61 671
61 391
61 785
61 787
61 542
61 547
61 213
61 367
61 250
61 590
61 463
61 619
61 341
61 161
61 288
61 509
61 885
61 539
61 247
61 597
62 396
62 476
62 773
62 290
62 291
62 297
62 889
62 171
62 848
62 739
62 197
62 64
62 458
62 73
62 373
62 90
62 208
62 151
62 150
62 319
62 834
62 211
62 221
62 489
62 438
63 143
63 795
63 413
63 293
63 309
63 310
63 698
63 225
63 339
63 207
63 748
63 119
63 364
63 325
63 717
63 80
63 577
63 499
63 629
63 287
64 84
64 773
64 151
64 290
64 548
64 171
64 573
64 73
64 834
64 739
64 211
64 482
64 889
64 373
64 319
64 291
64 489
64 567
64 588
64 458
64 848
65 771
65 259
65 519
65 136
65 268
65 396
65 559
65 303
65 441
65 528
65 515
65 264
65 659
65 626
65 65
65 700
65 725
65 616
66 779
66 399
66 415
66 560
66 447
66 200
66 222
66 836
66 159
66 691
66 66
66 598
66 845
66 353
66 589
66 772
66 97
66 291
66 114
66 460
66 658
67 704
67 578
67 895
67 135
67 393
67 703
67 575
67 232
67 536
67 302
67 673
67 608
67 67
67 711
67 98
67 79
67 327
67 89
68 385
68 898
68 314
68 443
68 363
68 893
68 361
68 714
68 246
68 543
68 346
68 684
68 116
68 323
68 510
68 660
68 723
68 419
68 721
68 853
68 492
68 117
68 602
69 881
69 271
69 278
69 279
69 283
69 818
69 821
69 438
69 75
69 289
69 580
69 162
69 233
69 888
69 766
69 739
69 309
69 328
70 285
70 181
70 899
70 139
70 524
70 145
70 419
70 425
70 702
70 219
70 230
70 382
70 70
70 247
70 123
70 855
70 242
70 585
70 886
70 716
70 203
70 851
70 879
71 551
71 427
71 429
71 177
71 181
71 317
71 867
71 586
71 371
71 170
71 180
71 843
71 84
71 440
71 359
71 835
71 389
71 846
71 126
72 800
72 146
72 158
72 294
72 563
72 695
72 696
72 799
72 634
72 613
72 886
72 167
72 500
72 204
72 334
72 580
72 248
72 481
72 377
72 894
73 151
73 291
73 171
73 573
73 319
73 197
73 889
73 489
73 290
73 848
73 208
73 548
73 297
73 221
73 773
73 90
73 377
73 684
73 211
73 739
74 769
74 805
74 553
74 453
74 455
74 201
74 74
74 386
74 311
74 508
74 468
74 842
74 872
74 383
74 628
74 337
74 80
74 599
74 480
74 864
74 618
74 764
74 736
75 385
75 271
75 278
75 279
75 289
75 162
75 818
75 821
75 105
75 233
75 682
75 580
75 758
75 76
75 546
76 85
76 488
76 167
76 851
76 818
76 529
76 792
76 674
76 424
76 697
76 452
76 405
76 579
76 410
76 562
76 825
76 788
76 434
76 663
76 727
76 602
76 887
76 376
77 897
77 900
77 648
77 650
77 276
77 670
77 801
77 432
77 567
77 312
77 582
77 329
77 844
77 77
77 128
77 184
77 857
77 708
77 800
77 227
77 494
78 132
78 147
78 296
78 552
78 681
78 172
78 693
78 187
78 832
78 604
78 270
78 234
78 467
78 632
78 518
78 866
78 78
78 316
78 488
79 572
79 538
79 690
79 182
79 442
79 190
79 831
79 194
79 199
79 82
79 614
79 820
79 347
79 475
79 189
79 92
79 840
79 594
79 497
79 633
80 336
80 293
80 309
80 824
80 707
80 717
80 207
80 325
80 143
80 413
80 80
80 748
80 364
80 881
80 810
80 518
80 499
80 852
80 386
80 826
81 262
81 540
81 304
81 692
81 564
81 336
81 389
81 337
81 406
81 511
81 754
81 609
81 603
81 98
81 355
81 553
81 451
81 479
81 255
81 288
81 702
81 763
82 101
82 425
82 538
82 820
82 182
82 190
82 831
82 194
82 840
82 92
82 614
82 199
82 442
82 661
82 752
82 347
82 504
82 507
82 472
82 497
83 847
83 320
83 785
83 402
83 787
83 542
83 288
83 547
83 198
83 590
83 463
83 885
83 236
83 193
83 509
83 161
83 489
83 700
83 597
83 341
83 213
84 549
84 170
84 429
84 181
84 835
84 196
84 586
84 843
84 371
84 867
84 180
84 551
84 359
84 177
84 284
85 668
85 428
85 688
85 436
85 185
85 700
85 444
85 446
85 326
85 331
85 588
85 85
85 470
85 730
85 257
85 179
85 794
85 759
85 171
86 392
86 138
86 400
86 401
86 676
86 554
86 713
86 522
86 183
86 114
86 215
86 254
86 863
86 150
86 390
86 414
87 383
87 523
87 533
87 662
87 671
87 677
87 433
87 178
87 572
87 166
87 556
87 591
87 241
87 464
87 819
87 506
87 729
87 601
87 709
87 125
87 351
87 122
87 436
87 598
87 580
88 260
88 652
88 142
88 407
88 163
88 226
88 124
88 493
88 104
88 683
88 108
88 88
88 273
88 778
88 705
88 395
88 357
88 172
88 507
88 366
88 384
89 416
89 135
89 393
89 536
89 673
89 703
89 327
89 720
89 232
89 231
89 784
89 89
89 302
89 608
89 113
89 303
89 349
90 778
90 453
90 583
90 543
90 773
90 151
90 290
90 291
90 548
90 297
90 573
90 319
90 197
90 848
90 221
90 482
90 510
90 203
90 889
91 626
91 267
91 655
91 408
91 596
91 635
91 224
91 516
91 490
91 672
91 229
91 624
91 869
91 282
91 235
91 404
91 558
91 299
91 646
91 883
91 640
92 541
92 426
92 640
92 661
92 538
92 690
92 820
92 442
92 189
92 190
92 475
92 347
92 92
92 840
92 880
92 431
92 614
92 749
93 740
93 258
93 134
93 782
93 157
93 168
93 342
93 381
93 498
93 96
93 484
93 514
93 868
93 100
93 131
93 663
93 355
93 483
93 486
93 240
93 887
94 770
94 144
94 786
94 669
94 802
94 807
94 210
94 474
94 733
94 94
94 765
94 793
94 581
94 140
94 629
94 340
94 102
95 387
95 647
95 520
95 394
95 315
95 838
95 860
95 478
95 890
95 557
95 156
95 228
95 685
95 378
95 750
95 223
95 745
95 794
95 368
95 617
95 760
96 258
96 131
96 134
96 157
96 164
96 168
96 342
96 344
96 350
96 381
96 100
96 96
96 240
96 343
96 353
96 497
96 608
97 260
97 772
97 532
97 415
97 691
97 460
97 845
97 719
97 159
97 779
97 836
97 447
97 859
97 399
97 777
97 747
97 353
97 419
97 862
97 374
97 362
97 802
97 393
98 389
98 406
98 692
98 564
98 336
98 603
98 479
98 540
98 113
98 249
98 526
98 754
98 255
98 355
98 582
98 168
98 544
98 139
99 387
99 781
99 156
99 685
99 557
99 478
99 890
99 750
99 495
99 647
99 860
99 358
99 520
99 228
99 378
99 838
99 394
99 698
99 442
99 745
99 617
100 717
100 263
100 134
100 782
100 157
100 164
100 343
100 344
100 483
100 484
100 168
100 258
100 342
100 381
100 131
100 889
100 144
100 240
100 498
101 824
101 196
101 275
101 535
101 666
101 812
101 439
101 833
101 841
101 335
101 338
101 605
101 737
101 269
101 878
101 856
101 214
101 258
101 514
102 645
102 520
102 770
102 140
102 274
102 403
102 802
102 474
102 733
102 765
102 594
102 669
102 871
102 102
102 796
103 287
103 160
103 421
103 809
103 169
103 810
103 815
103 816
103 817
103 569
103 316
103 828
103 333
103 465
103 121
103 345
103 173
103 116
103 604
103 894
103 211
103 221
103 742
104 260
104 778
104 652
104 142
104 149
104 407
104 411
104 163
104 683
104 306
104 395
104 627
104 108
104 390
104 357
104 370
104 226
104 491
104 541
104 124
104 321
104 388
105 570
105 767
105 878
105 649
105 271
105 279
105 539
105 283
105 289
105 162
105 682
105 580
105 328
105 105
105 826
105 758
106 432
106 676
106 143
106 413
106 293
106 309
106 310
106 824
106 698
106 707
106 207
106 225
106 499
106 339
106 119
106 325
106 731
106 458
106 364
106 629
106 155
107 522
107 138
107 401
107 554
107 321
107 340
107 107
107 400
107 254
107 808
107 118
107 631
107 611
107 202
108 390
108 778
108 395
108 142
108 273
108 149
108 407
108 411
108 683
108 306
108 705
108 357
108 108
108 260
108 627
108 373
108 481
108 366
108 384
109 641
109 780
109 284
109 418
109 806
109 437
109 694
109 457
109 587
109 212
109 218
109 865
109 743
109 127
109 496
109 248
109 756
109 109
109 183
110 667
110 680
110 175
110 308
110 574
110 191
110 320
110 324
110 476
110 861
110 736
110 607
110 623
110 896
110 722
110 322
110 658
110 347
110 697
111 771
111 515
111 259
111 519
111 268
111 396
111 528
111 659
111 441
111 725
111 823
111 303
111 111
111 433
111 709
112 299
112 630
112 644
112 397
112 398
112 525
112 298
112 814
112 466
112 471
112 606
112 487
112 877
112 665
112 767
112 379
112 746
112 669
112 295
112 369
113 389
113 526
113 406
113 540
113 304
113 564
113 337
113 609
113 355
113 762
113 603
113 249
113 692
113 479
113 262
113 826
113 856
113 511
113 834
114 395
114 392
114 138
114 400
114 676
114 808
114 340
114 215
114 863
114 554
114 321
114 401
114 172
114 307
114 631
114 254
114 787
114 133
115 505
115 641
115 153
115 804
115 806
115 299
115 694
115 587
115 218
115 865
115 284
115 212
115 248
115 437
115 496
115 244
115 756
115 780
115 867
115 344
115 300
115 412
115 282
116 292
116 659
116 385
116 898
116 660
116 412
116 543
116 443
116 361
116 492
116 117
116 684
116 893
116 721
116 752
116 245
116 202
117 333
117 518
117 385
117 898
117 543
117 684
117 314
117 721
117 346
117 363
117 492
117 117
117 660
117 853
117 394
117 682
118 400
118 808
118 183
118 713
118 340
118 215
118 392
118 863
118 254
118 138
118 401
118 554
118 676
118 128
118 260
118 631
118 429
118 158
118 422
119 870
119 143
119 795
119 413
119 309
119 698
119 325
119 717
119 207
119 339
119 881
119 499
119 629
119 364
119 119
119 314
120 264
120 386
120 805
120 553
120 311
120 453
120 455
120 842
120 718
120 599
120 480
120 468
120 872
120 201
120 313
120 508
120 769
120 547
120 702
120 781
121 284
121 287
121 544
121 160
121 421
121 809
121 169
121 173
121 816
121 827
121 316
121 333
121 465
121 728
121 810
121 817
121 309
121 301
121 365
121 490
122 677
122 166
122 556
122 178
122 572
122 456
122 354
122 637
122 768
122 662
122 523
122 591
122 819
122 533
122 729
122 671
122 792
122 867
122 241
122 506
122 757
122 735
122 715
123 604
123 899
123 139
123 524
123 141
123 656
123 145
123 419
123 803
123 425
123 716
123 203
123 851
123 219
123 230
123 281
123 123
123 766
123 382
124 125
124 260
124 778
124 395
124 370
124 407
124 384
124 683
124 357
124 390
124 627
124 163
124 149
124 142
124 124
124 846
124 852
125 276
125 670
125 545
125 432
125 184
125 829
125 582
125 857
125 227
125 494
125 503
125 128
125 844
125 648
125 312
125 801
125 710
125 125
125 579
126 642
126 130
126 651
126 148
126 791
126 675
126 473
126 610
126 360
126 621
126 238
126 504
126 521
126 507
126 527
126 531
126 280
126 257
127 641
127 153
127 284
127 806
127 437
127 457
127 587
127 847
127 743
127 756
127 244
127 804
127 865
127 218
127 418
127 299
127 780
127 562
127 370
127 328
128 897
128 900
128 648
128 276
128 670
128 545
128 432
128 567
128 184
128 582
128 844
128 227
128 494
128 503
128 710
128 128
128 350
128 671
128 840
129 533
129 341
129 513
129 356
129 530
129 517
129 129
129 797
129 245
129 192
129 265
129 485
129 380
129 774
129 388
129 251
129 170
129 167
129 266
129 701
129 724
129 880
130 545
130 473
130 791
130 642
130 527
130 261
130 621
130 148
130 130
130 651
130 295
130 643
130 783
130 507
130 437
130 280
130 360
130 504
130 891
130 774
131 427
131 317
131 258
131 168
131 350
131 131
131 484
131 782
131 240
131 134
131 344
131 343
131 486
131 514
131 483
131 815
131 493
131 157
131 164
131 342
131 220
131 868
131 498
132 421
132 744
132 132
132 147
132 604
132 632
132 187
132 518
132 488
132 467
132 270
132 172
132 681
132 307
132 693
132 459
132 859
132 653
132 552
132 832
132 585
132 726
132 234
132 283
133 678
133 730
133 458
133 372
133 883
133 742
133 235
133 596
133 229
133 655
133 404
133 282
133 267
133 516
133 558
133 869
133 858
133 720
133 672
133 635
134 668
134 436
134 204
134 258
134 514
134 486
134 134
134 498
134 782
134 350
134 344
134 381
134 577
134 770
134 157
134 164
134 168
134 342
134 220
134 483
134 868
134 484
135 302
135 720
135 349
135 784
135 451
135 232
135 239
135 673
135 135
135 430
135 536
135 575
135 327
135 393
135 428
135 628
135 703
135 711
135 231
136 255
136 771
136 515
136 259
136 519
136 264
136 285
136 823
136 659
136 559
136 626
136 303
136 687
136 528
136 374
136 787
136 268
136 396
136 441
136 667
136 623
136 489
137 417
137 555
137 731
137 723
137 137
137 740
137 237
137 755
137 578
137 775
137 612
137 895
137 813
137 796
137 461
137 414
137 440
137 334
137 454
137 330
137 611
138 692
138 392
138 254
138 321
138 713
138 138
138 554
138 215
138 808
138 631
138 863
138 209
138 744
138 401
138 183
138 340
138 480
138 443
139 705
139 668
139 899
139 382
139 139
139 281
139 716
139 141
139 656
139 145
139 855
139 763
139 524
139 419
139 715
139 239
139 219
139 485
140 794
140 442
140 472
140 770
140 474
140 581
140 793
140 274
140 807
140 669
140 594
140 140
140 403
140 871
140 326
140 158
140 786
140 811
140 210
140 348
141 654
141 242
141 281
141 715
141 425
141 851
141 702
141 763
141 382
141 141
141 803
141 145
141 899
141 855
141 247
141 797
141 337
141 419
141 716
141 219
141 879
141 703
142 260
142 390
142 652
142 149
142 273
142 366
142 226
142 370
142 395
142 306
142 163
142 407
142 627
142 411
142 357
142 511
142 683
142 493
142 448
143 683
143 225
143 717
143 293
143 629
143 748
143 309
143 824
143 499
143 698
143 707
143 339
143 413
143 881
143 426
143 821
143 795
143 310
143 325
143 207
143 364
143 619
143 419
144 581
144 669
144 802
144 474
144 144
144 770
144 502
144 348
144 274
144 871
144 210
144 807
144 793
144 218
144 571
144 786
144 403
144 811
145 764
145 899
145 656
145 702
145 230
145 242
145 855
145 281
145 145
145 219
145 524
145 716
145 763
145 544
145 642
145 203
145 851
145 382
146 769
146 731
146 146
146 563
146 431
146 365
146 167
146 695
146 799
146 158
146 334
146 679
146 634
146 154
146 257
146 310
146 294
146 422
146 500
146 886
146 288
147 588
147 270
147 744
147 307
147 726
147 604
147 681
147 518
147 488
147 552
147 653
147 187
147 467
147 632
147 296
147 492
147 832
147 866
147 234
147 319
147 148
147 581
147 720
148 445
148 521
148 651
148 527
148 791
148 261
148 504
148 295
148 473
148 610
148 531
148 507
148 360
148 148
148 675
148 220
148 280
149 778
149 370
149 384
149 407
149 366
149 390
149 683
149 306
149 652
149 493
149 149
149 273
149 226
149 627
149 704
149 705
149 290
150 306
150 400
150 789
150 277
150 874
150 822
150 305
150 546
150 663
150 150
150 420
150 256
150 664
150 727
150 280
150 541
150 426
150 469
150 732
150 159
150 443
150 498
151 573
151 548
151 290
151 171
151 739
151 319
151 221
151 211
151 489
151 151
151 297
151 482
151 889
151 773
151 469
151 291
151 834
151 197
151 373
152 398
152 535
152 269
152 878
152 152
152 335
152 862
152 735
152 666
152 275
152 841
152 568
152 812
152 873
152 605
152 338
152 859
152 826
152 833
152 856
152 193
153 599
153 645
153 780
153 587
153 418
153 212
153 806
153 248
153 641
153 437
153 218
153 743
153 694
153 284
153 153
153 281
153 423
153 299
153 865
153 756
153 256
153 712
153 883
154 563
154 204
154 799
154 695
154 154
154 634
154 422
154 613
154 158
154 334
154 500
154 431
154 696
154 731
154 537
154 294
154 679
154 365
154 886
154 377
154 894
155 569
155 789
155 874
155 459
155 426
155 639
155 305
155 663
155 256
155 798
155 732
155 822
155 469
155 664
155 420
155 541
155 794
155 756
155 800
155 734
155 788
156 387
156 647
156 520
156 394
156 781
156 760
156 838
156 228
156 378
156 745
156 495
156 223
156 358
156 156
156 617
156 615
156 319
156 685
156 315
156 890
156 363
156 266
157 514
157 782
157 498
157 381
157 483
157 868
157 344
157 486
157 164
157 168
157 157
157 736
157 343
157 484
158 634
158 886
158 894
158 500
158 613
158 799
158 167
158 294
158 431
158 204
158 695
158 377
158 334
158 422
158 416
158 563
158 481
159 772
159 777
159 779
159 532
159 222
159 206
159 200
159 560
159 598
159 691
159 447
159 747
159 719
159 845
159 353
159 399
159 159
159 761
159 460
159 859
159 374
159 510
159 203
160 354
160 287
160 434
160 816
160 809
160 491
160 817
160 828
160 810
160 815
160 333
160 316
160 544
160 345
160 421
160 501
160 324
160 169
160 173
160 569
160 388
160 232
161 495
161 785
161 402
161 787
161 236
161 885
161 590
161 542
161 193
161 367
161 250
161 288
161 213
161 463
161 509
161 547
161 895
161 217
161 198
162 271
162 278
162 279
162 539
162 289
162 818
162 888
162 766
162 328
162 162
162 649
162 821
162 233
162 700
162 767
162 504
163 260
163 390
163 778
163 273
163 411
163 306
163 357
163 493
163 370
163 652
163 627
163 683
163 226
163 395
163 407
163 305
163 705
163 212
164 323
164 330
164 258
164 514
164 782
164 164
164 381
164 483
164 350
164 484
164 665
164 394
164 342
164 344
164 220
164 486
165 654
165 537
165 450
165 165
165 368
165 686
165 292
165 678
165 195
165 243
165 849
165 318
165 704
165 561
165 870
165 374
165 394
165 176
165 595
165 753
165 505
165 636
165 335
165 327
166 533
166 662
166 677
166 768
166 433
166 178
166 354
166 506
166 637
166 601
166 456
166 523
166 572
166 351
166 819
166 591
166 505
166 242
166 556
166 464
166 729
166 241
166 660
167 361
167 799
167 334
167 695
167 634
167 894
167 481
167 377
167 294
167 500
167 696
167 563
167 217
167 422
167 431
168 523
168 491
168 258
168 381
168 782
168 498
168 343
168 484
168 486
168 350
168 210
168 735
168 344
168 483
168 240
169 544
169 333
169 316
169 173
169 809
169 491
169 287
169 815
169 345
169 625
169 810
169 434
169 816
169 827
169 179
169 663
169 817
169 828
169 465
169 219
170 551
170 170
170 843
170 196
170 882
170 371
170 712
170 835
170 586
170 427
170 846
170 180
170 429
170 571
170 467
170 177
170 440
170 702
171 676
171 773
171 290
171 548
171 208
171 573
171 489
171 297
171 834
171 291
171 221
171 319
171 848
171 458
171 739
171 546
171 197
171 211
172 653
172 270
172 296
172 552
172 866
172 467
172 744
172 726
172 585
172 681
172 604
172 234
172 307
172 172
172 816
172 693
172 187
172 832
172 488
172 492
172 783
173 287
173 421
173 728
173 815
173 810
173 316
173 345
173 809
173 828
173 816
173 625
173 434
173 491
173 569
173 636
173 884
173 333
173 341
174 386
174 805
174 553
174 864
174 718
174 618
174 174
174 628
174 201
174 313
174 468
174 383
174 872
174 769
174 453
174 620
174 496
174 311
174 455
174 842
174 480
174 508
174 587
174 533
174 487
175 736
175 896
175 191
175 861
175 565
175 709
175 607
175 322
175 574
175 476
175 667
175 320
175 623
175 324
175 445
175 600
175 499
175 308
175 722
175 755
176 654
176 678
176 686
176 561
176 753
176 870
176 368
176 318
176 435
176 243
176 849
176 636
176 176
176 450
176 482
176 704
176 195
176 375
176 505
176 695
177 549
177 429
177 371
177 196
177 440
177 317
177 427
177 180
177 181
177 867
177 846
177 177
177 359
177 699
177 829
177 835
177 586
178 407
178 523
178 533
178 671
178 556
178 433
178 637
178 241
178 677
178 768
178 506
178 662
178 819
178 354
178 794
178 812
178 456
178 420
179 322
179 668
179 428
179 706
179 892
179 300
179 850
179 759
179 730
179 436
179 185
179 444
179 638
179 470
179 588
179 700
179 275
179 887
179 446
179 583
179 521
179 538
180 549
180 551
180 427
180 317
180 429
180 196
180 359
180 440
180 712
180 867
180 882
180 371
180 180
180 554
180 181
180 586
180 531
181 687
181 551
181 317
181 835
181 181
181 882
181 586
181 867
181 712
181 440
181 427
181 632
181 196
181 843
181 359
181 371
182 838
182 690
182 189
182 472
182 475
182 182
182 199
182 749
182 194
182 840
182 884
182 538
182 442
182 497
182 275
182 225
182 347
182 614
182 239
183 392
183 522
183 401
183 554
183 808
183 340
183 713
183 676
183 400
183 183
183 254
183 480
183 472
183 863
183 631
184 897
184 900
184 648
184 650
184 276
184 545
184 801
184 432
184 312
184 582
184 670
184 227
184 577
184 494
184 567
184 503
184 525
184 507
184 829
184 710
184 844
184 546
184 785
185 713
185 668
185 300
185 428
185 688
185 185
185 446
185 444
185 700
185 331
185 876
185 892
185 730
185 436
185 781
185 573
185 706
185 588
185 850
185 759
185 638
186 776
186 689
186 566
186 570
186 571
186 854
186 448
186 630
186 757
186 188
186 830
186 186
186 332
186 449
186 216
186 512
186 253
186 844
186 836
186 699
186 205
186 352
186 792
187 518
187 552
187 681
187 307
187 866
187 585
187 832
187 653
187 187
187 270
187 632
187 189
187 843
187 467
187 744
187 488
187 234
188 263
188 272
188 689
188 566
188 570
188 571
188 209
188 830
188 448
188 776
188 216
188 512
188 757
188 332
188 462
188 630
188 699
188 346
188 560
188 449
188 205
188 352
188 675
189 696
189 661
189 538
189 442
189 190
189 820
189 749
189 497
189 884
189 690
189 475
189 194
189 199
189 831
189 288
189 840
189 614
190 737
190 661
190 538
190 690
190 749
190 194
190 831
190 752
190 820
190 442
190 884
190 633
190 475
190 543
190 443
190 199
190 472
190 347
190 497
191 667
191 680
191 308
191 565
191 445
191 574
191 191
191 896
191 607
191 322
191 709
191 320
191 695
191 417
191 324
191 722
191 600
191 476
191 623
192 388
192 774
192 517
192 265
192 286
192 550
192 530
192 761
192 701
192 192
192 797
192 356
192 620
192 217
192 485
192 724
192 616
192 877
192 875
192 880
192 245
193 226
193 560
193 799
193 391
193 402
193 787
193 542
193 288
193 193
193 198
193 367
193 885
193 341
193 547
193 250
193 884
193 463
193 597
193 619
193 509
194 565
194 690
194 820
194 831
194 749
194 475
194 538
194 752
194 661
194 614
194 884
194 442
194 517
194 844
194 199
194 472
194 633
195 654
195 292
195 561
195 704
195 450
195 636
195 435
195 595
195 368
195 375
195 678
195 686
195 505
195 195
195 578
195 515
195 849
195 870
195 639
195 653
195 514
195 430
195 720
196 254
196 549
196 427
196 429
196 440
196 317
196 835
196 196
196 359
196 792
196 712
196 586
196 846
196 882
196 529
197 623
197 773
197 290
197 291
197 297
197 834
197 319
197 211
197 848
197 373
197 889
197 208
197 739
197 874
197 458
197 221
197 482
198 785
198 402
198 542
198 547
198 787
198 288
198 463
198 391
198 509
198 367
198 590
198 250
198 597
198 619
198 531
198 856
198 341
198 213
198 236
198 349
199 471
199 335
199 661
199 538
199 690
199 820
199 831
199 442
199 840
199 614
199 475
199 347
199 381
199 826
199 472
199 497
199 633
200 586
200 772
200 532
200 415
200 560
200 691
200 206
200 859
200 589
200 222
200 777
200 719
200 447
200 836
200 747
200 399
200 640
200 334
200 460
200 598
200 353
200 685
200 246
201 769
201 453
201 764
201 553
201 628
201 313
201 480
201 311
201 864
201 718
201 201
201 842
201 599
201 872
201 707
201 715
201 468
201 508
201 298
201 275
202 706
202 658
202 534
202 790
202 410
202 424
202 562
202 825
202 579
202 452
202 529
202 697
202 674
202 788
202 792
202 405
202 362
202 887
202 592
202 727
202 602
202 376
202 724
203 899
203 524
203 419
203 803
203 425
203 715
203 203
203 281
203 656
203 230
203 763
203 382
203 702
203 348
203 855
203 497
204 861
204 657
204 799
204 422
204 679
204 563
204 334
204 294
204 204
204 634
204 377
204 365
204 296
204 481
204 886
204 894
204 868
205 272
205 571
205 699
205 448
205 449
205 332
205 352
205 216
205 854
205 253
205 462
205 757
205 263
205 205
205 561
205 609
205 630
205 512
206 728
206 663
206 772
206 777
206 399
206 560
206 691
206 845
206 589
206 374
206 598
206 719
206 206
206 779
206 460
206 701
206 367
206 859
206 222
206 353
207 795
207 413
207 293
207 309
207 310
207 824
207 717
207 325
207 499
207 881
207 339
207 418
207 225
207 210
207 784
208 337
208 541
208 773
208 291
208 297
208 458
208 848
208 834
208 221
208 290
208 482
208 889
208 373
208 208
208 362
208 211
208 739
209 263
209 776
209 272
209 689
209 566
209 571
209 830
209 699
209 630
209 512
209 462
209 352
209 448
209 757
209 854
209 614
209 712
209 777
209 402
210 721
210 274
210 793
210 669
210 802
210 811
210 581
210 403
210 786
210 502
210 733
210 871
210 830
210 474
210 348
210 451
211 898
211 773
211 548
211 573
211 319
211 834
211 458
211 848
211 221
211 373
211 889
211 709
212 641
212 780
212 284
212 418
212 806
212 299
212 694
212 743
212 587
212 496
212 248
212 212
212 244
212 756
212 437
212 796
212 218
212 865
212 317
212 555
213 759
213 693
213 391
213 402
213 542
213 547
213 597
213 341
213 367
213 250
213 787
213 288
213 236
213 890
213 593
213 509
214 269
214 535
214 666
214 812
214 568
214 735
214 862
214 826
214 737
214 605
214 873
214 439
214 214
214 622
214 856
214 335
214 569
214 462
214 741
214 878
214 886
215 392
215 522
215 401
215 676
215 808
215 321
215 713
215 340
215 554
215 400
215 863
215 273
215 631
215 331
215 291
216 243
216 375
216 628
216 263
216 776
216 272
216 689
216 566
216 570
216 448
216 332
216 462
216 699
216 830
216 407
216 397
216 352
216 253
216 367
216 477
216 793
217 486
217 774
217 517
217 265
217 266
217 797
217 286
217 550
217 724
217 875
217 761
217 530
217 388
217 489
217 781
217 485
217 620
217 245
218 645
218 418
218 299
218 694
218 587
218 847
218 244
218 806
218 743
218 248
218 756
218 284
218 457
218 780
218 257
218 434
218 865
219 899
219 524
219 419
219 803
219 702
219 715
219 716
219 425
219 247
219 855
219 656
219 382
219 851
219 429
219 230
219 879
219 763
220 872
220 258
220 514
220 342
220 344
220 343
220 484
220 486
220 483
220 868
220 350
220 220
220 629
220 595
221 773
221 290
221 548
221 834
221 319
221 373
221 291
221 739
221 297
221 221
221 489
222 772
222 777
222 779
222 415
222 691
222 836
222 589
222 859
222 460
222 845
222 747
222 719
222 447
222 222
222 553
223 708
223 387
223 647
223 781
223 685
223 557
223 315
223 890
223 617
223 745
223 838
223 378
223 860
223 228
223 750
223 223
223 366
223 495
223 760
223 376
224 364
224 571
224 622
224 510
224 516
224 267
224 655
224 404
224 672
224 558
224 596
224 490
224 883
224 869
224 501
224 858
224 410
224 897
224 742
224 229
224 624
224 635
225 795
225 413
225 293
225 309
225 310
225 824
225 698
225 364
225 499
225 325
225 225
225 748
225 750
225 656
225 629
225 798
225 669
226 260
226 390
226 778
226 395
226 273
226 407
226 411
226 683
226 705
226 652
226 226
226 306
226 366
226 607
226 357
226 493
226 627
226 384
226 279
227 897
227 900
227 276
227 545
227 801
227 432
227 829
227 710
227 582
227 329
227 670
227 312
227 648
227 857
227 477
227 671
227 503
227 337
227 849
227 626
227 865
228 556
228 591
228 387
228 647
228 781
228 685
228 557
228 838
228 860
228 478
228 750
228 760
228 378
228 503
228 552
228 617
228 495
228 251
229 516
229 267
229 655
229 404
229 282
229 558
229 858
229 742
229 596
229 624
229 372
229 229
229 408
229 343
229 844
229 490
229 235
230 816
230 665
230 899
230 656
230 803
230 702
230 716
230 851
230 879
230 247
230 425
230 382
230 230
230 786
230 242
230 763
230 289
231 652
231 393
231 784
231 536
231 837
231 720
231 349
231 711
231 673
231 703
231 423
231 608
231 575
231 724
231 239
232 379
232 393
232 536
232 673
232 423
232 575
232 451
232 711
232 349
232 327
232 302
232 430
232 239
232 885
233 340
233 271
233 278
233 279
233 539
233 283
233 289
233 682
233 818
233 821
233 580
233 758
233 348
233 685
233 888
234 518
234 653
234 296
234 552
234 681
234 693
234 832
234 585
234 744
234 632
234 467
234 306
234 409
235 682
235 516
235 672
235 858
235 490
235 558
235 282
235 235
235 869
235 883
235 267
235 655
235 640
235 580
235 592
235 372
235 635
236 391
236 785
236 402
236 542
236 288
236 547
236 463
236 597
236 341
236 787
236 509
236 236
236 445
237 816
237 326
237 796
237 414
237 555
237 813
237 576
237 454
237 330
237 723
237 731
237 611
237 740
237 461
237 646
237 755
237 357
237 777
237 895
238 715
238 261
238 521
238 651
238 527
238 791
238 280
238 675
238 295
238 738
238 610
238 360
238 621
238 507
238 783
238 531
238 866
238 250
238 504
238 891
239 393
239 784
239 536
239 703
239 711
239 720
239 430
239 349
239 673
239 451
239 302
239 275
240 691
240 258
240 782
240 342
240 344
240 483
240 868
240 240
240 486
240 381
240 832
240 366
240 498
240 597
240 289
240 742
241 523
241 533
241 662
241 671
241 677
241 556
241 819
241 456
241 591
241 464
241 729
241 351
241 637
241 810
242 528
242 899
242 524
242 281
242 803
242 715
242 855
242 656
242 851
242 242
242 247
242 879
242 617
242 760
242 763
243 537
243 292
243 678
243 561
243 318
243 450
243 849
243 870
243 704
243 435
243 368
243 686
243 636
243 814
243 768
244 641
244 645
244 418
244 804
244 457
244 847
244 865
244 756
244 743
244 299
244 587
244 248
244 437
244 694
244 752
245 719
245 774
245 517
245 266
245 530
245 550
245 485
245 875
245 880
245 513
245 286
245 388
245 724
245 843
245 884
245 761
245 251
246 385
246 898
246 684
246 314
246 323
246 714
246 721
246 853
246 492
246 443
246 246
246 361
246 346
246 363
246 585
246 510
246 431
247 455
247 759
247 330
247 294
247 899
247 656
247 281
247 419
247 803
247 702
247 851
247 879
247 449
247 806
248 603
248 645
248 284
248 418
248 806
248 299
248 437
248 847
248 865
248 756
248 804
248 780
248 412
249 389
249 262
249 526
249 406
249 336
249 337
249 603
249 609
249 754
249 355
249 304
249 762
249 540
249 374
249 263
249 511
249 395
250 566
250 681
250 391
250 785
250 787
250 542
250 288
250 590
250 463
250 619
250 367
250 885
250 295
250 819
250 509
251 406
251 631
251 481
251 513
251 774
251 517
251 530
251 286
251 550
251 761
251 251
251 380
251 356
251 388
252 373
252 529
252 788
252 534
252 424
252 697
252 825
252 362
252 887
252 376
252 792
252 579
252 405
252 790
252 410
252 658
252 602
252 637
252 860
252 642
252 286
253 263
253 776
253 689
253 566
253 570
253 830
253 448
253 332
253 462
253 630
253 757
253 699
253 253
253 433
253 651
254 392
254 522
254 400
254 554
254 321
254 340
254 631
254 713
254 687
254 496
254 895
254 871
255 389
255 526
255 406
255 692
255 564
255 336
255 337
255 603
255 479
255 355
255 304
255 754
255 511
255 762
255 407
255 405
256 571
256 789
256 277
256 663
256 798
256 420
256 426
256 305
256 822
256 469
256 734
256 639
256 800
256 794
256 323
257 570
257 470
257 300
257 876
257 700
257 688
257 638
257 706
257 588
257 668
257 583
257 257
257 892
257 326
257 311
257 329
257 436
257 331
257 751
258 445
258 350
258 381
258 498
258 258
258 483
258 868
258 342
258 299
258 343
258 484
258 408
258 261
259 771
259 559
259 519
259 528
259 285
259 396
259 725
259 659
259 441
259 687
259 303
259 515
259 264
259 259
259 850
259 468
259 446
260 407
260 493
260 411
260 705
260 384
260 652
260 357
260 390
260 366
260 306
260 273
260 395
260 729
260 683
260 370
260 527
260 752
261 677
261 500
261 642
261 643
261 610
261 791
261 521
261 295
261 504
261 473
261 891
261 783
261 738
261 675
261 531
261 527
261 780
261 651
262 432
262 389
262 336
262 479
262 526
262 564
262 355
262 262
262 754
262 337
262 511
262 603
262 739
262 672
262 540
262 692
262 480
262 512
263 571
263 263
263 630
263 449
263 830
263 272
263 699
263 448
263 757
263 689
263 854
263 834
263 776
263 566
263 570
263 332
263 462
263 463
264 515
264 559
264 264
264 687
264 626
264 303
264 441
264 528
264 725
264 268
264 823
264 852
264 519
264 763
264 396
264 659
264 285
264 741
264 405
265 310
265 774
265 517
265 485
265 761
265 530
265 356
265 380
265 388
265 797
265 875
265 620
265 266
265 724
265 880
265 556
265 839
265 286
266 388
266 875
266 774
266 724
266 286
266 701
266 356
266 550
266 517
266 620
266 797
266 380
266 761
266 770
266 530
267 778
267 808
267 883
267 635
267 372
267 404
267 282
267 408
267 267
267 858
267 501
267 640
267 559
267 464
267 596
267 742
268 771
268 515
268 519
268 659
268 626
268 725
268 441
268 268
268 687
268 528
268 559
268 726
268 819
268 285
268 303
268 852
268 651
269 559
269 847
269 856
269 338
269 862
269 269
269 568
269 841
269 439
269 622
269 535
269 737
269 873
269 335
269 812
269 756
269 646
269 275
269 666
269 833
269 403
270 518
270 585
270 653
270 604
270 866
270 552
270 270
270 693
270 488
270 681
270 726
270 632
270 495
270 811
270 832
270 467
270 342
270 410
271 539
271 758
271 328
271 580
271 438
271 283
271 278
271 821
271 818
271 766
271 289
271 434
271 406
271 474
272 776
272 448
272 830
272 571
272 570
272 352
272 462
272 566
272 689
272 272
272 630
272 596
272 699
272 854
272 512
272 882
272 399
273 395
273 652
273 366
273 411
273 390
273 705
273 370
273 493
273 273
273 306
273 683
273 357
273 691
273 438
273 384
274 872
274 770
274 474
274 502
274 765
274 348
274 594
274 786
274 811
274 669
274 802
274 274
274 836
274 403
274 793
274 807
274 581
274 871
275 622
275 878
275 856
275 812
275 841
275 275
275 862
275 741
275 605
275 338
275 735
275 568
275 535
275 674
275 666
275 833
275 360
276 900
276 648
276 650
276 276
276 432
276 670
276 710
276 503
276 829
276 567
276 312
276 494
276 768
276 801
276 577
276 582
276 329
276 857
276 713
277 664
277 789
277 546
277 734
277 420
277 277
277 794
277 541
277 874
277 459
277 800
277 822
277 732
277 701
277 681
277 663
277 798
277 305
278 649
278 888
278 279
278 682
278 278
278 438
278 766
278 821
278 514
278 432
278 539
278 283
278 289
278 818
279 801
279 641
279 289
279 766
279 818
279 283
279 539
279 580
279 279
279 326
279 682
280 329
280 707
280 642
280 643
280 521
280 783
280 527
280 621
280 738
280 675
280 610
280 791
280 295
280 473
280 736
280 386
280 360
280 891
281 503
281 466
281 482
281 524
281 419
281 382
281 716
281 656
281 281
281 879
281 899
281 296
281 338
281 425
281 702
281 715
281 851
281 855
282 655
282 404
282 858
282 596
282 282
282 490
282 742
282 558
282 624
282 883
282 501
282 408
282 635
282 379
282 581
283 468
283 409
283 361
283 649
283 539
283 580
283 283
283 818
283 758
283 841
283 289
283 821
283 888
284 401
284 641
284 645
284 780
284 299
284 457
284 806
284 804
284 694
284 284
284 847
284 418
284 593
284 546
284 557
284 478
285 519
285 396
285 659
285 771
285 515
285 823
285 441
285 626
285 687
285 285
285 637
285 559
285 852
285 456
286 357
286 877
286 460
286 388
286 517
286 513
286 485
286 774
286 530
286 761
286 875
286 797
286 356
286 574
286 550
286 701
286 880
287 453
287 601
287 728
287 828
287 817
287 810
287 827
287 465
287 816
287 345
287 809
287 815
287 544
287 370
287 421
287 434
287 316
287 333
287 558
288 312
288 625
288 391
288 785
288 402
288 590
288 787
288 619
288 288
288 509
288 885
288 547
288 597
288 341
289 734
289 539
289 289
289 818
289 328
289 766
289 758
289 682
289 438
289 516
290 729
290 773
290 373
290 573
290 291
290 482
290 319
290 739
290 548
290 297
290 489
290 302
290 848
291 444
291 495
291 773
291 291
291 458
291 482
291 297
291 373
291 573
291 724
291 548
291 848
292 654
292 537
292 375
292 870
292 686
292 450
292 561
292 595
292 505
292 636
292 435
292 753
292 292
292 368
292 596
292 704
292 647
293 795
293 413
293 499
293 339
293 310
293 824
293 325
293 881
293 707
293 629
293 653
293 309
293 698
293 717
293 748
293 364
293 617
293 350
294 799
294 377
294 696
294 613
294 679
294 886
294 294
294 431
294 365
294 334
294 422
294 481
294 672
294 563
294 695
294 894
295 371
295 642
295 643
295 521
295 651
295 791
295 675
295 610
295 738
295 783
295 360
295 745
295 374
295 891
296 470
296 518
296 653
296 604
296 744
296 832
296 866
296 693
296 632
296 488
296 467
296 681
296 388
296 715
296 585
296 726
296 513
297 595
297 773
297 548
297 458
297 848
297 319
297 373
297 739
297 489
297 573
297 482
297 790
297 684
297 889
298 710
298 397
298 398
298 525
298 657
298 409
298 487
298 814
298 746
298 298
298 767
298 379
298 593
298 644
298 810
298 606
298 877
299 645
299 780
299 804
299 694
299 743
299 756
299 847
299 496
299 587
299 299
299 418
299 799
299 437
300 668
300 326
300 706
300 892
300 730
300 688
300 700
300 300
300 470
300 436
300 588
300 638
300 759
300 876
300 568
300 428
300 444
300 446
300 583
300 850
301 644
301 398
301 657
301 665
301 487
301 471
301 746
301 369
301 466
301 593
301 584
301 877
301 409
301 397
301 751
301 767
301 763
301 798
301 839
301 606
301 833
301 788
301 820
302 576
302 673
302 430
302 536
302 327
302 451
302 784
302 711
302 720
302 393
302 608
302 837
302 423
302 703
302 437
302 639
302 575
303 771
303 519
303 396
303 528
303 823
303 687
303 659
303 303
303 725
303 559
303 896
303 810
303 852
303 308
303 346
303 501
304 389
304 526
304 406
304 540
304 692
304 336
304 355
304 337
304 762
304 603
304 304
304 754
304 479
304 609
304 545
304 511
304 391
305 789
305 663
305 664
305 541
305 800
305 426
305 874
305 798
305 734
305 639
305 546
305 826
305 649
305 469
305 732
305 760
306 390
306 395
306 652
306 407
306 411
306 366
306 627
306 493
306 370
306 778
306 357
306 594
306 437
307 681
307 632
307 552
307 307
307 604
307 832
307 866
307 467
307 693
307 726
307 597
307 420
307 488
308 667
308 680
308 708
308 600
308 320
308 607
308 324
308 722
308 308
308 896
308 736
308 709
308 433
308 322
308 429
308 839
308 727
309 795
309 413
309 698
309 881
309 499
309 339
309 310
309 364
309 325
309 662
309 868
309 824
309 717
309 748
310 795
310 413
310 364
310 339
310 707
310 325
310 881
310 629
310 717
310 709
310 698
310 748
310 350
310 885
311 769
311 805
311 618
311 872
311 480
311 508
311 468
311 313
311 864
311 311
311 553
311 718
311 386
311 842
311 707
311 752
311 453
311 455
311 628
312 897
312 900
312 650
312 670
312 567
312 648
312 857
312 801
312 329
312 582
312 312
312 844
312 829
312 710
312 482
312 577
312 494
312 508
312 543
312 875
312 475
312 594
313 769
313 805
313 553
313 618
313 872
313 480
313 599
313 455
313 468
313 313
313 764
313 864
313 508
313 383
313 652
313 393
313 453
314 898
314 660
314 412
314 543
314 853
314 492
314 510
314 616
314 443
314 361
314 323
314 882
314 641
314 721
314 346
314 761
315 647
315 520
315 394
315 685
315 557
315 860
315 478
315 745
315 750
315 358
315 760
315 890
315 387
315 495
315 669
315 524
315 617
316 753
316 421
316 569
316 827
316 316
316 810
316 465
316 828
316 815
316 625
316 704
316 343
316 728
316 345
317 549
317 551
317 440
317 359
317 586
317 835
317 317
317 882
317 843
317 712
317 846
318 654
318 537
318 678
318 435
318 849
318 318
318 686
318 505
318 753
318 450
318 561
318 442
318 405
318 870
318 658
319 756
319 688
319 773
319 373
319 573
319 889
319 848
319 489
319 482
319 667
319 739
320 565
320 445
320 574
320 680
320 322
320 709
320 722
320 324
320 600
320 736
320 607
320 689
320 708
320 861
320 623
320 896
320 642
321 392
321 522
321 676
321 554
321 808
321 400
321 340
321 321
321 713
321 517
321 863
321 631
321 347
322 667
322 680
322 565
322 445
322 623
322 722
322 476
322 324
322 709
322 574
322 322
322 600
322 861
322 607
322 736
323 385
323 412
323 543
323 443
323 660
323 893
323 616
323 323
323 853
323 363
323 510
323 361
323 433
323 721
323 492
324 667
324 680
324 565
324 708
324 722
324 574
324 861
324 476
324 896
324 427
324 850
324 709
324 600
325 479
325 795
325 824
325 698
325 707
325 325
325 499
325 339
325 748
325 881
325 611
325 733
325 717
325 364
325 629
325 763
326 668
326 428
326 436
326 444
326 446
326 706
326 700
326 730
326 326
326 583
326 876
326 638
326 688
326 368
326 331
326 892
326 579
326 517
327 663
327 438
327 393
327 673
327 423
327 430
327 575
327 451
327 837
327 711
327 327
327 840
327 349
327 608
328 682
328 818
328 821
328 888
328 539
328 580
328 328
328 438
328 570
329 897
329 900
329 650
329 670
329 567
329 829
329 577
329 710
329 582
329 801
329 494
329 648
329 545
329 432
329 444
329 844
329 503
329 789
329 832
329 391
329 590
330 775
330 796
330 417
330 555
330 813
330 578
330 454
330 576
330 755
330 615
330 740
330 461
330 723
330 646
330 731
331 449
331 688
331 436
331 700
331 444
331 446
331 638
331 759
331 583
331 706
331 850
331 470
331 428
331 756
331 876
331 602
332 662
332 776
332 689
332 566
332 449
332 571
332 512
332 462
332 757
332 570
332 699
332 854
332 630
332 578
333 544
333 421
333 809
333 817
333 434
333 569
333 827
333 828
333 810
333 816
333 815
333 465
333 728
333 491
333 430
334 422
334 679
334 431
334 563
334 696
334 334
334 799
334 500
334 666
334 540
334 481
334 613
334 365
334 886
334 377
335 535
335 666
335 812
335 439
335 826
335 833
335 862
335 878
335 622
335 335
335 737
335 856
335 741
335 338
335 605
335 873
336 526
336 754
336 609
336 692
336 389
336 337
336 406
336 336
336 598
336 355
337 692
337 564
337 540
337 754
337 479
337 511
337 603
337 389
337 406
337 609
338 666
338 439
338 826
338 741
338 737
338 856
338 338
338 873
338 862
338 833
338 568
338 855
338 531
338 622
339 795
339 413
339 824
339 707
339 717
339 748
339 629
339 881
339 811
340 522
340 400
340 676
340 808
340 713
340 392
340 554
340 730
340 863
340 655
341 390
341 699
341 736
341 666
341 391
341 785
341 463
341 597
341 402
341 619
341 885
341 509
342 632
342 514
342 782
342 342
342 344
342 868
342 486
342 647
342 343
342 498
342 575
343 426
343 782
343 343
343 381
343 350
343 344
343 498
343 486
343 721
343 824
343 483
343 761
344 514
344 782
344 483
344 484
344 498
344 346
344 868
344 486
345 421
345 809
345 810
345 815
345 816
345 817
345 569
345 827
345 728
345 544
345 828
345 345
345 598
345 491
345 774
346 522
346 660
346 412
346 684
346 714
346 721
346 543
346 510
346 363
346 346
346 443
346 898
346 587
346 361
347 392
347 661
347 538
347 690
347 820
347 840
347 347
347 752
347 831
347 472
347 547
347 614
348 508
348 786
348 403
348 793
348 669
348 802
348 811
348 581
348 770
348 733
348 807
348 424
348 557
348 871
348 765
349 725
349 784
349 536
349 673
349 430
349 837
349 711
349 720
349 608
349 575
349 703
349 783
350 417
350 514
350 782
350 381
350 350
350 486
350 484
350 498
351 881
351 523
351 533
351 662
351 677
351 556
351 433
351 819
351 464
351 601
351 768
351 591
351 572
351 506
351 706
351 863
351 354
351 637
351 517
352 389
352 776
352 689
352 571
352 830
352 854
352 512
352 449
352 570
352 566
352 352
352 438
353 772
353 777
353 779
353 399
353 532
353 560
353 836
353 719
353 589
353 598
353 447
353 374
353 353
353 396
353 747
353 613
354 523
354 533
354 662
354 677
354 556
354 819
354 572
354 464
354 601
354 768
354 456
354 506
354 354
354 840
355 389
355 526
355 406
355 540
355 692
355 603
355 479
355 754
355 762
355 355
355 856
355 621
355 818
356 892
356 459
356 513
356 388
356 517
356 530
356 550
356 356
356 761
356 380
356 724
356 408
356 620
357 390
357 778
357 683
357 705
357 395
357 370
357 384
357 366
357 493
357 627
357 699
358 789
358 387
358 394
358 557
358 838
358 860
358 478
358 890
358 495
358 745
358 617
358 378
358 647
358 358
358 633
359 549
359 427
359 835
359 712
359 586
359 843
359 882
359 440
359 671
359 466
359 866
360 642
360 643
360 527
360 531
360 791
360 473
360 360
360 621
360 738
360 507
360 521
361 385
361 660
361 412
361 543
361 684
361 443
361 714
361 853
361 893
361 898
361 616
361 492
361 592
362 788
362 790
362 674
362 424
362 697
362 579
362 592
362 727
362 534
362 792
362 410
362 405
362 477
362 825
362 602
362 567
363 385
363 660
363 543
363 684
363 443
363 714
363 721
363 853
363 893
363 492
363 616
363 898
363 427
363 381
363 899
363 786
364 413
364 824
364 698
364 717
364 881
364 364
364 748
364 875
365 750
365 679
365 431
365 799
365 481
365 563
365 634
365 886
365 695
365 696
365 422
365 579
366 390
366 778
366 395
366 652
366 407
366 411
366 705
366 627
366 384
366 861
366 370
367 553
367 457
367 644
367 391
367 785
367 787
367 542
367 590
367 619
367 597
367 751
368 537
368 678
368 686
368 561
368 435
368 450
368 704
368 505
368 849
368 375
368 753
368 595
368 541
368 809
368 636
369 644
369 397
369 525
369 409
369 665
369 839
369 584
369 593
369 471
369 606
369 877
369 751
369 466
369 814
369 657
369 620
369 381
370 390
370 395
370 652
370 407
370 683
370 370
370 778
370 397
370 764
370 627
370 550
371 549
371 427
371 440
371 712
371 846
371 586
371 835
371 843
371 882
371 371
371 679
372 706
372 655
372 404
372 408
372 672
372 558
372 858
372 869
372 742
372 490
372 624
372 883
372 501
372 385
372 440
373 604
373 548
373 573
373 834
373 458
373 482
373 456
374 777
374 779
374 532
374 560
374 447
374 845
374 598
374 859
374 415
374 460
374 399
374 451
374 411
375 654
375 537
375 686
375 561
375 435
375 704
375 849
375 753
375 450
375 375
375 795
375 674
376 815
376 529
376 658
376 534
376 790
376 674
376 562
376 825
376 602
376 452
376 424
376 477
376 592
376 727
376 697
376 742
377 896
377 893
377 799
377 431
377 563
377 894
377 422
377 696
377 481
377 679
377 741
377 702
378 441
378 647
378 520
378 394
378 781
378 685
378 860
378 890
378 617
378 745
378 387
378 750
378 442
379 804
379 644
379 398
379 525
379 657
379 409
379 665
379 814
379 839
379 593
379 466
379 746
379 751
379 584
379 877
379 616
379 723
380 513
380 774
380 797
380 701
380 724
380 485
380 875
380 880
380 388
380 517
380 380
380 762
380 698
381 514
381 868
381 381
381 439
382 524
382 803
382 425
382 715
382 855
382 879
382 851
382 763
382 382
382 547
382 891
383 769
383 386
383 805
383 553
383 453
383 455
383 468
383 618
383 628
383 383
383 480
383 864
383 842
383 508
383 575
383 507
384 390
384 395
384 705
384 627
384 652
384 778
384 407
384 683
384 493
384 725
384 898
384 852
385 443
385 616
385 510
385 714
385 721
385 660
385 492
385 385
385 893
385 467
385 898
385 853
385 656
385 811
386 872
386 769
386 764
386 453
386 718
386 805
386 480
386 599
386 864
386 386
386 553
386 628
386 455
386 824
386 842
386 491
386 585
386 535
387 750
387 495
387 860
387 745
387 520
387 478
387 760
387 781
387 890
387 647
387 685
387 798
387 512
387 557
388 513
388 774
388 550
388 530
388 701
388 880
388 875
388 620
388 724
388 485
388 761
388 517
389 754
389 692
389 406
389 603
389 479
389 609
389 762
389 526
389 805
389 540
389 564
390 390
390 411
390 652
390 493
390 778
390 627
390 407
390 524
390 683
390 705
390 752
391 547
391 509
391 590
391 597
391 885
391 391
391 463
391 785
391 619
391 402
391 542
391 651
392 522
392 401
392 676
392 400
392 713
392 392
392 808
392 757
392 689
393 627
393 784
393 536
393 393
393 430
393 608
393 423
393 818
393 673
393 837
393 720
394 532
394 859
394 647
394 520
394 890
394 685
394 495
394 557
394 478
394 760
394 617
394 704
394 769
394 781
394 838
394 860
394 745
394 562
394 621
395 778
395 627
395 407
395 683
395 395
395 705
395 493
395 652
396 577
396 753
396 519
396 852
396 823
396 659
396 626
396 687
396 748
396 431
397 698
397 644
397 767
397 606
397 409
397 398
397 584
397 665
397 657
397 746
397 487
397 839
397 471
397 741
397 805
397 814
397 466
398 644
398 525
398 839
398 746
398 657
398 751
398 471
398 767
398 665
398 398
398 409
398 593
398 762
398 584
398 487
398 877
398 802
399 864
399 589
399 532
399 777
399 399
399 845
399 747
399 447
399 772
399 859
399 460
399 691
399 836
399 598
399 809
399 415
399 560
399 719
399 790
400 522
400 713
400 554
400 401
400 400
400 676
400 631
400 544
400 459
401 522
401 554
401 676
401 808
401 401
401 713
401 746
401 863
401 631
401 621
402 785
402 463
402 619
402 885
402 402
402 547
402 787
402 666
402 542
403 811
403 807
403 793
403 765
403 733
403 786
403 802
403 403
403 594
403 581
403 871
403 525
403 669
403 502
404 440
404 516
404 655
404 408
404 490
404 672
404 558
404 742
404 640
404 869
404 635
404 858
404 687
404 426
404 596
405 607
405 549
405 529
405 658
405 452
405 424
405 887
405 562
405 674
405 727
405 697
405 477
405 788
405 405
405 792
405 602
405 534
405 790
405 410
405 592
406 526
406 511
406 564
406 406
406 754
406 762
406 479
406 826
406 540
406 609
406 499
407 778
407 683
407 627
407 407
407 590
407 411
407 420
408 428
408 516
408 655
408 624
408 869
408 596
408 742
408 640
408 501
408 490
408 635
408 558
408 858
408 774
408 883
409 644
409 525
409 657
409 751
409 839
409 665
409 593
409 877
409 746
409 409
409 466
409 845
409 584
409 471
410 704
410 529
410 788
410 790
410 792
410 410
410 674
410 562
410 534
410 697
410 825
410 602
410 424
410 800
410 452
410 592
410 887
411 778
411 652
411 627
411 411
411 493
411 705
411 533
411 779
411 683
412 898
412 853
412 492
412 893
412 660
412 721
412 714
412 412
412 616
412 510
412 543
412 684
412 813
413 795
413 881
413 824
413 629
413 707
413 717
413 413
413 698
413 841
414 798
414 796
414 576
414 454
414 578
414 555
414 731
414 612
414 611
414 755
414 646
414 416
414 895
414 813
414 769
414 461
414 765
415 772
415 777
415 779
415 691
415 532
415 747
415 560
415 845
415 460
415 719
415 598
415 859
415 589
415 461
415 740
415 447
416 646
416 775
416 723
416 813
416 555
416 578
416 740
416 416
416 454
416 576
416 731
416 796
416 755
416 615
416 499
416 417
416 611
416 612
417 494
417 775
417 454
417 555
417 461
417 740
417 723
417 646
417 731
417 615
417 895
417 813
417 612
417 755
417 670
417 576
417 578
417 807
418 641
418 645
418 780
418 496
418 865
418 694
418 806
418 437
418 743
418 457
418 613
418 610
418 804
418 587
418 756
419 899
419 656
419 763
419 702
419 855
419 803
419 425
419 524
419 439
419 715
419 884
420 789
420 663
420 664
420 541
420 546
420 734
420 469
420 822
420 459
420 874
420 798
420 800
420 639
420 516
420 614
421 544
421 828
421 625
421 569
421 434
421 816
421 827
421 815
421 728
421 514
421 809
421 810
421 817
421 465
422 431
422 500
422 613
422 634
422 894
422 422
422 886
422 481
422 679
422 626
422 563
422 695
422 696
422 521
423 584
423 467
423 744
423 784
423 536
423 673
423 423
423 837
423 451
423 720
423 730
423 430
423 575
423 703
424 792
424 674
424 727
424 534
424 825
424 790
424 424
424 602
424 697
424 452
424 596
424 755
424 562
424 477
424 887
425 830
425 509
425 524
425 656
425 851
425 855
425 702
425 899
425 425
425 716
425 609
425 715
425 766
426 664
426 798
426 800
426 546
426 469
426 874
426 794
426 459
426 732
426 663
426 734
426 822
427 805
427 549
427 551
427 429
427 867
427 835
427 846
427 843
427 630
427 440
428 668
428 583
428 638
428 892
428 700
428 850
428 446
428 436
428 444
428 470
428 688
428 759
428 502
428 588
428 730
428 876
428 837
429 551
429 843
429 440
429 835
429 846
429 712
429 429
429 867
429 586
429 882
429 509
430 784
430 536
430 673
430 575
430 703
430 837
430 430
430 720
430 608
430 451
430 711
431 836
431 679
431 696
431 799
431 431
431 634
431 894
431 695
431 613
431 482
432 897
432 900
432 648
432 650
432 545
432 857
432 577
432 494
432 432
432 567
432 829
432 710
432 582
432 844
432 503
432 537
433 523
433 677
433 671
433 819
433 591
433 768
433 433
433 556
433 572
433 662
433 729
433 456
433 464
433 506
433 637
434 809
434 810
434 815
434 625
434 827
434 728
434 544
434 817
434 434
434 841
434 601
434 569
434 828
435 654
435 537
435 849
435 870
435 505
435 595
435 686
435 753
435 704
435 656
435 760
435 450
435 636
435 873
436 668
436 688
436 850
436 759
436 444
436 706
436 730
436 892
436 638
436 446
436 588
436 470
437 804
437 641
437 457
437 437
437 694
437 587
437 743
437 847
437 756
437 780
437 645
437 671
437 496
437 586
438 649
438 682
438 818
438 821
438 539
438 438
438 888
438 766
438 452
439 535
439 666
439 439
439 605
439 841
439 812
439 873
439 826
439 878
439 622
439 737
439 862
439 877
439 568
439 856
439 735
439 741
440 591
440 549
440 551
440 846
440 882
440 843
440 835
440 586
441 686
441 629
441 515
441 528
441 659
441 687
441 519
441 626
441 744
441 725
441 775
442 444
442 644
442 538
442 690
442 820
442 831
442 442
442 633
442 884
442 752
442 642
442 840
442 472
442 614
443 660
443 543
443 684
443 443
443 616
443 898
443 714
443 893
443 853
444 688
444 700
444 668
444 583
444 876
444 892
444 850
444 470
444 706
444 759
444 477
445 582
445 667
445 680
445 709
445 565
445 574
445 623
445 708
445 722
445 736
445 861
445 476
445 896
445 739
445 451
446 897
446 668
446 688
446 700
446 638
446 588
446 583
446 892
446 730
446 830
446 470
446 524
447 450
447 772
447 777
447 779
447 532
447 560
447 845
447 447
447 589
447 460
447 836
447 859
447 788
447 798
447 719
447 747
447 563
448 776
448 689
448 570
448 571
448 830
448 699
448 757
448 449
448 462
448 854
448 544
448 507
449 609
449 689
449 566
449 699
449 630
449 830
449 571
449 462
449 570
449 776
449 757
449 476
449 877
450 654
450 537
450 678
450 686
450 505
450 753
450 595
450 704
450 508
450 870
451 784
451 673
451 575
451 703
451 451
451 711
451 837
451 608
452 560
452 461
452 634
452 658
452 788
452 534
452 790
452 792
452 697
452 579
452 825
452 887
452 562
452 850
452 592
452 727
452 602
453 553
453 805
453 618
453 628
453 468
453 455
453 508
453 764
453 842
453 599
453 480
453 864
454 554
454 775
454 796
454 555
454 576
454 461
454 813
454 612
454 646
454 615
454 588
454 795
454 723
454 611
454 755
454 895
455 769
455 553
455 599
455 842
455 718
455 508
455 628
455 805
455 872
455 738
455 864
455 764
456 523
456 533
456 671
456 677
456 556
456 506
456 662
456 768
456 572
456 819
456 729
456 591
456 799
456 464
456 601
456 512
457 842
457 641
457 780
457 804
457 806
457 587
457 457
457 865
457 694
457 496
457 847
457 658
457 467
457 534
458 882
458 548
458 889
458 834
458 482
458 773
458 489
458 739
458 729
459 607
459 663
459 664
459 800
459 822
459 734
459 639
459 459
459 794
459 874
459 732
459 620
460 511
460 865
460 772
460 777
460 532
460 691
460 836
460 859
460 460
460 560
460 534
460 845
461 745
461 646
461 813
461 578
461 611
461 775
461 461
461 723
461 612
461 555
461 585
462 566
462 570
462 830
462 699
462 630
462 757
462 512
462 462
462 804
463 551
463 787
463 542
463 509
463 590
463 547
463 597
463 515
464 572
464 591
464 729
464 637
464 662
464 671
464 523
464 768
464 533
464 819
464 464
464 682
464 601
465 544
465 815
465 816
465 817
465 465
465 828
465 810
465 491
465 569
465 728
465 533
465 562
465 625
465 600
466 644
466 525
466 839
466 584
466 471
466 877
466 466
466 606
466 746
466 767
466 652
466 487
466 751
467 777
467 552
467 681
467 832
467 726
467 653
467 604
467 488
467 716
468 769
468 805
468 842
468 718
468 618
468 764
468 508
468 468
468 599
468 480
468 864
468 872
468 628
468 708
468 845
468 478
469 789
469 663
469 664
469 794
469 798
469 546
469 822
469 734
469 874
469 469
469 535
469 534
469 732
470 668
470 688
470 470
470 892
470 588
470 583
470 638
470 730
470 876
470 814
470 538
471 854
471 657
471 665
471 814
471 839
471 584
471 593
471 644
471 487
471 525
471 624
471 606
471 877
471 751
471 767
472 661
472 538
472 475
472 752
472 884
472 633
472 749
472 840
472 497
472 472
473 642
473 521
473 651
473 783
473 527
473 507
473 610
473 643
473 504
473 675
473 655
473 831
473 891
474 749
474 770
474 786
474 793
474 669
474 807
474 594
474 765
474 811
474 474
475 505
475 661
475 690
475 820
475 831
475 749
475 884
475 497
475 475
475 614
476 667
476 565
476 574
476 708
476 709
476 722
476 600
476 607
476 680
476 789
476 896
477 890
477 529
477 788
477 534
477 792
477 825
477 579
477 727
477 592
477 562
477 658
477 602
477 674
477 477
477 633
478 667
478 557
478 860
478 760
478 745
478 617
478 520
478 647
478 685
478 495
478 813
479 692
479 603
479 564
479 609
479 511
479 754
479 671
479 646
480 769
480 805
480 553
480 599
480 864
480 718
480 628
480 618
480 764
481 755
481 799
481 679
481 563
481 696
481 500
481 695
481 894
481 481
481 613
481 886
482 773
482 548
482 834
482 848
482 489
482 889
482 716
482 635
483 498
483 486
483 782
483 514
483 739
483 516
484 514
484 782
484 486
484 484
484 604
484 759
485 705
485 513
485 797
485 550
485 701
485 530
485 485
485 875
485 724
485 658
485 620
486 514
486 782
486 486
486 744
487 644
487 525
487 657
487 665
487 839
487 584
487 593
487 606
487 751
487 767
488 653
488 552
488 681
488 693
488 866
488 632
488 744
488 832
488 605
488 548
489 548
489 834
489 848
489 489
489 739
489 573
489 658
489 889
490 890
490 516
490 655
490 596
490 858
490 624
490 490
490 558
490 894
491 544
491 809
491 815
491 816
491 817
491 827
491 828
491 728
491 625
491 810
492 660
492 543
492 684
492 714
492 853
492 893
492 510
492 838
493 778
493 652
493 683
493 705
493 493
493 808
493 525
493 744
494 897
494 900
494 648
494 650
494 545
494 567
494 582
494 829
494 710
494 577
494 680
495 553
495 520
495 781
495 685
495 838
495 745
495 750
495 760
496 641
496 645
496 780
496 804
496 806
496 694
496 847
496 743
496 496
496 587
497 661
497 538
497 820
497 831
497 840
497 497
497 752
497 749
497 804
498 514
498 782
498 498
498 555
499 795
499 824
499 698
499 748
499 717
499 499
499 629
500 806
500 576
500 613
500 563
500 679
500 695
500 634
500 799
500 515
500 886
500 894
500 785
501 819
501 630
501 516
501 558
501 596
501 858
501 869
501 742
501 624
501 655
501 501
501 510
501 635
501 640
502 849
502 724
502 770
502 786
502 793
502 669
502 807
502 811
502 581
502 594
502 802
502 553
502 681
503 648
503 650
503 670
503 801
503 567
503 577
503 710
503 844
503 857
503 897
503 900
503 652
503 627
503 828
503 812
503 853
504 643
504 521
504 675
504 621
504 504
504 610
504 738
504 642
504 527
504 791
504 596
504 507
504 891
504 673
505 654
505 537
505 686
505 704
505 849
505 595
505 753
505 636
506 523
506 533
506 662
506 671
506 677
506 556
506 729
506 601
506 637
506 508
506 688
507 642
507 643
507 521
507 531
507 675
507 738
507 610
507 891
507 791
508 717
508 769
508 805
508 553
508 599
508 864
508 872
508 764
508 551
509 542
509 547
509 590
509 885
509 884
510 660
510 721
510 853
510 616
510 714
510 898
510 893
510 543
511 526
511 692
511 762
511 564
511 511
511 898
512 780
512 566
512 570
512 571
512 512
512 757
512 776
512 854
512 630
513 800
513 761
513 620
513 774
513 530
513 880
513 517
513 724
513 875
513 550
513 513
513 797
513 701
514 519
514 684
514 868
514 782
514 831
515 771
515 852
515 626
515 519
515 687
515 823
515 659
515 559
515 725
515 600
515 724
515 528
516 795
516 558
516 655
516 672
516 516
516 742
516 635
516 883
516 858
516 624
516 640
517 883
517 774
517 875
517 797
517 620
517 701
517 530
517 724
517 880
518 572
518 585
518 518
518 726
518 744
518 681
518 866
518 552
518 693
518 604
518 703
518 653
518 832
519 771
519 519
519 687
519 852
519 659
519 781
519 559
519 823
520 900
520 593
520 647
520 745
520 781
520 685
520 750
520 860
520 760
520 890
520 629
520 557
520 838
521 662
521 642
521 643
521 791
521 521
521 621
521 531
521 783
521 527
521 675
522 713
522 808
522 554
522 863
522 522
522 741
522 676
522 531
523 662
523 523
523 671
523 768
523 591
523 533
523 556
523 637
523 651
523 572
523 601
524 899
524 702
524 763
524 524
524 851
524 656
524 823
524 716
524 879
525 665
525 657
525 877
525 767
525 814
525 525
525 584
525 864
525 593
525 746
525 635
526 754
526 603
526 609
526 762
526 540
526 854
526 851
526 692
526 779
527 712
527 642
527 643
527 783
527 621
527 791
527 891
527 738
527 610
527 675
527 690
527 531
528 771
528 528
528 725
528 823
528 852
528 659
528 626
528 706
528 687
529 796
529 658
529 697
529 562
529 529
529 579
529 825
529 674
529 788
529 790
529 534
529 712
529 887
530 806
530 638
530 584
530 550
530 724
530 620
530 701
530 530
530 686
530 797
531 756
531 606
531 596
531 642
531 651
531 783
531 791
531 891
531 643
531 738
531 610
532 772
532 777
532 779
532 747
532 719
532 845
532 598
532 691
532 836
532 589
532 560
533 729
533 768
533 601
533 662
533 556
533 591
533 677
533 819
534 658
534 602
534 534
534 887
534 790
534 562
534 579
534 674
534 606
534 792
534 697
534 825
534 592
535 569
535 666
535 568
535 862
535 622
535 833
535 841
535 735
535 737
535 581
535 826
535 605
535 873
535 878
535 613
536 853
536 596
536 673
536 837
536 720
536 575
536 855
536 705
536 711
537 704
537 686
537 636
537 678
537 849
537 561
537 870
537 753
537 863
537 657
538 820
538 538
538 633
538 661
538 690
538 749
538 831
538 840
538 614
539 649
539 821
539 888
539 682
539 580
539 766
539 818
539 866
540 540
540 762
540 564
540 754
540 609
540 603
541 789
541 664
541 794
541 734
541 541
541 639
541 663
541 546
541 822
541 732
542 796
542 785
542 787
542 619
542 762
542 564
542 590
542 597
542 885
543 898
543 893
543 543
543 721
543 684
543 616
544 625
544 544
544 810
544 728
544 827
544 809
544 816
544 817
544 569
544 672
545 897
545 900
545 650
545 670
545 710
545 844
545 801
545 567
545 582
545 648
545 545
545 880
545 829
546 789
546 663
546 664
546 794
546 798
546 800
546 874
546 732
546 639
547 862
547 885
547 547
547 590
547 715
547 597
547 643
548 773
548 573
548 889
548 834
548 848
548 733
548 739
549 892
549 835
549 549
549 843
549 846
549 551
549 748
549 882
550 550
550 701
550 797
550 875
550 880
550 760
550 724
551 876
551 835
551 843
551 551
551 867
552 653
552 632
552 744
552 585
552 681
552 726
552 866
552 829
552 718
552 832
552 604
553 769
553 805
553 718
553 599
553 872
553 764
553 842
553 864
553 618
553 628
553 758
554 554
554 676
554 631
554 625
554 863
555 646
555 796
555 612
555 611
555 755
555 723
555 615
555 731
555 578
555 833
555 740
555 895
556 662
556 637
556 591
556 729
556 768
556 556
556 815
556 819
556 834
556 825
557 665
557 647
557 781
557 617
557 860
557 890
557 838
557 557
557 631
557 750
558 843
558 672
558 655
558 640
558 596
558 869
558 635
558 858
558 864
558 742
558 883
559 771
559 659
559 725
559 626
559 852
559 559
560 719
560 560
560 772
560 589
560 691
560 836
560 747
560 833
561 678
561 686
561 753
561 561
561 636
561 704
561 808
561 804
561 595
562 900
562 790
562 792
562 674
562 727
562 602
562 562
562 788
562 722
562 579
562 592
563 679
563 696
563 563
563 799
563 883
563 894
564 692
564 564
564 754
564 603
564 762
564 874
564 659
565 667
565 680
565 722
565 861
565 565
565 600
565 574
565 736
565 708
565 607
565 623
565 782
566 689
566 571
566 566
566 757
566 776
566 881
566 854
566 630
567 648
567 801
567 670
567 582
567 650
567 710
567 897
567 577
567 567
567 774
567 829
567 857
568 628
568 732
568 666
568 812
568 605
568 826
568 622
568 833
568 741
568 856
568 660
568 647
568 862
569 809
569 810
569 815
569 816
569 625
569 828
569 817
569 827
569 728
569 894
570 776
570 571
570 570
570 689
570 830
570 757
570 630
570 738
571 776
571 689
571 757
571 630
571 571
571 830
571 854
572 662
572 671
572 819
572 677
572 601
572 591
572 768
572 572
572 729
572 660
572 858
573 683
573 773
573 848
573 573
573 889
573 856
573 834
574 680
574 623
574 861
574 607
574 722
574 896
574 667
574 600
574 823
574 679
574 736
575 703
575 720
575 673
575 784
575 575
575 649
575 837
575 608
576 646
576 775
576 796
576 813
576 611
576 740
576 576
576 731
576 895
576 612
576 755
577 900
577 648
577 650
577 801
577 829
577 897
577 710
577 577
577 844
577 857
577 637
578 776
578 646
578 796
578 723
578 611
578 612
578 755
578 615
578 731
578 740
578 895
578 643
578 701
579 748
579 788
579 790
579 792
579 697
579 825
579 579
579 658
579 727
579 602
580 603
580 609
580 649
580 818
580 821
580 682
580 580
580 791
580 766
581 814
581 838
581 786
581 807
581 594
581 811
581 871
582 648
582 829
582 844
582 900
582 670
582 650
582 615
582 857
583 688
583 700
583 706
583 730
583 588
583 583
583 876
583 850
583 892
583 837
584 644
584 665
584 814
584 767
584 606
584 593
584 877
584 657
584 746
584 751
585 653
585 681
585 832
585 744
585 726
585 604
585 632
585 693
585 699
586 712
586 835
586 867
586 882
586 846
586 843
587 631
587 645
587 780
587 694
587 743
587 587
587 804
587 806
587 834
587 847
587 865
587 656
588 668
588 706
588 588
588 759
588 730
588 892
588 850
588 833
588 787
589 700
589 772
589 777
589 779
589 836
589 845
589 719
589 691
589 727
589 653
589 598
589 859
590 785
590 597
590 885
590 619
590 775
591 662
591 677
591 819
591 729
591 637
591 671
591 601
591 768
591 730
592 658
592 792
592 674
592 697
592 788
592 602
592 790
592 727
592 592
592 724
592 887
592 594
592 703
593 644
593 665
593 814
593 746
593 751
593 606
593 710
593 877
594 680
594 786
594 793
594 802
594 807
594 594
594 770
594 765
595 654
595 678
595 704
595 849
595 753
595 595
595 686
595 759
595 636
596 828
596 655
596 869
596 858
596 883
596 672
596 770
597 787
597 597
597 776
598 779
598 691
598 836
598 845
598 719
598 747
598 842
598 859
598 714
599 629
599 769
599 805
599 842
599 628
599 618
599 755
599 864
600 667
600 709
600 623
600 861
600 607
600 708
600 793
600 736
601 671
601 677
601 729
601 819
601 662
601 637
601 891
601 810
601 880
602 788
602 790
602 792
602 727
602 674
602 602
602 887
603 692
603 754
603 762
603 609
603 870
603 835
604 653
604 693
604 726
604 744
604 832
605 769
605 666
605 826
605 833
605 841
605 873
605 741
605 862
605 737
605 710
605 735
605 878
605 622
606 644
606 657
606 665
606 814
606 746
606 606
606 877
606 671
607 667
607 680
607 896
607 736
607 722
607 623
608 784
608 720
608 837
608 673
608 703
608 711
608 626
609 754
609 609
609 762
609 860
610 726
610 643
610 651
610 783
610 791
610 738
610 675
610 661
610 882
610 621
611 775
611 813
611 612
611 895
611 615
611 778
611 788
611 755
612 646
612 775
612 723
612 731
612 740
612 612
612 634
612 755
612 895
613 799
613 679
613 695
613 696
613 613
613 886
614 690
614 661
614 820
614 752
614 831
614 840
614 618
614 633
615 844
615 686
615 775
615 813
615 723
615 731
615 740
615 685
615 701
616 617
616 898
616 660
616 684
616 714
616 853
616 893
616 721
616 783
617 647
617 781
617 890
617 745
617 685
617 760
617 838
618 718
618 872
618 842
618 618
618 764
618 769
618 748
618 647
618 628
618 866
619 638
619 735
619 787
619 619
619 825
619 885
619 649
620 694
620 724
620 761
620 701
620 797
620 695
620 880
620 711
621 829
621 642
621 643
621 783
621 791
621 651
621 675
621 891
622 666
622 833
622 841
622 735
622 737
622 873
622 826
622 741
623 667
623 861
623 623
623 722
623 708
624 655
624 672
624 742
624 883
624 858
624 640
624 624
624 834
625 809
625 810
625 815
625 816
625 827
625 728
625 817
625 625
626 650
626 659
626 687
626 823
626 725
626 809
627 683
627 705
627 778
628 769
628 805
628 842
628 718
628 764
628 826
629 795
629 698
629 707
629 717
629 824
629 881
629 771
629 772
630 776
630 689
630 830
630 699
630 854
631 631
631 863
631 676
631 889
632 653
632 681
632 693
632 726
632 788
633 661
633 820
633 633
633 752
633 690
633 884
633 749
633 676
634 648
634 836
634 799
634 679
634 695
634 696
634 791
635 869
635 742
635 635
635 655
635 883
635 640
636 870
636 636
636 849
636 738
636 679
636 819
636 879
637 662
637 677
637 819
637 729
637 746
638 668
638 688
638 706
638 850
638 876
638 759
638 892
639 663
639 664
639 794
639 822
639 734
639 732
639 789
639 639
640 672
640 858
640 742
640 640
640 883
640 841
641 865
641 804
641 806
641 645
641 780
641 641
641 743
641 756
641 694
641 847
641 822
641 773
641 733
642 783
642 675
642 651
642 891
642 738
642 791
642 643
643 801
643 891
643 738
643 675
643 791
643 651
644 665
644 644
644 767
644 746
644 657
644 877
644 751
645 694
645 806
645 780
645 865
645 804
645 645
645 743
645 695
645 847
645 756
646 794
646 822
646 741
646 646
646 895
646 796
646 723
646 755
646 813
646 775
646 740
647 750
647 760
647 745
647 860
647 890
647 781
647 685
647 838
647 837
648 897
648 900
648 670
648 648
648 801
648 857
648 844
648 749
648 650
648 710
649 804
649 860
649 868
649 888
649 821
649 649
649 818
649 766
649 706
649 682
649 758
650 897
650 900
650 801
650 710
650 829
650 857
650 844
650 670
651 675
651 791
651 738
651 651
651 891
652 778
652 683
652 705
652 652
652 729
652 728
653 746
653 681
653 744
653 653
653 684
654 753
654 849
654 686
654 678
654 654
654 870
654 795
654 856
654 888
655 829
655 869
655 672
655 655
655 893
655 858
655 883
656 803
656 702
656 656
656 851
656 716
656 855
656 763
656 715
657 839
657 814
657 751
657 657
657 746
657 877
657 767
657 887
658 670
658 788
658 825
658 792
658 658
658 887
658 674
658 790
658 727
659 678
659 725
659 659
659 687
659 823
659 852
660 767
660 898
660 714
660 893
660 721
660 684
660 853
661 884
661 840
661 820
661 831
661 752
661 661
661 711
661 750
661 749
662 677
662 729
662 819
662 671
662 722
662 821
663 789
663 664
663 734
663 794
663 822
663 800
663 874
664 874
664 732
664 794
664 822
664 664
664 678
664 798
664 800
665 767
665 665
665 814
665 839
665 751
665 899
666 737
666 878
666 862
666 856
666 873
666 812
666 825
667 708
667 722
667 896
667 709
667 680
667 736
668 706
668 850
668 892
668 876
668 688
668 700
668 730
669 726
669 770
669 765
669 733
669 793
669 669
669 802
669 871
670 900
670 670
670 844
670 801
670 829
670 710
670 897
670 766
670 857
671 671
671 677
671 729
671 819
671 722
672 780
672 883
672 672
672 742
672 858
672 869
672 879
673 784
673 837
673 711
673 673
673 820
673 703
673 720
674 790
674 792
674 788
674 697
674 825
674 887
674 719
675 783
675 738
675 675
675 859
675 891
676 863
676 713
676 676
676 751
677 768
677 819
677 735
678 753
678 870
678 678
678 849
678 686
679 799
679 696
679 886
679 776
679 894
680 709
680 736
680 708
680 861
680 888
681 866
681 744
681 759
682 812
682 873
682 821
682 758
682 766
683 778
684 898
684 684
684 853
684 721
684 893
685 781
685 838
685 760
685 685
685 750
685 734
685 745
686 753
686 870
686 704
686 686
686 849
687 771
687 725
687 879
687 695
688 892
688 850
688 730
688 699
688 700
688 706
688 876
688 759
689 689
689 757
689 699
689 830
690 718
690 876
690 690
690 752
690 840
690 755
690 716
690 820
690 831
690 884
691 772
691 777
691 836
691 691
691 779
691 807
691 845
691 719
691 859
691 747
692 754
692 762
692 820
693 768
693 832
693 744
693 866
693 693
693 740
694 780
694 804
694 806
694 847
694 865
694 798
695 864
695 799
695 894
695 886
695 696
696 725
696 799
696 696
696 886
696 849
697 790
697 792
697 825
697 887
697 697
698 795
698 717
698 748
698 770
698 707
699 776
699 757
699 854
699 830
699 699
700 850
700 730
700 876
700 892
700 764
700 759
700 775
701 817
701 797
701 724
701 875
701 880
701 701
701 761
702 715
702 851
702 803
702 716
702 899
702 879
702 763
703 784
703 703
703 837
703 720
704 870
704 849
704 704
705 778
705 705
706 857
706 892
706 850
706 759
706 876
707 857
707 795
707 717
707 881
707 707
707 868
708 854
708 896
708 709
708 708
708 861
708 722
709 823
709 736
709 861
710 897
710 801
710 844
710 900
710 857
711 848
711 711
711 720
711 725
712 846
712 882
712 843
712 712
712 867
713 863
713 713
713 817
713 739
714 898
714 853
714 893
714 714
714 770
714 721
715 803
715 715
715 879
715 899
715 851
716 899
716 879
716 803
716 855
716 763
716 851
717 881
717 824
717 795
717 748
718 769
718 805
718 842
718 764
718 864
718 718
718 733
718 872
718 846
718 731
719 779
719 836
719 845
719 772
719 859
720 784
720 837
721 898
721 853
722 736
722 896
722 861
723 775
723 731
723 895
723 813
724 774
724 761
725 771
725 823
725 832
726 832
726 866
726 744
726 726
727 874
727 788
727 825
727 792
728 815
728 817
728 827
728 810
729 768
729 849
729 843
730 850
730 759
730 876
731 775
731 740
731 796
731 895
732 789
732 798
732 822
732 800
732 794
732 734
732 783
733 748
733 770
733 802
733 807
733 765
733 733
733 871
734 789
734 798
734 800
734 734
735 812
735 826
735 833
735 856
735 873
735 735
735 878
735 741
735 862
736 861
736 896
736 766
736 871
737 826
737 833
737 841
737 862
737 741
737 878
737 812
737 742
738 821
738 783
738 791
738 888
739 773
739 834
739 848
740 775
740 796
740 813
740 895
740 858
741 826
741 841
741 856
741 873
741 741
741 878
741 886
742 858
742 869
743 780
743 804
743 806
743 847
743 756
743 865
743 750
743 803
743 841
743 784
744 832
744 797
745 781
745 838
745 890
745 860
745 864
746 839
746 746
746 786
747 842
747 850
747 772
747 777
747 779
747 859
747 780
747 761
748 824
748 881
748 748
749 803
749 851
749 820
749 831
749 840
749 752
749 749
750 838
750 890
750 750
750 760
750 788
751 814
751 839
751 877
751 751
752 820
752 831
752 840
753 870
754 849
755 775
755 813
756 780
756 804
756 806
756 865
756 893
757 776
757 854
758 861
758 781
758 818
758 821
758 766
758 888
759 850
759 876
759 892
759 878
760 838
760 860
760 890
761 797
761 880
762 762
762 860
762 780
763 899
763 803
763 851
763 879
764 842
764 872
764 769
764 805
765 846
765 786
765 793
765 802
765 871
765 807
765 765
766 888
767 814
767 839
767 767
768 863
769 864
769 872
769 769
769 842
769 805
770 786
770 871
770 793
770 770
770 818
771 852
771 823
771 771
772 836
772 777
772 859
772 772
772 884
772 779
772 845
773 889
773 834
773 886
774 774
774 875
774 797
775 813
775 796
775 895
775 775
775 885
775 840
776 776
776 830
776 851
776 854
777 777
777 779
777 845
777 836
777 859
778 778
778 888
779 836
779 845
779 859
779 789
779 803
780 780
780 865
780 804
780 847
780 889
781 860
782 782
782 868
782 848
783 783
783 870
784 837
784 784
785 885
785 785
785 787
785 797
786 793
786 807
786 811
786 802
786 871
787 885
787 787
788 790
788 825
788 788
789 798
789 800
789 874
790 887
790 825
790 792
791 791
791 859
792 825
792 846
793 871
793 807
793 793
793 802
793 811
794 844
794 822
794 798
794 794
794 874
794 800
795 881
796 895
796 796
796 813
797 896
797 875
797 797
798 822
798 798
798 874
798 800
799 894
799 895
799 886
800 800
800 874
800 879
801 897
801 900
801 857
801 801
801 829
801 824
802 871
802 807
802 811
803 899
803 851
803 803
803 855
803 879
804 847
804 865
804 806
805 872
805 864
806 847
806 865
807 871
807 811
808 808
808 846
808 831
809 828
809 815
809 809
809 875
809 810
810 828
810 817
810 810
810 816
810 827
811 871
811 811
812 859
812 856
812 833
812 841
812 878
812 812
812 826
813 813
813 895
814 814
814 877
814 891
815 817
815 827
815 838
815 816
815 828
816 828
816 816
816 817
816 827
817 817
817 828
817 827
818 850
818 821
818 888
819 819
820 884
820 820
820 831
821 888
822 822
823 852
823 823
824 881
824 824
825 825
826 878
826 833
826 826
826 841
827 828
827 841
827 866
827 839
829 897
829 900
829 857
829 844
830 854
830 830
830 864
831 840
832 866
833 862
833 873
833 856
833 841
834 845
834 834
835 882
835 846
835 867
835 835
835 843
836 836
836 859
838 838
838 890
838 860
839 839
839 877
840 884
840 840
841 878
841 862
841 856
841 873
842 864
842 842
842 872
843 843
843 846
843 869
844 900
844 857
844 897
846 867
846 856
847 847
847 865
848 889
851 899
851 855
851 879
852 852
853 898
854 854
855 899
855 855
856 878
856 873
857 897
857 900
858 883
858 869
860 890
860 860
862 873
862 862
867 882
867 867
867 876
868 868
869 869
869 883
869 890
870 870
872 872
873 873
876 876
876 892
879 879
879 899
880 880
882 882
884 884
886 894
887 887
893 898
893 893
897 897
897 900
898 898
899 899
