900 8000
1 182
1 781
1 627
1 541
1 641
1 223
1 395
1 364
1 124
1 122
1 207
1 401
1 158
1 1
1 776
1 219
1 491
2 130
2 515
2 322
2 820
2 154
2 851
2 584
2 729
2 185
2 254
2 557
2 644
2 571
2 708
2 744
2 174
2 319
2 737
2 492
3 258
3 457
3 857
3 293
3 478
3 874
3 93
3 496
3 840
3 3
3 846
3 596
3 198
3 595
3 277
3 94
4 135
4 547
4 690
4 248
4 40
4 412
4 297
4 109
4 803
4 289
4 309
4 748
4 340
4 410
4 64
4 797
4 420
4 422
4 360
4 116
5 845
5 615
5 472
5 818
5 500
5 860
5 510
5 242
5 856
5 519
5 164
5 349
5 735
5 800
5 498
5 392
5 672
5 313
5 829
5 202
5 769
6 645
6 142
6 272
6 224
6 6
6 350
6 138
6 854
6 352
6 638
6 405
6 867
6 513
6 40
6 39
6 479
6 611
6 222
6 886
6 636
6 181
7 770
7 771
7 264
7 624
7 421
7 626
7 484
7 712
7 300
7 506
7 844
7 881
7 290
7 505
7 366
7 270
7 801
7 676
7 442
7 249
8 858
8 454
8 617
8 813
8 791
8 205
8 331
8 755
8 724
8 796
8 418
8 110
8 91
8 69
8 579
8 658
8 550
8 74
8 329
9 266
9 341
9 691
9 564
9 793
9 653
9 526
9 334
9 656
9 773
9 740
9 480
9 882
9 221
9 82
9 286
9 61
9 217
10 386
10 671
10 98
10 435
10 546
10 171
10 736
10 212
10 458
10 568
10 108
10 305
10 191
10 413
10 132
10 551
10 839
10 73
10 504
10 862
10 564
11 136
11 369
11 326
11 396
11 727
11 92
11 449
11 68
11 521
11 81
11 762
11 18
11 66
11 599
11 731
11 782
11 15
11 195
11 581
11 117
12 348
12 769
12 642
12 388
12 649
12 562
12 186
12 655
12 385
12 120
12 859
12 179
12 128
12 414
12 171
12 58
12 572
12 190
12 725
12 90
13 85
13 134
13 780
13 344
13 739
13 14
13 749
13 726
13 370
13 339
13 777
13 760
13 483
13 13
13 528
13 411
13 456
13 203
13 849
13 356
13 633
14 151
14 134
14 739
14 749
14 780
14 633
14 14
14 852
14 528
14 370
14 777
14 96
14 745
14 65
14 456
14 203
14 339
14 344
14 483
14 895
15 136
15 396
15 782
15 433
15 326
15 727
15 437
15 15
15 81
15 449
15 747
15 118
15 572
15 18
15 66
15 195
15 68
15 599
15 764
16 817
16 394
16 783
16 667
16 896
16 178
16 827
16 291
16 451
16 659
16 323
16 468
16 693
16 511
16 390
16 316
16 455
16 883
16 446
17 735
17 144
17 368
17 35
17 768
17 674
17 715
17 832
17 434
17 779
17 307
17 585
17 177
17 60
17 278
17 476
17 477
17 616
18 521
18 762
18 437
18 396
18 136
18 764
18 81
18 581
18 66
18 326
18 599
18 117
18 658
18 433
18 195
18 118
18 557
19 727
19 132
19 260
19 261
19 88
19 250
19 825
19 239
19 19
19 29
19 631
19 101
19 767
19 590
19 343
19 620
19 107
19 241
19 246
20 337
20 114
20 536
20 21
20 156
20 85
20 333
20 146
20 276
20 79
20 738
20 444
20 884
20 862
20 263
20 233
21 775
21 276
21 146
21 114
21 847
21 237
21 21
21 862
21 444
21 150
21 687
21 79
21 233
21 591
21 552
21 734
21 738
21 96
22 788
22 279
22 283
22 218
22 278
22 445
22 33
22 598
22 153
22 485
22 408
22 234
22 850
22 540
22 429
22 686
23 402
23 837
23 722
23 809
23 843
23 310
23 669
23 465
23 558
23 872
23 123
23 443
23 23
23 127
23 282
23 157
23 287
23 554
23 685
23 50
23 328
23 463
23 316
23 289
23 270
24 122
24 627
24 364
24 223
24 641
24 781
24 401
24 395
24 363
24 864
24 646
24 776
24 158
24 512
24 258
24 541
24 491
24 756
25 144
25 400
25 35
25 292
25 31
25 25
25 115
25 434
25 893
25 477
25 42
25 60
25 779
25 38
25 832
25 616
25 269
26 259
26 786
26 795
26 790
26 811
26 481
26 612
26 702
26 503
26 284
26 26
26 643
26 330
26 394
26 288
26 38
26 183
26 586
26 861
27 843
27 846
27 101
27 767
27 260
27 241
27 825
27 304
27 382
27 88
27 887
27 631
27 239
27 406
27 830
27 166
27 343
28 273
28 789
28 84
28 227
28 469
28 416
28 577
28 583
28 746
28 28
28 833
28 366
28 759
28 169
28 817
28 439
28 742
28 375
29 132
29 260
29 631
29 343
29 382
29 767
29 166
29 406
29 261
29 887
29 620
29 101
29 250
29 184
29 619
29 107
30 398
30 666
30 694
30 49
30 299
30 54
30 417
30 271
30 814
30 247
30 751
30 199
30 30
30 200
30 675
30 52
30 56
30 196
30 610
31 144
31 400
31 893
31 292
31 31
31 115
31 434
31 616
31 585
31 368
31 715
31 42
31 225
31 35
31 476
32 145
32 787
32 606
32 618
32 102
32 149
32 609
32 543
32 842
32 683
32 338
32 111
32 32
32 808
32 429
32 214
32 733
32 865
32 468
33 414
33 534
33 408
33 153
33 283
33 278
33 686
33 209
33 218
33 681
33 321
33 445
33 279
33 419
33 167
33 168
33 598
33 485
33 234
34 273
34 531
34 416
34 833
34 375
34 161
34 817
34 126
34 699
34 57
34 84
34 742
34 439
34 469
34 868
34 37
34 577
34 583
34 227
34 366
34 759
35 779
35 400
35 674
35 616
35 292
35 832
35 177
35 768
35 893
35 476
35 715
35 138
35 477
36 274
36 466
36 143
36 206
36 141
36 474
36 238
36 493
36 652
36 761
36 605
36 530
36 232
36 662
36 718
36 46
36 591
36 333
37 273
37 789
37 833
37 699
37 366
37 57
37 84
37 37
37 531
37 469
37 161
37 759
37 342
37 817
37 742
37 640
37 606
38 259
38 390
38 790
38 795
38 670
38 288
38 419
38 643
38 330
38 586
38 786
38 38
38 811
38 481
38 612
38 887
39 138
39 651
39 405
39 151
39 636
39 140
39 854
39 611
39 513
39 645
39 222
39 867
39 886
39 630
39 350
39 479
39 224
39 608
40 253
40 199
40 410
40 412
40 547
40 422
40 340
40 420
40 803
40 482
40 135
40 549
40 711
40 297
40 690
40 309
40 703
40 360
40 107
41 231
41 296
41 766
41 228
41 853
41 570
41 383
41 216
41 464
41 828
41 452
41 714
41 741
41 679
41 754
41 688
41 692
41 184
41 453
42 779
42 674
42 292
42 115
42 768
42 177
42 42
42 434
42 585
42 380
42 715
42 865
42 477
42 802
43 778
43 267
43 86
43 836
43 880
43 384
43 89
43 438
43 77
43 579
43 358
43 719
43 595
43 43
43 325
43 215
43 890
44 802
44 424
44 665
44 516
44 632
44 868
44 648
44 163
44 899
44 548
44 532
44 428
44 863
44 255
44 520
44 461
44 601
45 899
45 516
45 648
45 533
45 665
45 799
45 802
45 163
45 863
45 255
45 461
45 868
45 490
45 193
45 862
45 260
45 249
46 141
46 409
46 798
46 662
46 605
46 232
46 652
46 274
46 530
46 502
46 206
46 761
46 573
46 781
46 466
46 361
46 369
47 774
47 545
47 677
47 170
47 556
47 302
47 514
47 592
47 182
47 487
47 318
47 308
47 47
47 81
47 563
47 713
47 379
48 645
48 138
48 140
48 142
48 353
48 253
48 886
48 405
48 272
48 350
48 352
48 513
48 611
48 479
48 562
48 660
49 70
49 398
49 417
49 675
49 807
49 814
49 621
49 56
49 49
49 751
49 247
49 694
49 414
49 196
49 610
50 514
50 402
50 282
50 542
50 554
50 173
50 328
50 669
50 837
50 689
50 50
50 465
50 654
50 310
50 443
50 843
50 123
50 603
51 514
51 517
51 545
51 298
51 170
51 563
51 308
51 182
51 318
51 774
51 677
51 830
51 51
51 312
51 567
51 710
52 398
52 666
52 675
52 299
52 199
52 247
52 196
52 427
52 751
52 271
52 814
52 75
52 417
52 622
52 54
52 56
52 462
52 97
52 621
52 875
53 775
53 520
53 265
53 160
53 181
53 594
53 728
53 706
53 875
53 560
53 64
53 879
53 342
53 55
53 392
53 377
53 134
54 271
54 417
54 807
54 427
54 97
54 199
54 610
54 56
54 698
54 814
54 462
54 694
54 890
54 75
54 247
55 647
55 520
55 265
55 594
55 306
55 379
55 303
55 875
55 377
55 826
55 320
55 160
55 728
55 740
55 706
55 869
55 785
56 271
56 666
56 807
56 427
56 75
56 247
56 814
56 299
56 97
56 398
56 383
56 698
56 610
56 751
56 326
56 86
57 273
57 161
57 817
57 439
57 583
57 742
57 699
57 746
57 375
57 84
57 531
57 227
57 849
57 469
57 640
58 769
58 655
58 562
58 186
58 72
58 871
58 120
58 345
58 179
58 507
58 190
58 235
58 613
58 853
58 725
58 90
58 859
58 128
58 119
59 900
59 133
59 389
59 544
59 162
59 518
59 139
59 176
59 59
59 629
59 663
59 718
59 169
59 225
59 835
59 475
60 645
60 144
60 177
60 307
60 400
60 476
60 292
60 779
60 477
60 60
60 715
60 170
60 616
60 382
61 349
61 773
61 266
61 691
61 793
61 217
61 225
61 564
61 104
61 61
61 740
61 221
61 788
61 332
61 334
62 694
62 899
62 648
62 424
62 819
62 601
62 163
62 665
62 490
62 533
62 62
62 799
62 632
62 133
62 461
63 391
63 267
63 682
63 812
63 880
63 654
63 83
63 200
63 89
63 778
63 438
63 77
63 579
63 595
63 482
63 719
63 215
63 486
63 358
64 223
64 647
64 265
64 415
64 560
64 440
64 320
64 594
64 875
64 377
64 342
64 306
64 761
64 706
64 728
64 879
65 227
65 134
65 528
65 411
65 65
65 739
65 356
65 344
65 370
65 780
65 339
65 96
65 286
65 203
65 633
66 243
66 521
66 437
66 449
66 369
66 782
66 66
66 727
66 68
66 581
66 289
66 326
67 627
67 797
67 420
67 422
67 803
67 549
67 547
67 109
67 482
67 804
67 297
67 213
67 748
67 67
68 136
68 782
68 437
68 449
68 118
68 599
68 326
68 369
68 762
68 117
68 764
68 659
68 581
69 257
69 796
69 285
69 550
69 418
69 454
69 256
69 91
69 69
69 873
69 813
69 205
69 685
69 617
69 110
69 755
69 509
69 648
70 393
70 784
70 399
70 792
70 673
70 806
70 175
70 822
70 294
70 494
70 697
70 625
70 70
70 355
71 424
71 660
71 280
71 281
71 816
71 821
71 311
71 758
71 589
71 723
71 535
71 450
71 275
71 590
71 502
71 743
71 750
71 508
72 385
72 642
72 388
72 655
72 572
72 72
72 235
72 769
72 345
72 190
72 613
72 414
72 456
73 671
73 546
73 551
73 171
73 568
73 191
73 839
73 473
73 386
73 98
73 108
73 458
73 736
73 865
73 346
73 131
74 658
74 796
74 285
74 454
74 91
74 74
74 791
74 110
74 755
74 858
74 617
74 205
74 465
74 331
74 509
74 402
75 675
75 807
75 427
75 814
75 694
75 398
75 75
75 196
75 751
75 462
75 232
75 610
75 621
75 121
75 265
76 387
76 772
76 262
76 661
76 805
76 823
76 711
76 709
76 892
76 220
76 357
76 765
76 876
76 155
76 289
76 78
76 720
76 721
76 470
77 604
77 148
77 391
77 778
77 267
77 438
77 325
77 200
77 579
77 812
77 83
77 77
77 595
77 358
77 880
78 441
78 387
78 661
78 805
78 709
78 711
78 78
78 772
78 765
78 208
78 155
78 470
78 131
78 220
78 745
78 365
79 568
79 775
79 146
79 276
79 150
79 536
79 156
79 552
79 687
79 233
79 734
79 79
79 337
79 85
79 884
79 619
80 897
80 808
80 426
80 431
80 436
80 441
80 315
80 705
80 848
80 752
80 243
80 211
80 252
80 614
80 648
80 100
81 229
81 136
81 521
81 782
81 433
81 92
81 437
81 727
81 449
81 326
81 349
81 599
81 747
81 369
81 117
81 764
82 556
82 473
82 637
82 538
82 667
82 178
82 693
82 827
82 451
82 523
82 489
82 717
82 455
82 539
82 469
82 896
83 98
83 577
83 764
83 654
83 438
83 836
83 325
83 200
83 719
83 595
83 682
83 86
83 793
83 89
84 273
84 531
84 789
84 416
84 161
84 833
84 583
84 366
84 439
84 227
84 655
84 126
85 443
85 775
85 276
85 536
85 687
85 237
85 884
85 847
85 85
85 862
85 150
85 738
85 233
85 114
85 376
86 391
86 778
86 682
86 438
86 325
86 579
86 215
86 384
86 812
86 486
86 880
86 836
86 89
86 358
86 890
87 427
87 898
87 678
87 555
87 684
87 180
87 701
87 447
87 841
87 201
87 757
87 561
87 607
87 838
87 501
87 731
87 351
87 753
88 260
88 261
88 166
88 304
88 343
88 767
88 101
88 382
88 887
88 250
88 239
88 406
88 410
89 391
89 778
89 267
89 654
89 812
89 438
89 579
89 836
89 325
89 719
89 643
89 486
89 880
90 769
90 385
90 642
90 649
90 190
90 725
90 345
90 128
90 120
90 507
90 562
90 871
90 440
90 859
90 200
90 560
90 777
91 257
91 791
91 418
91 550
91 813
91 454
91 858
91 724
91 796
91 891
91 509
91 771
91 617
91 755
91 738
91 132
92 521
92 433
92 437
92 449
92 326
92 92
92 782
92 118
92 195
92 581
92 727
92 520
92 369
92 764
92 322
93 404
93 277
93 446
93 198
93 327
93 840
93 596
93 874
93 857
93 106
93 593
93 496
93 258
93 670
94 258
94 277
94 293
94 576
94 198
94 327
94 857
94 478
94 446
94 404
94 94
94 457
94 503
94 106
94 183
95 567
95 393
95 527
95 784
95 399
95 792
95 673
95 806
95 172
95 697
95 95
95 226
95 578
95 531
95 231
96 831
96 777
96 780
96 849
96 339
96 852
96 726
96 96
96 356
96 411
96 760
96 483
97 398
97 271
97 427
97 299
97 814
97 694
97 196
97 751
97 698
97 462
97 621
97 175
98 386
98 413
98 546
98 551
98 171
98 305
98 435
98 346
98 191
98 367
98 736
98 568
99 710
99 660
99 281
99 816
99 194
99 758
99 280
99 589
99 99
99 704
99 251
99 103
99 877
99 429
100 897
100 425
100 432
100 707
100 459
100 848
100 211
100 348
100 431
100 426
100 430
100 315
100 244
100 478
100 889
101 725
101 132
101 261
101 406
101 166
101 304
101 825
101 619
101 767
101 620
101 596
101 107
101 631
102 145
102 787
102 148
102 668
102 543
102 683
102 429
102 214
102 842
102 189
102 111
102 618
102 131
102 179
102 637
102 155
103 774
103 773
103 184
103 535
103 281
103 311
103 450
103 723
103 704
103 280
103 423
103 590
103 251
103 637
103 750
103 508
103 639
104 773
104 266
104 524
104 653
104 526
104 286
104 564
104 332
104 334
104 471
104 225
104 740
104 354
104 338
104 882
105 724
105 698
105 641
105 776
105 401
105 158
105 381
105 541
105 364
105 756
105 263
105 646
105 627
105 223
105 187
105 581
106 258
106 147
106 840
106 457
106 846
106 327
106 293
106 404
106 446
106 397
106 277
106 596
106 474
106 634
106 154
106 571
107 260
107 619
107 241
107 382
107 304
107 825
107 343
107 246
107 239
107 887
107 767
107 628
107 250
108 386
108 413
108 671
108 551
108 171
108 435
108 568
108 191
108 346
108 736
108 113
108 839
108 123
108 367
109 700
109 412
109 797
109 547
109 549
109 422
109 803
109 482
109 360
109 748
109 289
109 804
109 555
110 658
110 791
110 796
110 285
110 418
110 331
110 205
110 724
110 858
110 891
110 813
110 153
110 755
110 509
110 222
110 874
111 493
111 145
111 683
111 429
111 214
111 733
111 618
111 338
111 842
111 537
111 668
111 111
111 637
112 331
112 534
112 279
112 408
112 278
112 167
112 686
112 695
112 209
112 218
112 485
112 234
112 445
112 283
112 157
113 413
113 671
113 546
113 551
113 435
113 568
113 824
113 458
113 473
113 346
113 736
113 367
113 305
113 783
113 504
114 775
114 146
114 276
114 536
114 156
114 552
114 188
114 847
114 444
114 884
114 734
114 469
114 376
114 201
115 144
115 400
115 292
115 177
115 434
115 307
115 715
115 477
115 368
115 380
115 768
115 428
116 729
116 771
116 264
116 270
116 290
116 676
116 300
116 187
116 317
116 831
116 712
116 249
116 624
116 881
116 505
117 396
117 433
117 195
117 326
117 727
117 521
117 369
117 437
117 762
117 599
117 863
117 118
118 136
118 437
118 195
118 747
118 581
118 449
118 369
118 782
118 727
118 688
118 762
119 156
119 134
119 777
119 780
119 411
119 739
119 483
119 528
119 749
119 895
119 344
119 370
119 203
119 456
120 368
120 642
120 655
120 572
120 725
120 345
120 871
120 235
120 388
120 859
120 649
120 391
121 269
121 165
121 301
121 700
121 574
121 197
121 210
121 878
121 623
121 497
121 495
121 121
121 597
121 125
122 418
122 646
122 263
122 776
122 395
122 781
122 401
122 541
122 207
122 491
122 363
122 756
122 848
123 282
123 157
123 669
123 558
123 443
123 837
123 287
123 689
123 554
123 843
123 173
123 355
123 859
124 641
124 646
124 263
124 395
124 781
124 158
124 223
124 864
124 491
124 363
124 627
124 401
124 381
124 558
125 301
125 559
125 574
125 197
125 204
125 730
125 623
125 240
125 763
125 597
125 602
125 700
125 210
125 681
126 531
126 161
126 817
126 699
126 833
126 577
126 742
126 746
126 759
126 375
126 126
126 606
126 640
126 263
126 300
127 257
127 791
127 454
127 891
127 873
127 617
127 658
127 285
127 724
127 755
127 331
127 550
127 813
127 127
127 367
127 575
128 837
128 385
128 649
128 414
128 562
128 186
128 572
128 725
128 345
128 613
128 507
128 395
128 547
129 472
129 170
129 487
129 713
129 298
129 567
129 556
129 517
129 378
129 318
129 373
129 302
129 308
129 563
129 543
129 774
129 677
129 830
130 893
130 571
130 820
130 130
130 515
130 729
130 254
130 680
130 329
130 174
130 587
130 851
130 585
130 644
130 154
130 566
130 588
131 338
131 429
131 683
131 295
131 668
131 214
131 637
131 149
131 609
131 733
131 865
131 148
131 543
131 145
131 787
131 537
131 189
131 842
131 336
132 250
132 406
132 132
132 767
132 260
132 241
132 261
132 631
132 619
132 825
132 628
132 887
132 382
133 835
133 403
133 888
133 580
133 518
133 169
133 650
133 815
133 900
133 475
133 718
133 371
133 834
133 315
133 139
133 544
133 162
133 176
133 192
133 230
133 626
134 537
134 719
134 411
134 633
134 344
134 849
134 203
134 134
134 456
134 339
134 483
134 356
135 703
135 804
135 797
135 690
135 410
135 549
135 340
135 412
135 803
135 748
135 547
135 422
135 297
135 161
135 420
135 213
135 482
135 747
136 792
136 521
136 762
136 727
136 581
136 326
136 782
136 599
136 747
136 424
136 449
137 550
137 898
137 770
137 757
137 731
137 684
137 498
137 555
137 335
137 678
137 561
137 137
137 630
137 484
137 268
137 180
137 447
137 838
137 351
138 164
138 352
138 651
138 886
138 513
138 222
138 638
138 142
138 645
138 636
138 272
138 317
138 140
138 405
138 151
138 253
138 299
139 900
139 389
139 650
139 629
139 192
139 230
139 403
139 162
139 888
139 518
139 815
139 544
139 475
139 209
139 663
139 169
139 371
139 470
140 657
140 513
140 651
140 253
140 405
140 272
140 353
140 222
140 224
140 151
140 479
140 350
140 640
140 142
140 611
140 638
140 787
140 178
140 544
140 849
141 652
141 238
141 274
141 798
141 530
141 761
141 206
141 474
141 591
141 810
141 141
141 502
141 382
141 143
141 662
141 493
141 754
142 513
142 353
142 350
142 867
142 253
142 651
142 222
142 636
142 854
142 352
142 503
142 272
142 224
143 652
143 798
143 466
143 761
143 502
143 232
143 143
143 530
143 493
143 810
143 605
143 474
143 677
143 274
143 409
143 591
143 229
143 238
143 277
144 779
144 476
144 768
144 674
144 893
144 585
144 400
144 477
144 307
144 275
144 832
144 715
144 616
144 763
145 733
145 295
145 149
145 668
145 537
145 214
145 338
145 429
145 842
145 145
145 543
145 189
145 336
145 609
145 618
145 536
145 772
146 546
146 775
146 276
146 337
146 333
146 233
146 150
146 552
146 156
146 376
146 884
146 687
146 456
146 188
146 734
146 738
146 869
147 446
147 397
147 198
147 327
147 874
147 147
147 846
147 277
147 496
147 857
147 457
147 576
147 479
147 404
147 593
147 596
147 478
147 634
148 672
148 787
148 189
148 543
148 295
148 214
148 618
148 865
148 668
148 637
148 537
148 683
148 429
148 336
148 654
148 534
148 712
149 336
149 618
149 189
149 865
149 637
149 543
149 606
149 429
149 683
149 537
149 149
149 690
149 668
149 295
149 842
149 338
149 334
149 855
149 216
150 333
150 276
150 233
150 862
150 188
150 156
150 884
150 150
150 237
150 734
150 305
150 536
150 552
150 444
150 337
150 376
151 645
151 651
151 272
151 638
151 222
151 854
151 513
151 405
151 886
151 636
151 350
151 224
151 867
151 611
151 253
151 342
152 387
152 262
152 785
152 745
152 470
152 823
152 892
152 866
152 220
152 765
152 152
152 357
152 876
152 674
152 155
152 279
153 673
153 240
153 788
153 279
153 209
153 540
153 850
153 218
153 168
153 167
153 283
153 278
153 403
153 681
153 695
153 598
153 234
154 515
154 154
154 588
154 566
154 716
154 492
154 322
154 584
154 254
154 185
154 329
154 557
154 174
154 737
155 262
155 772
155 220
155 661
155 805
155 387
155 785
155 745
155 470
155 709
155 765
155 357
155 711
155 823
155 720
155 721
156 252
156 276
156 376
156 188
156 333
156 687
156 775
156 847
156 734
156 444
156 337
156 862
156 738
156 411
157 402
157 282
157 542
157 843
157 328
157 554
157 157
157 553
157 685
157 465
157 809
157 286
157 669
157 689
157 310
157 722
157 872
157 529
158 646
158 395
158 781
158 401
158 541
158 627
158 512
158 364
158 756
158 223
158 244
158 219
158 363
159 394
159 643
159 786
159 284
159 259
159 362
159 159
159 586
159 612
159 314
159 183
159 811
159 419
159 645
159 288
159 330
159 861
160 647
160 265
160 320
160 236
160 594
160 160
160 826
160 706
160 379
160 415
160 560
160 306
160 880
160 728
160 869
160 875
160 879
161 531
161 273
161 583
161 759
161 833
161 439
161 699
161 161
161 366
161 227
161 263
161 469
162 518
162 650
162 403
162 663
162 176
162 230
162 169
162 718
162 580
162 900
162 815
162 888
162 842
162 192
162 835
162 475
162 608
163 516
163 532
163 802
163 799
163 548
163 899
163 664
163 648
163 424
163 193
163 461
163 601
163 163
164 519
164 800
164 672
164 372
164 635
164 392
164 313
164 324
164 604
164 818
164 860
164 312
164 242
164 202
164 845
164 615
164 734
165 407
165 269
165 622
165 204
165 240
165 574
165 575
165 700
165 602
165 597
165 197
165 210
165 730
165 729
165 870
166 260
166 261
166 406
166 343
166 166
166 631
166 825
166 250
166 246
166 463
166 628
166 887
167 511
167 194
167 279
167 681
167 695
167 850
167 445
167 283
167 565
167 598
167 534
167 177
167 485
168 737
168 540
168 565
168 321
168 534
168 598
168 283
168 850
168 681
168 485
168 168
168 324
169 518
169 663
169 544
169 834
169 176
169 900
169 835
169 629
169 815
169 888
169 806
169 192
169 475
169 371
169 634
170 514
170 517
170 677
170 298
170 378
170 563
170 545
170 567
170 556
170 582
170 302
170 798
170 710
170 713
170 373
171 546
171 435
171 736
171 551
171 473
171 305
171 839
171 413
171 504
171 346
171 321
171 568
171 212
171 359
172 393
172 522
172 527
172 784
172 657
172 792
172 794
172 806
172 231
172 175
172 294
172 625
172 885
172 248
172 578
172 226
172 374
173 402
173 282
173 669
173 287
173 553
173 542
173 463
173 837
173 465
173 554
173 843
173 558
173 328
173 701
173 689
173 749
174 206
174 515
174 644
174 557
174 492
174 329
174 587
174 708
174 737
174 584
174 588
174 735
174 820
174 716
175 393
175 527
175 784
175 657
175 794
175 792
175 231
175 697
175 226
175 578
175 175
175 542
175 494
175 625
176 693
176 389
176 663
176 371
176 835
176 900
176 834
176 544
176 888
176 718
176 403
176 450
176 192
176 580
176 475
177 794
177 400
177 292
177 380
177 307
177 715
177 779
177 177
177 524
177 434
177 832
177 477
177 368
177 893
177 881
178 359
178 394
178 523
178 783
178 667
178 178
178 827
178 316
178 896
178 693
178 894
178 455
178 489
178 511
178 403
178 293
179 798
179 769
179 385
179 642
179 388
179 414
179 562
179 572
179 859
179 235
179 345
179 190
179 295
179 186
179 613
180 898
180 561
180 757
180 684
180 351
180 447
180 731
180 701
180 841
180 855
180 838
180 498
180 638
180 335
180 630
181 189
181 303
181 306
181 320
181 265
181 181
181 594
181 706
181 869
181 826
181 236
181 647
181 440
181 377
182 517
182 774
182 545
182 308
182 302
182 298
182 556
182 567
182 677
182 592
182 710
182 514
182 713
182 373
182 891
182 405
182 504
182 610
182 230
183 259
183 786
183 790
183 795
183 284
183 288
183 586
183 702
183 643
183 390
183 419
183 314
183 612
184 529
184 679
184 296
184 688
184 692
184 383
184 828
184 741
184 467
184 464
184 488
184 347
184 460
184 714
184 732
184 766
185 635
185 515
185 644
185 557
185 322
185 492
185 851
185 680
185 329
185 185
185 566
185 775
185 319
186 769
186 642
186 388
186 655
186 414
186 725
186 871
186 190
186 859
186 572
186 773
186 235
186 758
187 298
187 594
187 771
187 676
187 506
187 569
187 442
187 831
187 801
187 264
187 245
187 505
187 692
187 712
187 484
188 552
188 687
188 775
188 444
188 337
188 536
188 847
188 333
188 188
188 602
188 734
188 862
188 738
188 376
189 537
189 543
189 733
189 189
189 609
189 842
189 787
189 336
189 338
189 606
190 591
190 642
190 388
190 414
190 649
190 725
190 769
190 235
190 345
190 722
190 859
190 613
191 386
191 413
191 546
191 551
191 305
191 435
191 824
191 504
191 367
191 473
191 191
191 458
191 212
191 359
192 900
192 389
192 518
192 403
192 888
192 663
192 230
192 629
192 834
192 683
192 835
192 718
192 371
193 217
193 899
193 648
193 532
193 665
193 802
193 548
193 424
193 819
193 632
193 799
193 863
193 542
193 601
193 255
193 739
194 275
194 660
194 280
194 281
194 423
194 750
194 251
194 821
194 311
194 508
194 590
194 639
194 743
194 450
194 589
194 723
195 521
195 782
195 433
195 727
195 764
195 762
195 581
195 747
195 599
195 726
195 369
196 791
196 398
196 417
196 675
196 299
196 694
196 698
196 610
196 621
196 427
196 462
196 770
196 199
196 751
196 508
197 301
197 559
197 700
197 623
197 597
197 497
197 763
197 602
197 495
197 197
197 669
197 870
197 781
198 886
198 277
198 293
198 478
198 857
198 840
198 446
198 634
198 744
198 496
198 416
198 327
198 846
198 593
198 596
199 398
199 666
199 814
199 694
199 698
199 299
199 271
199 427
199 675
199 247
199 462
199 239
200 447
200 391
200 778
200 654
200 812
200 325
200 438
200 215
200 200
200 595
200 358
200 890
201 898
201 770
201 268
201 678
201 555
201 684
201 701
201 838
201 841
201 731
201 607
201 753
201 855
201 603
201 498
201 760
202 519
202 856
202 500
202 818
202 635
202 312
202 372
202 324
202 615
202 604
202 845
202 392
202 629
202 472
202 735
202 242
202 439
203 777
203 780
203 760
203 411
203 852
203 895
203 370
203 749
203 344
203 726
203 210
203 356
204 269
204 574
204 240
204 301
204 559
204 210
204 597
204 878
204 622
204 700
204 575
204 870
204 237
204 507
204 726
205 791
205 418
205 813
205 331
205 891
205 256
205 509
205 617
205 658
205 858
205 776
205 724
205 873
205 755
206 652
206 530
206 274
206 662
206 409
206 810
206 573
206 798
206 238
206 361
206 591
206 466
206 474
207 641
207 263
207 395
207 401
207 864
207 756
207 363
207 491
207 219
207 781
207 381
207 512
207 845
207 627
207 521
208 742
208 237
208 387
208 785
208 661
208 823
208 721
208 711
208 765
208 208
208 220
208 709
208 213
208 470
208 866
209 355
209 278
209 540
209 565
209 695
209 445
209 534
209 598
209 850
209 218
209 426
209 234
210 269
210 407
210 622
210 700
210 497
210 602
210 495
210 730
210 301
210 763
210 240
210 673
210 597
211 425
211 431
211 432
211 696
211 315
211 848
211 441
211 436
211 705
211 430
211 614
211 211
211 348
212 413
212 551
212 305
212 824
212 386
212 568
212 212
212 346
212 839
212 736
212 738
212 448
213 410
213 289
213 420
213 549
213 804
213 803
213 360
213 703
213 309
213 690
213 482
213 547
213 850
213 748
214 543
214 683
214 295
214 338
214 606
214 865
214 609
214 429
214 280
215 871
215 778
215 654
215 682
215 812
215 325
215 719
215 486
215 358
215 890
215 850
215 255
216 301
216 529
216 296
216 692
216 452
216 467
216 853
216 741
216 488
216 828
216 600
216 464
216 679
216 732
216 278
217 582
217 773
217 266
217 524
217 286
217 564
217 221
217 341
217 691
217 217
217 334
217 225
217 354
217 801
218 408
218 278
218 283
218 279
218 788
218 321
218 445
218 485
218 598
218 270
219 646
219 776
219 541
219 512
219 263
219 219
219 401
219 364
219 363
219 395
219 715
220 387
220 661
220 709
220 772
220 805
220 785
220 876
220 866
220 262
220 446
220 357
221 773
221 266
221 656
221 793
221 286
221 691
221 221
221 354
221 341
221 653
221 420
221 480
221 882
221 644
222 272
222 854
222 350
222 479
222 222
222 886
222 352
223 641
223 776
223 401
223 363
223 223
223 395
223 541
223 381
223 263
223 864
223 364
224 651
224 405
224 854
224 479
224 352
224 867
224 886
224 272
224 253
224 338
224 611
225 524
225 525
225 656
225 793
225 691
225 471
225 266
225 341
225 740
225 597
225 354
226 393
226 522
226 673
226 294
226 806
226 822
226 578
226 784
226 625
226 226
226 845
226 355
226 494
226 885
226 354
226 853
227 416
227 699
227 833
227 366
227 640
227 273
227 469
227 746
227 375
227 516
228 529
228 679
228 688
228 570
228 828
228 452
228 453
228 714
228 467
228 600
228 347
228 460
228 732
228 526
228 766
229 652
229 530
229 662
229 798
229 573
229 591
229 474
229 238
229 274
229 761
229 754
229 229
229 493
229 502
229 338
230 674
230 900
230 518
230 650
230 544
230 580
230 834
230 475
230 629
230 815
230 371
230 793
231 522
231 527
231 399
231 794
231 294
231 806
231 885
231 784
231 231
231 355
231 494
231 374
232 652
232 409
232 798
232 573
232 466
232 474
232 605
232 361
232 810
232 662
232 591
232 564
232 493
232 754
232 469
233 775
233 687
233 444
233 734
233 552
233 536
233 376
233 337
233 382
233 237
233 884
233 828
234 788
234 279
234 283
234 686
234 565
234 485
234 534
234 540
234 321
234 445
234 527
235 769
235 385
235 613
235 871
235 649
235 345
235 655
235 725
235 509
235 647
236 884
236 501
236 647
236 265
236 306
236 440
236 594
236 869
236 879
236 520
236 377
236 415
236 308
237 775
237 552
237 333
237 738
237 687
237 862
237 237
237 444
237 376
237 730
238 274
238 662
238 591
238 474
238 361
238 466
238 530
238 798
238 605
238 435
238 754
239 822
239 358
239 406
239 304
239 343
239 620
239 261
239 619
239 825
239 246
239 241
239 631
240 522
240 269
240 559
240 700
240 501
240 407
240 602
240 878
240 301
240 763
241 578
241 261
241 406
241 620
241 619
241 825
241 631
241 246
241 628
241 506
242 392
242 519
242 672
242 818
242 312
242 829
242 324
242 349
242 860
242 615
242 472
242 554
242 656
243 897
243 425
243 430
243 432
243 705
243 707
243 459
243 848
243 348
243 752
243 244
243 889
243 614
243 642
244 754
244 897
244 808
244 425
244 426
244 431
244 436
244 696
244 459
244 252
244 348
244 705
244 685
245 669
245 801
245 290
245 831
245 249
245 484
245 624
245 626
245 264
245 245
245 844
245 771
245 870
245 506
246 517
246 260
246 406
246 825
246 343
246 246
246 382
246 767
246 472
246 250
247 398
247 666
247 675
247 427
247 610
247 621
247 698
247 417
247 324
248 410
248 289
248 547
248 297
248 309
248 340
248 360
248 748
248 803
248 690
248 703
248 797
248 417
248 844
249 290
249 676
249 421
249 300
249 831
249 844
249 626
249 484
249 624
249 801
249 264
249 505
249 506
250 406
250 304
250 343
250 620
250 825
250 887
250 767
250 876
250 382
251 782
251 535
251 423
251 821
251 311
251 589
251 723
251 877
251 750
251 660
251 743
251 611
251 639
252 808
252 425
252 426
252 430
252 432
252 705
252 707
252 459
252 848
252 614
252 752
252 441
253 272
253 854
253 350
253 479
253 353
253 867
253 611
253 638
253 371
254 644
254 584
254 716
254 492
254 588
254 566
254 571
254 322
254 708
254 515
254 680
254 655
255 516
255 648
255 532
255 533
255 664
255 802
255 632
255 601
255 255
255 428
256 257
256 658
256 796
256 418
256 813
256 454
256 331
256 617
256 755
256 891
256 724
256 285
256 306
256 360
256 488
257 418
257 724
257 796
257 891
257 858
257 658
257 509
257 550
257 755
257 873
257 353
257 285
257 813
257 331
257 617
257 477
257 261
258 634
258 258
258 327
258 457
258 446
258 277
258 576
258 744
258 478
258 350
258 404
258 293
258 593
259 330
259 643
259 503
259 861
259 795
259 314
259 811
259 786
259 499
259 481
259 612
259 305
259 390
259 790
259 670
260 767
260 382
260 406
260 304
260 260
260 620
260 343
260 619
260 628
260 565
261 304
261 620
261 619
261 887
261 631
261 825
261 261
261 343
262 785
262 709
262 765
262 711
262 805
262 745
262 866
262 365
262 876
262 387
262 661
262 590
262 720
263 641
263 646
263 381
263 401
263 541
263 363
263 781
263 864
263 395
263 491
263 756
263 512
263 745
264 541
264 771
264 442
264 300
264 421
264 712
264 506
264 569
264 317
264 801
264 881
264 676
264 695
264 624
264 505
265 858
265 296
265 647
265 560
265 415
265 342
265 728
265 875
265 879
265 303
265 826
265 869
266 564
266 480
266 525
266 656
266 653
266 332
266 524
266 526
266 882
266 809
266 793
266 286
267 285
267 391
267 778
267 682
267 595
267 719
267 267
267 836
267 812
267 467
267 654
267 438
267 325
267 486
267 880
267 589
268 770
268 630
268 731
268 498
268 684
268 335
268 701
268 841
268 268
268 561
268 555
268 605
268 838
268 607
269 597
269 602
269 730
269 870
269 622
269 575
269 763
269 623
269 574
269 501
269 559
269 878
270 771
270 270
270 801
270 624
270 712
270 626
270 442
270 317
270 569
270 881
270 421
270 484
271 398
271 621
271 427
271 417
271 807
271 814
271 666
271 675
271 299
271 271
271 753
271 698
271 462
271 610
271 664
272 405
272 353
272 636
272 352
272 854
272 513
272 638
272 370
272 479
272 621
273 699
273 759
273 469
273 583
273 366
273 416
273 789
273 817
273 577
273 280
273 531
273 439
273 746
273 375
273 457
273 899
274 652
274 530
274 493
274 810
274 274
274 502
274 662
274 466
274 344
274 409
274 573
274 591
274 605
274 754
275 508
275 750
275 704
275 589
275 311
275 423
275 275
275 280
275 590
275 281
275 877
275 300
275 660
275 535
275 816
275 723
275 743
276 333
276 337
276 862
276 738
276 536
276 552
276 687
276 884
276 677
276 444
276 734
277 397
277 593
277 840
277 744
277 327
277 293
277 596
277 576
277 446
277 846
278 520
278 534
278 408
278 850
278 695
278 598
278 788
278 565
278 681
278 283
278 686
278 485
279 652
279 607
279 534
279 686
279 598
279 681
279 283
279 540
279 321
279 445
279 408
279 565
280 660
280 535
280 508
280 280
280 743
280 450
280 816
280 281
280 738
280 423
280 723
280 750
280 639
281 752
281 816
281 723
281 311
281 660
281 704
281 743
281 423
281 466
281 589
281 590
281 877
281 639
282 402
282 287
282 310
282 837
282 558
282 553
282 443
282 669
282 554
282 872
282 394
282 809
282 689
283 813
283 826
283 587
283 788
283 408
283 540
283 321
283 534
283 863
283 598
284 643
284 390
284 790
284 811
284 288
284 670
284 586
284 612
284 362
284 499
284 795
284 496
284 314
284 330
284 861
285 796
285 454
285 658
285 813
285 873
285 891
285 724
285 285
285 755
285 418
285 550
285 331
286 524
286 656
286 773
286 564
286 471
286 354
286 341
286 882
286 634
287 402
287 809
287 872
287 465
287 689
287 463
287 287
287 722
287 669
287 443
287 885
287 542
287 553
287 328
288 419
288 702
288 362
288 586
288 330
288 288
288 790
288 503
288 530
288 811
289 410
289 412
289 797
289 340
289 420
289 748
289 297
289 547
289 309
289 360
289 482
289 549
289 703
290 771
290 484
290 421
290 626
290 881
290 300
290 290
290 505
290 624
290 733
290 676
291 394
291 523
291 659
291 538
291 883
291 827
291 783
291 511
291 896
291 316
291 455
291 539
291 451
291 456
291 717
291 894
291 325
291 570
292 779
292 400
292 674
292 477
292 368
292 768
292 476
292 832
292 348
292 307
292 585
292 380
292 893
293 397
293 446
293 857
293 846
293 293
293 478
293 457
293 593
293 576
293 327
293 596
293 744
294 393
294 522
294 784
294 657
294 399
294 792
294 673
294 527
294 494
294 578
294 697
294 885
294 335
294 822
294 558
295 787
295 668
295 543
295 865
295 842
295 637
295 618
295 606
295 683
295 338
295 887
295 733
295 397
296 529
296 679
296 714
296 383
296 600
296 296
296 347
296 766
296 467
296 688
296 692
296 460
296 853
297 776
297 797
297 547
297 420
297 549
297 422
297 804
297 297
297 520
297 803
298 517
298 774
298 567
298 592
298 302
298 582
298 308
298 378
298 298
298 373
298 713
298 339
299 677
299 666
299 417
299 675
299 807
299 621
299 698
299 299
299 462
299 681
300 771
300 676
300 317
300 421
300 844
300 442
300 569
300 505
300 831
300 626
300 852
301 407
301 497
301 597
301 622
301 559
301 700
301 501
301 878
301 870
301 301
301 574
301 730
301 763
302 677
302 318
302 302
302 830
302 592
302 517
302 378
302 545
302 487
302 388
302 710
302 582
302 416
302 809
303 415
303 342
303 377
303 594
303 560
303 647
303 520
303 706
303 379
303 303
303 875
303 351
303 306
303 869
304 555
304 767
304 620
304 628
304 304
304 631
304 450
304 887
305 671
305 551
305 367
305 824
305 386
305 305
305 504
305 839
305 377
305 435
305 458
305 359
306 647
306 520
306 415
306 560
306 440
306 377
306 379
306 320
306 306
306 342
306 875
306 879
307 779
307 400
307 674
307 434
307 768
307 715
307 307
307 534
307 476
307 477
307 572
308 677
308 556
308 563
308 517
308 830
308 545
308 582
308 378
308 308
309 412
309 797
309 547
309 420
309 422
309 804
309 803
309 690
309 703
309 482
309 644
310 373
310 669
310 809
310 553
310 689
310 328
310 554
310 542
310 837
310 402
310 707
310 443
310 843
310 463
311 318
311 691
311 660
311 821
311 877
311 535
311 758
311 450
311 589
311 317
311 704
311 590
311 723
311 743
312 392
312 818
312 604
312 735
312 845
312 372
312 635
312 829
312 800
312 860
312 324
312 349
312 568
312 313
312 472
312 856
312 833
313 392
313 800
313 672
313 510
313 829
313 735
313 845
313 324
313 635
313 313
313 726
314 751
314 790
314 795
314 670
314 419
314 811
314 643
314 314
314 362
314 539
314 586
314 357
315 375
315 462
315 897
315 425
315 432
315 441
315 705
315 459
315 707
315 752
315 431
315 436
315 449
315 704
316 394
316 523
316 659
316 538
316 451
316 448
316 827
316 693
316 323
316 489
316 894
316 896
317 685
317 340
317 765
317 801
317 421
317 569
317 442
317 881
317 424
317 844
317 506
318 514
318 517
318 774
318 556
318 563
318 567
318 582
318 487
318 592
318 710
319 644
319 680
319 820
319 566
319 571
319 515
319 588
319 851
319 708
319 492
319 584
319 729
319 595
320 647
320 520
320 560
320 826
320 594
320 320
320 869
320 875
320 769
320 379
321 788
321 534
321 565
321 695
321 445
321 598
321 850
321 408
321 321
321 485
322 644
322 680
322 820
322 566
322 587
322 557
322 737
322 329
322 851
322 571
322 588
322 584
322 729
323 523
323 659
323 539
323 693
323 489
323 455
323 538
323 468
323 323
323 883
323 827
323 755
323 511
323 593
324 519
324 800
324 672
324 829
324 845
324 500
324 604
324 349
324 856
324 372
324 608
325 836
325 812
325 890
325 325
325 579
325 654
325 595
325 358
326 433
326 581
326 599
326 782
326 747
326 521
327 361
327 397
327 404
327 576
327 874
327 744
327 457
327 676
327 846
327 857
328 784
328 542
328 553
328 685
328 843
328 722
328 554
328 689
328 694
328 465
329 557
329 571
329 716
329 729
329 588
329 492
329 587
329 566
329 851
329 737
329 483
330 786
330 795
330 670
330 811
330 643
330 499
330 390
330 861
330 778
331 658
331 791
331 418
331 550
331 454
331 724
331 796
332 653
332 526
332 656
332 691
332 882
332 341
332 740
332 332
332 354
332 773
332 561
333 536
333 552
333 687
333 444
333 775
333 333
333 734
334 562
334 773
334 793
334 564
334 471
334 334
334 653
334 354
334 882
334 525
334 480
335 434
335 388
335 663
335 561
335 447
335 838
335 855
335 603
335 555
335 335
335 351
335 498
335 895
336 787
336 537
336 668
336 609
336 865
336 606
336 618
336 733
336 637
336 426
336 542
337 552
337 687
337 847
337 337
337 376
337 884
337 753
337 738
338 787
338 668
338 543
338 429
338 842
338 537
338 606
338 733
339 777
339 411
339 726
339 760
339 852
339 849
339 633
339 370
339 356
339 344
339 739
340 605
340 410
340 547
340 549
340 804
340 803
340 482
340 422
340 748
340 360
341 773
341 653
341 525
341 656
341 793
341 564
341 480
341 526
341 882
341 740
341 471
341 535
342 647
342 520
342 415
342 560
342 826
342 706
342 379
342 869
342 879
343 406
343 825
343 887
343 619
343 591
344 651
344 780
344 528
344 852
344 370
344 749
344 726
344 864
344 483
344 356
344 760
345 649
345 414
345 572
345 769
345 388
345 871
345 345
345 683
345 859
345 613
345 507
346 386
346 546
346 435
346 359
346 367
346 736
346 346
346 507
347 396
347 529
347 679
347 688
347 570
347 452
347 453
347 464
347 467
347 732
347 692
347 709
347 488
347 766
348 897
348 426
348 430
348 431
348 436
348 696
348 705
348 707
348 614
348 432
348 459
348 889
349 392
349 519
349 800
349 829
349 856
349 510
349 672
349 845
349 860
349 615
350 513
350 651
350 405
350 854
350 353
350 867
350 732
350 479
350 611
350 653
351 898
351 770
351 678
351 561
351 447
351 855
351 603
351 607
351 753
351 684
351 394
351 821
352 513
352 651
352 405
352 479
352 638
352 352
352 611
352 798
352 353
352 636
352 420
353 487
353 405
353 645
353 854
353 651
353 353
353 867
353 611
353 886
353 636
354 524
354 653
354 526
354 525
354 691
354 480
354 564
354 471
355 393
355 522
355 527
355 784
355 657
355 794
355 673
355 822
355 578
355 355
355 792
355 374
356 777
356 780
356 528
356 483
356 849
356 739
356 749
356 683
357 548
357 387
357 772
357 785
357 661
357 823
357 709
357 866
357 720
357 721
357 745
357 876
358 778
358 579
358 486
358 890
358 595
358 812
358 836
359 386
359 413
359 671
359 546
359 568
359 839
359 367
359 824
359 736
359 458
360 412
360 797
360 547
360 549
360 360
360 803
361 662
361 798
361 810
361 591
361 409
361 466
361 761
361 754
361 652
361 530
361 502
362 643
362 702
362 390
362 811
362 786
362 481
362 670
362 795
362 499
362 419
362 400
363 641
363 646
363 776
363 491
363 364
363 781
363 685
364 573
364 641
364 646
364 395
364 864
364 491
364 381
364 432
364 756
364 898
364 461
365 658
365 387
365 805
365 823
365 720
365 470
365 745
365 765
365 892
365 876
365 711
365 365
366 531
366 789
366 699
366 577
366 469
366 439
366 366
367 413
367 551
367 839
367 458
367 435
367 671
367 546
368 779
368 674
368 434
368 585
368 715
368 832
368 768
368 380
368 616
369 889
369 521
369 433
369 449
369 599
369 782
369 747
369 764
370 780
370 849
370 852
370 739
370 749
370 726
370 633
370 535
370 760
370 895
371 806
371 389
371 403
371 663
371 475
371 544
371 371
371 449
371 377
372 392
372 800
372 860
372 845
372 519
372 672
372 604
372 510
372 615
372 818
372 790
372 635
373 514
373 545
373 556
373 830
373 713
373 592
373 487
373 677
373 710
373 517
374 784
374 657
374 792
374 806
374 822
374 697
374 578
374 494
374 885
374 794
374 393
374 847
375 531
375 789
375 817
375 577
375 583
375 439
375 375
375 833
375 718
376 775
376 862
376 884
376 536
376 738
376 608
376 602
377 647
377 415
377 560
377 706
377 869
377 379
378 514
378 774
378 545
378 677
378 556
378 563
378 567
378 830
378 710
378 582
378 713
378 592
378 487
378 676
379 560
379 706
379 879
379 647
379 826
379 594
379 728
380 779
380 400
380 674
380 832
380 585
380 715
380 476
380 380
380 720
380 893
381 641
381 776
381 781
381 401
381 864
381 627
381 512
381 381
382 440
382 620
382 767
382 887
382 771
383 529
383 688
383 692
383 828
383 452
383 853
383 488
383 570
383 741
383 766
383 469
384 807
384 391
384 778
384 682
384 812
384 836
384 595
384 880
384 654
384 890
384 438
384 384
385 769
385 649
385 572
385 562
385 655
385 871
385 507
385 613
385 385
385 414
385 725
385 646
386 546
386 458
386 551
386 568
386 413
386 504
386 824
386 386
386 671
386 736
387 709
387 765
387 876
387 387
387 711
387 772
387 581
387 805
387 721
387 470
387 866
387 892
388 613
388 859
388 388
388 655
388 769
388 507
388 871
388 649
388 414
388 725
388 880
389 544
389 518
389 888
389 389
389 900
389 650
389 663
389 834
389 565
389 815
389 580
389 718
389 475
389 608
389 708
390 643
390 612
390 390
390 499
390 786
390 861
390 481
390 795
390 670
390 495
390 811
390 586
391 579
391 654
391 890
391 719
391 682
391 812
391 732
391 778
391 438
392 615
392 856
392 500
392 818
392 510
392 604
392 800
392 472
392 528
392 519
393 794
393 792
393 494
393 527
393 399
393 885
393 657
393 890
393 784
393 673
393 822
393 625
394 675
394 511
394 523
394 455
394 693
394 894
394 783
394 827
394 883
394 659
394 489
395 491
395 646
395 641
395 781
395 776
395 541
395 633
395 401
395 864
396 883
396 521
396 433
396 747
396 762
396 727
396 437
396 396
396 782
396 581
397 397
397 478
397 634
397 496
397 596
397 404
397 874
397 446
397 576
397 857
397 744
398 698
398 814
398 417
398 694
398 462
398 807
398 740
398 427
398 610
398 621
398 751
398 680
399 522
399 527
399 657
399 822
399 625
399 792
399 494
399 399
399 546
399 478
400 476
400 715
400 616
400 477
400 585
400 500
400 832
401 641
401 646
401 776
401 491
401 864
401 520
401 756
401 512
401 799
401 786
402 558
402 443
402 722
402 554
402 872
402 463
402 843
402 685
402 669
402 809
402 553
402 687
402 838
403 580
403 518
403 650
403 888
403 718
403 403
403 544
403 900
403 663
403 815
403 834
403 491
404 446
404 840
404 596
404 496
404 857
404 744
404 457
404 576
404 634
404 712
404 874
405 513
405 867
405 611
405 636
405 886
405 638
406 888
406 619
406 628
406 767
406 825
406 646
406 620
407 413
407 763
407 497
407 602
407 407
407 700
407 501
407 730
407 622
407 575
407 793
407 559
407 574
407 597
407 878
407 623
407 495
408 426
408 445
408 850
408 681
408 408
408 565
408 686
408 729
408 528
409 652
409 662
409 761
409 409
409 754
409 493
409 573
409 466
409 632
410 748
410 803
410 412
410 804
410 422
410 703
410 797
410 734
410 420
410 549
410 690
410 482
411 500
411 618
411 783
411 528
411 411
411 849
411 895
411 777
411 456
411 739
411 483
411 749
411 760
412 797
412 804
412 703
412 803
412 547
412 412
412 549
412 857
413 824
413 568
413 546
413 473
413 435
413 671
413 551
413 458
413 504
414 769
414 642
414 655
414 562
414 859
414 725
414 871
415 647
415 560
415 440
415 415
415 879
415 875
415 594
415 599
415 706
415 728
416 625
416 531
416 833
416 469
416 577
416 746
416 742
416 789
416 759
417 666
417 807
417 462
417 698
417 751
417 694
417 621
417 512
417 427
417 814
418 796
418 550
418 509
418 791
418 454
418 858
418 813
418 873
418 891
419 609
419 786
419 790
419 499
419 643
419 795
419 670
419 419
419 702
419 511
419 586
419 481
420 630
420 547
420 703
420 804
420 748
420 549
420 422
420 803
420 482
421 428
421 771
421 801
421 506
421 881
421 676
421 421
421 577
421 569
421 442
421 712
421 484
421 626
422 797
422 703
422 690
422 549
422 422
422 804
422 803
423 868
423 660
423 590
423 423
423 450
423 821
423 743
423 508
423 539
423 816
423 569
424 899
424 648
424 532
424 665
424 799
424 863
424 548
424 533
424 490
424 819
425 808
425 614
425 436
425 459
425 432
425 696
425 752
425 705
425 632
425 426
425 430
425 441
426 430
426 752
426 432
426 431
426 889
426 808
426 897
426 705
426 696
426 441
426 707
427 675
427 807
427 814
427 698
427 462
427 694
427 751
428 899
428 516
428 648
428 532
428 533
428 664
428 665
428 802
428 428
428 868
428 863
428 461
428 819
429 537
429 543
429 606
429 683
429 609
429 429
429 733
430 808
430 848
430 752
430 696
430 897
430 459
430 430
430 614
430 887
430 436
430 441
430 705
430 889
431 617
431 897
431 707
431 432
431 808
431 705
431 696
431 431
431 446
431 441
431 848
431 614
431 752
432 808
432 897
432 696
432 889
432 752
432 705
432 801
432 441
432 707
432 459
432 848
433 824
433 521
433 581
433 764
433 747
433 449
433 900
433 437
433 599
433 727
434 616
434 476
434 893
434 768
434 434
434 832
434 585
434 641
435 671
435 546
435 551
435 504
435 839
435 614
435 568
435 824
435 736
436 897
436 696
436 752
436 889
436 808
436 614
436 705
436 848
436 459
436 728
436 811
437 521
437 764
437 581
437 449
437 747
437 727
437 659
438 682
438 778
438 890
438 880
438 438
438 654
438 809
438 836
439 531
439 789
439 577
439 439
439 640
439 469
439 699
439 759
439 583
439 742
439 827
439 812
439 879
440 647
440 728
440 594
440 826
440 706
440 440
440 869
440 879
441 839
441 897
441 441
441 848
441 459
441 889
441 707
441 623
442 530
442 676
442 569
442 844
442 626
442 771
442 712
442 801
442 715
442 484
442 506
443 669
443 809
443 463
443 837
443 685
443 542
443 689
443 465
444 552
444 687
444 847
444 862
444 444
444 824
444 738
445 498
445 788
445 681
445 686
445 565
445 695
445 598
445 606
445 485
446 840
446 846
446 857
446 478
446 457
446 576
446 744
446 874
446 496
447 678
447 555
447 841
447 731
447 447
447 770
447 838
447 603
447 855
448 466
448 523
448 783
448 659
448 538
448 539
448 667
448 827
448 717
448 455
448 448
448 896
448 451
448 883
449 782
449 599
449 764
449 747
450 535
450 821
450 704
450 589
450 877
450 743
450 639
450 660
450 534
450 723
451 523
451 783
451 717
451 468
451 693
451 883
451 538
451 539
451 894
451 765
452 465
452 529
452 679
452 570
452 600
452 732
452 853
452 453
452 460
452 780
452 464
453 529
453 679
453 688
453 460
453 692
453 464
453 570
453 853
453 453
453 621
453 714
453 467
453 600
453 732
454 796
454 550
454 891
454 509
454 858
454 856
454 724
454 873
455 523
455 659
455 667
455 693
455 489
455 896
455 468
455 717
455 705
455 894
456 502
456 808
456 777
456 483
456 726
456 849
456 456
456 852
457 576
457 846
457 457
457 857
457 744
457 593
457 496
458 551
458 824
458 671
458 736
458 568
458 504
458 473
458 536
458 535
459 707
459 897
459 848
459 808
459 752
459 872
459 614
459 889
460 531
460 692
460 570
460 464
460 853
460 460
460 488
460 679
460 828
460 743
460 467
461 516
461 648
461 665
461 799
461 802
461 601
461 863
461 532
461 819
462 666
462 751
462 807
462 610
462 667
462 495
463 615
463 542
463 809
463 843
463 463
463 465
463 669
463 763
464 692
464 828
464 714
464 679
464 732
464 600
464 570
464 766
464 589
465 553
465 558
465 689
465 837
465 843
465 872
466 755
466 530
466 810
466 591
466 573
466 502
466 493
466 474
466 605
467 529
467 570
467 467
467 828
467 488
467 857
467 766
468 538
468 894
468 489
468 523
468 468
468 511
468 883
468 667
468 827
469 699
469 789
469 531
469 469
469 742
469 746
469 640
470 772
470 785
470 805
470 711
470 720
470 721
470 892
471 773
471 524
471 653
471 526
471 525
471 656
471 793
471 740
471 882
471 640
472 519
472 800
472 818
472 845
472 500
472 604
472 615
472 860
472 510
472 672
472 735
473 568
473 551
473 824
473 839
473 504
473 546
473 473
474 530
474 662
474 591
474 652
474 761
474 810
474 865
474 605
474 754
475 900
475 663
475 608
475 834
475 835
475 629
475 764
476 779
476 674
476 832
476 768
476 696
476 893
476 595
477 779
477 674
477 715
477 616
477 893
478 840
478 596
478 478
478 593
478 874
479 513
479 479
479 651
479 867
479 639
479 611
480 524
480 653
480 525
480 564
480 793
480 773
480 740
480 526
480 593
481 864
481 790
481 795
481 670
481 811
481 503
481 586
481 786
481 499
481 724
482 804
482 690
482 703
482 547
482 487
482 748
483 777
483 852
483 726
483 780
483 739
483 895
484 596
484 771
484 831
484 712
484 844
484 622
484 881
484 626
484 505
485 788
485 850
485 565
485 485
485 893
486 894
486 804
486 778
486 682
486 579
486 836
486 595
486 812
486 558
486 880
487 514
487 517
487 774
487 677
487 563
487 567
487 830
487 713
487 731
488 679
488 570
488 714
488 853
488 488
488 529
488 688
489 538
489 667
489 896
489 717
489 659
489 827
489 783
489 649
489 797
490 757
490 899
490 648
490 532
490 533
490 665
490 799
490 548
490 868
490 601
490 664
490 873
491 641
491 541
491 864
491 627
491 756
491 643
492 515
492 644
492 680
492 820
492 716
492 588
492 737
492 851
492 653
493 530
493 810
493 573
493 591
493 502
493 761
493 754
494 522
494 527
494 657
494 806
494 578
494 697
494 651
494 885
495 559
495 700
495 575
495 878
495 623
495 602
495 622
495 495
495 870
496 576
496 840
496 744
496 857
496 846
496 593
496 897
496 634
497 559
497 700
497 575
497 870
497 623
497 501
497 730
497 574
497 497
497 763
498 770
498 701
498 603
498 607
498 838
498 561
498 678
498 555
499 629
499 643
499 790
499 670
499 861
499 586
499 702
499 694
500 800
500 829
500 856
500 615
500 519
500 500
500 845
500 818
501 574
501 730
501 870
501 878
501 623
501 501
501 622
501 700
501 763
502 798
502 662
502 591
502 761
502 652
502 530
502 679
503 601
503 643
503 790
503 811
503 503
503 795
503 786
503 777
504 824
504 839
504 568
504 551
505 771
505 676
505 569
505 712
505 624
505 881
505 728
505 506
506 676
506 844
506 624
506 771
506 718
507 769
507 572
507 613
507 655
507 507
507 725
508 535
508 821
508 704
508 590
508 723
508 758
508 816
508 660
508 639
509 658
509 813
509 791
509 617
509 724
509 858
509 539
509 638
510 672
510 829
510 845
510 856
510 604
510 860
510 735
510 615
510 635
510 847
511 783
511 539
511 667
511 693
511 717
511 883
511 896
511 538
512 646
512 776
512 541
512 627
512 756
512 864
512 788
513 645
513 638
513 867
513 611
513 513
513 651
513 636
513 854
513 569
514 556
514 677
514 545
514 830
514 582
514 563
514 517
514 592
515 701
515 587
515 680
515 708
515 716
515 729
515 566
515 851
515 812
515 557
515 820
515 571
515 737
516 819
516 664
516 516
516 548
516 665
516 648
516 899
516 868
516 532
516 632
517 830
517 774
517 592
517 567
517 710
517 713
517 545
517 896
518 608
518 544
518 888
518 900
518 835
518 518
518 650
518 637
519 829
519 615
519 860
519 604
519 735
519 635
519 793
519 800
519 672
520 560
520 869
520 728
520 520
520 879
520 594
521 782
521 599
521 747
521 727
521 581
521 762
522 822
522 522
522 578
522 792
522 806
522 657
522 527
522 794
522 673
522 697
523 827
523 894
523 783
523 659
523 717
523 538
523 804
523 539
523 667
523 896
524 525
524 524
524 882
524 656
524 865
524 653
524 526
524 793
525 773
525 653
525 564
525 526
525 740
525 656
525 882
525 754
525 793
525 691
526 691
526 773
526 653
526 656
526 740
526 882
526 564
526 570
527 885
527 822
527 673
527 784
527 806
527 844
527 657
527 792
527 578
527 588
528 777
528 780
528 895
528 528
528 633
528 726
528 852
528 749
528 760
529 592
529 741
529 828
529 679
529 688
529 853
529 600
529 732
530 652
530 591
530 605
530 662
530 530
530 798
530 810
530 573
531 742
531 817
531 746
531 759
531 577
531 583
531 640
532 899
532 601
532 664
532 802
532 863
532 819
532 799
532 657
532 548
532 868
532 851
533 899
533 548
533 533
533 632
533 664
533 863
533 648
533 665
533 868
533 843
534 829
534 850
534 681
534 598
534 534
534 788
534 565
534 695
535 660
535 743
535 590
535 704
535 877
535 758
535 821
535 816
535 589
535 624
536 687
536 862
536 847
536 536
536 734
537 787
537 637
537 842
537 606
537 683
537 609
537 668
537 733
537 618
538 783
538 659
538 667
538 883
538 894
538 538
538 717
538 664
538 539
538 827
539 783
539 659
539 827
539 667
539 539
539 894
539 717
539 808
539 693
539 590
540 671
540 788
540 540
540 695
540 598
540 850
540 681
540 898
540 686
541 646
541 781
541 776
541 541
541 627
542 843
542 685
542 554
542 722
542 542
542 553
542 669
542 809
543 606
543 609
543 618
543 683
543 695
544 650
544 663
544 608
544 900
544 580
544 544
545 774
545 677
545 582
545 567
545 710
545 830
545 592
545 866
545 873
545 689
545 580
546 671
546 839
546 551
546 568
546 824
547 690
547 549
547 703
547 748
548 664
548 665
548 799
548 601
548 632
548 548
548 863
549 549
549 804
549 803
549 608
549 703
550 658
550 791
550 755
550 550
550 858
550 873
550 736
550 599
551 768
552 775
552 738
552 552
553 669
553 872
553 558
553 809
553 689
553 702
553 554
554 722
554 554
554 685
554 843
554 558
554 735
555 678
555 630
555 731
555 757
555 555
555 770
555 561
555 701
555 841
555 855
556 774
556 677
556 563
556 713
556 582
556 567
556 710
557 680
557 644
557 820
557 566
557 571
557 708
557 557
557 716
557 588
558 669
558 558
558 837
558 722
558 689
558 688
559 622
559 878
559 574
559 575
559 700
559 730
559 748
559 670
560 869
560 826
560 594
560 706
560 728
560 875
561 684
561 855
561 607
561 838
561 898
561 561
561 848
561 841
561 731
561 630
562 642
562 649
562 725
562 655
562 562
562 871
562 572
563 774
563 567
563 713
563 830
563 629
564 653
564 656
564 564
565 655
565 686
565 788
565 598
566 680
566 716
566 737
566 708
566 584
566 820
566 571
566 851
566 831
566 587
567 677
567 592
567 713
568 671
568 839
569 771
569 801
569 831
569 569
569 881
569 844
569 624
570 679
570 692
570 600
570 714
570 741
570 732
570 570
570 828
571 746
571 644
571 820
571 729
571 708
571 737
571 851
572 649
572 859
572 655
572 613
573 662
573 810
573 761
573 798
573 573
573 591
574 700
574 597
574 622
574 730
574 575
574 818
574 870
574 878
574 678
575 830
575 700
575 763
575 623
575 622
575 575
575 597
575 602
575 730
576 857
576 846
576 840
576 874
576 693
576 596
576 819
577 789
577 817
577 833
577 699
577 640
577 583
577 742
577 746
577 649
578 657
578 697
578 784
578 673
578 794
578 822
578 625
578 885
579 778
579 654
579 682
579 890
579 836
579 812
579 719
579 860
579 880
579 805
580 650
580 815
580 834
580 835
580 888
580 718
580 663
580 608
580 629
581 747
581 581
581 764
582 774
582 710
582 582
582 830
583 789
583 759
583 742
583 640
583 662
584 680
584 708
584 737
584 587
584 820
584 584
584 768
584 588
585 674
585 832
585 768
585 715
585 616
585 716
586 786
586 702
586 643
586 670
586 795
586 633
586 861
587 644
587 680
587 820
587 737
587 588
587 851
587 716
587 729
588 820
588 708
588 716
588 729
589 660
589 704
589 821
589 877
589 743
589 758
590 660
590 821
590 704
590 639
590 758
590 743
590 877
590 750
591 652
591 798
591 605
591 754
592 774
592 710
592 830
593 803
593 840
593 846
593 857
593 634
593 874
593 744
593 596
594 647
594 826
594 728
594 879
595 836
595 719
595 890
595 595
595 654
595 880
596 846
596 634
596 744
596 874
597 700
597 597
597 622
597 730
597 634
597 602
597 623
598 662
599 782
599 747
600 679
600 688
600 741
600 732
600 692
600 766
600 600
600 825
601 648
601 664
601 799
601 802
601 632
601 601
602 699
602 878
602 763
602 623
602 730
602 622
602 870
603 898
603 701
603 838
603 855
603 757
603 630
603 753
603 731
603 684
604 818
604 829
604 856
604 735
604 860
604 635
605 798
605 754
605 761
605 652
605 662
606 787
606 668
606 842
606 609
606 637
607 898
607 770
607 684
607 841
607 855
607 838
607 757
607 731
608 663
608 834
608 835
608 608
608 629
609 683
609 733
609 787
609 637
609 659
609 741
610 666
610 751
610 807
610 698
611 645
611 651
611 804
611 886
611 900
612 778
612 786
612 790
612 670
612 612
612 702
612 807
613 642
613 859
613 613
614 808
614 696
614 705
614 848
614 615
615 672
615 845
615 856
615 829
615 735
616 814
616 779
616 674
616 715
616 628
617 658
617 791
617 796
617 813
617 873
617 617
617 891
617 842
618 842
618 733
618 637
618 668
618 850
619 702
619 767
619 825
619 887
619 620
619 628
620 887
620 825
620 659
620 631
621 814
621 694
621 751
621 807
621 684
622 878
622 623
622 672
623 700
623 870
623 878
623 730
623 763
624 712
624 676
624 831
624 844
625 784
625 657
625 794
625 806
625 697
625 625
625 748
626 801
626 831
626 844
626 712
626 771
627 768
627 641
627 781
627 756
627 780
628 825
628 767
628 628
628 631
628 863
629 865
629 900
629 663
629 718
630 898
630 770
630 678
630 838
630 855
630 753
630 684
630 766
631 825
631 887
631 827
632 690
632 899
632 799
632 802
632 819
632 633
633 683
633 777
633 780
633 739
633 642
633 895
634 840
634 744
634 857
635 800
635 672
635 856
635 735
635 860
635 818
636 645
636 651
636 854
636 886
636 733
637 668
637 842
637 733
638 645
638 854
638 867
638 651
638 886
639 816
639 723
639 660
639 821
639 877
639 755
640 789
640 699
640 833
640 742
640 737
641 781
641 776
641 646
641 756
642 769
642 655
642 871
642 649
642 859
643 795
643 790
643 670
643 811
643 643
643 786
644 841
644 851
644 708
644 716
645 860
645 867
645 645
645 651
645 854
645 886
646 864
646 781
646 776
647 826
647 706
648 799
648 863
648 665
648 664
648 819
649 769
649 859
649 649
649 725
650 718
650 888
650 834
650 650
650 900
650 814
650 815
650 835
651 651
651 886
651 867
652 754
652 761
652 652
652 810
652 662
652 798
653 793
653 656
653 882
653 691
654 779
654 812
654 682
654 654
654 719
654 880
655 722
655 725
655 655
655 859
655 871
656 773
656 691
656 740
657 806
657 784
657 792
657 794
657 673
657 822
657 697
658 891
658 658
658 813
658 724
658 791
658 796
658 858
659 883
659 667
659 827
659 783
659 894
659 717
660 877
660 743
660 723
660 750
660 816
660 704
660 790
661 823
661 772
661 721
661 711
661 876
661 745
661 805
661 785
661 692
661 866
661 892
662 754
662 798
662 810
662 758
662 815
663 870
663 900
663 815
663 835
664 819
664 802
664 899
664 664
664 868
665 899
665 819
665 799
665 802
665 783
665 823
666 666
666 807
666 814
666 825
666 694
666 698
667 896
667 883
667 693
668 668
668 787
668 786
668 683
669 810
669 872
669 722
669 837
669 685
669 809
669 689
670 786
670 702
670 861
670 811
671 736
671 824
671 839
672 845
672 829
672 860
672 672
672 818
672 735
673 796
673 792
673 794
673 697
673 784
673 822
674 832
674 674
674 893
674 768
674 878
674 840
675 698
675 675
675 694
675 751
675 807
675 814
676 801
676 771
676 712
676 831
677 774
677 713
677 710
678 841
678 838
678 701
678 678
678 898
678 757
678 684
678 731
679 714
679 732
679 741
679 766
679 688
679 692
679 828
680 733
680 737
680 708
680 680
680 729
681 788
681 681
681 686
681 695
681 850
682 719
682 836
682 812
682 682
683 787
683 842
684 832
684 898
684 731
684 757
684 684
684 753
684 701
684 838
685 809
685 685
685 843
685 837
685 722
685 872
686 788
686 686
686 724
686 695
687 775
687 847
687 862
687 728
688 834
688 853
688 741
688 732
688 828
688 714
689 809
689 689
689 843
689 722
689 872
690 803
690 690
690 703
690 797
691 773
691 793
691 691
692 766
692 714
692 828
692 692
692 702
692 853
693 783
693 693
693 827
693 717
693 894
694 807
694 814
694 698
695 695
695 801
696 897
696 808
696 752
696 741
696 707
696 743
697 792
697 794
697 806
697 822
697 697
698 807
698 814
699 699
699 759
699 746
700 870
701 898
701 770
701 701
701 753
702 786
702 790
702 795
702 702
702 861
703 797
703 804
703 810
704 821
704 758
704 877
704 750
704 816
704 743
704 720
705 808
705 705
705 707
705 848
706 875
706 865
706 820
707 897
707 848
707 833
707 752
707 889
708 851
708 708
708 716
709 772
709 785
709 823
709 892
709 866
709 876
709 765
709 719
709 720
710 774
710 713
711 772
711 785
711 823
711 892
711 721
711 866
711 740
711 720
711 745
712 771
712 831
712 844
713 774
713 876
714 828
714 741
714 853
714 826
715 715
716 820
716 851
716 861
717 783
717 717
717 827
717 813
718 900
718 815
718 834
718 888
718 740
719 812
719 890
719 719
719 836
719 880
720 772
720 785
720 823
720 876
720 721
720 765
720 892
721 877
721 805
721 823
721 745
721 892
721 876
721 748
722 856
722 722
722 872
723 816
723 758
723 745
723 750
724 791
724 796
724 891
724 813
724 724
724 858
724 873
724 755
725 871
726 777
726 780
726 852
726 726
727 782
727 762
727 747
728 826
728 875
728 869
729 820
729 729
730 763
730 878
731 855
731 770
731 757
732 828
732 764
733 842
734 847
734 775
734 884
734 862
735 818
735 856
735 860
735 845
736 824
736 736
737 851
737 820
738 775
738 738
738 884
739 852
739 760
739 895
739 777
739 849
739 780
740 773
740 793
740 882
741 828
741 766
741 741
742 789
742 833
742 746
742 897
743 877
744 744
745 772
745 785
745 805
745 876
746 833
746 759
746 817
747 764
748 797
748 748
749 777
749 849
749 852
749 895
749 749
749 760
750 821
750 877
750 750
750 758
750 845
750 795
752 848
752 889
752 756
753 898
753 770
753 838
753 841
753 753
753 757
754 810
755 791
755 796
755 813
755 873
756 776
756 864
757 882
757 770
757 841
757 855
758 816
758 821
758 877
759 817
759 789
759 858
760 780
760 849
760 895
760 777
761 798
761 810
762 782
762 762
762 764
762 837
763 870
765 772
765 785
765 805
766 836
766 766
767 789
768 893
769 859
769 769
769 871
770 898
770 841
770 770
770 838
771 771
771 844
771 801
771 881
772 866
772 892
772 772
772 823
772 785
772 805
773 773
774 830
775 862
775 775
775 884
776 885
777 895
777 852
778 836
778 812
779 779
779 832
779 893
780 849
780 895
781 781
781 864
782 782
783 783
783 883
783 896
784 845
784 794
784 822
784 885
784 792
784 806
785 818
785 892
785 866
785 805
786 861
786 795
787 865
787 787
787 842
788 788
788 850
788 789
789 789
789 817
789 833
790 811
790 861
791 796
791 791
791 816
792 885
792 794
792 806
793 793
794 885
794 822
795 861
795 795
796 858
797 803
799 868
799 899
799 819
799 802
800 845
800 829
800 800
800 818
801 801
801 881
802 819
802 899
805 866
806 885
807 814
807 861
808 897
808 848
808 808
809 872
809 837
810 810
812 812
812 836
813 813
813 873
813 891
815 900
815 888
815 835
815 834
816 821
816 877
816 816
817 833
817 817
818 829
818 845
818 818
819 899
819 863
819 868
820 820
820 851
821 821
822 885
823 823
823 876
824 824
824 839
825 825
826 875
826 869
827 894
827 827
827 883
828 828
828 853
829 856
830 830
831 831
831 844
831 881
832 893
834 900
834 834
835 900
835 835
835 890
836 836
837 843
837 872
838 841
839 839
840 846
840 874
841 898
842 865
844 844
844 881
845 845
845 856
845 860
846 857
847 872
847 847
847 862
847 884
848 897
848 873
849 892
849 849
849 852
849 895
854 854
854 886
855 898
855 855
856 876
858 891
858 873
860 860
863 899
863 863
864 864
865 865
866 866
866 876
867 867
868 899
868 868
869 875
870 870
873 891
873 873
874 874
878 878
879 879
880 890
883 894
883 896
888 900
889 897
889 889
892 892
894 896
897 897
899 899
900 900
