900 5531
1 19
1 93
1 255
1 113
1 136
1 98
1 856
1 1
1 400
1 7
1 415
1 587
1 588
1 737
2 120
2 2
2 174
2 110
2 288
2 227
2 214
2 296
2 645
2 522
2 186
3 349
3 13
3 249
3 279
3 508
3 215
3 284
3 723
3 763
3 122
3 392
4 545
4 756
4 826
4 153
4 489
4 422
4 371
4 607
4 69
4 834
4 173
4 822
4 474
4 612
5 637
5 159
5 250
5 704
5 193
5 46
5 5
5 184
5 98
5 447
5 755
5 377
6 686
6 736
6 883
6 649
6 350
6 454
6 653
6 6
6 287
6 670
6 413
6 735
6 373
6 282
6 149
6 437
7 289
7 587
7 137
7 856
7 139
7 136
7 98
7 111
7 583
7 19
7 93
7 737
8 53
8 52
8 421
8 235
8 718
8 803
8 442
8 550
8 468
8 150
8 661
8 572
8 76
8 812
9 314
9 633
9 587
9 139
9 98
9 9
9 19
9 844
9 78
9 588
9 737
10 644
10 312
10 499
10 10
10 169
10 182
10 650
10 816
10 590
10 693
10 439
10 356
11 43
11 779
11 762
11 884
11 205
11 842
11 491
11 540
11 800
11 667
11 22
12 70
12 105
12 293
12 122
12 23
12 376
12 453
12 12
12 417
12 549
12 198
13 642
13 519
13 13
13 514
13 392
13 249
13 28
13 37
13 405
13 279
13 280
13 221
13 95
13 618
14 395
14 275
14 766
14 868
14 270
14 652
14 839
14 846
14 120
14 229
14 657
14 691
14 337
14 599
15 292
15 134
15 520
15 363
15 135
15 114
15 75
15 146
15 875
15 749
15 717
15 368
15 501
15 86
16 609
16 728
16 759
16 25
16 795
16 407
16 85
16 78
16 673
16 165
16 674
17 750
17 842
17 348
17 675
17 526
17 160
17 17
17 765
17 316
17 189
17 100
17 101
17 109
18 666
18 615
18 781
18 26
18 40
18 806
18 42
18 140
18 535
18 279
18 201
18 729
19 552
19 808
19 737
19 289
19 844
19 251
19 644
19 353
19 111
20 531
20 532
20 845
20 399
20 448
20 679
20 60
20 900
20 315
20 25
20 161
20 804
20 449
20 246
21 773
21 619
21 767
21 790
21 334
21 793
21 542
21 242
21 324
21 174
21 47
21 98
22 779
22 277
22 90
22 800
22 888
22 516
22 540
22 565
22 224
22 568
22 865
22 444
23 719
23 316
23 850
23 122
23 293
23 681
23 77
23 549
23 649
23 323
23 602
24 789
24 89
24 29
24 774
24 379
24 456
24 96
24 438
24 694
24 271
24 667
24 571
25 150
25 673
25 609
25 889
25 85
25 674
25 25
25 635
26 872
26 140
26 461
26 325
26 199
26 781
26 274
26 615
26 621
26 443
27 489
27 388
27 338
27 706
27 27
27 534
27 791
27 566
27 818
27 36
27 115
27 374
28 700
28 753
28 392
28 215
28 284
28 95
28 508
28 763
28 373
28 349
28 249
29 774
29 265
29 792
29 667
29 438
29 29
29 694
29 91
29 54
29 62
29 456
29 89
29 123
29 754
29 559
30 192
30 634
30 823
30 332
30 738
30 648
30 796
30 580
30 711
30 689
30 813
30 436
30 318
30 203
31 126
31 559
31 290
31 589
31 241
31 33
31 252
31 601
31 853
31 217
31 419
31 484
32 773
32 143
32 529
32 863
32 378
32 179
32 790
32 752
32 891
32 867
32 47
32 716
32 243
32 892
33 285
33 484
33 321
33 539
33 33
33 241
33 836
33 218
33 290
33 45
33 190
33 236
33 126
34 671
34 331
34 614
34 877
34 92
34 57
34 417
34 41
34 118
34 378
34 427
34 852
35 516
35 517
35 662
35 64
35 144
35 734
35 788
35 209
35 626
35 773
35 212
36 259
36 388
36 710
36 533
36 566
36 286
36 534
36 36
36 44
36 505
37 421
37 718
37 68
37 803
37 442
37 494
37 603
37 326
37 721
37 166
37 52
37 65
37 580
38 897
38 771
38 397
38 598
38 129
38 314
38 38
38 633
38 873
38 819
38 55
38 832
38 708
38 742
39 385
39 402
39 490
39 731
39 847
39 207
39 345
39 79
39 488
39 554
39 94
39 480
39 872
40 781
40 281
40 666
40 806
40 502
40 461
40 124
40 798
40 724
40 201
40 729
41 536
41 417
41 807
41 424
41 608
41 852
41 63
41 671
41 442
41 563
41 118
42 196
42 281
42 798
42 482
42 201
42 806
42 461
42 666
42 110
42 443
42 199
42 203
43 164
43 553
43 299
43 565
43 865
43 277
43 90
43 884
43 828
43 354
43 596
44 259
44 533
44 791
44 892
44 213
44 83
44 706
44 374
44 340
44 435
45 764
45 777
45 519
45 782
45 539
45 418
45 419
45 495
45 635
45 321
45 853
45 484
45 760
46 876
46 551
46 684
46 833
46 582
46 250
46 193
46 709
46 202
46 704
47 143
47 790
47 47
47 891
47 291
47 542
47 227
47 590
47 722
47 863
48 780
48 409
48 156
48 840
48 287
48 455
48 162
48 768
48 177
48 762
48 887
49 650
49 530
49 632
49 312
49 348
49 182
49 169
49 692
49 876
49 482
49 693
49 72
49 860
49 356
49 577
49 729
50 170
50 890
50 548
50 151
50 676
50 689
50 382
50 479
50 372
50 319
50 698
50 830
50 464
50 500
51 272
51 154
51 672
51 295
51 170
51 304
51 805
51 811
51 196
51 636
51 361
51 110
51 80
52 276
52 803
52 550
52 494
52 572
52 82
52 721
52 890
52 442
52 326
52 76
52 468
52 603
53 750
53 471
53 591
53 317
53 870
53 834
53 56
53 224
53 678
53 458
53 862
53 511
54 789
54 792
54 667
54 375
54 54
54 493
54 330
54 678
54 571
54 96
54 123
55 771
55 560
55 55
55 598
55 556
55 708
55 129
55 878
55 313
55 832
55 611
56 870
56 317
56 750
56 630
56 458
56 575
56 862
56 471
56 663
56 347
56 224
56 453
57 267
57 671
57 417
57 563
57 807
57 63
57 459
57 741
57 269
57 608
57 118
58 897
58 314
58 58
58 556
58 598
58 593
58 129
58 297
58 341
58 708
58 742
58 234
58 633
58 885
59 141
59 697
59 864
59 775
59 776
59 854
59 778
59 195
59 758
59 551
59 188
59 228
60 736
60 161
60 804
60 679
60 695
60 315
60 727
60 448
60 535
60 449
60 192
60 469
60 222
61 124
61 262
61 404
61 665
61 211
61 333
61 66
61 359
61 256
61 852
61 478
61 360
61 874
62 774
62 764
62 89
62 792
62 754
62 694
62 330
62 493
62 888
62 375
62 506
62 483
62 780
63 896
63 158
63 427
63 696
63 825
63 608
63 125
63 359
63 852
64 517
64 144
64 784
64 788
64 212
64 656
64 625
64 247
64 149
64 472
64 739
64 885
65 148
65 442
65 68
65 82
65 276
65 421
65 235
65 494
65 257
65 243
65 234
66 185
66 157
66 702
66 465
66 256
66 390
66 262
66 359
66 778
66 211
66 346
66 84
67 131
67 260
67 647
67 394
67 658
67 743
67 219
67 335
67 103
67 409
67 73
67 112
67 629
68 276
68 148
68 700
68 803
68 603
68 718
68 68
68 82
68 425
69 132
69 799
69 826
69 344
69 474
69 617
69 69
69 411
69 756
69 160
69 163
69 387
70 272
70 170
70 811
70 431
70 450
70 805
70 304
70 165
70 233
70 361
71 529
71 648
71 796
71 580
71 305
71 634
71 332
71 711
71 99
71 615
71 343
71 738
71 512
72 439
72 692
72 169
72 693
72 499
72 816
72 503
72 369
72 815
72 356
72 81
73 131
73 260
73 797
73 335
73 629
73 743
73 103
73 149
73 556
73 713
73 336
73 219
73 370
74 522
74 687
74 81
74 643
74 504
74 849
74 848
74 296
74 74
75 257
75 654
75 155
75 363
75 473
75 114
75 880
75 457
75 764
75 875
76 700
76 468
76 235
76 243
76 76
76 718
76 272
76 721
76 82
76 895
76 140
77 558
77 453
77 329
77 487
77 323
77 376
77 719
77 105
77 538
77 481
78 416
78 145
78 820
78 555
78 889
78 150
78 175
78 407
78 177
79 899
79 142
79 847
79 604
79 881
79 197
79 731
79 622
79 796
79 869
79 872
79 614
79 594
80 740
80 541
80 726
80 579
80 130
80 640
80 746
80 581
80 749
81 288
81 110
81 301
81 643
81 322
81 522
81 296
81 504
81 87
81 561
82 803
82 572
82 721
82 148
82 700
82 766
82 603
83 259
83 437
83 566
83 206
83 338
83 710
83 248
83 631
83 563
84 775
84 141
84 433
84 188
84 854
84 401
84 195
84 613
84 776
84 621
85 175
85 445
85 795
85 407
85 889
85 609
85 150
85 616
85 220
85 274
86 136
86 808
86 587
86 251
86 353
86 137
86 415
86 289
86 856
86 262
86 539
87 389
87 174
87 849
87 643
87 214
87 451
87 186
87 467
87 272
88 133
88 794
88 552
88 817
88 569
88 866
88 537
88 751
88 838
88 326
88 605
88 893
88 708
89 181
89 571
89 375
89 789
89 123
89 379
89 264
89 96
90 277
90 299
90 568
90 842
90 565
90 540
90 354
90 567
91 795
91 801
91 546
91 802
91 187
91 521
91 239
91 339
91 701
92 671
92 158
92 807
92 424
92 696
92 825
92 852
92 427
92 405
92 741
92 877
92 125
93 873
93 415
93 587
93 856
93 229
93 251
93 588
93 329
94 770
94 402
94 490
94 345
94 872
94 518
94 869
94 232
94 541
94 622
94 636
94 898
95 514
95 392
95 280
95 723
95 215
95 221
95 642
95 105
95 403
96 774
96 265
96 456
96 330
96 375
96 181
96 242
96 506
96 764
97 404
97 821
97 359
97 157
97 724
97 97
97 478
97 256
97 761
97 367
98 109
98 136
98 588
98 856
98 737
98 353
98 111
99 271
99 812
99 813
99 823
99 318
99 580
99 711
99 343
99 412
99 634
100 160
100 426
100 319
100 320
100 100
100 163
100 282
100 688
100 871
100 109
101 875
101 527
101 660
101 320
101 526
101 101
101 414
101 290
102 278
102 579
102 581
102 726
102 810
102 746
102 740
102 640
102 855
102 141
103 131
103 387
103 260
103 394
103 658
103 594
103 219
103 115
103 116
103 629
103 889
104 287
104 788
104 662
104 209
104 472
104 734
104 486
104 517
104 656
104 889
104 689
105 180
105 316
105 323
105 329
105 719
105 481
105 483
105 485
105 321
106 679
106 278
106 434
106 824
106 462
106 355
106 746
106 640
106 810
106 369
107 692
107 527
107 282
107 669
107 414
107 583
107 871
107 160
107 426
107 455
107 879
107 507
107 128
108 683
108 288
108 214
108 174
108 342
108 186
108 504
108 296
108 703
108 426
108 110
108 688
109 526
109 414
109 426
109 320
109 879
109 660
109 669
109 765
110 522
110 288
110 848
110 342
110 186
110 451
111 336
111 137
111 588
111 229
111 737
111 111
111 255
112 647
112 400
112 658
112 268
112 594
112 387
112 713
112 428
112 538
112 370
113 456
113 415
113 289
113 844
113 588
113 136
113 117
113 229
113 275
113 760
114 146
114 408
114 880
114 717
114 473
114 114
114 152
115 791
115 544
115 437
115 710
115 213
115 892
115 533
115 670
116 774
116 663
116 825
116 149
116 797
116 713
116 219
116 594
116 553
117 280
117 810
117 737
117 844
117 587
117 289
117 137
117 251
117 585
117 255
118 417
118 427
118 696
118 331
118 614
118 267
118 218
119 528
119 272
119 730
119 238
119 119
119 295
119 304
119 450
119 203
120 183
120 657
120 275
120 837
120 217
120 230
120 725
120 839
121 574
121 646
121 393
121 783
121 151
121 668
121 689
121 358
121 500
121 348
122 681
122 558
122 198
122 329
122 715
122 719
122 168
122 680
123 774
123 789
123 571
123 438
123 456
123 379
123 241
123 655
124 274
124 535
124 688
124 443
124 199
124 482
124 729
124 615
124 758
125 350
125 267
125 158
125 563
125 459
125 741
125 427
125 327
125 415
126 354
126 435
126 327
126 610
126 539
126 836
126 321
126 230
127 785
127 784
127 788
127 739
127 127
127 247
127 398
127 734
127 349
128 660
128 669
128 414
128 160
128 189
128 583
128 507
128 879
128 134
129 858
129 313
129 129
129 897
129 771
129 560
129 742
129 819
129 822
129 593
129 477
130 130
130 355
130 855
130 726
130 640
130 824
130 659
130 740
130 796
130 396
130 541
130 810
130 579
130 462
131 743
131 594
131 797
131 260
131 149
131 219
131 256
131 647
131 394
131 658
131 167
131 713
131 336
132 153
132 489
132 822
132 366
132 545
132 827
132 799
132 173
132 435
132 152
132 422
132 826
132 223
132 617
133 641
133 600
133 817
133 531
133 446
133 552
133 605
133 258
133 820
133 663
133 547
133 569
133 570
133 525
134 473
134 878
134 596
134 457
134 654
134 501
134 208
134 155
134 426
134 135
134 200
134 254
135 363
135 408
135 717
135 473
135 513
135 155
135 880
135 520
135 140
135 654
135 548
135 208
135 596
135 878
135 368
135 501
135 541
135 465
136 289
136 415
136 139
136 588
136 136
137 137
137 353
137 139
137 587
137 808
137 415
137 643
137 737
137 255
137 498
138 881
138 363
138 642
138 514
138 519
138 392
138 349
138 138
138 240
138 466
138 225
139 155
139 845
139 662
139 139
139 705
139 289
139 737
139 353
139 229
139 255
140 615
140 443
140 325
140 199
140 502
140 201
140 781
140 535
141 501
141 832
141 772
141 195
141 228
141 864
141 328
141 440
141 188
141 854
142 518
142 636
142 232
142 731
142 770
142 480
142 604
142 872
142 819
142 410
143 793
143 863
143 542
143 722
143 529
143 767
143 619
143 637
143 324
143 716
144 887
144 247
144 788
144 739
144 497
144 623
144 486
144 625
144 381
144 697
145 889
145 352
145 609
145 759
145 584
145 175
145 220
145 635
145 591
145 786
145 407
145 795
145 841
146 654
146 513
146 473
146 548
146 520
146 208
146 146
146 596
146 878
147 269
147 840
147 177
147 835
147 536
147 509
147 887
147 210
147 570
147 334
147 156
147 287
147 162
147 894
148 895
148 550
148 148
148 326
148 661
148 468
148 555
148 442
148 572
148 494
149 387
149 260
149 370
149 594
149 658
149 268
149 797
149 167
150 850
150 795
150 445
150 150
150 555
150 759
150 304
150 407
150 674
150 352
151 783
151 393
151 616
151 576
151 382
151 628
151 561
151 501
151 778
152 575
152 474
152 489
152 152
152 826
152 827
152 153
152 358
152 545
152 422
152 682
152 173
152 432
152 612
152 366
152 371
152 399
153 586
153 617
153 371
153 827
153 682
153 474
153 866
153 545
153 173
153 822
153 607
153 756
153 412
154 672
154 165
154 196
154 238
154 485
154 730
154 233
154 204
154 706
154 805
154 170
154 431
154 450
154 712
154 703
155 513
155 208
155 654
155 457
155 155
155 717
155 473
155 368
156 171
156 344
156 780
156 570
156 357
156 177
156 455
156 385
156 835
156 210
157 465
157 404
157 733
157 665
157 360
157 256
157 724
157 351
157 437
157 211
157 346
157 874
158 660
158 267
158 608
158 331
158 732
158 671
158 681
158 417
158 807
158 563
158 459
159 420
159 474
159 538
159 551
159 573
159 755
159 159
159 875
159 444
159 447
159 460
159 761
160 527
160 660
160 873
160 871
160 426
160 189
160 879
161 532
161 664
161 411
161 727
161 804
161 161
161 694
161 300
161 695
161 449
161 638
161 742
161 241
162 655
162 269
162 287
162 570
162 429
162 768
162 780
162 162
162 311
162 835
162 631
163 847
163 526
163 507
163 189
163 595
163 873
163 414
163 319
163 527
163 583
164 516
164 779
164 277
164 800
164 205
164 354
164 865
164 306
164 467
164 299
164 565
164 310
164 568
165 528
165 805
165 730
165 450
165 233
165 672
165 272
165 639
165 699
165 811
165 712
165 485
165 361
165 790
165 794
166 558
166 376
166 316
166 483
166 168
166 681
166 850
166 481
166 715
166 886
166 198
166 329
166 487
166 573
167 387
167 647
167 268
167 167
167 400
167 743
167 262
167 370
168 549
168 850
168 715
168 481
168 681
168 180
168 483
168 487
168 269
168 323
168 329
169 345
169 777
169 650
169 273
169 530
169 169
169 632
169 664
169 692
169 182
169 439
169 857
170 295
170 196
170 528
170 272
170 361
170 730
170 340
170 485
171 653
171 420
171 350
171 677
171 413
171 292
171 373
171 649
171 815
171 308
171 597
172 870
172 399
172 411
172 574
172 900
172 679
172 192
172 469
172 449
172 404
173 682
173 612
173 545
173 432
173 827
173 876
173 822
173 586
173 607
173 617
173 237
174 649
174 703
174 467
174 687
174 389
174 186
174 239
174 322
174 504
175 253
175 786
175 889
175 728
175 673
175 795
175 175
175 352
176 386
176 391
176 294
176 557
176 423
176 253
176 475
176 562
176 384
176 672
176 216
176 747
177 536
177 287
177 509
177 210
177 887
177 409
177 206
177 585
177 240
177 894
177 768
178 263
178 782
178 801
178 546
178 814
178 187
178 627
178 720
178 492
178 683
178 191
178 705
178 592
178 339
179 773
179 529
179 790
179 291
179 722
179 787
179 590
179 716
179 860
179 452
179 767
180 293
180 323
180 602
180 715
180 719
180 198
180 549
180 193
180 487
180 376
181 774
181 506
181 754
181 362
181 438
181 789
181 456
181 694
181 250
181 493
181 764
182 644
182 650
182 816
182 530
182 777
182 632
182 795
183 644
183 816
183 876
183 692
183 348
183 312
183 499
183 777
183 383
183 860
183 356
183 886
184 551
184 184
184 365
184 582
184 684
184 447
184 193
184 255
185 769
185 511
185 707
185 870
185 678
185 701
185 224
185 347
185 458
185 378
185 879
186 711
186 643
186 467
186 451
186 214
186 322
186 342
186 704
186 849
186 728
187 809
187 554
187 425
187 187
187 239
187 191
187 731
187 627
188 776
188 433
188 440
188 772
188 697
188 775
188 550
188 195
188 228
188 613
188 498
188 236
189 762
189 526
189 414
189 319
189 669
189 466
189 320
189 595
190 539
190 241
190 321
190 285
190 589
190 252
190 236
190 760
190 590
191 300
191 263
191 720
191 554
191 809
191 239
191 592
191 264
192 679
192 300
192 695
192 315
192 685
192 411
192 246
192 845
192 727
192 222
193 444
193 194
193 684
193 538
193 761
193 461
194 538
194 699
194 447
194 704
194 444
194 755
194 194
194 589
194 709
195 553
195 652
195 401
195 433
195 440
195 776
195 497
195 245
196 805
196 431
196 361
196 238
196 485
196 672
196 712
197 385
197 518
197 402
197 872
197 490
197 847
197 881
197 207
197 869
197 275
198 850
198 316
198 681
198 719
198 602
198 700
199 781
199 281
199 502
199 482
199 461
199 538
199 729
200 654
200 408
200 880
200 231
200 368
200 473
200 717
200 363
200 809
200 759
201 781
201 666
201 203
201 688
201 403
201 572
202 264
202 651
202 410
202 562
202 441
202 475
202 747
202 294
202 690
202 596
202 216
202 882
203 413
203 274
203 403
203 281
203 615
203 798
204 528
204 272
204 304
204 238
204 361
204 811
204 485
204 340
204 540
204 225
205 779
205 299
205 491
205 865
205 888
205 565
205 553
205 245
205 451
206 259
206 388
206 534
206 338
206 374
206 437
206 892
206 408
206 631
207 770
207 899
207 518
207 731
207 847
207 604
207 488
207 741
207 232
208 513
208 520
208 654
208 231
208 596
208 609
209 517
209 398
209 656
209 662
209 623
209 626
209 497
209 355
209 625
209 705
210 269
210 780
210 455
210 840
210 240
210 287
210 408
210 357
211 670
211 262
211 821
211 359
211 346
211 898
211 878
211 606
212 868
212 656
212 784
212 785
212 497
212 748
212 739
212 641
212 734
212 885
213 533
213 534
213 286
213 544
213 338
213 437
213 505
213 225
213 248
214 643
214 522
214 301
214 322
214 342
214 296
214 541
214 856
215 280
215 284
215 723
215 763
215 215
215 877
215 244
216 690
216 496
216 384
216 423
216 254
216 747
216 253
216 649
216 475
216 268
217 295
217 416
217 846
217 463
217 599
217 657
217 652
217 230
217 419
217 766
218 704
218 833
218 582
218 365
218 709
218 250
218 538
218 605
219 318
219 260
219 268
219 387
219 776
220 407
220 220
220 673
220 352
220 635
220 283
220 416
220 759
220 298
221 723
221 642
221 753
221 244
221 280
221 284
221 349
221 331
221 225
222 900
222 804
222 300
222 574
222 222
222 695
222 719
223 822
223 586
223 344
223 607
223 474
223 371
223 617
223 826
223 772
224 523
224 678
224 701
224 575
224 309
224 745
224 715
224 630
224 380
224 511
225 514
225 519
225 392
225 405
225 284
225 618
225 280
226 506
226 257
226 524
226 691
226 463
226 599
226 839
226 652
226 270
226 745
226 230
226 364
226 766
227 496
227 522
227 296
227 451
227 848
227 467
227 342
227 299
228 669
228 772
228 440
228 341
228 433
228 498
228 599
228 613
228 621
228 886
229 289
229 844
229 353
229 415
229 856
229 588
229 836
229 255
230 725
230 230
230 270
230 846
230 652
230 886
230 560
231 513
231 548
231 596
231 473
231 880
231 231
231 794
231 875
231 363
231 368
231 566
232 847
232 869
232 488
232 385
232 731
232 645
232 447
232 725
232 616
233 805
233 295
233 811
233 431
233 485
233 361
233 604
233 238
233 747
234 858
234 611
234 867
234 819
234 313
234 620
234 397
234 477
234 286
235 661
235 421
235 700
235 603
235 718
235 468
235 416
236 419
236 327
236 853
236 241
236 601
236 539
236 559
237 433
237 697
237 758
237 772
237 886
237 861
237 776
237 341
237 245
237 498
238 304
238 361
238 340
238 528
238 342
238 731
238 720
239 521
239 801
239 425
239 814
239 831
239 720
240 269
240 409
240 570
240 768
240 429
240 780
240 891
240 887
240 894
240 784
240 335
241 285
241 680
241 321
241 589
241 252
242 773
242 452
242 716
242 334
242 590
242 722
242 863
242 366
243 276
243 550
243 700
243 468
243 421
243 572
243 442
243 895
243 775
244 642
244 514
244 349
244 618
244 244
244 508
244 358
244 249
245 433
245 697
245 498
245 854
245 440
245 776
245 510
246 532
246 411
246 679
246 685
246 448
246 638
246 727
246 541
246 714
247 785
247 656
247 784
247 788
247 472
247 625
247 734
247 707
248 388
248 534
248 259
248 248
248 505
248 338
248 726
249 280
249 349
249 508
249 279
249 249
250 460
250 755
250 704
250 699
250 761
250 748
251 773
251 822
251 587
251 856
251 588
251 551
252 419
252 680
252 559
252 760
252 853
252 610
252 768
253 414
253 423
253 690
253 882
253 651
253 386
253 441
254 386
254 651
254 294
254 496
254 381
254 557
254 882
254 475
255 415
255 588
255 353
255 545
256 702
256 346
256 478
256 898
256 495
257 599
257 364
257 839
257 837
257 337
257 463
257 691
257 725
257 515
257 652
257 416
257 284
257 624
258 258
258 866
258 817
258 600
258 794
258 838
258 641
258 552
258 440
258 261
258 578
258 878
258 685
259 338
259 388
259 631
259 706
259 566
259 655
259 435
259 437
259 505
259 892
260 387
260 797
260 336
260 400
260 432
260 268
260 658
260 594
261 577
261 531
261 600
261 412
261 641
261 751
261 838
261 547
261 613
261 552
262 898
262 359
262 390
262 367
262 360
262 351
262 665
262 821
263 705
263 302
263 782
263 425
263 554
263 814
263 624
263 893
263 720
263 627
263 478
263 360
264 496
264 441
264 744
264 264
264 747
264 303
264 421
264 651
264 410
264 690
264 352
265 694
265 789
265 754
265 792
265 667
265 330
265 764
265 864
265 493
265 375
265 379
265 636
265 323
266 766
266 782
266 492
266 302
266 802
266 705
266 624
266 521
266 546
266 808
266 801
267 877
267 267
267 331
267 459
267 807
267 482
267 671
267 563
267 696
267 614
268 369
268 562
268 394
268 335
268 400
268 647
268 428
268 336
268 594
268 629
269 357
269 429
269 536
269 509
269 287
269 377
270 395
270 524
270 652
270 275
270 599
270 337
270 837
270 463
270 364
270 500
270 657
270 846
270 868
271 851
271 343
271 305
271 812
271 332
271 714
271 818
271 761
271 813
271 859
271 738
271 333
272 805
272 272
272 304
272 639
272 653
272 672
272 485
272 527
273 316
273 650
273 530
273 644
273 369
273 693
273 499
273 273
273 816
273 439
273 312
273 860
273 356
273 421
274 370
274 781
274 615
274 274
274 281
274 325
275 515
275 395
275 837
275 846
275 839
275 721
275 416
275 691
275 599
275 294
276 572
276 442
276 661
276 803
276 421
276 326
276 881
276 494
277 800
277 842
277 553
277 762
277 884
277 491
277 880
277 540
277 310
277 354
278 396
278 355
278 581
278 430
278 855
278 749
278 659
278 357
278 298
278 434
278 824
278 726
278 740
279 642
279 405
279 723
279 392
279 508
279 519
279 514
279 814
279 618
280 753
280 466
280 405
280 618
280 284
281 535
281 502
281 798
281 403
281 749
281 666
281 806
281 688
281 325
281 461
282 526
282 765
282 669
282 879
282 282
282 660
282 426
282 583
282 871
282 507
283 406
283 397
283 786
283 407
283 795
283 841
283 609
283 889
283 820
283 843
283 674
283 555
283 584
284 642
284 519
284 514
284 405
284 753
285 674
285 539
285 559
285 484
285 418
285 601
285 610
285 458
285 321
285 760
286 374
286 388
286 892
286 566
286 505
286 631
286 544
286 534
286 435
286 437
287 536
287 409
287 509
287 455
287 894
288 471
288 863
288 389
288 849
288 342
288 646
288 296
289 737
289 289
289 448
289 353
290 539
290 610
290 418
290 327
290 589
290 290
290 680
290 836
290 495
290 760
291 787
291 542
291 452
291 767
291 722
291 590
291 619
291 529
291 690
291 752
291 331
292 649
292 653
292 677
292 292
292 757
292 670
292 308
292 476
292 470
292 373
293 549
293 487
293 316
293 602
293 481
293 850
293 445
293 681
293 483
293 376
294 386
294 651
294 882
294 475
294 410
294 690
294 423
294 441
294 747
294 384
295 295
295 639
295 450
295 304
295 431
295 340
295 730
296 629
296 522
296 467
296 342
296 703
296 389
296 309
296 451
296 848
296 849
297 727
297 858
297 708
297 620
297 314
297 560
297 867
297 313
297 397
297 788
297 819
297 832
297 477
298 796
298 396
298 659
298 430
298 726
298 828
298 307
298 749
298 746
299 553
299 884
299 491
299 354
299 888
299 820
299 306
299 568
299 842
300 641
300 900
300 300
300 448
300 532
300 685
300 315
301 643
301 389
301 522
301 301
301 504
301 703
301 849
301 593
301 322
302 521
302 801
302 802
302 492
302 546
302 592
302 624
302 324
303 391
303 683
303 384
303 386
303 441
303 381
303 747
303 651
303 446
303 744
304 805
304 811
304 528
304 340
304 662
304 712
304 394
305 648
305 305
305 796
305 512
305 857
305 343
305 851
305 805
305 823
305 714
305 738
306 779
306 406
306 553
306 565
306 568
306 516
306 888
306 890
307 757
307 494
307 659
307 430
307 462
307 749
307 579
307 541
307 529
308 488
308 649
308 653
308 815
308 890
308 829
308 308
308 736
308 836
309 769
309 707
309 317
309 896
309 575
309 347
309 630
309 591
309 701
309 319
309 834
309 458
309 899
309 338
310 779
310 553
310 842
310 310
310 865
310 884
310 678
310 443
310 440
311 780
311 311
311 585
311 768
311 409
311 835
311 887
311 837
311 840
312 777
312 692
312 356
312 312
312 573
312 503
312 632
313 571
313 771
313 560
313 313
313 593
313 585
313 314
313 588
314 556
314 560
314 593
314 819
314 598
314 858
314 477
315 380
315 900
315 532
315 664
315 638
315 396
315 727
316 604
316 558
316 329
316 481
316 681
316 323
317 750
317 523
317 678
317 380
317 317
317 774
317 707
317 458
317 347
318 436
318 738
318 851
318 648
318 318
318 823
318 714
319 669
319 414
319 595
319 765
319 526
319 895
319 879
320 669
320 426
320 583
320 871
320 320
320 865
320 507
320 392
321 808
321 559
321 327
321 539
321 589
321 853
321 601
321 484
322 643
322 389
322 703
322 451
322 467
322 626
322 848
323 681
323 850
323 602
323 487
323 453
323 817
324 529
324 790
324 542
324 324
324 793
324 378
324 468
324 716
324 590
324 625
325 389
325 746
325 403
325 443
325 461
325 719
326 550
326 572
326 442
326 895
326 378
326 721
326 603
326 355
327 450
327 539
327 418
327 484
327 470
327 601
328 476
328 393
328 525
328 783
328 668
328 561
328 372
328 479
328 500
328 584
328 464
328 358
328 434
329 549
329 453
329 483
329 615
329 715
329 850
329 602
329 481
330 792
330 667
330 438
330 456
330 375
330 474
331 645
331 744
331 417
331 807
331 696
332 648
332 543
332 812
332 818
332 823
332 343
332 583
333 626
333 390
333 665
333 821
333 404
333 333
333 874
333 733
334 529
334 787
334 793
334 542
334 452
334 767
334 378
334 372
334 860
335 387
335 394
335 400
335 797
335 428
335 658
336 658
336 713
336 400
336 629
336 647
337 515
337 652
337 657
337 837
337 524
337 416
337 624
337 868
337 766
337 611
338 534
338 437
338 533
338 435
338 710
338 631
338 615
339 782
339 801
339 802
339 492
339 809
339 339
339 831
339 583
340 528
340 639
340 450
340 672
340 712
340 883
340 549
341 509
341 772
341 776
341 433
341 440
341 697
341 758
341 498
341 519
342 364
342 643
342 703
342 849
342 578
343 543
343 634
343 648
343 851
343 361
343 859
343 621
344 545
344 822
344 827
344 586
344 489
344 366
344 799
344 607
345 385
345 645
345 518
345 402
345 899
345 731
345 345
346 800
346 821
346 367
346 478
346 404
346 647
346 360
347 380
347 523
347 347
347 591
347 844
347 756
347 623
348 644
348 530
348 692
348 439
348 777
348 816
348 503
348 499
349 466
349 763
349 642
349 508
349 512
350 670
350 413
350 420
350 829
350 890
350 597
350 476
350 757
350 373
350 510
350 371
350 538
351 639
351 898
351 390
351 351
351 821
351 702
351 744
352 543
352 795
352 820
352 445
352 728
352 759
353 844
353 415
353 856
353 741
354 565
354 865
354 516
354 568
354 762
354 770
355 541
355 434
355 824
355 430
355 581
355 740
356 369
356 650
356 692
356 899
356 503
357 409
357 835
357 840
357 655
357 570
357 429
357 850
358 393
358 783
358 668
358 676
358 576
358 564
358 620
358 382
359 898
359 390
359 404
359 665
359 874
360 821
360 724
360 606
360 665
360 898
361 528
361 672
361 805
361 483
361 567
362 774
362 789
362 438
362 694
362 571
362 375
362 379
362 764
362 392
362 493
362 432
363 717
363 501
363 520
363 473
363 878
364 792
364 515
364 652
364 846
364 725
364 416
365 730
365 444
365 833
365 709
365 637
365 460
365 447
365 451
365 377
366 799
366 682
366 617
366 827
366 489
366 683
366 477
367 898
367 390
367 465
367 665
367 478
367 404
367 751
368 513
368 875
368 717
368 880
368 733
369 816
369 692
369 693
369 860
369 632
369 530
370 894
370 387
370 647
370 394
370 428
370 629
370 610
371 799
371 545
371 422
371 682
371 432
372 646
372 393
372 676
372 561
372 567
372 479
372 721
373 649
373 670
373 420
373 597
373 736
373 726
374 381
374 435
374 706
374 544
374 892
374 859
374 631
375 774
375 694
375 743
375 409
376 829
376 558
376 487
376 483
376 746
377 538
377 699
377 573
377 833
377 761
377 755
377 874
378 793
378 590
378 619
378 863
378 452
378 767
379 792
379 493
379 754
379 456
379 469
379 589
380 707
380 862
380 769
380 896
380 575
380 591
381 386
381 391
381 651
381 683
381 562
381 441
381 496
382 473
382 525
382 783
382 668
382 567
382 628
382 499
383 816
383 693
383 439
383 860
383 503
383 650
383 692
383 632
383 827
384 771
384 410
384 441
384 882
384 562
384 736
385 881
385 645
385 518
385 872
385 488
385 731
385 726
385 770
385 402
385 847
385 459
386 402
386 683
386 423
386 475
386 557
386 546
386 690
386 562
387 797
387 594
387 428
387 394
387 400
387 713
388 706
388 544
388 534
388 437
388 569
388 533
388 791
389 463
389 643
389 703
389 522
389 849
390 733
390 465
390 404
390 821
390 525
391 683
391 747
391 557
391 410
391 882
391 744
391 609
391 562
392 642
392 392
392 508
392 753
393 567
393 830
393 464
393 564
393 393
393 525
393 783
393 668
393 576
394 686
394 658
394 400
394 713
394 464
395 846
395 725
395 691
395 839
395 515
395 599
395 397
395 657
396 855
396 640
396 430
396 579
396 828
396 614
396 434
397 897
397 708
397 819
397 832
397 593
397 771
397 611
397 858
398 517
398 748
398 885
398 626
398 784
398 398
398 497
398 892
398 625
399 685
399 399
399 638
399 845
399 532
399 664
399 727
399 804
399 679
399 574
399 666
400 594
400 400
400 655
400 658
400 428
401 897
401 775
401 776
401 778
401 621
401 861
401 440
401 772
401 432
401 854
401 613
402 872
402 622
402 770
402 480
403 858
403 798
403 502
403 461
403 403
403 482
403 688
404 426
404 478
404 665
404 606
404 404
404 821
404 702
404 465
404 874
405 514
405 723
405 508
405 405
405 642
405 424
405 753
406 516
406 842
406 540
406 406
406 884
406 568
406 800
406 553
407 673
407 407
407 584
407 561
408 513
408 520
408 880
408 717
408 408
408 460
408 548
408 875
408 878
408 417
409 655
409 894
409 835
409 409
409 455
409 840
409 887
410 651
410 690
410 882
410 557
410 475
410 496
411 619
411 448
411 900
411 845
411 411
411 827
411 679
411 447
412 641
412 537
412 794
412 866
412 569
412 531
412 446
412 578
412 675
412 547
412 577
412 605
412 893
413 454
413 653
413 829
413 649
413 815
413 420
413 476
413 686
413 735
413 510
414 660
414 595
414 426
414 526
414 814
414 576
414 709
415 415
415 588
415 844
416 524
416 652
416 837
416 839
416 691
416 725
416 761
417 614
417 424
417 732
417 563
417 427
417 608
418 760
418 601
418 495
418 419
418 680
418 836
418 676
418 610
419 895
419 610
419 539
419 601
419 564
419 559
419 853
420 735
420 510
420 883
420 470
420 736
420 476
420 829
420 890
420 513
421 803
421 442
421 603
421 721
421 700
421 494
421 449
422 826
422 432
422 489
422 822
422 682
422 468
422 586
423 745
423 557
423 423
423 651
423 690
423 646
423 683
423 441
423 496
424 424
424 732
424 807
424 459
424 549
424 427
424 563
424 614
424 877
424 740
425 554
425 627
425 814
425 492
425 624
425 705
425 460
426 537
426 526
426 583
426 873
426 879
427 807
427 852
427 741
427 825
427 844
427 563
427 614
427 786
428 647
428 797
428 629
428 658
428 743
428 430
429 838
429 871
429 780
429 536
429 835
429 570
429 455
429 865
430 541
430 855
430 749
430 640
430 606
430 579
430 581
431 672
431 528
431 811
431 450
431 850
431 661
431 721
432 545
432 799
432 489
432 607
432 612
432 586
432 756
432 854
433 776
433 864
433 886
433 498
433 451
433 621
434 581
434 746
434 749
434 640
434 828
434 855
435 534
435 544
435 533
435 505
435 566
435 710
436 753
436 796
436 813
436 818
436 543
436 436
436 546
436 714
436 738
436 634
437 544
437 437
438 789
438 792
438 667
438 764
438 769
438 506
439 816
439 692
439 530
439 560
439 499
440 491
440 772
440 621
440 861
440 697
440 613
441 664
441 683
441 557
441 582
441 475
441 744
442 550
442 721
442 797
442 572
442 718
442 603
442 494
443 781
443 535
443 666
443 806
443 729
444 538
444 684
444 573
444 582
444 637
444 761
444 460
445 786
445 609
445 555
445 841
445 673
445 759
445 707
445 584
445 728
445 635
446 641
446 794
446 675
446 547
446 569
446 751
446 531
446 563
446 578
446 843
446 466
447 699
447 833
447 538
447 704
447 582
447 755
448 695
448 574
448 448
448 526
448 845
448 727
448 638
449 804
449 449
449 685
449 695
450 672
450 811
450 450
450 712
450 606
451 643
451 687
451 451
451 504
451 848
452 542
452 773
452 790
452 722
452 752
452 486
452 716
453 549
453 681
453 558
453 453
453 719
454 653
454 670
454 677
454 686
454 815
454 829
454 476
454 723
454 597
454 470
454 736
454 883
455 715
455 780
455 639
455 585
455 620
456 774
456 571
456 456
456 754
457 875
457 878
457 880
457 457
457 654
457 596
457 735
458 769
458 630
458 750
458 896
458 827
458 511
459 825
459 696
459 671
459 563
459 732
459 608
460 684
460 833
460 460
460 761
461 666
461 729
461 669
462 523
462 659
462 810
462 462
462 749
462 822
463 528
463 891
463 652
463 837
463 515
463 868
463 710
464 525
464 561
464 689
464 564
464 830
464 479
465 583
465 665
465 702
465 606
465 724
466 519
466 618
466 763
466 466
467 643
467 687
467 703
467 467
467 841
468 661
468 803
468 700
468 763
469 839
469 900
469 664
469 685
469 695
469 679
469 599
469 638
469 508
470 649
470 653
470 670
470 815
470 470
470 854
470 476
471 471
471 745
471 591
471 769
471 678
471 575
472 785
472 784
472 656
472 623
472 739
472 662
472 681
472 734
473 596
473 548
473 875
474 511
474 822
474 586
474 799
475 656
475 557
475 803
476 686
476 597
476 890
476 735
476 510
477 884
477 556
477 593
477 897
477 633
477 742
478 898
478 821
478 702
478 606
478 874
479 497
479 525
479 564
479 698
479 830
479 628
479 753
480 899
480 645
480 622
480 881
480 731
480 847
480 489
480 869
481 681
481 549
481 584
482 781
482 535
482 798
482 700
483 558
483 715
483 719
484 554
484 680
484 601
484 730
484 760
485 754
485 639
485 595
486 499
486 517
486 784
486 739
486 748
486 626
486 662
486 597
487 602
487 719
487 863
487 776
488 770
488 604
488 881
488 518
488 622
488 755
489 682
489 827
489 756
489 734
490 518
490 636
490 881
490 899
490 604
490 622
490 743
490 837
490 702
491 540
491 553
491 568
491 565
491 865
491 762
491 597
491 690
492 801
492 554
492 705
492 592
492 499
493 789
493 571
493 764
493 509
493 506
493 852
494 718
494 603
495 539
495 680
495 853
495 601
495 610
495 719
496 651
496 744
496 690
497 656
497 626
497 734
497 497
498 778
498 697
498 864
499 644
499 816
499 860
499 503
500 658
500 668
500 676
500 698
500 830
500 616
500 874
501 520
501 717
501 654
501 596
501 548
502 716
502 593
502 781
502 535
502 666
502 798
502 806
503 816
503 876
503 644
503 559
504 703
504 848
504 849
504 899
505 533
505 631
505 534
505 795
506 774
506 789
506 792
506 667
507 527
507 765
507 669
507 595
507 657
507 840
508 519
509 655
509 536
509 840
509 585
510 649
510 815
510 736
510 883
510 735
510 812
511 678
511 630
511 862
511 896
511 750
512 648
512 818
512 714
512 857
512 634
512 738
512 793
513 596
513 513
513 880
513 520
513 809
514 518
514 642
514 753
514 763
514 746
515 868
515 691
515 515
515 652
515 712
515 524
515 657
515 839
515 600
516 805
516 553
516 540
516 565
516 800
516 888
516 779
516 865
516 650
517 662
517 623
517 748
517 739
517 794
517 785
517 656
517 734
517 625
518 899
518 645
518 604
518 847
518 636
519 642
519 723
519 618
519 763
520 530
520 880
520 878
520 618
520 717
521 789
521 648
521 627
521 546
521 592
521 521
521 581
521 809
521 814
521 831
521 705
522 522
522 650
522 687
522 849
523 896
523 630
523 707
523 701
523 591
523 678
523 870
523 862
523 575
524 725
524 839
524 691
524 766
524 599
524 733
524 657
525 616
525 646
525 564
525 698
525 676
525 561
525 567
525 830
525 576
526 707
526 669
526 583
526 896
526 527
527 527
527 871
527 669
527 660
527 583
527 595
527 873
528 805
528 672
528 528
528 811
528 712
528 730
529 590
529 863
529 752
529 619
529 542
529 787
529 891
529 767
529 719
530 644
530 777
530 860
530 693
530 876
530 605
530 595
531 605
531 577
531 794
531 531
531 751
531 537
531 817
532 664
532 574
532 804
532 679
532 719
533 568
533 545
533 696
533 566
533 892
533 676
533 791
533 544
534 599
534 706
534 566
534 729
534 710
534 631
535 781
535 890
535 798
535 806
535 688
536 570
536 585
536 835
536 894
537 866
537 600
537 641
537 794
537 537
537 675
537 578
537 838
537 605
538 582
538 699
538 709
539 638
539 585
539 743
539 836
539 589
540 568
540 888
540 851
541 608
541 810
541 855
541 740
541 824
541 581
542 619
542 863
542 554
542 752
543 648
543 796
543 851
543 711
543 812
543 857
543 823
543 580
543 738
544 706
544 631
544 791
544 695
545 607
545 612
546 782
546 801
546 720
546 703
546 802
546 809
547 653
547 663
547 600
547 843
547 569
547 886
547 578
548 815
548 880
548 878
548 717
548 875
548 596
548 671
549 591
549 850
549 715
549 558
549 719
549 602
550 661
550 803
550 550
550 572
550 831
551 704
551 761
551 684
551 573
551 618
551 833
552 641
552 663
552 675
552 866
552 577
552 817
552 569
552 699
553 800
553 762
553 565
553 842
553 853
554 809
554 592
554 624
554 831
554 627
555 674
555 841
555 786
555 728
555 584
555 635
555 652
556 620
556 771
556 832
556 867
556 556
556 633
556 648
556 560
556 611
557 744
557 683
557 828
557 690
557 564
558 715
558 558
558 602
559 680
559 559
560 771
560 633
560 819
560 867
561 748
561 676
561 567
561 576
561 628
562 651
562 744
562 562
562 882
562 647
563 732
563 810
563 741
564 646
564 689
564 616
564 576
564 698
565 568
565 865
565 570
565 842
566 797
566 710
567 569
567 646
567 576
567 616
567 628
568 612
568 833
569 675
569 817
569 838
569 578
569 843
570 655
570 780
571 792
571 774
571 789
571 659
572 661
572 577
572 895
573 813
573 684
573 704
573 637
573 582
574 664
574 804
574 685
574 727
574 679
574 845
575 575
575 862
575 678
575 750
575 707
575 745
575 781
576 783
576 689
576 628
577 675
577 817
577 577
577 600
577 843
577 605
578 794
578 578
578 589
579 632
579 749
579 824
579 640
579 679
580 796
580 823
580 580
580 738
580 714
580 857
580 859
581 828
581 746
581 581
582 713
582 806
583 765
583 873
583 684
584 673
584 609
584 674
584 726
584 783
585 655
585 780
585 835
585 894
585 887
586 799
586 826
586 682
586 827
586 735
587 808
587 588
587 843
588 856
589 680
589 853
589 760
590 787
590 790
590 791
590 891
590 861
591 769
591 701
591 834
591 750
591 678
591 870
591 862
592 607
592 831
592 801
592 863
593 708
593 897
593 598
593 633
594 594
595 660
595 871
595 669
595 873
596 875
597 649
597 677
597 890
597 653
597 757
597 735
598 897
598 867
598 858
598 598
599 657
600 682
600 641
600 866
600 605
600 751
601 836
601 601
602 808
603 700
603 603
603 895
603 851
603 732
604 645
604 636
604 731
604 869
604 881
605 794
605 675
606 665
606 724
606 821
607 799
607 756
607 612
608 671
608 696
608 825
609 674
610 836
610 853
610 760
611 897
611 771
611 611
611 858
611 742
612 826
612 612
613 697
613 621
613 758
613 751
614 671
614 825
614 741
614 696
615 729
615 806
616 783
616 830
616 698
617 799
617 682
617 822
617 625
617 756
618 723
618 792
618 753
618 763
619 790
619 891
619 773
620 691
620 897
620 771
620 819
620 708
620 858
621 776
621 861
622 787
622 622
622 891
623 785
623 739
623 625
623 784
623 662
623 687
624 782
624 720
624 809
625 656
625 821
626 785
626 748
626 626
627 720
627 802
627 782
627 675
628 830
628 698
628 646
628 790
629 647
629 797
630 678
630 834
630 701
630 680
632 777
632 650
632 860
632 876
633 897
633 832
633 819
634 857
634 859
634 812
634 809
635 722
635 795
635 673
635 728
635 676
636 899
636 847
636 869
637 684
637 699
637 709
637 833
637 783
638 664
638 845
638 727
639 811
639 712
639 639
640 659
640 828
640 855
640 746
641 751
641 893
641 838
641 866
641 817
641 737
641 680
642 642
642 742
642 798
643 687
643 703
643 738
643 848
644 777
644 876
644 692
644 644
644 650
644 816
645 899
645 645
645 847
646 689
646 676
646 698
646 865
647 647
647 743
647 658
648 818
648 796
648 857
648 812
648 813
648 711
648 714
648 859
649 757
649 829
649 653
649 670
649 677
649 686
649 890
650 650
650 693
650 860
650 859
650 802
651 867
651 653
651 683
651 882
652 868
652 691
652 846
652 718
653 883
653 670
653 815
653 736
653 801
654 880
654 878
654 654
655 780
655 894
655 655
656 885
656 748
656 734
656 788
656 724
657 725
657 838
657 837
657 839
657 868
657 673
658 797
658 713
659 810
659 824
659 659
659 855
660 879
660 873
660 871
660 765
661 717
661 895
661 803
661 721
662 785
662 788
662 662
662 748
662 885
662 848
663 846
663 893
663 843
663 751
663 817
664 685
664 679
664 845
665 733
665 898
665 855
665 821
665 702
665 724
666 806
666 798
667 792
667 764
667 805
668 830
668 689
668 676
668 864
668 733
669 669
669 871
669 873
669 879
670 757
670 883
670 677
670 686
670 815
670 890
671 696
671 852
671 732
672 811
672 712
672 786
672 805
673 673
673 841
673 759
674 728
674 674
675 869
675 794
675 893
676 854
677 862
677 767
677 736
677 883
677 735
677 768
677 686
678 896
678 678
678 745
678 735
679 804
681 834
681 687
681 719
681 830
682 756
682 826
683 744
684 684
684 709
684 755
685 804
685 727
685 695
686 757
686 829
686 736
686 883
687 703
687 687
688 769
688 798
688 688
689 783
692 777
692 816
692 876
693 777
693 876
693 773
694 774
694 764
694 789
694 809
695 900
695 695
695 698
696 825
696 852
696 877
696 726
697 772
697 861
697 758
698 830
698 698
699 755
699 833
699 709
700 718
701 870
701 707
701 896
701 750
701 853
701 834
701 862
701 745
701 827
702 898
702 702
702 874
703 768
704 761
704 862
704 833
705 809
705 705
705 874
706 791
706 877
706 710
707 896
707 745
708 819
708 867
709 709
710 791
710 710
710 892
711 796
711 813
711 812
711 818
711 857
712 805
712 812
712 765
713 713
713 743
714 812
714 818
714 851
716 787
716 793
716 891
716 863
716 752
718 803
718 895
720 782
720 831
721 895
721 828
722 773
722 787
722 793
723 753
723 825
724 898
724 724
724 733
725 839
725 846
725 868
726 810
726 855
727 845
728 841
728 820
728 759
729 729
730 805
730 730
731 770
731 731
731 869
732 866
732 807
732 877
733 788
733 898
733 874
734 785
734 885
734 748
734 739
735 815
735 890
735 820
736 883
738 851
738 780
739 785
739 824
739 885
740 824
740 740
740 749
741 807
741 741
742 897
742 771
742 832
744 747
745 834
745 870
745 896
747 882
748 785
748 885
749 828
750 769
750 870
751 893
751 843
751 859
752 787
752 863
752 891
752 864
754 792
754 754
755 833
756 822
757 757
757 815
758 843
758 775
758 854
758 886
759 841
762 800
762 888
762 762
763 816
765 871
765 873
766 846
766 868
766 837
766 839
767 793
767 790
768 840
768 894
768 835
769 870
769 834
769 862
770 770
770 869
770 872
770 881
770 899
771 897
771 858
772 824
772 864
772 854
772 869
772 778
773 773
773 793
773 787
773 790
774 789
774 792
775 775
775 778
775 776
775 861
775 864
776 854
776 864
777 860
777 876
778 886
778 778
778 861
779 888
779 800
779 900
779 883
780 840
781 806
782 831
782 801
784 835
784 885
784 788
785 808
786 841
786 820
786 786
786 795
787 793
790 863
790 891
790 793
791 877
791 849
791 801
793 843
793 891
794 866
795 820
795 841
795 889
796 816
796 812
796 813
796 823
796 859
798 818
799 826
799 799
799 822
800 800
800 842
800 865
801 809
801 814
801 831
802 826
802 803
802 809
802 831
804 900
804 846
805 811
806 806
806 856
807 807
807 875
807 825
807 877
808 808
808 844
809 831
810 810
810 828
811 811
812 818
813 813
813 823
814 814
815 829
816 876
817 843
818 859
818 857
819 897
819 875
820 865
820 821
822 827
823 823
823 857
823 859
824 828
825 852
826 827
829 829
832 900
832 867
834 834
834 882
835 840
836 836
837 846
837 868
838 893
838 838
838 843
840 894
841 889
842 865
843 893
844 844
844 880
845 900
847 881
848 849
851 851
851 859
852 852
854 861
855 898
856 856
858 897
861 864
861 886
862 870
867 867
869 899
872 899
873 879
877 888
884 884
884 888
887 887
893 893
900 900
