900 5515
1 599
1 642
1 533
1 329
1 5
1 717
1 664
1 282
1 638
1 100
1 21
1 285
1 289
1 627
2 839
2 739
2 374
2 461
2 888
2 219
2 14
2 226
2 324
2 799
2 395
2 563
2 845
3 429
3 524
3 508
3 679
3 3
3 607
3 297
3 20
3 129
3 420
3 295
3 319
3 619
4 379
4 46
4 397
4 661
4 25
4 370
4 333
4 273
4 4
4 417
4 256
4 437
5 866
5 424
5 5
5 39
5 415
5 642
5 329
5 21
5 316
5 538
5 840
5 874
5 897
6 97
6 467
6 376
6 715
6 882
6 249
6 900
6 581
6 181
6 10
6 378
7 900
7 690
7 781
7 143
7 112
7 693
7 875
7 897
7 895
7 288
7 408
7 713
8 469
8 635
8 324
8 390
8 14
8 888
8 744
8 17
8 384
8 507
8 67
8 839
8 241
8 559
9 643
9 258
9 322
9 248
9 868
9 757
9 348
9 202
9 235
9 831
9 671
9 582
9 355
10 445
10 276
10 222
10 194
10 518
10 497
10 649
10 389
10 400
10 554
10 444
10 462
10 504
11 890
11 11
11 583
11 601
11 387
11 68
11 614
11 366
11 604
11 783
11 144
11 700
11 712
11 599
12 742
12 100
12 86
12 488
12 600
12 750
12 267
12 892
12 19
12 597
12 48
13 385
13 575
13 185
13 90
13 564
13 187
13 707
13 325
13 846
13 36
13 698
13 364
14 470
14 384
14 324
14 374
14 390
14 563
14 839
14 795
15 769
15 340
15 879
15 775
15 702
15 15
15 375
15 416
15 529
15 236
15 752
15 822
15 653
16 110
16 62
16 298
16 498
16 510
16 30
16 606
16 572
16 16
16 796
16 672
16 36
16 823
16 836
16 94
16 506
17 395
17 241
17 563
17 374
17 469
17 724
17 324
17 384
17 216
17 866
17 226
18 528
18 862
18 434
18 409
18 147
18 398
18 755
18 449
18 445
18 366
18 549
18 423
18 309
18 314
18 831
18 214
18 737
19 19
19 267
19 894
19 746
19 48
19 86
19 704
19 708
19 179
19 580
19 485
19 625
20 93
20 407
20 295
20 524
20 20
20 297
20 508
20 549
21 469
21 393
21 538
21 874
21 627
21 642
21 21
21 424
21 558
21 239
22 865
22 297
22 508
22 319
22 420
22 837
22 619
22 679
22 665
22 61
22 295
22 40
22 347
23 342
23 517
23 651
23 41
23 774
23 780
23 263
23 631
23 280
23 306
23 809
23 560
23 220
24 659
24 404
24 660
24 326
24 363
24 118
24 532
24 795
24 527
24 220
24 178
25 661
25 697
25 838
25 522
25 145
25 25
25 448
25 286
25 356
25 233
25 539
25 565
26 111
26 209
26 476
26 827
26 271
26 565
26 430
26 471
26 257
26 217
26 435
26 883
26 285
27 515
27 195
27 610
27 792
27 675
27 834
27 82
27 371
27 762
27 32
27 286
27 427
27 690
27 439
27 597
27 613
28 880
28 530
28 175
28 304
28 157
28 428
28 159
28 28
28 372
28 92
28 711
29 64
29 386
29 261
29 621
29 140
29 162
29 265
29 482
29 37
29 313
29 419
29 350
29 877
30 490
30 656
30 150
30 672
30 793
30 506
30 498
30 836
30 556
30 823
30 825
30 204
30 94
30 636
31 283
31 889
31 167
31 169
31 75
31 45
31 102
31 80
31 812
31 537
31 557
31 198
31 91
31 95
32 393
32 533
32 840
32 239
32 328
32 424
32 32
32 175
33 417
33 160
33 451
33 661
33 356
33 791
33 448
33 450
33 379
33 381
34 392
34 650
34 281
34 543
34 132
34 418
34 35
34 553
34 595
34 141
34 422
34 432
34 229
34 496
34 727
35 147
35 281
35 670
35 543
35 418
35 422
35 132
35 650
35 438
35 190
35 496
36 654
36 796
36 672
36 606
36 498
36 636
36 572
36 550
36 836
36 756
37 140
37 146
37 479
37 767
37 302
37 162
37 124
37 881
37 279
37 859
37 346
37 612
38 259
38 773
38 264
38 531
38 491
38 260
38 741
38 114
38 863
38 889
38 296
38 173
38 857
38 490
39 366
39 393
39 285
39 415
39 289
39 558
39 627
39 538
39 223
39 239
39 638
39 561
40 796
40 665
40 679
40 607
40 571
40 429
40 524
40 295
40 107
40 822
40 319
41 413
41 327
41 774
41 274
41 280
41 161
41 809
41 447
41 286
42 260
42 773
42 520
42 857
42 512
42 296
42 494
42 509
42 339
42 322
42 860
43 534
43 742
43 177
43 626
43 818
43 306
43 62
43 550
43 54
43 204
43 835
44 155
44 732
44 740
44 107
44 87
44 737
44 73
44 705
44 541
44 626
44 437
44 310
44 240
45 167
45 80
45 368
45 189
45 102
45 169
45 303
45 812
45 860
45 440
45 577
46 791
46 273
46 661
46 370
46 46
46 233
46 397
46 457
46 570
46 333
46 356
47 210
47 821
47 540
47 790
47 737
47 541
47 740
47 634
47 732
47 513
47 705
48 86
48 485
48 58
48 723
48 275
48 894
48 625
48 123
48 600
48 809
48 729
49 529
49 536
49 411
49 804
49 168
49 201
49 501
49 51
49 101
49 615
49 578
49 345
49 473
50 402
50 643
50 733
50 230
50 850
50 202
50 757
50 50
50 340
50 532
51 582
51 668
51 345
51 529
51 578
51 201
51 727
51 76
51 196
51 460
51 338
52 151
52 666
52 308
52 544
52 760
52 669
52 211
52 56
52 794
52 233
52 353
52 609
53 900
53 646
53 468
53 824
53 899
53 359
53 715
53 103
53 249
53 322
53 696
53 708
53 467
53 882
53 222
53 75
54 277
54 534
54 307
54 54
54 742
54 62
54 818
54 301
55 396
55 678
55 556
55 247
55 381
55 111
55 55
55 262
55 642
55 334
55 604
55 622
55 121
55 122
56 789
56 151
56 794
56 676
56 149
56 617
56 669
56 56
56 57
56 887
57 149
57 794
57 544
57 676
57 526
57 110
57 830
57 70
57 628
57 211
57 483
58 669
58 179
58 488
58 125
58 892
58 580
58 357
58 267
58 345
58 709
58 723
58 88
58 750
58 625
59 805
59 312
59 777
59 311
59 193
59 369
59 756
59 813
59 803
59 155
59 592
59 637
60 399
60 545
60 290
60 300
60 135
60 588
60 579
60 819
60 647
60 798
60 484
60 106
61 537
61 881
61 797
61 172
61 299
61 806
61 217
61 301
61 501
61 716
61 341
61 343
61 618
62 521
62 414
62 550
62 177
62 691
62 306
62 307
62 464
62 626
63 387
63 783
63 144
63 662
63 700
63 318
63 366
63 861
63 63
63 66
63 583
64 138
64 209
64 215
64 858
64 430
64 765
64 574
64 499
64 476
64 628
65 209
65 769
65 148
65 759
65 749
65 375
65 416
65 199
65 335
65 293
65 340
65 879
66 827
66 573
66 662
66 719
66 614
66 144
66 68
66 700
66 519
66 720
66 861
67 226
67 469
67 390
67 845
67 461
67 744
67 873
67 866
67 258
67 739
67 714
68 683
68 387
68 144
68 573
68 318
68 662
68 601
68 886
68 583
68 842
68 252
69 527
69 787
69 178
69 551
69 69
69 786
69 115
69 404
69 732
70 789
70 151
70 669
70 676
70 794
70 149
70 353
70 308
70 367
70 161
71 649
71 547
71 554
71 194
71 222
71 518
71 497
71 507
71 389
71 242
71 591
71 210
71 228
72 483
72 315
72 703
72 869
72 164
72 848
72 764
72 78
72 408
72 100
72 718
72 875
72 112
73 600
73 310
73 540
73 705
73 240
73 437
73 541
73 753
73 136
73 740
73 893
74 776
74 576
74 344
74 74
74 841
74 513
74 729
74 212
74 276
75 734
75 266
75 283
75 812
75 198
75 169
75 279
75 889
75 80
75 292
76 141
76 668
76 168
76 561
76 183
76 578
76 201
76 460
76 80
77 205
77 531
77 389
77 518
77 649
77 547
77 554
77 444
77 410
77 548
77 591
77 853
77 222
77 224
77 504
78 336
78 408
78 441
78 703
78 713
78 361
78 848
78 800
78 297
78 730
78 112
79 899
79 824
79 581
79 231
79 103
79 882
79 900
79 467
79 646
79 790
79 468
79 109
80 288
80 644
80 279
80 169
80 812
80 889
80 523
80 368
80 779
81 803
81 813
81 311
81 268
81 637
81 312
81 113
81 203
81 805
81 598
82 439
82 699
82 711
82 456
82 208
82 834
82 195
82 610
82 845
82 597
82 133
83 165
83 679
83 429
83 822
83 571
83 829
83 837
83 319
83 865
83 101
83 93
84 825
84 836
84 598
84 498
84 823
84 84
84 852
84 793
84 666
84 431
85 859
85 514
85 782
85 633
85 383
85 779
85 898
85 844
85 519
85 832
85 218
86 600
86 88
86 275
86 488
86 125
86 86
86 750
86 892
86 505
87 642
87 394
87 790
87 155
87 540
87 694
87 705
87 587
87 780
87 349
87 737
87 740
88 721
88 125
88 723
88 267
88 488
88 357
88 894
88 753
88 100
88 746
88 150
89 403
89 675
89 699
89 834
89 371
89 690
89 762
89 692
89 597
89 210
90 139
90 808
90 695
90 569
90 187
90 698
90 405
90 337
90 413
90 844
91 266
91 279
91 283
91 812
91 577
91 167
91 889
91 440
91 377
91 242
92 537
92 156
92 157
92 184
92 799
92 686
92 284
92 304
92 685
92 427
93 822
93 585
93 347
93 295
93 319
93 407
93 829
93 656
94 654
94 298
94 823
94 825
94 598
94 656
94 852
94 307
94 606
95 644
95 167
95 557
95 815
95 577
95 198
95 849
95 283
95 260
96 564
96 514
96 519
96 426
96 714
96 855
96 232
96 351
96 218
96 697
96 489
97 899
97 181
97 696
97 468
97 97
97 886
97 581
97 549
97 359
98 578
98 727
98 345
98 609
98 98
98 460
98 804
98 101
98 221
99 142
99 784
99 147
99 188
99 434
99 748
99 449
99 549
99 680
99 297
99 639
99 507
100 267
100 275
100 600
100 750
100 894
100 580
100 357
100 278
101 141
101 529
101 411
101 816
101 338
101 727
101 798
101 768
102 644
102 283
102 557
102 303
102 815
102 198
102 849
102 424
102 643
103 159
103 900
103 696
103 581
103 354
103 376
103 864
103 513
104 156
104 159
104 428
104 480
104 686
104 104
104 152
104 530
104 279
105 277
105 534
105 691
105 835
105 550
105 177
105 521
105 463
105 365
105 510
105 178
106 137
106 406
106 832
106 579
106 484
106 819
106 443
106 820
106 335
107 310
107 705
107 453
107 587
107 732
107 349
107 540
107 893
107 571
107 634
108 646
108 129
108 258
108 391
108 402
108 671
108 821
108 459
108 355
108 816
109 450
109 497
109 388
109 199
109 586
109 885
109 416
109 769
109 134
109 879
109 251
110 149
110 151
110 666
110 205
110 483
110 617
110 313
110 676
110 439
110 180
111 262
111 396
111 174
111 334
111 381
111 556
111 317
111 856
111 122
112 790
112 843
112 176
112 441
112 703
112 800
112 543
113 428
113 413
113 805
113 193
113 113
113 311
113 203
113 545
113 879
114 259
114 260
114 520
114 531
114 287
114 738
114 491
114 264
114 471
114 873
115 311
115 658
115 404
115 786
115 810
115 178
115 851
115 238
115 508
115 118
116 382
116 272
116 678
116 294
116 174
116 624
116 244
116 254
116 317
116 895
117 268
117 413
117 803
117 311
117 369
117 592
117 777
117 312
117 637
117 363
118 551
118 851
118 120
118 363
118 787
118 404
118 660
118 505
119 354
119 630
119 442
119 502
119 595
119 731
119 496
119 132
119 896
119 697
120 574
120 527
120 795
120 197
120 810
120 178
120 326
120 787
120 257
121 681
121 262
121 396
121 294
121 604
121 362
121 381
121 334
121 602
121 122
121 254
122 294
122 624
122 174
122 604
122 556
122 247
122 280
123 886
123 456
123 782
123 844
123 867
123 878
123 898
123 218
123 462
124 249
124 762
124 645
124 146
124 346
124 621
124 881
124 419
124 471
124 767
124 774
125 267
125 179
125 580
125 721
125 723
125 746
125 750
126 191
126 741
126 698
126 631
126 552
126 555
126 299
126 687
126 172
126 386
127 606
127 533
127 664
127 538
127 282
127 415
127 840
127 328
127 627
127 818
128 864
128 821
128 582
128 391
128 402
128 230
128 129
128 248
128 258
128 270
129 391
129 457
129 733
129 348
129 355
129 402
129 821
129 129
129 671
129 322
129 582
129 868
129 757
130 770
130 192
130 131
130 323
130 470
130 761
130 196
130 706
130 754
130 357
130 535
130 316
130 725
130 216
130 763
130 380
131 725
131 492
131 192
131 382
131 500
131 323
131 761
131 380
131 535
131 314
131 657
131 685
132 422
132 442
132 595
132 237
132 553
132 481
132 132
132 670
132 811
132 543
132 418
132 432
133 667
133 559
133 336
133 154
133 378
133 133
133 655
133 648
133 817
133 567
133 372
134 657
134 388
134 879
134 749
134 758
134 340
134 769
134 775
134 269
134 512
134 586
135 406
135 828
135 588
135 300
135 443
135 579
135 191
135 135
135 263
135 778
135 545
135 819
135 352
136 431
136 745
136 652
136 776
136 136
136 466
136 729
136 292
136 841
136 373
137 647
137 191
137 820
137 854
137 223
137 828
137 290
137 137
137 778
137 545
137 264
137 847
138 511
138 827
138 589
138 883
138 471
138 477
138 215
138 476
138 826
138 565
138 209
138 499
139 385
139 772
139 698
139 766
139 747
139 707
139 139
139 833
139 405
139 575
139 670
140 386
140 645
140 877
140 479
140 602
140 482
140 881
140 419
140 401
140 859
140 346
140 735
141 668
141 473
141 201
141 529
141 501
141 804
141 175
141 609
142 701
142 142
142 680
142 784
142 445
142 862
142 639
142 305
142 409
142 309
143 655
143 400
143 630
143 751
143 378
143 667
143 305
143 648
143 421
143 872
143 372
144 158
144 504
144 601
144 700
144 614
144 783
144 350
144 712
144 861
144 252
144 613
145 397
145 683
145 838
145 448
145 356
145 370
145 791
145 450
145 333
145 278
145 256
146 261
146 602
146 170
146 735
146 146
146 386
146 500
146 350
146 482
146 877
146 767
147 528
147 549
147 147
147 398
147 474
147 188
147 314
147 449
147 214
148 444
148 368
148 769
148 388
148 758
148 885
148 586
148 340
148 358
148 702
148 749
148 759
149 526
149 789
149 211
149 830
149 760
149 666
149 544
149 409
149 353
150 528
150 788
150 348
150 823
150 852
150 204
150 150
151 666
151 151
151 211
151 313
151 523
151 245
151 887
151 764
152 788
152 428
152 284
152 158
152 799
152 152
152 537
152 826
152 730
152 412
152 650
153 243
153 771
153 217
153 555
153 797
153 153
153 806
153 716
153 198
153 163
153 618
154 781
154 689
154 751
154 559
154 870
154 421
154 378
154 584
154 176
154 667
154 330
155 738
155 583
155 587
155 541
155 705
155 732
155 740
155 742
155 437
155 634
156 530
156 788
156 184
156 157
156 158
156 611
156 799
156 227
156 284
156 274
156 716
157 455
157 175
157 184
157 686
157 537
157 480
157 611
157 220
157 158
157 799
158 530
158 788
158 284
158 603
158 175
158 826
158 159
158 455
158 480
158 482
159 788
159 412
159 603
159 686
159 184
159 537
159 455
159 834
160 522
160 273
160 661
160 397
160 370
160 448
160 450
160 160
160 608
160 233
160 577
161 556
161 169
161 517
161 774
161 542
161 274
161 342
161 651
161 560
161 206
162 772
162 433
162 783
162 482
162 302
162 621
162 881
162 602
162 512
162 419
162 170
162 612
163 784
163 422
163 182
163 797
163 163
163 555
163 716
163 199
163 548
163 806
163 299
163 562
164 897
164 800
164 869
164 843
164 895
164 875
164 713
164 361
164 730
164 554
164 176
164 764
165 516
165 539
165 288
165 487
165 465
165 568
165 620
165 596
165 291
166 801
166 673
166 291
166 590
166 436
166 475
166 487
166 539
166 880
166 763
166 465
166 751
166 867
167 591
167 283
167 815
167 198
167 440
167 812
167 804
167 265
168 804
168 168
168 609
168 183
168 501
168 536
168 756
168 561
168 201
168 338
169 644
169 283
169 169
169 189
169 198
169 440
169 812
169 303
169 597
170 244
170 538
170 645
170 265
170 419
170 735
170 479
170 658
170 346
170 612
170 881
171 773
171 264
171 339
171 171
171 296
171 490
171 287
171 259
171 659
171 863
171 315
172 555
172 562
172 299
172 341
172 301
172 172
172 797
172 444
172 726
172 217
172 227
172 358
173 579
173 264
173 520
173 741
173 531
173 857
173 173
173 286
173 860
173 490
173 509
173 512
174 262
174 294
174 247
174 334
174 622
174 362
174 604
174 483
174 317
174 615
174 244
175 530
175 788
175 412
175 428
175 826
175 184
175 515
175 433
175 480
176 491
176 644
176 408
176 292
176 425
176 875
176 441
176 466
176 315
176 551
177 550
177 464
177 306
177 534
177 663
177 307
177 632
177 709
177 691
177 495
177 338
178 527
178 786
178 293
178 363
178 178
178 660
178 238
179 267
179 894
179 892
179 600
179 723
179 704
179 614
179 721
180 517
180 263
180 809
180 684
180 631
180 206
180 774
180 274
180 246
180 447
181 296
181 646
181 682
181 900
181 882
181 468
181 864
181 805
181 824
181 708
181 354
181 359
181 376
182 832
182 797
182 548
182 555
182 301
182 687
182 562
182 716
182 780
182 343
182 618
183 183
183 668
183 529
183 473
183 536
183 804
183 639
183 460
184 284
184 433
184 788
184 603
184 198
185 523
185 575
185 695
185 747
185 337
185 707
185 808
185 772
185 257
185 187
185 846
186 539
186 807
186 814
186 590
186 478
186 801
186 880
186 446
186 320
186 245
186 596
186 487
186 503
187 808
187 623
187 523
187 405
187 766
187 385
187 772
187 622
187 707
188 398
188 423
188 680
188 701
188 309
188 831
188 549
188 334
189 266
189 279
189 812
189 849
189 577
189 557
189 815
189 528
189 368
190 392
190 422
190 432
190 190
190 595
190 731
190 327
190 194
190 213
190 502
191 647
191 399
191 406
191 290
191 681
191 820
191 832
191 743
192 535
192 470
192 382
192 192
192 763
192 770
192 846
192 833
192 380
193 546
193 813
193 803
193 592
193 454
193 193
193 380
193 871
193 234
194 808
194 389
194 518
194 276
194 243
194 504
194 210
194 297
194 472
194 222
195 228
195 515
195 403
195 610
195 605
195 692
195 286
195 371
195 421
195 456
195 593
195 613
196 770
196 657
196 535
196 734
196 754
196 323
196 380
196 250
196 735
196 761
196 278
197 532
197 802
197 810
197 658
197 363
197 787
197 293
197 847
197 809
197 851
198 279
198 557
198 368
198 356
199 269
199 251
199 749
199 236
199 586
199 388
199 416
199 569
200 576
200 513
200 728
200 736
200 653
200 212
200 431
200 652
200 688
200 634
200 207
201 804
201 411
201 609
201 338
201 389
201 460
201 345
201 629
202 643
202 391
202 457
202 348
202 230
202 248
202 868
202 469
202 733
202 732
203 777
203 268
203 413
203 803
203 312
203 454
203 637
203 785
203 234
203 568
203 756
204 704
204 525
204 656
204 572
204 825
204 498
204 731
204 598
205 676
205 617
205 544
205 211
205 313
205 794
205 760
205 830
205 267
205 771
205 466
206 651
206 274
206 542
206 438
206 263
206 360
206 780
206 538
206 342
206 736
207 653
207 431
207 344
207 377
207 728
207 212
207 466
207 768
207 443
208 596
208 515
208 427
208 690
208 692
208 593
208 456
208 610
208 236
209 430
209 435
209 565
209 209
209 511
209 215
209 477
209 765
209 605
210 389
210 649
210 276
210 462
210 591
210 547
210 507
210 472
210 228
210 891
211 526
211 669
211 830
211 887
211 375
212 513
212 688
212 652
212 736
212 884
212 841
212 284
212 344
212 373
213 670
213 281
213 731
213 896
213 432
213 496
213 418
213 595
213 257
214 528
214 549
214 434
214 309
214 445
214 474
214 755
214 403
215 565
215 589
215 827
215 499
215 221
215 477
215 842
216 316
216 833
216 706
216 331
216 725
216 470
216 216
216 643
216 761
216 888
217 797
217 562
217 552
217 806
217 343
217 383
217 377
218 782
218 594
218 514
218 519
218 270
218 633
218 351
218 218
219 337
219 550
219 390
219 839
219 866
219 226
219 384
219 219
219 888
219 621
220 517
220 651
220 677
220 809
220 684
220 438
220 220
220 246
221 641
221 271
221 435
221 827
221 476
221 883
221 471
221 574
221 729
221 876
221 511
221 889
222 410
222 444
222 591
222 853
222 224
222 645
223 647
223 406
223 300
223 819
223 820
223 588
223 828
223 681
223 735
223 484
224 547
224 554
224 444
224 891
224 228
224 504
224 518
224 826
224 722
224 383
224 562
225 754
225 691
225 835
225 463
225 306
225 534
225 626
225 818
225 277
225 360
225 365
226 765
226 635
226 845
226 324
226 888
226 688
226 374
227 771
227 806
227 552
227 687
227 299
227 341
227 301
227 347
227 358
228 276
228 410
228 547
228 554
228 591
228 472
228 872
229 807
229 392
229 650
229 281
229 543
229 418
229 442
229 327
229 591
229 496
229 424
230 391
230 402
230 671
230 643
230 230
230 258
230 617
231 287
231 291
231 899
231 682
231 249
231 581
231 354
231 882
231 320
232 819
232 898
232 779
232 782
232 844
232 519
232 714
232 383
232 724
232 878
233 397
233 417
233 697
233 273
233 356
233 638
234 268
234 710
234 805
234 756
234 234
234 637
234 699
234 851
235 468
235 391
235 671
235 459
235 348
235 850
235 582
235 868
235 596
235 757
236 775
236 278
236 879
236 758
236 335
236 885
236 616
236 529
237 670
237 595
237 327
237 553
237 281
237 237
237 896
237 238
237 502
238 626
238 527
238 293
238 363
238 802
238 551
238 786
238 414
238 493
239 440
239 638
239 424
239 289
239 642
239 874
239 634
240 437
240 722
240 753
240 349
240 541
240 893
240 394
240 654
240 634
240 408
241 831
241 390
241 395
241 563
241 724
241 241
241 486
241 635
242 557
242 815
242 440
242 849
242 283
242 368
242 303
242 408
242 889
242 777
243 253
243 467
243 389
243 518
243 554
243 497
243 462
243 472
243 891
244 556
244 334
244 615
244 678
244 272
244 396
244 362
244 247
244 525
245 789
245 794
245 544
245 676
245 353
245 483
245 760
245 245
246 774
246 651
246 274
246 677
246 560
246 542
246 517
246 710
247 396
247 556
247 856
247 615
247 624
247 334
247 874
247 254
248 582
248 457
248 348
248 868
248 821
248 355
248 402
248 605
248 270
248 411
249 256
249 900
249 646
249 824
249 708
249 886
250 331
250 734
250 685
250 492
250 770
250 250
250 316
250 610
250 517
251 696
251 769
251 278
251 586
251 752
251 335
251 702
251 524
251 496
251 740
252 842
252 599
252 861
252 318
252 601
252 662
252 614
252 734
253 856
253 604
253 678
253 317
253 272
253 262
253 253
253 615
253 254
253 811
253 584
254 262
254 678
254 272
254 294
254 615
254 853
254 637
255 521
255 663
255 835
255 463
255 632
255 550
255 277
255 691
255 464
255 734
256 522
256 273
256 791
256 683
256 450
256 838
256 451
257 435
257 430
257 471
257 565
257 574
257 257
257 271
257 827
257 609
257 858
257 628
257 499
257 511
257 325
257 733
257 793
258 821
258 757
258 733
258 850
258 868
258 457
258 258
258 692
258 643
258 388
259 296
259 857
259 490
259 860
259 608
259 773
259 260
259 326
259 339
259 738
259 494
259 672
260 494
260 520
260 339
260 741
260 491
260 857
260 290
260 287
261 881
261 350
261 612
261 261
261 479
261 859
261 784
261 735
261 621
261 898
262 763
262 381
262 604
262 624
262 317
262 898
262 396
262 294
263 708
263 517
263 360
263 631
263 780
263 542
263 560
263 845
263 809
264 828
264 773
264 857
264 287
264 512
264 531
264 860
264 608
264 494
264 509
264 717
265 645
265 302
265 767
265 482
265 386
265 265
265 350
265 612
265 519
266 303
266 368
266 557
266 815
266 266
266 449
267 894
267 580
267 488
267 267
267 357
267 721
267 704
267 709
268 891
268 777
268 813
268 637
268 785
268 311
268 603
268 710
268 332
268 369
269 592
269 388
269 749
269 702
269 586
269 752
269 775
269 691
269 416
269 759
270 514
270 519
270 633
270 401
270 674
270 383
270 493
270 714
270 594
270 855
270 351
270 878
271 271
271 430
271 435
271 641
271 589
271 565
271 896
271 827
271 858
271 476
271 876
271 374
272 615
272 396
272 624
272 604
272 856
272 362
272 556
272 334
272 855
272 294
272 389
273 522
273 333
273 791
273 570
273 661
273 697
273 408
273 417
273 451
273 339
274 651
274 517
274 438
274 360
274 677
274 809
274 542
274 684
275 892
275 275
275 723
275 750
275 488
275 580
275 894
275 825
275 704
275 721
275 485
275 746
276 518
276 649
276 554
276 276
276 389
276 892
276 444
276 504
277 463
277 495
277 464
277 818
277 626
277 835
277 663
277 804
277 550
277 742
277 365
278 858
278 278
278 879
278 586
278 759
279 644
279 889
279 815
279 303
279 772
279 440
280 570
280 743
280 517
280 774
280 651
280 447
280 616
280 741
280 809
280 438
280 631
280 555
281 418
281 896
281 481
281 327
281 502
281 281
281 670
282 314
282 642
282 393
282 538
282 664
282 282
282 876
282 285
282 840
282 329
282 717
283 323
283 644
283 440
283 303
283 389
283 815
283 577
283 849
284 604
284 530
284 537
284 788
284 480
284 762
284 428
284 304
284 702
285 642
285 664
285 415
285 533
285 840
285 717
285 424
286 748
286 675
286 456
286 605
286 371
286 699
286 385
286 427
286 690
286 834
286 597
287 520
287 494
287 490
287 608
287 857
287 773
287 648
288 814
288 596
288 880
288 487
288 516
288 620
288 288
288 801
288 291
288 568
289 632
289 393
289 717
289 538
289 415
289 328
289 874
289 766
289 558
289 840
290 526
290 743
290 579
290 545
290 854
290 778
290 698
290 819
290 820
291 673
291 814
291 539
291 487
291 590
291 620
291 475
291 807
291 811
291 446
291 465
291 478
291 611
291 594
292 805
292 897
292 848
292 361
292 869
292 875
292 441
292 315
292 425
292 703
293 527
293 659
293 787
293 532
293 851
293 786
293 718
294 678
294 381
294 622
294 841
294 556
294 317
294 856
294 604
294 759
295 524
295 420
295 837
295 679
295 407
295 607
295 711
295 429
295 319
296 838
296 531
296 296
296 863
296 608
296 741
296 738
296 509
297 585
297 619
297 665
297 769
297 347
297 865
298 715
298 525
298 672
298 298
298 606
298 636
298 645
299 299
299 343
299 552
299 797
299 440
299 726
300 778
300 352
300 681
300 545
300 828
300 743
300 678
300 443
300 398
301 548
301 806
301 552
301 726
301 301
301 859
301 343
301 358
302 477
302 645
302 859
302 482
302 621
302 881
302 886
302 767
303 557
303 849
303 889
303 518
303 815
304 788
304 530
304 455
304 603
304 433
304 686
304 412
304 549
304 611
305 792
305 400
305 655
305 421
305 336
305 378
305 630
305 640
305 321
305 872
306 590
306 521
306 818
306 632
306 463
306 691
306 456
307 521
307 414
307 464
307 307
307 495
307 818
307 651
308 794
308 666
308 544
308 313
308 483
308 760
308 789
308 887
308 847
309 528
309 449
309 784
309 755
309 639
309 309
309 314
309 516
310 394
310 541
310 587
310 634
310 737
310 893
310 499
311 777
311 785
311 805
311 332
311 813
311 312
311 710
311 502
312 449
312 777
312 546
312 312
312 813
312 771
312 454
312 710
312 871
312 756
312 595
313 526
313 669
313 676
313 544
313 313
313 666
313 469
313 357
313 840
313 776
314 409
314 549
314 862
314 639
314 528
314 445
314 831
314 755
315 441
315 843
315 764
315 408
315 895
315 848
316 657
316 492
316 470
316 725
316 323
316 833
316 763
316 512
316 706
316 331
317 317
317 615
317 624
317 396
317 556
317 672
317 856
317 593
318 387
318 783
318 573
318 318
318 720
318 842
318 749
318 366
319 679
319 429
319 829
319 607
319 347
319 875
319 585
319 865
320 516
320 801
320 673
320 446
320 436
320 596
320 465
320 880
320 799
320 478
320 503
321 648
321 400
321 817
321 667
321 872
321 336
321 870
321 584
321 790
322 643
322 391
322 821
322 348
322 402
322 529
322 850
323 470
323 535
323 763
323 323
323 734
323 500
323 761
324 888
324 563
324 395
324 461
324 469
324 471
324 839
324 845
324 724
325 772
325 523
325 405
325 695
325 575
325 364
325 846
325 337
325 747
325 640
326 356
326 518
326 659
326 660
326 786
326 802
326 787
326 402
327 392
327 422
327 432
327 442
327 543
327 896
328 393
328 533
328 638
328 874
328 424
328 642
328 552
329 509
329 642
329 840
329 424
329 393
329 558
329 378
329 717
329 660
329 358
330 781
330 421
330 689
330 584
330 400
330 667
330 872
330 336
330 773
330 372
331 770
331 470
331 657
331 331
331 492
331 552
331 500
332 777
332 785
332 546
332 454
332 413
332 592
332 637
332 449
332 703
333 570
333 448
333 397
333 697
333 838
333 668
333 478
334 396
334 678
334 856
334 624
334 885
334 362
334 394
335 769
335 775
335 416
335 335
335 758
335 388
335 373
335 340
335 752
336 403
336 781
336 689
336 567
336 584
336 751
337 385
337 695
337 575
337 337
337 405
337 747
337 623
337 665
338 680
338 529
338 411
338 804
338 668
338 727
339 494
339 741
339 608
339 491
339 520
339 857
339 863
339 490
339 386
340 758
340 759
340 885
340 757
340 879
340 442
340 571
341 771
341 797
341 806
341 687
341 716
341 548
341 341
341 343
342 517
342 684
342 560
342 780
342 360
342 774
342 627
343 562
343 797
343 716
343 552
343 662
344 345
344 652
344 653
344 576
344 431
344 344
344 736
344 768
345 816
345 473
345 345
346 415
346 479
346 859
346 645
346 419
346 711
346 350
346 482
346 767
347 524
347 837
347 347
347 407
347 679
347 459
348 733
348 868
348 850
348 349
349 541
349 437
349 694
349 722
349 634
349 737
349 705
349 753
350 386
350 602
350 645
350 800
351 447
351 519
351 714
351 844
351 782
351 514
351 493
351 791
352 681
352 484
352 832
352 406
352 647
352 588
352 545
352 525
353 526
353 794
353 676
353 830
353 544
353 537
353 617
354 899
354 900
354 696
354 708
354 467
354 886
354 824
354 376
354 651
355 643
355 402
355 582
355 457
355 821
355 355
355 868
356 397
356 683
356 570
356 379
356 448
356 399
356 480
357 639
357 704
357 709
357 721
358 896
358 658
358 797
358 486
358 771
359 824
359 467
359 864
359 682
359 376
359 581
359 486
359 369
359 841
360 542
360 684
360 438
360 651
360 437
361 395
361 693
361 843
361 869
361 425
361 895
361 561
362 396
362 678
362 615
362 622
362 556
362 362
363 404
363 786
363 795
363 847
363 851
363 735
363 878
364 405
364 808
364 575
364 747
364 766
364 569
364 452
364 544
365 512
365 521
365 534
365 414
365 835
365 691
365 377
366 783
366 662
366 719
366 599
366 601
367 662
367 573
367 842
367 599
367 367
367 783
367 583
367 760
368 577
368 849
368 368
369 452
369 785
369 805
369 813
369 592
369 756
370 522
370 397
370 417
370 697
370 448
370 451
370 640
370 842
370 560
371 515
371 593
371 597
371 834
371 439
371 516
372 400
372 798
372 689
372 567
372 872
372 680
373 688
373 566
373 466
373 736
373 505
373 377
373 853
374 390
374 839
374 873
374 866
374 888
374 654
375 775
375 416
375 702
375 758
375 375
375 499
376 487
376 682
376 581
376 899
376 726
377 776
377 841
377 728
377 745
377 729
378 781
378 667
378 751
378 655
378 567
379 397
379 791
379 683
379 450
379 451
379 522
379 711
380 770
380 734
380 833
380 761
380 535
380 582
380 382
380 485
381 396
381 556
381 856
381 615
382 734
382 754
382 382
382 470
382 770
383 401
383 426
383 867
383 633
383 594
383 898
384 724
384 739
384 873
384 469
384 866
384 545
385 695
385 385
385 523
385 569
385 846
385 422
385 772
386 419
386 735
386 602
386 877
386 482
386 621
386 881
386 612
387 720
387 842
387 573
387 861
387 387
387 741
387 700
387 601
388 769
388 885
388 775
388 388
388 416
388 702
389 472
389 444
389 507
389 497
389 462
389 649
390 739
390 866
390 390
390 888
390 461
390 867
390 395
390 563
390 845
391 643
391 733
391 821
391 720
392 422
392 418
392 543
392 481
392 595
392 427
392 553
393 424
393 533
393 558
393 890
394 503
394 853
394 753
394 893
394 790
394 453
394 722
394 541
394 587
394 740
395 857
395 845
395 839
395 563
395 724
395 635
395 527
396 624
396 596
396 678
396 556
396 569
397 522
397 661
397 838
397 435
397 451
398 784
398 748
398 549
398 449
398 409
398 701
398 680
398 474
398 620
399 647
399 778
399 484
399 545
399 854
399 588
399 681
399 820
399 443
399 828
399 832
400 641
400 530
400 546
400 870
400 722
400 584
401 898
401 779
401 674
401 714
401 401
401 640
401 594
402 691
402 733
402 643
402 850
402 778
402 459
402 757
403 515
403 675
403 610
403 692
403 439
403 762
403 792
404 692
404 532
404 658
404 810
404 787
404 851
404 806
405 575
405 623
405 452
405 766
405 707
405 695
405 896
405 564
405 747
406 819
406 828
406 484
406 832
406 854
406 449
406 545
406 425
407 508
407 585
407 429
407 420
407 829
407 619
407 407
407 685
407 665
407 607
408 703
408 441
408 764
408 713
408 800
408 425
408 843
408 718
409 784
409 862
409 639
409 434
409 899
409 680
409 831
409 755
409 506
410 518
410 891
410 649
410 410
410 472
410 853
410 572
410 462
410 591
410 504
411 735
411 536
411 411
411 804
411 529
411 578
411 668
411 561
411 629
412 412
412 799
412 611
412 686
412 603
412 544
412 433
413 546
413 871
413 756
413 592
413 454
413 810
414 521
414 691
414 742
414 463
414 495
414 550
414 578
414 818
414 464
414 626
414 458
415 750
415 664
415 717
415 538
415 874
415 558
415 668
416 879
416 749
416 759
416 586
416 421
416 752
417 522
417 661
417 451
417 570
417 751
418 543
418 595
418 896
418 553
418 700
419 479
419 735
419 767
419 645
419 772
419 602
419 612
419 730
419 513
420 571
420 607
420 524
420 420
420 626
420 822
421 648
421 817
421 559
421 870
421 513
421 567
422 731
422 442
422 432
422 502
422 877
423 784
423 528
423 701
423 549
423 831
423 434
423 862
423 459
423 445
423 748
423 755
424 689
424 538
424 664
424 627
425 897
425 843
425 441
425 718
425 713
425 703
425 693
425 426
426 514
426 898
426 779
426 594
426 867
426 844
426 714
426 855
426 489
427 675
427 690
427 613
427 610
427 762
427 605
427 834
427 711
427 593
427 618
428 788
428 799
428 826
428 455
428 686
428 433
428 603
429 705
429 665
429 429
429 865
430 641
430 574
430 477
430 589
430 858
430 694
430 628
431 513
431 652
431 729
431 566
431 505
431 466
431 728
431 576
432 650
432 502
432 543
432 731
432 513
432 481
432 496
433 788
433 799
433 686
433 826
433 611
434 784
434 528
434 680
434 549
434 639
434 598
434 445
434 449
434 474
434 748
434 724
434 769
435 641
435 511
435 858
435 824
435 565
435 883
436 706
436 615
436 516
436 807
436 880
436 503
436 568
436 620
436 510
436 446
436 590
437 541
437 587
437 453
437 540
437 790
437 732
438 651
438 780
438 542
438 677
438 809
438 617
438 447
438 616
439 792
439 690
439 515
439 439
439 762
439 605
440 554
440 557
440 812
441 441
441 703
441 724
442 670
442 543
442 496
442 896
443 778
443 681
443 820
443 743
443 579
443 832
443 558
444 554
444 547
444 853
444 462
444 507
444 891
445 784
445 748
445 549
445 755
446 814
446 673
446 596
446 475
446 446
446 465
446 478
446 620
447 780
447 542
447 809
447 560
447 774
448 522
448 683
448 791
448 502
448 450
448 838
448 803
448 542
449 784
449 862
449 701
450 791
450 683
450 838
451 683
451 522
451 661
451 838
451 810
452 772
452 523
452 569
452 640
452 564
452 452
452 575
452 766
453 700
453 541
453 540
453 705
453 740
453 453
453 737
453 893
454 777
454 803
454 813
454 454
454 566
454 871
455 686
455 611
455 455
455 504
455 603
455 480
456 692
456 699
456 834
456 711
456 675
456 593
457 643
457 868
457 821
457 493
457 459
458 783
458 712
458 720
458 601
458 700
458 458
458 890
458 583
458 719
458 813
459 789
459 882
459 643
459 582
459 852
459 757
459 473
460 817
460 816
460 609
460 629
460 536
460 799
461 563
461 845
461 866
461 461
461 517
461 469
462 518
462 547
462 497
462 891
462 886
462 507
463 521
463 534
463 663
463 742
463 835
463 718
464 521
464 550
464 626
464 663
464 832
464 495
465 516
465 673
465 814
465 475
465 824
466 566
466 841
466 652
466 884
466 729
467 646
467 715
467 581
467 682
467 864
468 900
468 824
468 646
468 715
468 682
469 839
469 744
469 635
470 770
470 535
470 706
470 500
470 761
470 572
471 545
471 876
471 565
471 628
471 765
471 785
471 858
471 511
471 775
472 591
472 547
472 649
472 853
472 557
472 504
472 786
473 816
473 804
473 473
473 609
474 685
474 784
474 528
474 831
474 639
474 510
474 748
475 755
475 801
475 673
475 811
475 590
475 623
475 880
476 876
476 511
476 589
476 574
476 882
477 641
477 574
477 477
477 511
477 883
477 765
478 516
478 801
478 596
478 503
478 807
479 645
479 859
479 612
479 496
480 530
480 603
480 826
481 650
481 670
481 543
481 553
481 595
481 776
482 602
482 677
483 526
483 669
483 544
483 676
483 760
483 887
483 585
484 647
484 819
484 828
484 895
485 704
485 709
485 580
485 485
485 746
485 750
485 625
486 771
486 548
486 552
486 555
486 687
486 726
486 681
486 618
487 568
487 590
487 807
487 516
487 880
488 704
488 580
488 488
488 746
488 892
489 519
489 674
489 855
489 878
489 633
489 844
489 782
489 703
490 860
490 491
490 773
491 773
491 520
491 738
491 512
492 770
492 657
492 535
492 725
492 734
492 833
492 758
492 797
493 795
493 898
493 519
493 779
493 844
493 594
493 878
494 863
494 741
494 531
494 567
495 663
495 550
495 632
495 691
495 859
496 662
496 650
496 595
497 522
497 518
497 554
497 507
497 869
498 525
498 793
498 823
498 598
498 568
498 506
498 710
499 827
499 589
499 876
499 499
499 644
499 633
500 770
500 685
500 754
500 657
500 500
500 763
501 899
501 607
501 668
501 804
501 727
501 629
502 747
502 543
503 807
503 814
503 568
503 590
503 620
504 853
504 891
505 835
505 508
505 653
505 728
505 736
505 688
505 884
505 768
506 823
506 825
506 606
506 836
506 636
506 672
507 518
507 853
507 547
507 815
507 699
508 829
508 865
508 508
508 524
509 860
509 857
509 509
509 773
510 654
510 525
510 825
510 598
510 606
510 696
510 804
511 574
511 800
512 857
512 738
512 741
512 608
512 746
513 652
513 745
513 728
513 653
513 841
513 736
513 884
513 768
514 714
514 867
514 514
514 779
514 690
514 898
514 855
515 690
515 675
515 613
515 557
515 792
515 762
515 895
515 684
516 539
516 811
516 516
516 807
516 596
516 567
517 541
517 631
517 684
517 780
517 616
518 853
518 891
519 782
519 867
519 674
519 844
519 855
519 878
519 633
520 860
520 773
520 741
520 754
520 738
520 826
521 588
521 550
521 683
521 691
522 697
522 570
522 661
522 791
523 640
523 808
523 569
523 698
523 852
523 564
523 707
524 571
524 837
524 607
524 829
524 585
524 746
524 619
525 656
525 852
525 793
525 823
525 572
526 794
526 830
526 760
526 544
526 789
526 666
526 669
526 617
526 887
526 619
527 810
527 851
527 660
527 658
527 659
527 532
527 787
527 795
528 784
528 639
528 680
528 831
528 748
529 536
529 816
529 561
529 578
530 826
530 611
530 537
530 686
530 836
531 773
531 863
531 608
531 741
531 738
531 860
532 659
532 660
532 802
532 532
532 551
532 787
533 642
533 538
533 840
533 533
533 874
533 638
534 742
534 632
534 626
534 663
534 751
535 657
535 685
535 535
535 553
535 734
535 598
536 761
536 624
536 804
536 578
536 668
536 727
536 872
536 816
537 788
537 799
537 603
537 686
537 611
537 543
537 674
538 874
538 664
538 717
539 596
539 539
539 673
539 807
539 568
539 801
539 811
540 753
540 540
540 893
540 694
540 790
540 587
540 786
540 722
541 860
541 790
541 587
541 694
542 651
542 631
543 650
544 794
544 666
544 669
544 774
544 676
544 887
545 819
545 588
545 743
545 828
545 681
545 820
545 767
546 777
546 785
546 813
546 546
546 805
546 710
546 592
547 649
547 591
547 547
547 761
548 671
548 771
548 562
548 618
548 882
548 806
548 552
549 791
549 784
549 680
549 639
549 870
549 701
549 748
549 755
549 744
550 550
550 818
550 852
551 658
551 659
551 786
551 802
551 810
551 851
551 660
552 552
552 737
552 687
552 726
553 608
553 553
553 885
554 591
555 771
555 797
555 806
555 687
555 618
556 615
556 678
556 604
556 622
557 824
557 771
558 673
558 664
558 717
558 592
558 627
559 648
559 689
559 870
559 630
559 798
559 655
560 677
560 809
560 651
560 684
560 780
560 829
561 770
561 804
561 629
561 668
561 727
562 687
562 562
562 716
562 726
562 618
563 724
563 744
563 798
563 839
563 635
564 772
564 698
564 564
564 808
564 640
564 569
564 731
565 589
565 765
565 574
565 858
566 776
566 745
566 566
566 652
566 881
566 768
567 655
567 667
567 630
567 781
568 807
568 801
568 673
568 597
569 808
569 623
569 640
569 772
569 698
569 575
569 707
569 766
570 661
570 683
570 838
571 822
571 837
571 607
571 665
571 829
571 619
572 656
572 793
572 672
572 852
572 636
573 712
573 662
573 861
573 720
573 674
573 719
574 827
574 628
574 574
575 575
575 747
575 583
575 640
576 652
576 653
576 745
576 576
576 688
576 579
576 728
576 768
577 799
577 644
577 815
577 849
577 625
577 726
578 865
578 689
578 629
579 647
579 588
579 743
579 681
580 704
580 625
580 580
580 713
580 709
581 900
581 646
581 708
581 682
581 864
581 585
582 868
582 643
583 850
583 662
583 700
583 614
583 890
584 648
584 667
584 689
584 870
584 655
584 872
585 697
585 822
585 679
586 769
586 627
586 759
587 694
587 654
588 588
588 828
588 832
589 641
589 765
589 827
589 858
589 731
589 883
590 801
590 673
591 649
591 818
592 710
592 805
592 803
593 792
593 675
593 699
593 597
593 605
593 762
594 714
594 779
594 674
594 782
595 845
595 595
595 629
597 699
597 711
597 605
598 656
598 796
598 836
598 793
598 606
599 700
599 719
599 720
599 890
599 601
599 783
600 709
600 721
600 600
600 625
601 887
601 890
601 662
601 893
602 647
602 621
602 810
602 767
603 706
604 615
604 622
605 792
605 711
605 613
606 656
606 672
607 679
608 860
608 857
608 738
608 741
609 720
609 816
610 839
610 692
610 699
611 788
612 645
612 777
612 877
612 767
613 834
613 792
613 692
613 690
614 783
614 712
614 842
614 861
614 648
614 890
615 622
616 774
616 677
616 631
616 684
616 809
616 836
617 794
617 669
617 676
617 789
617 877
618 687
618 726
619 665
619 679
619 865
620 673
620 811
620 814
621 627
621 877
622 624
622 856
622 742
623 808
623 695
623 698
623 623
623 766
624 678
625 721
625 723
625 750
625 871
626 663
626 818
627 642
627 874
628 641
628 628
628 860
629 816
629 668
629 804
630 781
630 655
630 667
630 817
630 870
631 677
631 651
632 695
632 663
632 632
633 833
633 779
633 867
633 674
634 790
634 737
634 662
635 839
635 744
635 888
635 650
636 793
636 672
636 654
636 825
636 881
637 725
637 803
638 840
638 638
638 794
638 787
640 695
640 808
640 707
641 641
641 876
641 827
642 874
642 664
643 850
644 812
645 859
646 696
646 899
646 886
646 682
646 715
646 652
647 854
647 820
647 819
647 828
647 876
648 798
648 648
648 781
648 872
648 751
649 649
649 784
650 812
650 731
651 774
651 684
652 773
652 884
652 729
652 728
652 653
653 776
653 745
653 884
653 688
654 852
654 793
654 672
654 654
654 823
654 656
654 796
655 749
655 781
655 798
655 751
655 817
655 763
655 689
656 796
656 793
656 681
657 770
657 685
657 725
657 734
657 754
658 787
658 660
658 802
658 659
658 810
658 786
659 787
659 685
659 795
659 802
660 802
660 795
660 660
661 683
661 754
661 838
662 783
662 719
662 720
662 662
663 691
663 663
664 664
664 717
664 668
665 868
665 665
665 865
666 830
666 789
666 760
666 721
666 669
666 676
667 781
667 798
667 882
668 727
668 816
669 789
669 794
670 670
671 671
671 850
671 757
671 694
672 796
672 793
672 825
672 836
673 801
673 811
674 779
674 782
674 674
674 844
675 792
675 690
675 871
676 864
677 677
677 774
678 859
679 829
679 822
679 828
680 862
680 701
680 752
680 798
681 778
681 743
681 854
681 832
681 819
682 864
682 900
682 708
682 824
682 682
682 715
682 848
683 838
683 697
684 780
684 809
685 770
685 761
685 725
685 685
685 706
686 826
686 686
687 797
687 826
688 884
688 745
688 728
688 768
688 688
689 870
689 817
689 893
690 863
690 834
690 699
691 691
692 739
692 792
692 711
692 699
693 897
693 800
693 843
693 718
693 875
693 730
693 824
694 732
694 722
694 737
694 753
695 772
695 747
695 780
696 899
696 882
696 715
696 886
697 791
697 697
698 808
698 846
698 772
698 707
698 766
699 711
700 700
700 719
700 720
700 861
701 794
701 784
701 701
702 769
702 775
702 749
702 885
703 883
703 897
703 869
703 843
703 718
703 730
704 894
704 709
704 721
704 723
705 790
705 722
705 740
705 737
706 833
706 761
706 770
706 763
706 754
707 772
707 810
707 846
708 899
708 900
708 882
709 709
709 750
709 892
710 756
710 813
710 805
710 871
711 721
711 792
712 720
712 842
712 890
712 712
712 719
713 713
713 895
713 817
714 898
714 779
714 782
715 801
715 899
715 900
715 886
715 782
716 716
716 771
718 897
718 800
718 718
718 855
719 861
719 833
721 760
721 723
721 746
722 722
723 894
723 885
723 746
724 845
724 866
724 744
724 839
724 861
725 763
725 770
725 849
726 771
726 816
727 816
728 841
728 884
728 863
728 736
729 776
729 768
729 745
730 897
730 800
730 848
730 764
731 731
732 732
732 753
733 821
733 757
734 754
734 763
735 859
736 776
736 736
738 773
738 863
739 854
739 839
739 888
739 744
739 866
739 873
740 790
742 818
742 835
743 778
743 832
744 830
744 839
744 866
745 776
745 745
746 894
747 808
747 772
748 784
749 775
749 879
751 817
752 752
752 759
752 879
752 875
753 790
753 855
754 833
755 784
756 814
756 871
756 800
757 789
758 769
758 775
758 781
758 759
760 830
761 833
762 792
763 833
764 800
764 897
764 848
764 875
765 827
765 876
765 858
766 772
766 810
768 841
769 885
770 833
771 806
772 846
773 860
774 774
774 780
775 885
776 884
777 803
777 777
777 785
778 832
778 854
778 811
779 867
779 878
780 780
782 855
782 898
782 844
783 890
783 842
784 831
785 803
785 785
785 813
786 802
786 847
787 847
787 795
789 789
789 794
789 830
789 887
790 890
790 893
791 791
793 852
793 836
793 796
794 830
794 825
795 847
796 836
796 852
796 823
797 797
798 817
798 798
799 826
800 875
801 811
801 880
802 847
802 894
802 851
803 805
803 813
805 805
805 871
806 820
807 807
807 880
807 814
808 808
811 856
812 815
813 871
814 814
817 823
817 817
817 872
818 818
818 835
819 832
820 820
821 821
821 850
822 837
822 829
822 865
824 886
825 825
828 832
828 874
829 837
830 887
831 862
832 884
833 833
834 834
835 835
836 852
836 870
837 837
841 841
843 848
843 843
843 869
844 878
844 867
845 845
845 873
846 846
847 847
848 897
848 848
848 895
849 889
849 849
850 850
850 868
851 851
853 891
854 854
856 856
857 863
858 883
858 876
859 877
861 890
862 862
863 863
864 900
864 864
866 866
866 873
867 878
869 897
869 875
869 895
870 872
873 888
873 873
875 897
876 876
877 877
878 898
882 900
883 883
886 886
892 892
898 898
899 899
