900 2823
1 567
1 580
1 446
1 136
1 329
2 290
2 330
2 65
2 195
2 94
2 41
2 200
3 727
3 683
3 455
3 240
3 300
3 32
3 172
3 186
3 769
3 213
4 196
4 387
4 582
4 218
4 701
5 259
5 5
5 652
5 800
5 150
5 488
5 746
6 361
6 720
6 46
6 72
6 750
6 549
6 807
6 302
7 266
7 498
7 513
7 427
7 765
7 846
7 639
8 823
8 782
8 770
8 8
8 14
8 625
8 588
9 516
9 448
9 803
9 77
9 643
9 465
9 123
10 386
10 328
10 779
10 16
10 439
10 657
10 421
10 694
10 697
10 490
10 369
11 780
11 296
11 248
11 458
11 620
11 445
12 800
12 668
12 99
12 12
12 785
12 545
13 137
13 13
13 749
13 445
13 491
13 244
14 823
14 579
14 468
14 72
14 148
14 178
14 198
14 372
14 312
15 218
15 443
15 578
15 515
15 290
15 68
16 707
16 532
16 828
16 146
16 122
17 662
17 848
17 21
17 269
17 799
18 254
18 47
18 208
18 593
18 221
18 303
18 890
19 463
19 142
19 793
19 383
19 503
19 309
19 342
20 554
20 658
20 285
20 518
20 744
20 171
21 42
21 548
21 271
21 128
21 662
21 556
22 389
22 408
22 792
22 314
22 144
22 342
23 614
23 825
23 299
23 603
23 778
23 184
24 822
24 458
24 756
24 210
24 68
24 91
25 596
25 266
25 316
25 396
25 211
25 43
25 563
25 639
26 137
26 134
26 831
26 861
26 559
26 459
26 619
26 684
26 600
27 468
27 574
27 543
27 665
27 723
27 58
27 706
27 758
28 537
28 894
28 28
28 553
29 546
29 388
29 465
29 451
29 775
29 353
30 30
30 747
30 805
30 661
30 587
30 729
31 736
31 612
31 713
31 609
31 824
31 163
32 131
32 138
32 62
32 97
32 188
33 85
33 53
33 753
33 850
33 138
33 809
33 250
34 541
34 558
34 620
34 239
34 568
34 343
34 255
34 487
35 283
35 394
35 614
35 69
35 367
35 477
36 663
36 670
36 652
36 267
36 522
37 485
37 678
37 845
37 42
37 354
38 143
38 313
38 871
38 788
38 761
38 320
38 340
38 471
38 251
38 236
39 798
39 245
39 384
39 503
39 369
40 225
40 329
40 449
40 142
40 670
40 461
40 342
41 801
41 159
41 699
41 120
42 281
42 160
42 822
42 485
43 559
43 646
43 139
43 109
43 469
43 129
44 583
44 44
44 473
44 586
44 741
45 125
45 110
45 533
45 322
45 111
45 48
45 534
46 62
46 302
46 418
46 832
46 334
47 605
47 344
47 219
47 686
48 275
48 830
48 268
48 391
48 838
49 745
49 624
49 273
49 880
49 418
49 441
49 497
49 608
49 689
49 836
50 315
50 79
50 167
50 90
50 124
50 224
51 193
51 524
51 290
51 113
51 789
51 526
52 808
52 87
52 83
52 338
52 453
53 250
53 586
53 161
53 358
53 737
54 138
54 683
54 204
54 235
54 136
55 765
55 860
55 772
55 650
55 846
55 836
55 216
56 792
56 537
56 550
56 538
56 587
56 185
56 330
57 819
57 251
57 169
57 80
57 711
57 699
58 806
58 350
58 364
58 831
58 832
58 385
59 350
59 564
59 665
59 543
59 81
59 357
60 208
60 306
60 264
60 337
60 80
61 363
61 112
61 395
61 780
61 175
61 695
61 764
61 310
62 186
62 576
62 217
63 799
63 284
63 474
63 840
63 512
63 751
64 156
64 354
64 233
64 866
64 376
64 153
65 310
65 332
65 581
65 437
65 80
66 281
66 117
66 374
66 602
66 715
66 750
67 658
67 285
67 654
67 662
67 577
67 482
68 615
68 892
68 860
69 278
69 424
69 130
69 657
69 508
70 127
70 645
70 791
70 247
70 485
70 716
70 588
70 476
70 742
71 115
71 317
71 96
71 71
71 476
71 632
72 160
72 876
72 743
72 334
72 361
73 279
73 225
73 375
73 487
73 510
73 461
74 411
74 404
74 432
74 709
74 616
74 885
74 123
75 602
75 809
75 287
75 883
75 150
75 632
75 443
76 503
76 392
76 728
76 479
76 255
76 107
76 623
77 227
77 842
77 870
77 307
77 622
78 807
78 387
78 774
78 709
78 662
79 167
79 718
79 835
79 533
80 819
80 858
81 486
81 257
81 652
81 303
81 608
81 230
81 674
82 109
82 534
82 445
82 790
82 439
83 839
83 122
83 428
83 895
84 576
84 596
84 269
84 527
84 564
84 121
85 376
85 158
85 415
85 457
85 326
86 690
86 444
86 899
86 561
86 175
87 132
87 400
87 338
87 569
87 507
88 821
88 749
88 831
88 861
88 317
88 363
88 877
89 117
89 158
89 602
89 89
90 739
90 769
90 397
90 574
91 858
91 492
91 790
91 494
91 508
92 325
92 618
92 529
92 353
92 652
92 777
93 672
93 787
93 778
93 572
93 225
94 260
94 778
94 672
94 136
94 663
94 440
95 680
95 584
95 95
95 428
95 637
96 539
96 287
96 600
96 748
97 166
97 344
97 208
97 853
97 754
98 851
98 402
98 805
98 512
98 420
99 522
99 606
99 112
99 732
100 130
100 614
100 100
100 411
101 446
101 321
101 290
101 430
101 311
101 816
102 648
102 272
102 412
102 410
102 816
102 335
102 392
103 268
103 152
103 692
103 601
103 490
104 474
104 701
104 295
104 726
104 149
104 890
105 417
105 188
105 767
105 455
105 374
105 502
106 333
106 601
106 106
106 500
106 108
107 168
107 862
107 162
107 145
108 711
108 815
108 635
108 253
109 625
109 476
109 231
110 785
110 365
110 863
110 151
111 899
111 431
111 560
111 690
112 523
112 141
112 668
113 569
113 290
113 175
113 549
114 744
114 736
114 405
114 558
114 130
115 770
115 198
115 155
115 227
115 713
115 378
116 473
116 517
116 742
116 888
116 851
116 617
117 117
117 880
118 501
118 408
118 826
118 493
118 528
118 307
119 414
119 442
119 506
119 567
119 609
119 199
120 679
120 297
120 634
120 766
120 385
121 180
121 527
121 489
121 649
122 613
122 808
122 129
122 381
123 521
123 892
123 578
124 750
124 844
124 728
124 685
125 778
125 365
125 333
125 874
125 876
126 898
126 565
126 193
126 305
126 714
127 682
127 420
127 308
127 585
127 763
128 257
128 746
128 879
128 759
128 268
129 141
129 428
129 423
129 613
129 140
129 174
130 900
130 825
130 603
130 276
130 278
130 293
130 184
131 770
131 240
131 138
131 833
131 417
131 683
131 248
132 699
132 820
132 234
132 266
132 808
133 705
133 133
133 420
133 387
133 583
133 634
134 345
134 721
134 675
134 459
134 689
135 285
135 358
135 182
135 631
135 233
135 681
136 252
136 326
136 158
136 407
137 865
137 677
137 360
137 833
137 363
137 504
138 240
138 658
138 502
138 298
139 596
139 427
139 286
139 559
139 615
139 413
139 659
140 897
140 381
140 841
140 358
141 271
141 462
141 523
142 142
142 435
142 449
142 273
143 638
143 156
143 313
143 194
143 788
144 454
144 518
144 280
144 171
144 879
144 486
144 631
145 716
145 710
145 791
145 853
146 225
146 435
146 329
146 489
146 552
146 487
146 872
147 268
147 664
147 827
147 346
147 845
148 155
148 782
148 178
148 377
148 403
149 518
149 658
149 280
149 182
149 509
149 190
149 335
149 606
150 257
150 644
150 230
150 212
151 246
151 550
151 314
151 373
151 537
151 185
151 493
151 368
152 830
152 177
152 333
152 227
152 365
153 896
153 743
153 564
153 359
153 364
153 355
153 295
154 519
154 596
154 847
154 181
154 808
154 316
155 273
155 393
155 468
155 689
155 360
156 354
156 744
156 543
157 280
157 658
157 604
157 182
157 852
157 171
157 631
158 415
158 822
158 845
158 846
158 875
159 636
159 357
159 687
159 590
159 804
159 200
160 845
160 750
160 602
161 391
161 429
161 366
161 621
161 765
162 503
162 525
162 479
162 245
162 212
162 419
163 230
163 811
163 558
163 401
163 713
163 873
164 186
164 533
164 346
164 738
164 673
164 296
164 561
164 690
165 536
165 283
165 688
165 520
165 207
165 368
165 687
166 611
166 194
166 605
166 639
166 303
166 551
167 297
167 344
167 391
167 193
167 835
167 718
167 449
168 318
168 362
168 406
168 500
168 553
169 352
169 409
169 590
169 169
169 195
169 251
170 673
170 545
170 290
170 610
170 356
170 882
170 764
170 756
171 262
171 635
171 664
172 531
172 817
172 455
172 377
172 708
172 848
172 341
173 263
173 686
173 481
173 236
173 712
173 452
174 841
174 717
174 507
174 569
174 839
175 814
175 395
175 733
175 752
175 569
175 698
175 279
176 393
176 880
176 579
176 745
176 601
176 497
177 635
177 533
177 177
178 441
178 178
178 625
178 826
179 788
179 320
179 471
179 871
179 235
179 594
180 194
180 208
180 685
180 209
180 344
180 253
180 431
181 484
181 413
181 286
181 427
181 847
181 760
182 292
182 564
182 358
183 684
183 197
183 474
183 480
183 536
183 878
184 425
184 900
184 771
184 237
184 499
184 405
185 759
185 389
185 212
185 598
186 531
186 417
187 889
187 518
187 287
187 588
187 331
187 600
187 888
187 695
188 817
188 240
188 605
188 630
189 768
189 740
189 387
189 761
189 650
189 218
190 725
190 681
190 190
190 358
190 860
190 892
191 390
191 649
191 650
191 521
191 444
191 232
192 408
192 493
192 752
192 826
192 380
192 598
193 898
193 284
193 684
193 888
194 253
194 405
194 203
194 219
195 801
195 590
195 742
196 526
196 575
196 756
196 790
197 226
197 252
197 284
197 491
198 893
198 770
198 792
198 644
199 802
199 369
199 767
199 577
200 849
200 357
200 506
201 263
201 379
201 584
201 401
201 880
201 510
202 274
202 301
202 219
202 593
202 590
202 754
202 854
203 611
203 203
203 462
203 719
204 417
204 683
204 240
204 405
204 767
205 532
205 271
205 205
205 465
205 367
206 464
206 795
206 638
206 871
206 659
206 855
206 233
207 261
207 566
207 232
207 529
208 303
208 253
209 799
209 274
209 347
209 241
209 231
210 288
210 704
210 575
210 509
210 508
211 781
211 807
211 633
211 777
212 393
212 483
212 656
212 790
213 897
213 693
213 213
214 604
214 522
214 214
214 619
214 606
215 622
215 401
215 617
215 215
215 483
216 361
216 496
216 521
216 614
217 531
217 576
217 708
217 455
218 515
218 540
218 885
219 303
219 831
219 491
219 771
220 334
220 302
220 626
220 418
220 628
220 762
221 284
221 523
221 785
221 857
222 718
222 302
222 720
222 843
222 278
223 385
223 465
223 451
223 388
223 887
223 511
224 769
224 621
224 366
224 863
225 542
225 435
225 837
226 579
226 683
226 684
226 840
227 497
227 579
227 823
227 624
228 392
228 592
228 728
228 356
228 645
229 464
229 806
229 851
229 364
229 749
229 384
230 670
230 595
230 787
230 249
231 600
231 791
231 742
232 416
232 650
232 846
233 788
233 739
233 714
234 460
234 423
234 428
234 820
235 323
235 767
235 896
236 771
236 680
236 584
236 379
237 789
237 682
237 696
237 759
237 499
238 751
238 258
238 785
238 402
238 840
238 481
239 734
239 477
239 239
239 333
239 591
240 502
240 794
240 597
241 724
241 403
241 778
241 283
242 685
242 848
242 849
242 271
242 591
243 624
243 775
243 787
243 243
243 630
244 703
244 262
244 460
244 335
244 805
245 392
245 525
245 479
245 623
245 704
246 877
246 537
246 409
246 658
247 517
247 416
247 317
247 754
248 886
248 693
248 704
249 815
249 365
249 628
249 830
250 382
250 391
250 842
251 310
251 773
252 305
252 858
252 565
252 450
253 685
253 349
253 650
254 634
254 859
254 305
254 616
255 895
255 509
255 477
255 466
256 843
256 566
256 762
256 765
256 402
257 763
257 267
257 656
257 670
258 729
258 587
258 402
258 804
258 857
259 505
259 652
259 763
259 677
259 595
259 856
259 760
260 260
260 867
260 432
260 572
261 772
261 390
261 838
261 655
261 311
261 378
262 643
262 658
262 747
262 725
263 340
263 584
263 263
263 813
264 659
264 748
264 341
264 500
264 779
264 553
264 306
265 412
265 536
265 348
265 688
265 749
265 648
265 454
265 631
265 710
266 879
266 498
266 542
266 279
266 396
266 728
266 561
267 509
267 759
267 746
267 471
267 595
267 488
267 505
268 333
268 533
268 275
268 830
268 322
269 269
269 271
269 817
270 345
270 363
270 619
270 833
270 378
270 761
271 654
271 722
271 786
271 527
271 571
272 520
272 454
272 755
272 329
272 804
272 885
273 770
273 579
273 823
273 651
273 281
274 705
274 411
274 892
274 685
274 301
274 344
274 347
275 348
275 635
275 275
275 533
275 628
276 884
276 403
276 370
276 691
276 881
277 862
277 525
277 798
277 623
277 480
277 419
277 607
278 825
278 424
278 891
279 383
279 872
279 793
280 604
280 717
280 292
280 810
281 292
281 562
281 415
281 875
282 388
282 535
282 887
282 702
282 355
282 341
283 520
283 410
283 724
283 475
283 627
283 895
283 725
283 872
284 898
284 751
284 768
284 734
285 821
285 658
285 292
286 646
286 519
286 586
286 553
287 595
287 668
287 737
287 710
287 632
288 539
288 669
288 343
288 713
289 801
289 590
289 591
289 699
289 785
289 687
289 820
290 814
290 698
290 597
290 452
291 310
291 590
291 291
291 526
292 643
292 681
293 900
293 682
293 651
293 887
294 797
294 731
294 339
294 336
294 352
294 634
295 549
295 361
295 890
295 843
295 726
296 691
296 351
296 551
296 431
296 560
296 864
297 679
297 797
297 818
297 300
298 794
298 564
298 359
298 543
298 489
299 425
299 554
299 470
299 788
300 547
300 339
300 766
300 678
301 347
301 605
301 316
301 303
302 876
302 720
302 404
302 843
302 633
303 569
303 719
304 425
304 807
304 304
304 447
305 799
305 858
305 684
305 540
305 734
305 616
305 736
305 742
306 406
306 874
306 657
307 387
307 453
307 443
307 578
307 466
308 308
308 818
308 495
308 583
308 846
308 444
309 383
309 837
309 886
309 735
309 342
310 773
310 426
311 566
311 650
311 321
311 838
312 666
312 467
312 832
312 350
312 853
313 812
313 464
313 523
313 331
313 868
314 826
314 314
315 563
315 769
315 737
315 535
315 447
315 395
316 760
316 832
316 596
317 325
317 641
317 888
318 337
318 599
318 702
318 471
319 802
319 749
319 619
319 721
319 620
319 455
320 812
320 594
320 621
320 471
320 866
320 717
321 616
321 715
321 868
321 356
321 592
322 795
322 574
322 617
322 711
323 797
323 683
323 576
323 350
323 455
323 847
323 635
323 712
324 406
324 796
324 337
324 659
324 525
325 388
325 451
325 740
326 681
326 572
326 891
327 398
327 567
327 779
327 386
327 683
327 331
328 504
328 697
328 398
328 332
328 369
328 496
329 715
329 375
330 792
330 409
330 826
330 368
331 657
331 707
331 442
331 401
332 801
332 581
332 344
333 692
334 781
334 890
334 738
335 810
335 681
335 725
336 679
336 585
336 797
336 530
337 362
337 467
338 400
338 607
338 871
339 547
339 679
339 824
339 793
340 520
340 464
340 399
340 471
340 739
341 667
341 500
341 362
342 552
342 872
343 539
343 558
343 515
344 347
344 548
345 573
345 459
345 851
345 861
346 537
346 653
346 594
346 801
347 470
348 804
348 438
348 414
349 769
349 391
349 809
349 754
349 737
350 555
350 397
351 664
351 671
351 551
351 571
351 864
352 511
352 845
352 562
352 356
353 803
353 511
353 419
353 740
354 412
354 788
354 838
355 471
355 692
355 711
355 628
356 715
356 592
357 687
357 732
358 681
358 589
359 594
359 557
359 806
359 896
359 566
360 642
360 451
360 842
361 476
362 874
362 542
363 865
363 505
364 666
364 521
364 528
365 497
366 900
366 447
366 523
366 538
367 745
367 548
367 373
367 377
368 752
368 538
369 490
369 506
370 648
370 777
370 778
370 572
370 580
370 881
370 630
371 447
371 589
371 463
371 461
371 591
372 372
372 497
372 405
373 831
373 400
373 613
373 381
374 678
374 562
374 434
374 426
375 487
375 589
375 437
375 390
376 473
376 731
376 583
376 497
377 848
377 382
378 772
378 496
379 697
379 700
379 548
379 637
380 454
380 546
380 438
380 804
380 570
381 820
381 761
382 779
382 398
382 532
382 707
382 512
383 449
383 726
384 529
384 776
384 525
385 642
385 803
385 740
385 618
386 697
386 544
386 779
386 451
386 421
387 466
387 639
387 816
388 528
388 448
388 842
389 493
389 894
389 544
389 550
389 437
390 757
390 495
391 722
391 892
391 397
391 791
392 798
392 623
392 844
392 868
393 625
393 880
393 745
393 729
393 653
394 682
394 470
394 554
394 651
394 568
394 425
395 780
395 569
395 829
395 733
395 453
396 824
396 519
396 676
396 437
397 769
397 621
397 535
398 707
398 442
398 627
398 422
398 484
399 855
399 812
399 638
399 744
399 887
399 788
399 795
400 854
400 812
401 647
401 401
401 481
401 483
402 606
402 747
402 463
402 869
403 777
403 787
403 867
404 730
404 796
404 629
404 599
404 406
405 620
405 436
406 500
406 502
406 748
407 747
407 446
407 580
407 859
408 598
408 537
408 510
408 826
409 442
409 538
409 598
410 520
410 501
410 627
410 703
410 661
410 895
411 754
411 611
411 685
412 520
412 648
412 562
413 542
413 413
413 846
413 498
414 755
414 520
414 501
414 895
415 822
415 698
415 469
416 818
416 558
416 476
417 815
417 576
417 708
418 862
418 781
418 633
418 875
419 715
419 870
420 824
420 473
420 663
421 544
421 422
421 847
422 779
422 506
422 628
422 461
423 782
423 428
423 515
424 554
424 696
424 789
424 548
425 889
425 603
425 696
425 833
426 882
426 773
426 801
426 687
426 591
426 439
427 760
427 454
428 449
429 809
429 429
429 824
429 835
430 798
430 780
430 545
430 825
431 431
431 561
432 875
432 735
432 637
433 536
433 669
433 811
433 620
433 654
433 736
433 612
433 873
433 772
434 450
434 434
434 724
434 469
435 793
435 621
436 558
436 609
436 436
436 477
436 736
437 499
437 762
438 501
438 546
438 688
438 526
438 475
439 813
439 440
439 647
440 440
440 686
441 893
441 625
441 831
441 541
441 458
442 694
442 779
443 834
443 575
444 618
444 899
444 472
445 790
445 874
446 775
446 572
447 718
447 447
448 529
448 465
448 776
449 757
449 886
450 707
450 661
450 822
451 769
452 655
452 813
452 647
453 495
453 515
454 648
454 475
455 732
456 807
456 478
456 549
456 626
456 789
457 562
457 750
457 457
458 656
458 704
459 557
459 781
459 877
460 604
460 658
460 810
461 886
461 757
462 741
462 805
462 672
463 568
463 587
464 594
465 487
466 840
466 552
467 666
467 564
467 832
467 862
467 743
467 626
468 782
468 823
468 498
469 469
469 610
470 696
470 470
470 889
470 863
471 744
472 691
472 472
472 539
472 864
472 636
473 731
474 799
474 565
474 734
475 688
475 701
477 674
477 873
477 867
478 514
478 629
478 843
478 737
479 844
479 873
480 665
480 734
480 799
480 897
481 680
481 655
482 783
482 849
482 786
482 653
483 771
483 637
484 657
484 532
484 567
485 602
485 845
485 784
486 725
486 810
486 681
487 844
488 670
488 663
488 622
488 887
489 786
489 556
489 527
490 657
490 506
490 702
491 708
491 758
492 598
492 534
492 712
492 842
493 766
494 598
494 494
494 792
494 696
495 649
495 765
496 803
496 566
496 836
496 693
497 893
497 810
498 519
499 651
499 554
500 543
500 659
500 796
500 730
501 627
501 640
502 817
502 882
503 776
503 742
504 749
504 721
504 833
505 514
505 759
506 779
506 694
506 828
506 507
507 519
507 717
508 712
508 534
509 856
509 763
510 647
510 785
511 870
511 884
512 587
512 668
512 852
513 719
513 513
513 676
513 804
513 563
514 644
514 663
514 608
515 615
515 619
516 642
516 870
516 884
516 853
516 528
516 568
517 628
517 888
517 601
517 883
518 631
518 810
518 658
519 646
519 676
520 724
521 859
521 860
521 834
521 650
522 606
522 655
522 785
523 679
523 729
524 878
524 695
524 814
524 649
524 852
525 592
525 898
526 784
526 656
526 575
527 783
527 610
528 884
528 803
529 642
529 884
529 568
529 803
530 706
530 851
530 543
530 532
530 665
530 564
530 656
531 727
531 536
532 694
532 544
532 828
533 898
533 815
533 720
534 756
534 712
534 693
534 704
535 659
535 796
536 804
536 724
538 723
538 538
539 811
539 609
539 540
539 669
540 674
540 558
540 565
541 713
541 811
541 669
541 790
542 559
542 847
542 698
543 794
544 707
544 828
544 719
545 673
545 764
545 733
545 700
546 755
546 627
546 688
546 703
547 634
547 547
547 679
547 818
547 766
548 654
548 783
549 890
549 839
549 843
550 550
550 797
551 653
551 571
551 869
551 738
552 556
552 837
552 552
552 589
552 872
553 748
553 599
554 789
555 555
555 878
555 863
556 786
556 556
557 677
557 802
557 573
558 674
558 873
559 583
559 796
560 653
560 827
560 865
560 864
561 899
561 671
562 661
563 563
564 587
565 751
565 858
565 653
565 616
566 714
566 860
566 836
567 567
567 697
568 870
569 695
569 625
569 701
569 597
570 870
570 808
570 854
570 582
571 653
571 869
572 615
573 821
573 861
573 741
574 665
574 706
574 758
574 832
574 645
575 897
575 712
576 727
577 688
577 662
577 678
578 709
578 885
578 683
579 745
580 881
580 874
581 871
581 699
581 582
582 823
582 774
583 797
583 738
584 686
584 680
584 593
585 818
585 585
586 660
586 663
586 813
587 805
587 759
588 609
588 716
589 793
589 773
590 592
592 844
593 593
593 664
593 611
593 647
593 839
594 795
594 825
595 763
595 608
597 780
597 610
599 730
599 727
600 710
601 692
601 662
603 900
603 651
604 658
605 800
606 641
607 829
607 671
607 841
608 644
608 746
608 640
608 857
610 852
611 780
612 674
612 713
612 714
613 820
613 651
614 825
614 831
615 792
616 878
616 684
616 768
617 678
617 686
617 622
618 884
618 803
619 802
619 629
619 737
620 652
620 783
621 850
622 647
622 841
623 714
623 784
624 880
624 625
624 828
624 856
625 723
626 873
626 807
627 739
629 667
629 874
630 832
630 777
631 641
631 891
632 710
632 793
633 779
633 825
636 653
636 664
636 738
637 700
637 728
638 660
638 795
638 855
638 866
638 702
639 846
639 786
640 644
640 879
640 856
640 690
641 805
641 729
641 800
641 668
642 672
642 842
643 643
643 753
643 810
644 652
645 883
645 710
646 646
646 882
647 686
647 680
648 724
648 895
649 854
650 772
650 834
651 889
651 727
654 861
654 660
654 722
655 700
655 771
655 861
655 813
657 879
658 881
659 702
660 660
660 871
660 866
661 661
661 674
662 869
662 849
662 815
663 879
663 746
664 776
664 691
664 827
665 666
665 851
666 896
666 666
666 842
667 874
667 748
667 885
668 857
669 674
669 837
670 856
670 835
671 766
671 811
672 694
672 862
673 701
673 852
673 807
673 829
674 736
675 721
675 802
675 677
675 741
675 821
676 676
677 749
677 859
677 716
678 721
679 865
679 824
679 705
679 731
680 831
681 810
682 900
684 799
684 859
685 719
686 759
687 819
688 703
689 787
689 778
690 899
691 721
691 738
692 878
693 866
693 790
693 756
695 780
695 882
696 867
697 707
698 829
699 732
700 771
701 814
702 850
703 804
703 806
704 784
704 853
705 797
705 741
706 832
706 828
708 727
709 761
709 728
710 812
711 815
711 797
711 863
712 804
714 773
714 762
715 862
716 888
717 839
718 753
718 883
719 754
720 876
721 802
721 877
722 783
722 848
723 792
723 752
723 894
726 843
726 894
727 817
728 868
730 865
730 734
731 741
731 757
732 773
733 852
733 898
734 768
735 774
735 735
736 894
737 743
738 869
739 795
740 803
741 797
741 766
742 791
743 851
743 806
744 855
746 843
747 857
748 800
750 875
750 781
751 898
752 834
753 809
753 835
754 894
754 845
755 755
757 880
758 758
758 814
760 846
762 864
763 856
764 780
764 792
765 772
767 817
768 898
769 850
770 880
770 893
770 782
772 834
774 774
775 775
776 798
777 867
777 891
778 787
778 891
782 893
782 819
783 848
783 874
784 897
786 804
786 849
788 800
788 812
789 900
789 789
790 837
790 897
791 883
793 886
794 806
794 832
795 855
797 824
797 818
798 896
799 840
799 859
801 819
802 855
802 831
802 821
808 854
808 819
809 850
814 829
816 816
817 876
820 841
821 865
822 875
826 899
827 827
830 830
833 833
835 863
836 860
836 838
840 898
844 868
858 858
859 878
865 877
867 881
889 900
