900 7996
1 347
1 737
1 344
1 332
1 1
1 107
1 705
1 92
1 828
1 589
1 392
1 766
1 464
1 436
1 900
1 517
1 313
1 446
1 704
1 585
1 85
1 480
2 157
2 468
2 605
2 796
2 731
2 101
2 477
2 350
2 788
2 620
2 286
2 757
2 84
2 658
2 206
2 268
2 20
2 45
2 124
2 494
2 628
2 892
3 898
3 748
3 267
3 818
3 229
3 745
3 3
3 752
3 703
3 126
3 520
3 495
3 827
3 825
3 283
3 309
3 55
3 581
3 591
3 476
3 710
4 74
4 125
4 492
4 860
4 195
4 575
4 640
4 682
4 131
4 328
4 712
4 601
4 496
4 611
4 552
4 279
4 448
4 104
4 375
5 257
5 642
5 220
5 24
5 5
5 403
5 201
5 202
5 73
5 850
5 750
5 878
5 15
5 493
5 21
5 669
5 210
5 853
6 525
6 274
6 791
6 260
6 781
6 814
6 803
6 407
6 50
6 114
6 614
6 724
6 574
6 652
6 174
6 136
6 795
6 546
6 607
6 506
6 485
7 28
7 801
7 129
7 644
7 639
7 777
7 849
7 420
7 604
7 318
7 633
7 577
7 127
7 706
7 119
7 159
7 71
7 738
7 241
7 90
8 387
8 612
8 617
8 218
8 115
8 76
8 208
8 740
8 8
8 459
8 621
8 94
8 438
8 318
8 526
8 32
8 163
8 868
8 359
8 885
8 399
8 731
8 315
9 339
9 501
9 93
9 18
9 28
9 465
9 801
9 398
9 77
9 636
9 341
9 631
9 760
9 9
9 405
10 513
10 773
10 98
10 183
10 340
10 10
10 81
10 895
10 410
10 385
10 505
10 735
10 371
10 380
10 547
10 861
10 235
10 881
11 588
11 106
11 367
11 11
11 845
11 181
11 549
11 646
11 747
11 810
11 708
11 500
11 449
11 661
11 270
11 542
11 837
11 842
11 860
12 144
12 780
12 311
12 49
12 422
12 798
12 154
12 12
12 867
12 673
12 440
12 243
12 30
12 687
12 421
12 431
12 570
12 616
12 888
13 514
13 390
13 884
13 13
13 326
13 248
13 491
13 396
13 360
13 99
13 233
13 46
13 228
13 460
13 155
13 361
13 645
14 130
14 262
14 265
14 299
14 444
14 42
14 119
14 681
14 504
14 490
14 800
14 674
14 151
14 161
14 143
14 291
14 44
14 686
14 762
15 257
15 878
15 669
15 24
15 202
15 403
15 363
15 853
15 599
15 73
15 26
15 210
15 850
15 65
15 70
15 30
16 259
16 89
16 95
16 150
16 249
16 817
16 187
16 857
16 357
16 678
16 209
16 730
16 880
16 756
16 650
16 836
16 725
17 561
17 713
17 378
17 552
17 146
17 473
17 466
17 871
17 295
17 170
17 523
17 555
17 454
17 843
17 639
17 293
17 685
18 264
18 398
18 486
18 741
18 93
18 255
18 302
18 717
18 501
18 381
18 164
18 636
18 247
18 876
18 28
18 801
18 886
18 631
19 805
19 641
19 518
19 655
19 656
19 324
19 540
19 19
19 301
19 197
19 406
19 153
19 345
19 646
19 689
19 188
19 859
19 365
19 890
20 268
20 286
20 101
20 20
20 350
20 620
20 373
20 658
20 494
20 157
20 796
20 477
20 678
20 45
20 731
20 124
21 470
21 642
21 403
21 850
21 220
21 833
21 624
21 70
21 363
21 750
21 201
21 199
21 878
21 229
21 669
21 73
21 599
22 165
22 391
22 138
22 140
22 675
22 647
22 618
22 401
22 232
22 113
22 877
22 173
22 851
22 534
22 621
22 423
22 112
22 502
23 234
23 839
23 102
23 393
23 23
23 272
23 148
23 408
23 573
23 562
23 650
23 192
23 848
23 508
23 285
23 435
23 305
23 451
23 723
23 356
24 257
24 403
24 202
24 201
24 210
24 199
24 599
24 833
24 26
24 642
24 878
24 363
24 578
24 853
24 220
24 624
25 426
25 113
25 388
25 266
25 366
25 529
25 715
25 120
25 383
25 382
25 649
25 224
25 445
25 226
25 69
25 539
25 587
25 353
25 372
26 642
26 599
26 403
26 210
26 199
26 202
26 630
26 220
26 853
26 850
26 70
26 750
26 107
26 73
26 201
26 878
27 663
27 664
27 654
27 58
27 100
27 172
27 792
27 306
27 710
27 288
27 321
27 177
27 764
27 471
27 173
27 37
27 826
28 398
28 886
28 405
28 486
28 465
28 302
28 801
28 741
28 501
28 164
28 77
28 247
28 341
28 636
28 832
28 214
28 664
29 134
29 653
29 275
29 789
29 535
29 728
29 122
29 759
29 47
29 105
29 308
29 169
29 83
29 29
29 33
29 51
30 603
30 780
30 667
30 798
30 333
30 160
30 867
30 888
30 616
30 421
30 570
30 734
30 49
30 673
30 422
30 311
30 440
30 243
31 284
31 672
31 545
31 290
31 680
31 442
31 204
31 409
31 178
31 39
31 623
31 595
31 35
31 841
31 81
31 806
31 679
31 695
31 63
31 749
31 885
31 175
32 524
32 387
32 208
32 526
32 438
32 359
32 76
32 362
32 459
32 617
32 885
32 297
32 218
32 555
32 163
32 36
32 94
32 612
32 734
33 139
33 653
33 275
33 535
33 169
33 759
33 83
33 122
33 308
33 767
33 728
33 637
33 51
33 127
33 47
33 481
33 105
33 108
33 587
34 133
34 894
34 217
34 583
34 239
34 65
34 34
34 193
34 57
34 369
34 207
34 733
34 174
34 382
34 162
34 429
34 175
34 439
34 87
34 554
35 409
35 545
35 841
35 284
35 749
35 290
35 672
35 679
35 39
35 698
35 178
35 63
35 671
35 595
35 391
35 204
36 387
36 524
36 297
36 208
36 362
36 868
36 115
36 94
36 621
36 459
36 76
36 163
36 885
36 583
36 438
36 740
36 617
36 876
36 728
37 654
37 664
37 288
37 443
37 554
37 471
37 88
37 58
37 592
37 764
37 792
37 321
37 100
37 206
37 710
37 608
37 638
37 675
37 112
38 143
38 404
38 825
38 829
38 815
38 123
38 457
38 509
38 807
38 424
38 808
38 38
38 198
38 529
38 809
38 430
38 304
38 64
38 348
38 619
38 627
39 284
39 672
39 290
39 461
39 204
39 178
39 698
39 679
39 63
39 595
39 671
39 545
39 264
39 623
40 390
40 137
40 536
40 537
40 155
40 233
40 514
40 228
40 635
40 396
40 668
40 248
40 884
40 491
40 472
40 326
40 361
40 883
40 745
40 544
41 258
41 413
41 797
41 418
41 374
41 593
41 456
41 582
41 41
41 711
41 427
41 185
41 307
41 581
41 683
41 687
41 72
41 254
42 800
42 291
42 262
42 119
42 765
42 686
42 130
42 265
42 875
42 161
42 444
42 151
42 879
42 722
42 44
42 238
42 762
42 740
42 714
43 609
43 314
43 352
43 69
43 325
43 441
43 578
43 613
43 156
43 718
43 816
43 493
43 835
43 179
43 100
43 869
43 103
44 262
44 152
44 800
44 161
44 674
44 291
44 238
44 130
44 875
44 299
44 765
44 762
44 228
44 444
44 490
44 119
44 504
44 891
44 793
45 268
45 373
45 384
45 124
45 494
45 788
45 605
45 658
45 350
45 101
45 286
45 757
45 482
45 84
46 135
46 396
46 536
46 537
46 884
46 668
46 326
46 883
46 625
46 514
46 361
46 46
46 660
46 233
46 635
46 332
47 139
47 527
47 275
47 535
47 548
47 169
47 481
47 653
47 122
47 108
47 862
47 47
47 308
47 83
48 167
48 551
48 168
48 719
48 300
48 303
48 634
48 354
48 852
48 855
48 336
48 643
48 184
48 90
48 490
48 458
48 78
48 873
48 882
49 765
49 667
49 160
49 421
49 422
49 431
49 798
49 349
49 570
49 243
49 49
49 864
49 734
49 888
49 254
50 652
50 525
50 781
50 528
50 274
50 407
50 803
50 676
50 244
50 546
50 563
50 574
50 814
50 51
50 724
50 614
50 506
50 472
50 240
51 134
51 139
51 527
51 535
51 548
51 637
51 567
51 862
51 767
51 481
51 728
51 596
51 108
51 589
52 171
52 830
52 59
52 751
52 870
52 512
52 692
52 482
52 732
52 455
52 52
52 79
52 54
52 65
52 190
53 662
53 779
53 271
53 804
53 550
53 755
53 606
53 896
53 844
53 460
53 182
53 186
53 729
53 709
53 523
53 700
53 194
53 330
53 463
53 474
53 91
54 661
54 277
54 60
54 732
54 79
54 54
54 692
54 109
54 512
54 273
54 830
54 190
54 591
54 572
54 366
55 520
55 283
55 309
55 229
55 126
55 824
55 846
55 581
55 488
55 55
55 754
55 818
55 853
55 827
55 703
55 576
55 591
55 476
56 418
56 643
56 167
56 296
56 551
56 168
56 300
56 303
56 458
56 697
56 852
56 634
56 719
56 250
56 731
56 184
56 336
56 602
57 175
57 565
57 439
57 65
57 819
57 507
57 733
57 894
57 369
57 162
57 96
57 584
57 429
57 241
57 87
57 897
58 663
58 664
58 554
58 306
58 792
58 88
58 592
58 321
58 608
58 100
58 471
58 177
58 692
58 638
59 273
59 661
59 889
59 692
59 870
59 751
59 236
59 60
59 222
59 370
59 499
59 277
59 79
59 332
59 572
59 830
59 190
59 455
59 109
60 277
60 572
60 870
60 661
60 692
60 830
60 190
60 732
60 499
60 222
60 482
60 887
60 760
60 236
60 889
60 512
61 131
61 132
61 375
61 195
61 206
61 492
61 712
61 496
61 860
61 682
61 279
61 575
61 611
61 104
61 596
61 328
62 644
62 777
62 420
62 696
62 62
62 639
62 211
62 129
62 706
62 241
62 159
62 516
62 738
62 762
62 577
62 71
62 127
63 409
63 671
63 672
63 806
63 680
63 695
63 442
63 698
63 679
63 841
63 63
63 749
64 677
64 809
64 627
64 437
64 829
64 619
64 457
64 424
64 304
64 64
64 561
64 198
64 519
64 509
65 670
65 162
65 429
65 174
65 819
65 565
65 439
65 65
65 858
65 584
65 894
65 847
65 193
65 369
66 861
66 776
66 552
66 685
66 466
66 843
66 337
66 555
66 510
66 473
66 66
66 221
66 170
66 545
66 603
66 128
67 784
67 281
67 158
67 559
67 699
67 319
67 414
67 118
67 753
67 707
67 379
67 659
67 426
67 294
67 254
67 397
68 778
68 278
68 280
68 665
68 805
68 811
68 433
68 142
68 571
68 68
68 223
68 832
68 722
68 816
68 203
68 716
68 467
68 548
69 441
69 314
69 835
69 325
69 315
69 156
69 298
69 897
69 718
69 869
69 736
69 493
69 812
69 893
69 609
70 669
70 199
70 403
70 220
70 878
70 70
70 599
70 850
70 642
70 73
70 591
71 129
71 516
71 644
71 777
71 159
71 696
71 577
71 706
71 866
71 633
71 629
71 351
71 441
71 738
71 127
71 372
72 865
72 258
72 797
72 418
72 427
72 687
72 307
72 820
72 711
72 470
72 185
72 683
72 180
72 876
72 456
72 593
72 343
72 374
73 257
73 199
73 750
73 850
73 210
73 363
73 202
73 403
73 220
73 702
73 88
74 575
74 448
74 328
74 368
74 206
74 132
74 116
74 492
74 195
74 74
74 496
74 611
74 857
74 601
74 860
74 104
74 303
75 402
75 532
75 662
75 790
75 794
75 688
75 714
75 702
75 543
75 783
75 485
75 666
75 660
75 289
75 342
75 227
75 253
75 763
75 844
75 639
76 387
76 524
76 526
76 163
76 459
76 438
76 868
76 218
76 94
76 617
76 885
76 576
76 208
76 612
76 115
76 706
77 429
77 398
77 405
77 264
77 501
77 801
77 717
77 302
77 381
77 741
77 631
77 886
77 813
77 341
77 760
78 643
78 657
78 296
78 551
78 300
78 303
78 184
78 697
78 90
78 458
78 855
78 882
78 78
78 719
78 873
78 634
79 273
79 661
79 277
79 692
79 572
79 830
79 190
79 482
79 870
79 512
79 222
79 768
79 109
79 751
80 430
80 811
80 780
80 154
80 667
80 798
80 160
80 673
80 292
80 440
80 333
80 254
80 421
80 570
80 300
80 867
80 243
81 513
81 385
81 773
81 547
81 568
81 831
81 727
81 98
81 505
81 726
81 735
81 371
81 201
81 97
82 294
82 280
82 566
82 571
82 196
82 203
82 467
82 742
82 778
82 665
82 142
82 799
82 722
82 278
82 774
82 223
82 747
83 653
83 535
83 108
83 527
83 759
83 728
83 548
83 139
83 767
83 275
83 308
83 175
83 105
84 668
84 658
84 788
84 157
84 84
84 892
84 286
84 373
84 268
84 350
84 758
84 850
84 101
84 620
84 231
84 573
85 900
85 313
85 212
85 392
85 589
85 85
85 737
85 585
85 344
85 766
85 480
85 240
85 328
86 784
86 426
86 434
86 329
86 205
86 319
86 414
86 721
86 158
86 377
86 659
86 281
86 294
86 118
86 541
86 854
87 670
87 162
87 429
87 174
87 565
87 439
87 193
87 858
87 369
87 584
87 507
87 175
87 436
87 239
88 688
88 886
88 510
88 667
88 664
88 554
88 172
88 306
88 826
88 580
88 592
88 443
88 638
89 259
89 645
89 553
89 187
89 834
89 857
89 95
89 880
89 209
89 150
89 357
89 769
89 245
89 415
89 478
89 249
90 511
90 643
90 657
90 167
90 296
90 168
90 697
90 719
90 336
90 184
90 90
90 250
90 882
91 779
91 271
91 804
91 550
91 171
91 182
91 700
91 334
91 463
91 720
91 474
91 186
91 460
91 668
91 606
91 744
92 221
92 392
92 313
92 828
92 704
92 705
92 589
92 464
92 344
92 766
92 746
92 446
92 517
92 236
92 480
93 121
93 635
93 530
93 405
93 801
93 302
93 717
93 341
93 164
93 381
93 255
93 465
93 605
93 886
93 631
93 247
93 636
93 834
94 526
94 163
94 297
94 438
94 459
94 208
94 218
94 885
94 94
94 147
94 868
94 740
94 362
94 876
94 621
94 226
95 335
95 769
95 259
95 645
95 678
95 817
95 836
95 478
95 770
95 357
95 187
95 725
95 203
95 230
95 880
95 756
95 249
96 721
96 162
96 819
96 193
96 583
96 584
96 217
96 858
96 429
96 369
96 894
96 239
96 439
96 253
96 507
96 809
96 717
96 367
97 385
97 773
97 183
97 505
97 371
97 861
97 235
97 739
97 513
97 568
97 410
97 727
97 97
97 881
97 895
98 513
98 385
98 773
98 547
98 831
98 340
98 727
98 856
98 861
98 726
98 568
98 98
98 881
98 246
98 895
99 514
99 396
99 536
99 155
99 491
99 883
99 625
99 248
99 137
99 884
99 326
99 135
99 537
99 636
99 228
99 768
100 663
100 664
100 172
100 428
100 306
100 580
100 592
100 792
100 288
100 654
100 823
101 268
101 658
101 788
101 157
101 286
101 468
101 731
101 477
101 892
101 494
101 609
101 757
101 373
101 384
102 498
102 369
102 650
102 272
102 556
102 562
102 305
102 192
102 610
102 356
102 723
102 863
102 573
102 489
103 474
103 156
103 812
103 298
103 315
103 342
103 609
103 325
103 835
103 899
103 897
103 493
103 613
103 593
104 131
104 682
104 195
104 712
104 328
104 206
104 860
104 496
104 145
104 575
104 640
104 670
104 375
105 155
105 134
105 139
105 789
105 535
105 548
105 567
105 862
105 728
105 122
105 527
105 708
105 108
106 646
106 519
106 269
106 270
106 549
106 176
106 181
106 708
106 840
106 842
106 588
106 367
106 214
106 410
106 357
107 755
107 900
107 392
107 446
107 705
107 332
107 480
107 746
107 704
107 598
107 212
107 766
107 639
108 653
108 527
108 275
108 169
108 728
108 139
108 759
108 535
108 767
108 339
109 566
109 277
109 830
109 190
109 482
109 512
109 370
109 222
109 661
109 499
109 273
109 168
109 751
110 760
110 649
110 266
110 529
110 587
110 224
110 225
110 743
110 366
110 353
110 237
110 539
110 383
110 110
111 648
111 521
111 560
111 822
111 322
111 590
111 594
111 216
111 358
111 515
111 586
111 626
111 694
111 376
111 585
112 881
112 647
112 391
112 141
112 531
112 534
112 851
112 618
112 138
112 173
112 675
112 232
112 596
113 601
113 391
113 140
113 401
113 534
113 675
113 851
113 596
113 618
113 251
113 423
113 544
113 647
113 632
114 136
114 652
114 781
114 528
114 785
114 546
114 676
114 407
114 244
114 274
114 814
114 724
114 607
114 331
114 506
114 564
115 387
115 524
115 526
115 438
115 208
115 218
115 362
115 617
115 740
115 876
115 612
115 657
115 256
115 797
116 384
116 132
116 682
116 448
116 712
116 328
116 860
116 611
116 601
116 375
116 279
116 116
116 396
116 125
117 460
117 776
117 293
117 295
117 552
117 454
117 337
117 466
117 221
117 128
117 685
117 170
117 555
117 473
117 578
118 784
118 158
118 414
118 294
118 426
118 559
118 434
118 329
118 483
118 707
118 659
118 319
118 826
118 704
119 130
119 262
119 265
119 151
119 152
119 161
119 674
119 879
119 686
119 765
119 119
119 762
120 388
120 774
120 266
120 715
120 237
120 539
120 587
120 743
120 366
120 355
120 802
120 120
120 767
121 409
121 284
121 290
121 806
121 695
121 841
121 461
121 595
121 623
121 749
121 442
121 121
121 545
122 535
122 728
122 308
122 862
122 567
122 481
122 527
122 759
122 637
122 139
122 248
123 670
123 143
123 404
123 437
123 825
123 335
123 619
123 561
123 691
123 807
123 509
123 198
123 348
123 256
124 658
124 796
124 157
124 286
124 468
124 477
124 628
124 268
124 731
124 757
124 124
124 494
124 384
125 568
125 131
125 145
125 279
125 682
125 448
125 195
125 206
125 611
125 496
125 368
125 375
125 135
126 898
126 394
126 267
126 309
126 824
126 827
126 229
126 488
126 745
126 748
126 283
126 126
127 518
127 516
127 149
127 420
127 866
127 159
127 777
127 738
127 351
127 129
127 236
127 639
127 250
128 523
128 293
128 170
128 555
128 454
128 337
128 466
128 871
128 378
128 713
128 146
128 200
128 208
129 777
129 318
129 866
129 604
129 849
129 159
129 149
129 696
129 129
129 420
129 629
129 439
129 706
129 211
130 504
130 262
130 686
130 674
130 681
130 151
130 161
130 765
130 299
130 130
130 238
130 229
130 265
130 800
131 652
131 368
131 206
131 448
131 496
131 611
131 640
131 575
131 145
131 601
131 131
131 132
131 279
131 712
131 863
131 598
132 841
132 640
132 328
132 601
132 375
132 279
132 448
132 611
132 492
132 682
132 368
132 395
132 145
132 712
133 238
133 193
133 565
133 217
133 239
133 429
133 819
133 583
133 175
133 670
133 733
133 133
133 384
133 162
133 584
133 858
133 507
134 308
134 481
134 789
134 134
134 548
134 139
134 637
134 567
134 169
134 767
134 863
134 275
134 535
134 728
134 862
134 759
135 390
135 883
135 137
135 514
135 228
135 536
135 635
135 360
135 491
135 396
135 135
135 248
135 704
135 790
136 260
136 528
136 803
136 676
136 546
136 724
136 244
136 791
136 814
136 136
136 574
136 176
136 652
136 525
136 274
136 614
136 604
137 390
137 248
137 625
137 396
137 491
137 668
137 768
137 360
137 155
137 884
137 635
137 361
137 778
137 537
137 296
138 162
138 453
138 675
138 531
138 251
138 423
138 140
138 503
138 401
138 647
138 141
138 232
138 618
138 786
138 534
138 851
138 596
138 502
138 761
139 653
139 567
139 308
139 548
139 637
139 862
139 139
139 527
139 604
139 535
139 728
139 759
140 647
140 503
140 251
140 877
140 531
140 232
140 596
140 140
140 391
140 618
140 900
140 141
140 401
140 544
140 851
140 632
141 632
141 675
141 596
141 391
141 877
141 173
141 618
141 531
141 232
141 534
141 851
141 498
141 423
141 761
142 196
142 191
142 203
142 278
142 280
142 665
142 412
142 742
142 566
142 778
142 716
142 433
142 832
142 571
142 623
142 811
142 223
143 248
143 627
143 815
143 808
143 677
143 561
143 335
143 509
143 404
143 807
143 348
143 773
143 809
143 424
143 430
143 691
143 437
143 825
143 198
143 619
144 646
144 519
144 269
144 270
144 549
144 747
144 181
144 840
144 708
144 144
144 588
144 810
144 231
144 542
144 176
144 214
145 376
145 640
145 448
145 368
145 195
145 496
145 860
145 492
145 206
145 375
145 601
145 410
145 279
145 575
145 328
145 428
146 776
146 200
146 293
146 843
146 510
146 170
146 295
146 337
146 603
146 454
146 466
146 871
146 713
146 852
146 685
146 378
147 775
147 522
147 397
147 399
147 425
147 320
147 219
147 793
147 497
147 564
147 417
147 147
147 197
147 276
147 282
147 331
148 771
148 393
148 650
148 272
148 436
148 234
148 511
148 573
148 562
148 848
148 305
148 408
148 556
148 435
148 195
148 285
148 451
148 723
148 356
149 516
149 644
149 777
149 241
149 866
149 604
149 351
149 577
149 696
149 149
149 159
149 769
149 318
149 849
149 738
149 633
149 715
150 684
150 769
150 259
150 834
150 756
150 357
150 553
150 478
150 245
150 836
150 209
150 730
150 230
150 702
150 187
150 857
151 262
151 265
151 879
151 161
151 490
151 151
151 681
151 444
151 238
151 686
151 845
151 152
151 674
151 299
151 875
151 504
151 762
151 891
151 883
152 265
152 762
152 891
152 161
152 504
152 262
152 800
152 686
152 875
152 444
152 152
152 291
153 641
153 518
153 655
153 406
153 690
153 859
153 453
153 872
153 153
153 558
153 890
153 324
153 323
153 540
153 345
154 160
154 673
154 292
154 667
154 422
154 154
154 254
154 421
154 734
154 311
154 333
154 858
154 349
155 514
155 390
155 396
155 884
155 326
155 248
155 537
155 768
155 635
155 668
155 233
155 625
155 883
156 216
156 899
156 352
156 508
156 718
156 315
156 897
156 342
156 493
156 179
156 298
156 325
156 609
156 798
156 812
156 816
156 314
156 835
156 613
157 268
157 758
157 757
157 731
157 796
157 350
157 605
157 620
157 628
157 711
157 286
157 494
158 784
158 659
158 281
158 379
158 426
158 294
158 707
158 434
158 205
158 498
158 319
158 559
158 732
158 414
158 699
158 329
158 483
158 703
159 644
159 633
159 706
159 604
159 696
159 159
159 866
159 351
159 241
159 641
159 318
159 849
159 602
160 667
160 570
160 421
160 616
160 333
160 440
160 780
160 734
160 243
160 349
160 525
160 673
160 292
160 422
160 431
160 867
160 869
161 262
161 265
161 681
161 891
161 504
161 490
161 762
161 238
161 639
161 674
161 256
161 321
162 670
162 239
162 369
162 175
162 174
162 894
162 507
162 439
162 583
162 584
162 207
162 217
163 524
163 218
163 297
163 256
163 876
163 163
163 740
163 612
163 617
163 534
163 459
164 264
164 398
164 530
164 501
164 760
164 247
164 717
164 631
164 302
164 465
164 255
164 886
164 571
164 341
164 741
164 636
165 742
165 258
165 772
165 413
165 797
165 418
165 456
165 820
165 683
165 470
165 374
165 475
165 744
165 307
165 687
165 582
165 847
165 343
166 386
166 261
166 538
166 411
166 415
166 569
166 452
166 339
166 317
166 432
166 684
166 215
166 416
166 166
166 310
166 693
166 526
166 530
166 365
166 871
167 184
167 882
167 168
167 634
167 643
167 336
167 551
167 602
167 855
167 303
167 250
167 731
167 300
167 458
167 873
168 582
168 643
168 551
168 184
168 873
168 852
168 882
168 168
168 224
168 719
168 336
168 602
168 354
168 634
169 787
169 653
169 527
169 789
169 548
169 767
169 759
169 308
169 275
169 833
170 776
170 523
170 552
170 200
170 510
170 295
170 293
170 555
170 378
170 466
170 685
170 502
170 843
170 603
170 221
171 779
171 533
171 460
171 896
171 755
171 271
171 171
171 606
171 474
171 804
171 550
171 463
171 844
171 334
172 654
172 663
172 554
172 177
172 428
172 288
172 172
172 608
172 710
172 664
172 569
172 638
173 647
173 391
173 401
173 534
173 544
173 675
173 423
173 618
173 877
173 232
173 503
173 583
173 851
173 761
174 733
174 819
174 670
174 217
174 439
174 429
174 894
174 239
174 369
174 549
174 565
174 193
174 583
174 207
175 175
175 217
175 584
175 369
175 583
175 507
175 733
175 670
175 565
175 819
175 439
175 572
176 348
176 646
176 542
176 549
176 181
176 176
176 840
176 449
176 837
176 500
176 180
176 708
176 845
176 214
176 231
176 747
176 367
177 607
177 331
177 804
177 792
177 288
177 428
177 321
177 306
177 826
177 608
177 663
177 177
177 443
177 580
177 471
178 284
178 672
178 679
178 461
178 600
178 698
178 178
178 680
178 695
178 545
178 186
178 623
179 407
179 626
179 191
179 897
179 812
179 298
179 179
179 508
179 613
179 441
179 718
179 353
179 315
179 578
179 835
179 342
179 212
180 772
180 418
180 683
180 427
180 687
180 820
180 185
180 711
180 470
180 307
180 343
180 847
180 744
180 197
180 750
181 641
181 519
181 269
181 786
181 549
181 842
181 214
181 646
181 845
181 840
181 533
181 449
181 708
181 367
182 895
182 271
182 550
182 533
182 606
182 779
182 460
182 804
182 813
182 700
182 186
182 194
182 619
182 330
182 844
182 720
182 729
182 798
183 513
183 385
183 547
183 568
183 340
183 371
183 246
183 739
183 856
183 735
183 773
183 505
183 762
183 831
183 726
183 235
183 881
184 643
184 296
184 300
184 336
184 852
184 458
184 250
184 184
184 236
184 354
184 634
185 438
185 402
185 258
185 772
185 413
185 797
185 683
185 687
185 820
185 470
185 475
185 711
185 574
185 582
185 593
185 374
186 360
186 702
186 271
186 533
186 804
186 550
186 186
186 896
186 709
186 606
186 899
186 700
186 194
186 844
186 334
186 755
187 770
187 725
187 187
187 834
187 730
187 230
187 478
187 357
187 209
187 857
187 889
188 641
188 540
188 690
188 188
188 655
188 838
188 656
188 558
188 864
188 859
188 447
188 301
188 253
188 324
188 453
189 783
189 402
189 660
189 532
189 790
189 666
189 714
189 543
189 579
189 702
189 227
189 472
189 893
189 794
189 299
189 450
189 302
189 473
189 378
189 855
190 661
190 692
190 572
190 732
190 889
190 512
190 370
190 870
190 652
190 222
190 499
190 887
191 778
191 278
191 665
191 799
191 571
191 380
191 191
191 566
191 811
191 196
191 865
191 805
191 467
192 408
192 436
192 573
192 839
192 451
192 610
192 771
192 192
192 234
192 272
192 435
192 418
192 511
193 439
193 217
193 894
193 507
193 584
193 858
193 239
193 819
193 200
193 583
193 207
193 733
194 875
194 533
194 550
194 813
194 720
194 194
194 700
194 460
194 606
194 474
194 298
194 709
194 330
195 279
195 682
195 575
195 492
195 448
195 328
195 601
195 860
195 368
195 684
195 206
195 375
195 640
195 577
196 280
196 665
196 412
196 799
196 805
196 811
196 433
196 571
196 380
196 716
196 566
196 699
197 641
197 518
197 406
197 301
197 558
197 689
197 447
197 324
197 453
197 838
197 864
197 690
197 351
197 345
197 346
197 365
197 890
197 880
198 677
198 304
198 825
198 691
198 809
198 808
198 829
198 627
198 404
198 437
198 348
198 231
198 335
198 799
199 803
199 773
199 856
199 732
199 642
199 210
199 363
199 257
199 220
199 715
199 850
199 599
199 750
200 324
200 523
200 293
200 510
200 221
200 454
200 552
200 843
200 713
200 871
200 473
200 621
201 210
201 403
201 630
201 669
201 850
201 257
201 853
201 750
201 833
201 427
201 599
201 220
201 624
202 412
202 403
202 630
202 642
202 202
202 833
202 257
202 210
202 241
202 853
202 220
202 363
203 778
203 412
203 805
203 665
203 811
203 832
203 865
203 223
203 380
203 722
203 799
203 594
204 284
204 545
204 806
204 679
204 695
204 841
204 595
204 442
204 204
204 409
204 685
204 461
204 600
204 555
205 414
205 426
205 319
205 434
205 205
205 281
205 329
205 753
205 498
205 699
205 784
205 336
205 721
205 854
205 483
205 379
206 279
206 682
206 575
206 712
206 860
206 640
206 463
206 496
207 565
207 439
207 584
207 507
207 207
207 733
207 583
207 239
207 894
207 498
207 517
208 524
208 297
208 218
208 208
208 526
208 740
208 617
208 458
208 876
208 621
209 770
209 259
209 645
209 553
209 836
209 756
209 245
209 725
209 249
209 880
209 478
209 465
210 257
210 403
210 669
210 833
210 750
210 850
210 556
210 853
210 624
210 630
211 644
211 420
211 318
211 577
211 706
211 849
211 633
211 777
211 604
211 516
211 351
211 696
211 422
211 629
212 900
212 446
212 705
212 585
212 332
212 212
212 828
212 480
212 766
212 598
212 737
212 316
213 775
213 522
213 395
213 400
213 276
213 282
213 417
213 425
213 242
213 219
213 399
213 564
213 462
213 320
213 470
214 646
214 269
214 270
214 810
214 449
214 837
214 231
214 500
214 840
214 549
214 367
215 538
215 411
215 415
215 287
215 821
215 310
215 693
215 419
215 416
215 452
215 432
215 261
215 541
215 832
215 778
215 716
216 648
216 521
216 651
216 694
216 822
216 322
216 469
216 782
216 347
216 557
216 560
216 586
216 515
216 479
216 358
217 387
217 670
217 819
217 584
217 429
217 217
217 413
217 507
218 524
218 526
218 297
218 359
218 885
218 256
218 740
218 543
218 621
219 775
219 522
219 399
219 787
219 276
219 793
219 282
219 564
219 462
219 397
219 331
219 425
219 453
220 825
220 257
220 669
220 642
220 833
220 285
220 363
220 878
220 624
220 630
221 523
221 293
221 295
221 552
221 454
221 466
221 603
221 685
221 713
221 871
221 510
222 565
222 777
222 273
222 661
222 692
222 572
222 830
222 277
222 236
222 482
222 876
222 751
223 665
223 412
223 799
223 805
223 433
223 566
223 832
223 722
223 467
223 223
223 865
223 593
224 388
224 389
224 445
224 715
224 226
224 224
224 353
224 743
224 802
224 237
224 467
224 225
224 372
224 382
224 383
225 842
225 388
225 389
225 774
225 266
225 529
225 802
225 445
225 353
225 355
225 225
225 502
225 237
225 366
226 733
226 758
226 769
226 388
226 649
226 529
226 715
226 587
226 226
226 383
226 389
226 237
226 366
226 372
227 434
227 402
227 660
227 532
227 790
227 543
227 289
227 702
227 450
227 597
227 763
227 253
227 815
227 485
228 390
228 536
228 668
228 248
228 883
228 396
228 768
228 491
228 360
228 249
228 233
229 898
229 394
229 283
229 827
229 703
229 824
229 520
229 752
229 754
229 267
229 629
229 748
229 887
229 705
229 746
230 770
230 645
230 678
230 817
230 834
230 769
230 730
230 857
230 836
230 756
230 230
230 249
231 519
231 786
231 708
231 549
231 449
231 231
231 837
231 845
231 367
231 500
232 788
232 391
232 675
232 401
232 544
232 531
232 632
232 761
232 647
232 357
232 618
232 877
233 514
233 390
233 396
233 536
233 537
233 668
233 361
233 491
233 326
233 435
233 248
233 635
233 768
233 431
234 771
234 839
234 863
234 356
234 436
234 408
234 573
234 511
234 234
234 556
234 317
235 410
235 547
235 340
235 861
235 505
235 246
235 568
235 895
235 856
235 235
235 656
235 585
236 692
236 572
236 455
236 830
236 277
236 236
236 512
236 370
236 870
236 462
236 499
237 388
237 389
237 715
237 353
237 774
237 802
237 587
237 237
237 266
237 253
237 372
237 382
238 262
238 800
238 291
238 681
238 686
238 238
238 879
238 762
238 252
238 393
239 429
239 565
239 439
239 858
239 733
239 670
239 520
239 830
239 316
240 900
240 517
240 313
240 828
240 585
240 589
240 344
240 480
240 737
240 746
240 705
240 704
240 464
241 516
241 644
241 318
241 706
241 604
241 629
241 777
241 738
241 241
241 633
241 639
242 775
242 522
242 395
242 399
242 787
242 793
242 425
242 462
242 338
242 487
242 331
242 276
242 497
242 343
242 422
243 292
243 440
243 616
243 888
243 333
243 422
243 798
243 667
243 254
243 801
244 525
244 781
244 528
244 785
244 274
244 676
244 574
244 724
244 607
244 791
244 614
244 627
245 691
245 769
245 770
245 259
245 645
245 678
245 834
245 836
245 730
245 817
245 725
245 355
246 513
246 773
246 831
246 856
246 735
246 739
246 371
246 340
246 505
246 547
246 861
246 445
246 673
247 507
247 264
247 717
247 341
247 760
247 247
247 501
247 631
247 486
247 725
247 255
248 537
248 361
248 491
248 625
248 390
248 883
248 635
248 768
249 770
249 645
249 817
249 834
249 357
249 857
249 259
249 880
249 497
250 657
250 719
250 852
250 250
250 296
250 300
250 303
250 634
250 882
251 391
251 401
251 544
251 423
251 618
251 632
251 534
251 761
251 647
251 596
251 502
251 523
252 515
252 648
252 521
252 782
252 560
252 694
252 590
252 347
252 364
252 557
252 376
252 651
252 586
252 822
253 660
253 790
253 543
253 289
253 450
253 579
253 472
253 485
253 489
253 893
253 402
253 823
254 673
254 292
254 431
254 311
254 867
254 421
254 440
254 798
254 667
255 749
255 264
255 398
255 405
255 302
255 717
255 741
255 886
255 636
255 381
255 872
256 526
256 438
256 868
256 612
256 359
256 524
256 387
256 885
256 876
256 459
256 621
256 576
256 338
257 878
257 750
257 669
257 624
257 363
257 833
257 850
257 257
257 642
257 853
258 374
258 413
258 593
258 582
258 683
258 456
258 427
258 470
258 744
258 711
258 737
258 772
258 687
258 307
258 820
258 847
258 343
259 769
259 834
259 725
259 478
259 678
259 817
259 645
259 857
259 476
259 836
259 880
259 792
260 814
260 528
260 407
260 785
260 260
260 274
260 525
260 781
260 724
260 676
260 546
260 563
260 442
260 791
260 803
260 607
260 614
261 386
261 452
261 287
261 484
261 693
261 327
261 541
261 415
261 821
261 339
261 416
261 432
261 684
261 455
261 538
261 419
261 310
261 312
261 569
261 317
261 701
261 588
262 800
262 879
262 299
262 504
262 765
262 686
262 490
262 661
262 674
262 291
262 444
262 875
262 762
263 521
263 615
263 557
263 347
263 594
263 515
263 364
263 590
263 322
263 822
263 651
263 586
263 648
263 263
263 782
263 560
263 469
263 479
263 853
263 570
264 465
264 717
264 264
264 801
264 405
264 486
264 530
264 760
264 407
264 398
264 302
264 501
265 875
265 299
265 504
265 291
265 891
265 490
265 765
265 681
265 479
265 800
265 674
265 686
265 444
265 879
265 450
266 609
266 774
266 383
266 539
266 366
266 715
266 445
266 649
266 389
266 802
266 601
266 587
266 353
266 743
267 267
267 476
267 283
267 898
267 488
267 581
267 495
267 818
267 591
267 824
267 309
267 518
267 827
267 576
267 748
267 752
267 754
267 496
267 723
268 394
268 477
268 628
268 373
268 788
268 620
268 892
268 605
268 731
268 851
268 796
268 286
268 468
268 384
269 646
269 845
269 449
269 747
269 270
269 786
269 500
269 367
269 269
269 582
269 542
269 810
269 840
269 842
269 588
269 363
270 500
270 842
270 449
270 549
270 588
270 646
270 542
270 270
270 618
270 786
270 708
270 837
270 367
270 833
271 807
271 460
271 271
271 729
271 474
271 896
271 700
271 779
271 813
271 603
271 709
271 334
271 463
271 720
272 650
272 848
272 451
272 839
272 393
272 511
272 573
272 285
272 562
272 305
272 723
272 610
272 727
272 556
272 435
272 436
272 356
273 815
273 482
273 512
273 889
273 273
273 499
273 692
273 732
273 455
273 830
273 387
273 887
274 525
274 781
274 814
274 607
274 785
274 274
274 803
274 528
274 798
274 563
274 574
274 614
274 679
274 851
275 527
275 759
275 728
275 308
275 653
275 767
275 567
275 535
275 637
275 889
275 789
275 481
276 515
276 491
276 397
276 399
276 400
276 487
276 775
276 564
276 395
276 338
276 276
276 282
276 823
276 331
276 462
277 782
277 887
277 751
277 512
277 870
277 661
277 692
277 277
277 370
277 430
277 732
277 482
277 499
278 865
278 380
278 742
278 716
278 566
278 722
278 278
278 778
278 805
278 280
278 504
278 412
278 799
278 811
278 832
279 891
279 763
279 279
279 496
279 682
279 492
279 516
279 712
279 328
279 601
279 375
279 640
279 552
280 832
280 412
280 799
280 722
280 467
280 811
280 865
280 380
280 280
281 699
281 414
281 319
281 874
281 434
281 294
281 498
281 707
281 753
281 377
281 329
281 559
281 317
281 721
281 483
282 395
282 397
282 399
282 400
282 497
282 622
282 823
282 793
282 564
282 462
282 321
282 417
282 425
283 898
283 827
283 703
283 745
283 495
283 818
283 394
283 748
283 309
283 581
283 558
283 576
283 754
284 698
284 409
284 806
284 290
284 623
284 679
284 680
284 672
284 671
284 890
284 695
284 841
284 749
284 748
285 556
285 573
285 562
285 863
285 436
285 848
285 285
285 305
285 511
285 435
285 349
286 788
286 658
286 494
286 796
286 628
286 605
286 286
286 413
286 468
286 731
286 350
286 757
286 758
286 384
287 538
287 411
287 415
287 701
287 541
287 310
287 484
287 327
287 416
287 312
287 432
287 287
287 419
287 684
287 693
287 569
287 323
287 452
287 339
288 654
288 664
288 792
288 580
288 443
288 710
288 764
288 592
288 826
288 321
288 306
288 786
288 428
288 471
289 783
289 402
289 660
289 532
289 662
289 790
289 794
289 543
289 450
289 893
289 714
289 597
289 624
289 489
289 763
290 671
290 695
290 749
290 290
290 623
290 442
290 545
290 680
290 409
290 361
290 806
290 698
290 461
291 674
291 765
291 444
291 490
291 762
291 879
291 800
291 747
291 299
291 875
291 522
292 822
292 667
292 888
292 780
292 570
292 311
292 333
292 349
292 673
292 605
292 421
292 422
292 431
292 440
292 867
293 538
293 523
293 295
293 555
293 843
293 337
293 510
293 466
293 784
293 685
293 454
293 713
293 473
293 603
293 343
293 441
294 784
294 414
294 559
294 434
294 874
294 753
294 294
294 426
294 377
294 707
294 379
295 776
295 713
295 466
295 378
295 871
295 454
295 603
295 685
295 555
295 891
295 337
295 510
296 627
296 657
296 852
296 643
296 300
296 551
296 354
296 602
296 336
296 634
296 303
296 697
297 387
297 524
297 868
297 617
297 526
297 740
297 297
297 754
297 612
297 362
298 709
298 897
298 899
298 812
298 325
298 835
298 314
298 298
298 315
298 787
298 816
298 578
298 869
299 724
299 800
299 681
299 875
299 891
299 299
299 765
299 333
299 444
299 665
300 657
300 458
300 551
300 855
300 354
300 719
300 873
300 602
300 528
300 303
300 697
300 882
301 518
301 656
301 540
301 447
301 838
301 406
301 890
301 346
301 689
301 864
301 324
301 859
301 544
301 558
301 690
301 453
301 345
302 528
302 625
302 530
302 405
302 801
302 717
302 302
302 341
302 741
302 486
303 551
303 643
303 855
303 657
303 882
303 303
303 602
303 354
303 873
304 404
304 809
304 424
304 430
304 815
304 348
304 691
304 561
304 619
304 457
304 627
304 437
304 706
304 825
304 509
304 638
305 771
305 650
305 408
305 451
305 863
305 556
305 848
305 723
305 435
305 523
305 610
306 664
306 792
306 428
306 608
306 663
306 592
306 443
306 710
306 426
306 826
306 321
306 638
307 772
307 413
307 418
307 687
307 847
307 307
307 582
307 744
307 683
307 557
307 711
307 593
307 343
307 374
308 762
308 653
308 789
308 548
308 767
308 527
308 481
308 794
308 567
309 876
309 394
309 818
309 476
309 846
309 748
309 824
309 520
309 495
309 316
309 827
309 591
309 754
310 411
310 415
310 419
310 821
310 432
310 317
310 452
310 310
310 416
310 478
310 312
310 701
310 323
310 327
311 898
311 780
311 422
311 616
311 734
311 311
311 673
311 667
311 782
311 570
311 867
311 888
312 538
312 411
312 541
312 415
312 419
312 386
312 701
312 452
312 323
312 327
312 821
312 449
312 484
312 611
313 900
313 517
313 392
313 316
313 589
313 464
313 344
313 766
313 598
313 828
313 334
313 704
313 705
313 585
313 480
313 746
314 897
314 812
314 441
314 342
314 736
314 314
314 493
314 508
314 325
314 692
314 835
314 869
315 562
315 812
315 508
315 736
315 718
315 899
315 835
315 315
315 609
315 578
315 325
315 352
316 759
316 517
316 828
316 332
316 766
316 464
316 746
316 737
316 598
316 316
316 704
316 344
317 386
317 411
317 541
317 415
317 684
317 821
317 693
317 569
317 538
317 419
317 452
317 692
317 484
317 537
318 420
318 696
318 738
318 577
318 629
318 318
318 750
318 849
318 604
319 784
319 659
319 414
319 426
319 329
319 753
319 721
319 483
319 498
319 559
319 777
319 385
319 606
320 397
320 793
320 425
320 564
320 823
320 487
320 497
320 775
320 417
320 787
320 338
320 399
320 462
320 798
320 622
320 535
320 551
321 654
321 663
321 792
321 554
321 428
321 443
321 608
321 580
321 592
321 471
322 782
322 822
322 626
322 590
322 479
322 694
322 469
322 586
322 521
322 364
322 322
322 594
322 615
322 376
322 726
323 386
323 415
323 684
323 419
323 432
323 452
323 541
323 538
323 339
323 569
323 693
323 819
323 380
324 641
324 656
324 406
324 540
324 689
324 447
324 655
324 864
324 872
324 890
325 408
325 899
325 441
325 578
325 869
325 325
325 493
325 824
326 514
326 390
326 396
326 536
326 668
326 491
326 326
326 625
326 360
326 532
326 884
326 647
327 538
327 541
327 416
327 684
327 821
327 693
327 411
327 339
327 415
327 432
327 726
328 575
328 448
328 712
328 375
328 492
328 654
328 611
329 784
329 659
329 434
329 699
329 707
329 874
329 854
329 721
329 379
329 540
329 377
330 452
330 533
330 700
330 709
330 550
330 606
330 334
330 896
330 720
330 844
330 460
330 776
330 463
330 391
331 775
331 397
331 399
331 417
331 823
331 522
331 787
331 331
331 487
331 622
331 440
332 517
332 828
332 446
332 585
332 332
332 589
332 746
332 464
332 480
332 737
333 780
333 798
333 673
333 422
333 431
333 440
333 349
333 888
333 846
334 779
334 533
334 813
334 700
334 844
334 606
334 460
334 804
334 474
334 421
335 809
335 424
335 815
335 691
335 829
335 348
335 437
335 677
335 825
335 627
335 457
335 619
335 509
336 657
336 697
336 719
336 458
336 852
336 855
336 728
336 882
337 781
337 685
337 454
337 843
337 378
337 552
337 523
337 603
337 427
338 787
338 793
338 425
338 564
338 462
338 823
338 497
338 487
338 622
338 522
338 400
338 597
339 386
339 411
339 541
339 419
339 432
339 821
339 569
339 693
339 484
339 711
340 513
340 371
340 410
340 547
340 727
340 856
340 385
340 505
340 773
340 881
340 859
340 861
340 739
341 398
341 530
341 405
341 501
341 465
341 801
341 381
341 341
342 897
342 812
342 718
342 613
342 578
342 835
342 736
342 352
342 899
342 442
342 493
342 508
343 413
343 797
343 418
343 593
343 687
343 374
343 820
343 475
343 744
344 443
344 900
344 517
344 828
344 446
344 585
344 704
344 598
344 578
345 656
345 558
345 690
345 838
345 859
345 406
345 641
345 345
345 655
345 695
345 346
346 563
346 406
346 558
346 690
346 838
346 689
346 447
346 365
346 890
346 453
346 864
346 681
346 872
347 648
347 782
347 586
347 364
347 615
347 694
347 347
347 376
347 651
347 626
347 479
348 784
348 404
348 677
348 808
348 809
348 815
348 561
348 348
348 627
348 774
349 516
349 780
349 667
349 422
349 570
349 616
349 421
349 440
349 705
350 676
350 788
350 796
350 468
350 731
350 605
350 620
350 477
350 524
350 494
351 516
351 420
351 577
351 849
351 604
351 351
351 644
351 866
351 546
351 633
351 639
352 899
352 816
352 441
352 835
352 718
352 869
352 352
352 578
352 508
352 764
352 736
352 632
353 649
353 802
353 445
353 388
353 366
353 743
353 389
353 529
353 383
353 596
353 372
354 657
354 551
354 697
354 719
354 852
354 873
354 602
354 855
354 451
355 525
355 390
355 388
355 774
355 529
355 539
355 802
355 445
355 587
355 366
355 383
355 743
355 822
356 393
356 650
356 408
356 435
356 848
356 610
356 436
356 771
356 511
356 889
357 770
357 553
357 857
357 478
357 834
357 357
357 836
357 756
357 880
358 515
358 648
358 521
358 651
358 782
358 590
358 594
358 560
358 376
358 822
358 364
358 615
358 840
359 387
359 526
359 438
359 459
359 612
359 621
359 362
359 524
359 885
359 359
360 514
360 390
360 396
360 537
360 768
360 491
360 884
360 635
360 361
361 514
361 390
361 396
361 536
361 668
361 635
361 768
361 630
361 625
361 883
361 478
362 524
362 526
362 459
362 868
362 740
362 387
362 438
362 612
362 416
362 621
362 885
363 642
363 403
363 669
363 599
363 750
363 630
364 648
364 557
364 694
364 615
364 590
364 515
364 626
364 376
364 521
364 504
365 641
365 655
365 656
365 453
365 690
365 365
365 540
365 859
365 864
365 872
365 713
366 539
366 802
366 587
366 743
366 445
366 715
366 649
367 646
367 519
367 786
367 837
367 842
367 810
367 500
368 682
368 448
368 860
368 492
368 575
368 368
368 496
368 400
368 375
369 429
369 565
369 439
369 584
369 858
369 733
370 469
370 692
370 830
370 455
370 482
370 732
370 499
370 512
370 370
370 889
371 773
371 410
371 547
371 727
371 735
371 861
371 513
371 505
371 756
372 381
372 389
372 539
372 802
372 587
372 383
372 715
372 445
372 649
373 658
373 796
373 468
373 731
373 758
373 373
373 477
373 494
373 834
373 892
373 384
374 772
374 413
374 683
374 711
374 847
374 470
374 475
374 555
375 712
375 611
375 640
375 420
375 899
376 515
376 651
376 782
376 560
376 694
376 586
376 479
376 521
376 590
377 784
377 659
377 414
377 426
377 434
377 483
377 874
377 498
377 753
377 379
377 518
378 776
378 523
378 552
378 466
378 473
378 510
378 454
378 555
379 659
379 854
379 483
379 434
379 874
379 379
379 753
379 732
380 778
380 665
380 412
380 799
380 811
380 380
380 566
381 398
381 530
381 405
381 465
381 486
381 631
381 760
381 886
381 636
382 674
382 622
382 388
382 389
382 774
382 649
382 529
382 539
382 587
382 382
383 578
383 774
383 649
383 539
383 587
383 743
383 784
384 788
384 468
384 731
384 758
384 628
384 796
384 494
384 772
385 513
385 568
385 831
385 547
385 726
385 385
385 773
385 735
385 505
385 861
386 701
386 419
386 386
386 416
386 821
386 432
386 693
386 541
386 563
386 707
386 445
387 885
387 621
387 868
387 524
387 740
387 387
387 876
387 612
388 774
388 445
388 389
388 802
388 743
388 539
388 843
388 649
388 715
389 774
389 715
389 587
389 743
389 802
389 445
389 649
389 539
389 793
389 529
390 514
390 396
390 537
390 635
390 883
390 657
391 647
391 851
391 632
391 596
391 877
391 391
391 531
391 534
391 675
391 502
391 503
392 826
392 900
392 517
392 598
392 585
392 589
392 704
392 464
392 766
392 446
392 483
392 705
392 480
392 746
393 848
393 650
393 451
393 562
393 393
393 511
393 610
393 839
393 436
393 771
393 408
393 556
393 723
394 520
394 898
394 581
394 703
394 476
394 745
394 576
394 818
394 394
394 591
394 824
394 846
395 522
395 399
395 395
395 564
395 417
395 397
395 622
395 787
395 400
395 497
395 762
395 487
396 514
396 883
396 768
396 491
396 704
396 536
396 537
396 625
397 775
397 564
397 487
397 462
397 522
397 823
397 397
397 399
397 400
397 787
397 793
397 622
397 628
397 640
398 886
398 530
398 486
398 501
398 398
398 599
398 405
398 801
398 717
398 631
398 636
399 775
399 823
399 417
399 793
399 400
399 622
399 787
399 487
399 486
400 775
400 417
400 622
400 823
400 400
400 564
400 487
400 578
400 793
401 647
401 544
401 632
401 851
401 675
401 877
401 423
401 401
401 766
401 531
401 502
402 783
402 472
402 662
402 688
402 489
402 893
402 794
402 485
402 660
402 597
402 790
402 666
402 714
402 456
402 852
403 669
403 853
403 833
403 599
403 403
403 878
403 461
404 437
404 691
404 561
404 677
404 829
404 807
404 815
404 457
404 619
404 408
404 430
404 627
405 465
405 636
405 501
405 631
405 801
405 724
405 886
405 760
405 451
406 872
406 453
406 864
406 447
406 859
406 656
406 406
406 540
406 457
406 558
406 689
406 690
406 847
407 652
407 781
407 563
407 676
407 546
407 785
407 525
407 614
407 607
407 791
407 506
407 795
407 803
407 814
407 724
407 423
408 497
408 771
408 650
408 573
408 723
408 408
408 556
408 562
408 451
409 623
409 409
409 806
409 749
409 680
409 442
409 679
409 841
409 698
409 461
409 734
409 671
409 672
409 600
410 513
410 739
410 861
410 568
410 410
410 726
410 895
410 831
410 856
410 505
410 838
410 727
410 646
411 541
411 701
411 416
411 684
411 411
411 538
411 548
411 415
411 419
411 432
411 484
412 524
412 412
412 742
412 571
412 722
412 716
412 799
412 566
412 467
412 865
412 512
413 722
413 772
413 475
413 744
413 470
413 636
413 820
413 711
414 784
414 559
414 434
414 414
414 498
414 753
414 802
414 426
414 620
415 538
415 484
415 432
415 541
415 569
415 576
415 416
415 684
415 693
415 868
416 538
416 541
416 821
416 684
416 484
416 419
416 452
416 416
416 701
416 888
417 559
417 522
417 793
417 425
417 462
417 787
417 497
417 655
417 487
418 772
418 797
418 683
418 582
418 456
418 744
418 687
418 711
418 427
419 538
419 419
419 569
419 541
419 821
419 781
419 701
419 484
420 532
420 516
420 639
420 420
420 738
420 631
420 849
420 866
420 629
421 729
421 448
421 780
421 422
421 867
421 440
421 570
421 885
421 431
421 734
421 616
422 667
422 798
422 673
422 888
423 647
423 531
423 534
423 877
423 675
423 503
423 851
423 618
423 596
423 502
423 632
424 807
424 509
424 825
424 829
424 815
424 691
424 424
424 457
424 808
424 562
424 430
424 561
424 437
425 787
425 522
425 775
425 425
425 793
425 823
425 502
426 753
426 498
426 426
426 854
426 721
426 559
426 434
426 699
426 707
427 571
427 708
427 683
427 593
427 820
427 475
427 582
427 427
428 685
428 443
428 826
428 654
428 554
428 638
428 764
428 710
429 670
429 565
429 583
429 507
429 429
429 819
429 894
429 858
429 733
430 677
430 808
430 691
430 815
430 561
430 807
430 619
430 509
430 825
431 667
431 673
431 780
431 431
431 888
431 570
432 538
432 684
432 821
432 701
432 432
432 541
432 755
432 569
432 484
432 547
432 858
433 461
433 778
433 665
433 799
433 811
433 865
433 571
433 722
433 742
433 433
433 566
433 832
433 716
434 699
434 498
434 659
434 874
434 707
434 721
435 465
435 771
435 650
435 723
435 863
435 839
435 435
435 798
435 451
435 511
436 771
436 650
436 556
436 562
436 511
436 848
436 723
436 610
436 452
436 839
436 863
437 854
437 677
437 807
437 808
437 809
437 815
437 825
437 437
437 749
437 829
437 619
437 509
438 526
438 524
438 612
438 459
438 885
438 740
438 868
438 617
438 876
439 819
439 565
439 894
439 733
439 874
439 583
439 584
439 650
440 629
440 667
440 798
440 673
440 570
440 780
440 867
440 616
441 897
441 899
441 812
441 609
441 578
441 493
441 718
441 736
441 869
441 508
442 671
442 672
442 545
442 695
442 461
442 442
442 841
442 679
442 734
442 595
442 600
443 700
443 663
443 664
443 792
443 554
443 826
443 710
443 764
443 592
443 471
444 574
444 800
444 674
444 504
444 875
444 735
444 879
445 649
445 529
445 802
445 587
445 743
445 539
446 464
446 446
446 900
446 828
446 589
446 480
446 598
446 515
446 737
446 746
447 641
447 518
447 655
447 558
447 689
447 838
447 540
447 690
447 864
447 890
447 671
447 872
448 682
448 575
448 601
448 860
448 611
448 492
449 504
449 542
449 549
449 810
449 449
449 840
449 800
449 708
449 837
450 783
450 666
450 688
450 489
450 763
450 662
450 702
450 714
450 893
450 790
450 579
451 556
451 573
451 511
451 848
451 723
451 863
452 538
452 684
452 821
452 569
452 701
452 541
452 757
453 540
453 690
453 518
453 655
453 864
453 890
453 872
453 838
454 523
454 466
454 843
454 552
454 871
454 510
454 770
454 713
455 870
455 572
455 889
455 692
455 499
455 887
455 751
455 661
455 766
455 482
456 797
456 820
456 711
456 456
456 772
456 683
456 744
456 475
457 677
457 808
457 809
457 825
457 829
457 457
457 691
457 561
457 464
457 633
458 680
458 678
458 643
458 657
458 697
458 602
458 458
458 675
458 873
459 526
459 885
459 868
459 459
459 643
459 740
459 612
459 876
459 621
459 660
459 836
460 779
460 804
460 550
460 709
460 896
460 474
460 755
460 463
460 720
460 870
461 671
461 545
461 806
461 679
461 680
461 749
461 595
461 600
461 882
462 522
462 787
462 564
462 775
462 622
462 793
462 555
463 779
463 804
463 474
463 896
463 729
463 813
463 463
463 879
463 606
463 755
464 477
464 900
464 704
464 705
464 766
464 598
464 852
464 737
464 743
465 801
465 486
465 465
465 631
465 636
465 530
465 741
466 791
466 523
466 510
466 558
467 778
467 571
467 832
467 716
467 805
467 566
467 865
467 467
468 788
468 731
468 758
468 620
468 477
468 658
468 589
468 494
468 575
469 521
469 651
469 557
469 694
469 822
469 586
469 590
469 560
469 469
469 626
470 797
470 683
470 593
470 687
470 820
470 711
470 475
471 663
471 580
471 764
471 608
471 554
471 826
471 471
472 662
472 794
472 702
472 579
472 714
472 597
472 783
472 666
472 763
472 660
473 682
473 776
473 552
473 685
473 473
473 871
473 523
473 843
474 779
474 550
474 813
474 755
474 804
474 700
474 606
475 797
475 683
475 820
475 582
475 847
475 593
475 687
475 767
476 898
476 520
476 818
476 824
476 846
476 754
476 827
476 745
476 752
476 768
476 748
476 495
477 796
477 628
477 494
477 892
477 605
477 758
477 757
477 620
477 731
478 769
478 645
478 678
478 553
478 725
478 857
478 730
479 515
479 651
479 557
479 560
479 694
479 782
479 626
479 590
479 751
480 517
480 704
480 705
480 585
480 807
481 557
481 527
481 789
481 728
481 567
481 637
481 767
481 548
481 703
481 519
482 732
482 830
482 499
482 889
482 751
482 509
482 870
482 887
483 784
483 659
483 707
483 498
483 854
483 721
483 559
483 826
483 802
484 538
484 693
484 569
484 684
484 572
485 660
485 662
485 790
485 666
485 543
485 688
485 579
485 597
485 893
485 489
486 741
486 530
486 631
486 717
486 501
486 486
486 886
486 760
487 522
487 793
487 564
487 622
487 823
487 678
488 898
488 824
488 846
488 818
488 581
488 488
488 827
488 495
488 591
488 576
488 553
488 828
489 783
489 532
489 662
489 666
489 794
489 543
489 688
489 597
489 660
489 790
489 733
490 681
490 686
490 674
490 765
490 762
490 490
490 715
490 875
490 879
490 891
491 514
491 537
491 668
491 768
491 883
491 884
492 712
492 682
492 640
492 601
492 867
493 899
493 816
493 578
493 869
493 718
493 535
493 508
494 605
494 892
494 620
494 796
494 781
494 757
495 824
495 703
495 591
495 745
495 581
495 520
495 818
495 495
496 601
496 496
496 640
496 860
497 775
497 522
497 787
497 823
497 622
497 497
497 564
498 659
498 559
498 707
498 721
498 784
498 712
499 890
499 572
499 830
499 889
499 700
499 887
500 786
500 542
500 549
500 842
500 845
500 646
500 708
500 823
501 530
501 717
501 741
501 501
501 886
501 608
502 531
502 534
502 675
502 596
502 503
502 877
502 544
502 872
502 761
503 827
503 730
503 647
503 531
503 534
503 596
503 544
503 618
503 791
504 674
504 681
504 875
504 765
504 891
505 514
505 513
505 547
505 568
505 856
505 861
505 895
506 652
506 781
506 795
506 803
506 676
506 563
506 574
506 614
506 791
506 525
506 796
506 756
507 670
507 819
507 584
507 583
507 894
508 835
508 718
508 613
508 609
508 899
508 667
509 807
509 808
509 825
509 829
509 619
509 549
510 523
510 713
510 685
510 552
510 857
511 771
511 562
511 863
511 573
512 661
512 572
512 732
512 870
512 719
513 861
513 773
513 739
513 547
513 831
513 513
513 726
514 514
514 668
514 537
514 536
515 557
515 648
515 626
515 590
515 521
515 586
515 515
515 651
515 694
515 782
515 822
516 644
516 738
516 777
516 577
516 706
516 629
516 639
516 696
516 866
517 589
517 828
517 598
517 585
517 737
517 705
518 864
518 690
518 859
518 518
518 872
518 641
518 656
518 689
519 646
519 519
519 837
519 588
519 747
519 708
519 549
519 786
519 542
519 810
519 840
520 824
520 745
520 703
520 591
520 898
520 520
520 581
520 576
520 888
520 818
520 827
520 846
520 748
521 651
521 594
521 590
521 648
521 615
521 560
521 782
521 677
521 557
521 694
521 822
522 787
522 622
522 775
522 793
522 823
523 776
523 713
523 685
523 603
523 632
523 552
523 555
523 871
524 526
524 876
524 885
524 740
524 868
524 612
525 652
525 803
525 791
525 614
525 546
525 574
525 814
525 676
525 528
525 785
525 563
526 617
526 885
526 868
526 612
527 829
527 666
527 759
527 767
527 862
527 789
527 567
527 827
527 548
528 652
528 563
528 803
528 607
528 614
528 814
528 546
528 574
528 791
528 795
528 676
528 655
528 529
529 630
529 649
529 774
529 715
529 802
529 743
529 539
530 886
530 530
530 717
530 801
530 631
530 741
531 647
531 877
531 761
531 618
531 531
532 783
532 532
532 763
532 702
532 790
532 666
532 688
532 794
532 877
533 779
533 896
533 533
533 720
533 813
533 844
533 755
533 709
533 691
533 700
533 729
534 647
534 675
534 761
534 735
534 596
535 789
535 548
535 767
535 637
535 567
535 728
535 862
536 635
536 668
536 537
536 625
536 740
536 883
536 768
537 625
537 537
537 883
537 768
537 892
538 701
538 538
538 541
539 774
539 649
539 743
539 587
539 756
540 641
540 656
540 859
540 890
540 864
540 690
540 833
540 838
540 872
541 693
541 569
541 541
541 684
541 881
541 821
541 900
542 786
542 842
542 837
542 845
542 708
542 549
542 734
542 588
542 747
543 783
543 660
543 794
543 579
543 763
543 702
543 688
543 666
543 567
544 893
544 820
544 647
544 877
544 851
544 544
544 675
544 596
544 632
545 671
545 695
545 841
545 749
545 698
545 680
545 623
545 545
545 713
545 806
545 595
546 652
546 781
546 785
546 795
546 724
546 614
546 546
546 563
546 607
547 726
547 568
547 861
547 895
547 739
548 548
548 789
548 653
548 567
549 646
549 786
549 561
549 810
549 840
549 842
549 588
549 845
550 804
550 709
550 813
550 729
550 779
550 700
550 844
550 728
550 720
551 657
551 855
551 852
551 634
551 697
551 602
551 873
551 882
552 600
552 776
552 552
552 603
552 871
552 555
552 843
553 769
553 645
553 770
553 857
553 836
553 834
553 553
553 596
553 817
554 663
554 664
554 764
554 554
554 580
554 792
554 592
554 608
554 638
555 776
555 713
555 555
555 843
555 685
555 603
556 650
556 771
556 610
556 556
556 848
556 864
556 573
556 839
556 723
556 863
557 648
557 651
557 782
557 626
557 615
557 586
557 594
557 694
557 590
558 655
558 656
558 838
558 689
558 690
558 864
558 805
558 859
558 872
559 659
559 753
559 874
559 559
559 721
559 854
560 648
560 651
560 782
560 590
560 822
560 560
560 615
560 605
560 594
560 656
561 677
561 807
561 808
561 809
561 829
561 619
561 561
561 691
561 649
562 771
562 573
562 863
562 610
562 839
563 781
563 785
563 652
563 607
563 563
563 796
564 775
564 787
564 793
564 823
564 622
565 670
565 858
565 819
565 583
565 584
565 733
566 778
566 799
566 805
566 722
566 865
566 811
566 665
566 571
566 716
567 653
567 789
567 767
567 728
567 841
567 862
567 759
568 879
568 773
568 727
568 881
568 568
568 739
568 831
568 726
568 861
568 735
568 895
569 684
569 693
569 701
569 574
570 612
570 667
570 616
570 734
570 780
570 867
571 778
571 799
571 805
571 811
571 832
572 870
572 732
572 751
572 661
572 887
573 771
573 650
573 573
573 610
573 839
574 652
574 785
574 791
574 795
574 814
574 614
574 724
575 786
575 682
575 712
575 601
575 575
575 860
575 611
576 898
576 818
576 827
576 581
576 703
576 754
576 752
576 745
576 748
577 777
577 696
577 633
577 604
577 639
577 706
577 629
578 751
578 897
578 718
578 609
578 816
578 835
578 736
579 790
579 666
579 579
579 714
579 794
579 783
579 662
579 651
579 597
579 893
580 770
580 654
580 663
580 664
580 792
580 826
580 608
580 758
581 898
581 827
581 703
581 752
581 748
581 581
581 657
581 846
581 591
581 745
581 754
582 772
582 683
582 687
582 582
582 847
582 593
583 614
583 670
583 819
583 805
583 584
584 819
584 896
585 900
585 828
585 737
585 704
586 651
586 782
586 694
586 626
586 822
586 594
586 615
586 787
586 590
587 802
587 715
587 743
588 753
588 646
588 786
588 810
588 842
588 845
588 747
588 696
589 651
589 900
589 828
589 704
589 598
589 737
590 648
590 615
590 822
590 847
590 594
591 818
591 827
591 846
591 752
591 745
591 824
591 598
592 664
592 710
592 638
592 792
592 764
592 663
592 648
593 820
593 711
593 847
593 687
593 744
594 651
594 782
594 694
594 626
594 594
595 671
595 672
595 695
595 623
595 841
595 698
595 683
595 600
595 749
595 794
596 851
596 752
596 877
596 632
597 790
597 702
597 662
597 794
597 783
597 714
597 893
598 900
598 828
598 704
598 705
598 746
599 642
599 833
599 750
599 624
599 824
600 672
600 806
600 679
600 680
600 695
600 671
600 841
600 623
601 712
601 611
601 640
601 682
602 657
602 697
602 719
602 634
602 643
602 855
603 821
603 648
603 776
603 685
604 696
604 629
604 738
604 644
605 658
605 796
605 628
605 757
605 758
605 734
605 620
606 813
606 729
606 804
606 896
607 785
607 791
607 795
607 607
607 814
607 724
608 654
608 663
608 710
608 764
608 792
609 899
609 812
609 897
609 816
609 613
609 869
610 723
610 839
610 650
610 771
610 793
611 682
611 860
611 640
612 621
612 617
613 658
613 897
613 899
613 869
613 835
613 816
613 613
613 665
614 785
614 803
614 814
614 874
615 648
615 626
615 782
615 651
615 793
616 780
616 667
616 673
616 867
616 888
616 831
617 868
617 885
617 876
617 617
617 621
618 647
618 851
618 761
618 805
619 677
619 807
619 808
619 691
619 864
619 752
619 872
619 737
620 783
620 658
620 796
620 620
620 628
620 758
621 876
621 621
621 865
622 787
623 672
623 806
623 841
623 749
623 738
624 642
624 669
624 833
624 878
624 630
624 750
624 659
625 884
625 625
625 668
625 635
625 637
626 693
626 782
626 694
627 677
627 808
627 825
627 807
627 829
628 658
628 788
628 796
628 757
628 731
628 892
629 706
629 849
629 866
629 644
630 669
630 833
630 878
630 750
630 630
631 801
631 717
631 741
631 769
632 761
632 632
633 644
633 696
633 849
633 633
633 777
633 878
634 776
634 643
634 719
634 873
634 817
635 668
635 883
635 766
636 717
636 801
636 741
636 886
636 796
637 653
637 862
637 759
637 789
637 637
638 654
638 792
638 710
638 638
638 764
639 644
639 777
639 849
639 866
639 835
640 682
641 890
641 656
641 690
641 838
641 872
641 859
641 655
642 853
642 669
642 833
642 750
642 850
642 642
643 855
643 719
643 873
643 852
643 882
643 697
643 883
644 777
644 644
644 706
644 713
644 839
645 770
645 817
645 834
645 730
645 756
645 678
645 725
646 840
646 845
646 646
646 786
646 837
646 747
647 694
647 851
647 761
647 675
647 877
648 648
648 694
648 651
648 822
648 823
649 761
649 774
649 649
649 715
649 743
650 771
650 839
650 848
650 863
651 822
652 652
652 676
652 781
652 791
652 795
652 724
653 728
653 862
653 789
653 653
653 681
653 780
654 764
654 792
654 664
654 663
654 654
654 717
654 826
655 890
655 690
655 864
655 655
655 689
655 838
655 859
656 838
656 872
656 689
656 864
656 859
656 890
657 852
657 855
657 719
657 697
658 758
658 757
658 892
658 796
658 658
658 731
659 784
659 699
659 874
659 753
659 854
659 707
659 760
659 721
660 783
660 794
660 702
660 790
660 666
660 662
660 714
661 830
661 661
661 732
661 887
661 692
661 847
661 870
661 889
662 783
662 702
662 662
662 666
662 714
662 688
662 893
662 843
663 710
663 764
663 663
663 792
664 826
664 792
665 778
665 799
665 832
665 716
665 742
665 805
665 722
665 811
666 783
666 893
666 763
666 666
666 688
666 714
667 780
667 888
667 734
667 673
668 668
668 884
668 768
668 883
669 741
669 833
669 878
669 768
670 733
670 819
670 858
670 670
671 672
671 679
671 671
671 806
671 698
671 727
671 680
672 749
672 672
672 881
672 806
673 798
673 888
673 734
674 686
674 681
674 879
674 891
675 884
675 761
676 795
676 791
676 724
676 781
676 736
677 829
677 809
677 718
677 807
677 691
677 825
678 769
678 756
678 817
678 834
678 880
678 730
679 679
679 680
679 698
679 695
679 749
680 680
680 695
680 841
680 698
680 749
681 800
681 681
681 765
681 844
681 875
682 712
682 860
683 744
683 687
683 755
683 820
684 693
684 701
685 776
685 713
685 871
686 765
686 762
686 891
686 686
687 797
687 847
687 687
687 870
687 820
688 794
688 790
688 893
688 688
688 714
689 690
689 872
689 890
689 689
689 838
690 864
690 731
691 807
691 809
691 815
691 825
691 691
692 732
692 830
692 889
692 887
692 718
693 800
693 821
693 701
694 782
694 822
695 806
695 752
695 749
696 777
696 706
696 696
697 873
697 852
697 855
697 714
698 698
698 806
698 720
699 784
699 854
699 721
699 753
699 707
699 699
699 733
699 874
700 804
700 813
700 779
700 729
700 720
701 821
701 883
702 808
702 783
702 790
702 702
702 794
702 714
703 745
703 846
703 703
703 752
703 748
704 737
704 705
704 828
704 746
705 900
705 746
705 737
706 777
706 725
707 784
707 707
707 721
707 874
708 859
708 810
708 845
708 837
708 747
709 779
709 729
709 755
709 709
709 896
710 792
710 710
710 826
711 772
711 820
711 847
711 744
712 775
712 860
713 776
713 713
713 871
713 812
714 794
714 790
714 720
715 802
716 799
716 805
716 811
716 778
716 716
716 865
717 831
717 801
717 886
717 741
718 899
718 812
718 816
718 794
719 882
719 852
719 873
720 779
720 804
720 813
720 755
721 753
721 854
721 874
722 805
722 811
722 832
722 742
723 824
723 771
723 839
724 781
724 795
724 803
724 814
725 769
725 770
725 834
725 836
725 857
725 730
725 756
726 727
726 739
726 881
726 856
726 895
726 831
727 773
727 856
727 735
727 831
727 895
727 727
728 862
728 767
728 759
729 779
729 813
729 896
729 729
729 873
730 817
730 834
730 857
730 770
730 730
731 788
731 731
731 757
732 870
732 889
733 894
734 780
735 831
735 856
735 861
735 881
735 735
735 739
736 795
736 866
736 897
736 816
736 899
736 812
736 869
737 746
738 777
738 849
738 866
738 738
738 821
739 773
739 831
739 856
739 895
739 844
740 876
741 886
741 741
741 760
742 778
742 805
742 811
742 832
742 799
742 742
743 802
744 837
744 772
744 847
745 898
745 754
745 752
746 828
746 766
746 900
747 786
747 810
747 837
747 842
748 898
748 818
748 846
749 845
750 850
751 830
751 751
751 887
752 898
752 818
752 752
753 854
753 753
754 898
754 818
754 827
754 824
754 871
755 804
755 844
755 755
756 770
756 836
756 857
756 769
757 892
757 758
758 758
758 892
759 789
759 862
760 801
760 760
760 886
761 877
761 761
762 875
762 800
762 891
762 849
763 783
763 794
763 893
763 790
763 763
764 826
764 764
765 875
765 879
766 838
766 900
766 828
767 862
767 822
768 883
768 835
769 836
769 769
769 857
769 817
769 880
770 857
770 817
770 880
770 770
771 848
771 839
771 863
771 836
772 772
772 847
772 797
773 773
773 881
774 774
774 802
775 775
775 823
775 787
776 776
776 843
777 849
778 799
778 778
778 811
779 844
779 813
779 896
779 814
780 867
780 780
780 798
781 781
781 785
781 791
781 795
781 889
782 822
783 893
783 790
783 794
784 854
784 874
785 814
785 785
785 795
785 842
785 791
786 810
786 840
787 894
787 823
788 892
788 796
788 788
789 862
789 789
790 893
791 803
791 795
791 814
792 792
792 826
793 823
794 794
795 795
795 810
797 847
797 820
797 797
798 813
798 888
798 867
799 818
799 805
800 879
800 891
800 800
800 875
801 801
801 886
803 803
803 814
804 804
804 844
804 813
804 896
805 865
805 832
806 806
806 841
807 809
807 815
807 808
807 829
808 829
808 808
808 809
808 815
808 825
809 829
810 842
810 840
810 845
810 837
811 811
811 865
812 869
812 835
812 899
812 816
813 844
814 814
815 815
815 816
816 897
816 899
816 835
816 816
816 869
817 880
817 817
817 876
817 836
818 898
818 846
819 858
819 894
819 846
821 821
822 822
824 898
824 846
824 824
824 827
827 898
828 900
829 829
830 889
830 870
831 881
831 861
831 831
831 895
831 848
832 832
832 865
833 850
833 853
834 836
835 897
836 880
836 857
837 845
837 837
837 842
838 859
839 839
839 863
840 846
840 840
840 842
841 841
842 845
843 843
843 871
846 898
846 846
848 848
848 863
849 866
850 853
850 850
850 878
852 882
853 878
854 854
854 874
855 873
855 882
855 855
856 861
856 856
856 881
858 858
858 894
861 881
861 895
862 880
864 872
866 866
867 867
868 876
869 897
869 899
874 874
875 891
876 876
877 877
879 879
879 891
880 880
881 895
883 884
884 884
887 896
887 887
892 892
897 899
897 897
899 899
