300 929
1 12
1 88
1 103
1 150
1 173
1 190
1 195
1 210
1 228
1 235
1 279
2 46
2 147
3 77
3 111
3 149
3 162
3 186
3 244
4 50
4 69
4 76
4 104
4 114
4 229
4 296
5 75
5 110
5 163
5 210
5 241
5 291
6 78
6 80
6 135
6 170
6 239
6 283
6 294
7 27
7 36
7 144
7 181
7 228
7 241
7 242
7 249
7 266
8 32
8 172
8 186
8 191
9 22
9 43
9 137
9 227
9 266
10 28
10 84
10 121
10 145
10 223
10 224
10 243
10 245
11 52
11 213
11 241
12 35
12 51
12 112
12 129
12 183
12 200
12 232
12 234
12 236
12 274
12 288
12 289
13 37
13 115
13 136
13 142
13 188
13 272
13 281
14 89
14 224
14 228
14 291
14 297
15 26
15 38
15 41
15 84
15 260
16 57
16 71
16 88
17 30
17 33
17 45
17 97
17 138
18 38
18 53
18 116
18 260
18 277
19 75
19 99
19 126
19 134
19 147
19 169
19 237
19 274
20 24
20 86
20 202
21 171
21 268
21 272
22 27
22 150
22 156
22 277
22 293
23 72
23 77
23 147
23 157
23 178
23 186
23 214
23 264
23 274
23 287
24 39
24 50
24 75
24 136
24 162
24 167
25 288
26 105
26 182
27 73
27 84
27 143
27 150
27 189
27 190
27 209
27 298
28 39
28 101
28 154
28 187
29 194
29 241
30 173
30 181
30 188
30 252
30 293
31 153
31 164
31 169
31 179
31 239
31 285
32 100
32 107
32 161
32 223
32 226
32 259
33 71
33 115
33 116
33 175
33 246
33 261
33 281
34 109
34 194
35 108
35 293
36 64
36 76
36 129
36 139
36 166
36 193
36 235
36 249
37 46
37 71
37 196
37 267
37 269
37 294
38 85
38 109
38 110
38 252
39 55
39 119
39 138
39 184
39 219
39 241
39 255
39 270
39 291
40 114
40 142
40 161
40 207
40 247
40 278
40 296
41 102
41 107
41 181
41 227
42 50
42 95
42 137
42 178
43 126
43 141
43 182
43 193
43 198
43 241
43 242
44 82
44 91
44 97
44 105
44 135
44 154
44 189
44 267
45 63
45 86
45 97
45 135
46 71
46 152
46 153
46 156
46 200
46 241
46 264
47 72
47 97
47 201
47 217
48 237
48 268
48 276
48 278
49 81
49 105
49 111
49 249
49 271
50 67
50 134
50 240
50 285
50 300
51 168
51 174
51 175
52 58
52 90
52 97
52 99
52 178
52 242
52 248
53 60
53 76
53 88
53 132
53 134
53 235
53 290
54 92
54 206
54 281
55 163
55 209
55 224
55 226
55 228
55 235
55 272
56 254
57 95
57 124
57 136
57 188
57 199
58 202
58 213
58 259
58 293
59 66
59 124
59 161
59 178
59 204
59 228
59 265
60 62
60 80
60 84
60 146
60 295
61 83
61 100
61 119
61 175
61 182
61 194
61 229
61 240
61 286
62 65
62 160
62 181
62 198
62 206
62 208
62 225
62 258
63 145
63 205
63 236
63 241
63 288
64 244
65 89
65 99
65 115
65 239
65 241
65 243
65 253
65 294
66 108
66 129
66 159
66 194
66 247
66 298
66 300
67 176
67 226
67 251
67 299
68 75
68 114
68 143
68 149
68 164
68 294
69 150
69 186
69 235
69 247
70 225
70 241
70 257
70 287
71 201
71 214
71 259
72 210
72 278
73 100
73 114
73 154
73 206
73 275
75 125
75 128
75 155
75 160
75 179
75 182
75 223
76 147
76 177
76 187
76 299
77 218
78 114
78 136
78 215
78 282
79 190
79 245
79 249
80 198
80 204
80 251
81 163
81 174
81 194
81 198
81 262
81 299
82 97
82 107
82 115
82 237
83 122
83 191
83 271
83 280
84 108
84 159
84 181
84 221
85 93
85 128
85 224
85 272
85 294
86 171
86 224
87 188
87 216
87 283
88 138
88 181
88 214
88 271
89 97
89 124
89 148
89 153
89 201
89 203
89 228
90 99
90 151
90 298
91 169
91 172
91 189
91 280
93 144
93 168
93 245
94 177
94 184
95 106
95 226
95 237
95 245
95 262
95 296
96 181
97 196
98 137
98 141
98 174
98 286
99 138
99 178
100 140
100 153
100 257
100 273
100 292
101 113
101 123
101 140
101 187
101 207
102 145
102 155
102 185
102 190
102 200
102 286
103 104
103 117
104 153
104 213
104 228
104 258
105 149
105 176
105 186
105 298
105 300
106 200
106 206
107 140
107 292
108 242
108 257
108 261
109 128
110 156
110 193
110 232
111 267
112 241
112 299
113 158
113 176
113 203
113 216
113 257
113 259
113 297
114 132
114 162
114 165
114 173
114 198
114 205
114 235
114 245
114 287
115 139
115 184
115 230
115 285
115 299
116 166
116 173
116 174
116 209
116 288
116 298
117 146
117 166
117 187
117 260
117 269
118 203
118 211
118 270
119 143
119 188
119 200
119 287
119 292
120 163
120 172
120 260
121 143
121 156
121 164
121 169
121 216
122 151
122 181
122 188
122 197
122 202
122 242
122 266
123 159
123 168
123 183
123 223
124 177
125 127
125 140
125 150
125 165
125 185
125 272
126 132
126 220
126 226
126 250
127 163
127 192
127 197
128 171
128 232
128 287
129 165
129 171
129 193
129 238
129 292
130 131
130 138
130 156
130 171
130 253
130 262
131 162
131 163
131 248
131 252
131 274
131 282
132 138
132 216
133 137
133 183
133 193
133 207
133 272
134 235
134 248
134 289
135 187
135 219
135 228
135 292
136 277
137 154
137 236
137 245
137 253
137 296
138 189
138 276
139 223
139 273
140 142
140 199
140 218
140 223
141 156
141 172
141 271
141 287
141 294
142 149
142 207
142 232
143 234
143 242
144 148
145 160
145 164
145 229
145 230
145 273
145 278
146 148
146 171
146 235
146 282
147 151
147 161
147 249
147 256
148 221
149 206
149 228
150 172
150 188
150 192
150 234
151 152
151 156
151 258
152 209
152 276
152 285
153 180
153 207
153 268
154 202
154 291
155 160
155 218
155 228
155 241
155 265
155 289
156 248
156 294
157 193
157 216
157 236
158 171
158 193
158 254
159 256
159 285
161 194
161 195
161 239
161 253
161 284
162 270
162 276
163 181
163 234
164 236
164 295
165 197
165 226
165 227
165 248
165 261
166 203
166 286
167 171
167 200
167 276
168 212
168 216
168 258
168 270
168 286
169 183
169 218
169 300
170 271
171 176
171 179
171 197
171 265
172 184
172 210
172 288
172 296
173 176
173 221
173 270
173 276
173 286
174 250
175 188
175 221
175 239
175 263
175 274
175 289
176 179
176 194
176 202
176 212
176 243
176 258
176 282
176 293
177 246
178 197
178 281
179 184
180 201
180 261
180 274
180 293
181 246
181 280
182 184
182 203
182 218
184 210
184 254
184 260
185 247
185 273
185 282
186 188
186 235
186 252
186 269
186 293
187 209
187 257
188 235
188 263
189 229
189 232
189 289
190 236
190 240
190 261
191 201
191 207
191 208
192 295
193 214
193 263
193 284
194 223
194 263
194 292
195 196
195 200
195 238
195 240
196 211
196 244
196 260
197 199
197 211
197 265
198 249
198 257
198 279
199 268
200 210
200 224
203 245
203 257
204 227
204 263
205 258
205 270
206 218
206 237
206 260
206 275
206 283
206 297
207 209
207 218
207 251
207 253
207 274
207 297
208 223
209 214
209 238
209 282
211 213
211 222
211 262
211 297
212 240
214 231
214 283
216 244
216 260
217 218
217 221
217 259
217 267
218 246
219 278
220 232
221 235
221 252
222 278
223 252
223 289
223 292
225 257
226 293
227 258
227 272
228 230
228 287
229 242
230 298
231 253
231 286
233 271
233 278
234 264
235 271
236 262
236 275
236 280
236 286
237 239
237 260
237 264
237 268
238 243
238 277
239 244
239 263
240 272
240 293
241 256
241 281
242 277
242 299
243 288
245 252
247 278
247 286
248 255
249 264
249 269
249 281
249 298
252 254
254 271
256 300
257 275
258 266
258 270
258 290
260 262
262 279
262 284
264 267
264 268
266 272
266 278
266 293
271 292
274 275
278 300
279 299
280 296
280 298
281 298
286 300
287 288
288 298
289 300
290 298
