300 589
1 78
1 140
1 153
2 135
2 243
2 280
3 18
3 73
3 141
3 208
4 80
4 90
4 229
5 115
5 118
5 148
5 158
5 189
5 272
5 294
6 51
6 85
6 214
6 282
6 284
7 61
7 242
8 23
9 63
9 296
10 36
10 286
10 296
11 103
11 176
11 177
11 192
11 247
12 19
12 23
12 49
12 78
12 151
12 209
12 294
13 39
13 162
13 212
13 245
13 294
14 21
14 57
14 89
14 144
14 151
15 185
15 239
15 241
15 275
16 203
16 215
17 123
17 260
18 177
18 226
18 229
18 251
19 63
19 70
20 80
20 122
20 136
20 258
21 82
21 227
21 251
22 65
22 133
22 240
23 157
23 227
23 282
24 25
24 53
24 100
24 109
24 226
25 102
25 136
26 54
26 70
26 167
28 68
28 254
28 284
28 295
29 50
29 124
29 220
30 162
31 48
31 50
31 54
31 70
31 87
31 115
31 174
31 274
31 280
31 282
32 237
33 44
33 57
33 206
34 141
34 144
35 281
36 56
36 77
36 92
36 123
37 223
38 200
38 232
39 48
39 68
39 272
40 225
41 131
41 209
41 221
41 241
41 256
42 121
42 142
42 165
42 167
42 199
43 75
43 81
43 135
43 294
44 56
44 157
45 221
45 228
46 91
46 164
46 177
46 190
47 77
47 180
47 288
47 290
48 149
48 238
48 288
48 289
49 70
49 142
49 149
49 157
50 142
50 193
50 233
50 250
50 294
51 228
51 252
52 182
52 241
53 138
53 174
53 203
53 298
54 58
54 166
54 185
54 248
54 250
55 113
55 144
55 189
55 241
55 262
56 62
56 79
56 198
56 226
57 165
57 219
57 231
57 292
58 98
58 141
59 79
59 107
59 116
59 169
59 177
59 246
60 123
60 244
62 126
62 292
63 125
63 153
63 195
63 199
63 227
64 290
64 296
64 297
65 133
65 151
65 177
65 249
66 253
66 296
68 103
68 237
69 237
69 239
70 151
71 100
71 102
71 105
71 171
71 200
71 281
72 226
72 274
73 140
73 174
73 277
74 113
74 197
74 250
74 288
75 113
75 182
75 219
75 229
75 252
76 111
76 113
76 213
77 113
77 139
77 158
77 161
77 177
77 246
78 277
78 291
79 119
79 250
80 121
80 210
80 286
81 150
81 169
81 183
81 281
82 109
82 174
82 230
83 199
83 227
83 231
83 251
84 94
84 153
84 294
85 102
85 117
85 144
85 169
85 222
85 247
86 115
87 209
87 294
88 174
88 220
88 289
89 163
89 212
90 145
90 159
90 175
90 195
90 201
90 237
90 268
91 102
91 168
91 214
91 282
92 102
92 104
92 122
92 124
92 178
92 227
92 250
93 109
93 159
93 176
93 179
93 200
93 276
94 140
94 197
94 204
95 110
95 127
95 162
95 176
95 262
96 269
97 195
98 106
98 114
98 242
99 146
99 225
99 263
100 117
100 221
100 231
100 274
100 293
101 141
101 153
101 284
102 205
102 206
102 279
103 192
103 205
104 115
104 175
104 254
104 259
106 261
107 112
107 174
107 186
107 215
107 292
108 211
108 292
109 160
109 182
109 289
109 299
110 134
110 153
110 278
111 180
111 275
112 187
112 243
112 251
113 173
114 127
114 208
115 196
115 228
115 272
116 168
116 299
117 244
117 285
118 195
118 299
119 231
119 261
119 268
119 280
120 188
120 214
120 218
121 133
121 145
121 155
121 174
121 230
121 254
121 293
122 150
122 299
123 141
123 152
123 185
123 221
123 258
124 150
124 167
124 193
125 181
125 209
125 275
126 169
126 203
126 265
127 146
127 192
127 268
128 230
129 136
129 186
129 242
131 146
131 177
131 255
131 296
133 196
133 234
133 265
134 191
134 242
134 257
135 234
136 139
136 140
136 188
137 207
137 257
137 274
139 182
139 194
139 239
140 259
140 287
140 289
141 165
141 175
141 192
142 192
142 217
142 242
142 279
143 174
143 245
146 230
146 261
146 265
146 267
147 180
147 216
148 181
148 278
149 195
149 203
151 265
151 292
152 230
152 292
153 254
153 272
154 224
155 270
156 264
157 287
158 206
158 212
160 193
161 229
162 279
164 255
164 267
164 271
164 295
165 200
165 215
165 269
167 251
167 266
167 274
167 296
168 171
169 244
170 292
171 235
171 278
172 206
173 206
174 193
174 219
174 263
174 296
176 201
177 214
178 194
179 277
180 207
180 286
183 213
183 222
183 288
184 213
184 228
184 297
185 281
185 284
186 290
190 198
190 207
190 224
192 203
192 214
192 242
192 277
193 261
193 266
195 209
195 210
195 263
197 263
199 204
199 229
199 250
199 298
201 251
202 263
203 210
203 220
204 210
204 216
205 220
205 290
205 293
207 233
208 251
209 300
210 278
211 276
212 227
212 243
212 265
213 216
213 258
214 221
214 260
215 279
216 246
216 256
216 264
218 291
218 293
219 261
220 244
220 288
225 229
225 240
225 286
226 237
226 299
227 251
227 268
229 244
231 298
234 247
235 290
237 242
237 253
238 278
238 296
245 258
246 251
246 271
246 298
247 264
255 264
256 265
256 279
260 275
262 296
263 288
264 268
268 284
271 285
272 300
273 286
279 288
279 300
288 298
