300 1188
1 13
1 15
1 19
1 115
1 157
1 205
1 248
1 284
2 59
2 127
2 149
2 177
2 203
2 284
3 35
3 62
3 68
3 143
3 186
3 224
4 11
4 131
4 222
4 235
4 267
4 287
4 299
5 13
5 44
5 89
5 116
5 132
5 195
5 214
5 215
5 217
5 294
6 51
6 72
6 129
6 156
6 179
6 180
6 185
6 200
6 262
7 8
7 13
7 34
7 70
7 86
7 96
7 130
7 192
7 193
7 205
7 212
7 226
7 228
7 232
7 248
7 262
7 283
8 20
8 53
8 122
8 162
8 197
8 229
8 259
9 56
9 71
9 150
9 289
10 17
10 26
10 67
10 287
11 18
11 22
11 77
11 90
11 157
11 295
12 20
12 76
12 109
12 144
12 159
12 170
12 200
13 36
13 47
13 61
13 97
13 119
13 223
13 259
14 15
14 33
14 54
14 240
14 242
14 249
14 272
15 21
15 60
15 101
15 155
15 204
15 267
15 291
16 67
16 77
16 91
16 110
16 169
16 180
16 280
16 297
17 39
17 97
17 142
17 156
17 167
17 177
17 188
17 192
17 227
17 235
17 289
18 20
18 45
18 65
18 120
18 124
18 132
18 267
18 299
19 43
19 69
19 96
19 116
19 121
19 154
19 284
20 27
20 84
20 178
20 216
20 232
20 236
20 261
21 137
21 158
21 189
22 56
22 118
22 138
22 139
22 142
22 147
22 185
22 192
22 234
22 285
23 27
23 105
23 172
23 276
23 299
24 72
24 86
24 226
24 235
24 299
25 47
25 116
25 122
25 147
25 157
25 162
25 190
25 228
25 242
25 281
25 293
26 125
26 136
26 144
26 145
26 151
26 243
26 259
27 44
27 46
27 55
27 78
27 109
27 110
27 141
27 204
27 237
27 238
27 240
27 244
28 93
28 136
28 198
28 237
28 267
29 70
29 87
29 93
29 97
29 163
29 245
29 275
29 286
30 90
30 141
30 148
30 151
30 162
30 168
31 137
31 165
31 235
31 236
31 246
31 267
31 278
32 33
32 83
32 126
32 171
32 212
32 224
32 247
32 250
33 68
33 142
33 233
33 293
34 76
34 155
34 222
34 240
34 262
35 44
35 67
35 80
35 91
35 119
35 196
35 230
35 249
35 263
35 300
36 139
36 182
36 184
36 214
36 215
36 238
36 249
36 250
37 117
37 194
37 208
37 230
37 261
37 298
38 52
38 81
38 83
38 91
38 102
38 165
38 204
38 228
38 242
38 247
38 280
38 286
38 287
39 41
39 126
39 131
39 157
39 213
39 293
40 99
40 131
40 167
40 225
40 235
40 258
40 273
40 292
41 68
41 100
41 115
41 173
42 56
42 135
42 175
42 192
42 200
42 208
42 240
42 291
42 297
43 94
43 186
43 192
43 246
43 252
43 261
43 279
44 70
44 168
44 193
44 257
44 278
44 298
45 115
45 135
45 143
45 167
45 263
46 139
46 171
46 191
46 232
46 239
46 278
47 55
47 78
47 96
47 108
47 151
47 161
47 193
47 231
47 255
47 289
48 119
48 121
48 127
48 130
48 161
48 169
48 212
48 236
49 64
49 102
49 195
49 294
50 52
50 160
50 214
50 217
51 71
51 82
51 112
51 162
51 199
51 259
51 270
52 62
52 97
52 128
52 291
53 98
53 103
53 124
53 177
53 220
53 232
53 281
54 94
54 102
54 128
54 212
54 223
54 232
54 271
54 284
55 108
55 175
55 205
55 207
55 272
56 57
56 103
56 144
56 182
56 194
56 243
57 66
57 97
57 132
57 163
57 172
57 203
57 204
57 225
57 287
57 290
58 73
58 154
58 168
58 197
58 226
58 232
59 68
59 90
59 118
59 139
59 154
59 185
59 196
59 200
59 216
59 242
60 95
60 96
60 188
60 229
60 283
61 138
61 147
61 197
61 210
62 73
62 138
62 165
62 226
62 242
62 252
62 271
62 284
62 288
63 81
63 133
63 287
64 185
64 198
64 267
64 278
65 66
65 94
65 106
65 117
65 137
65 147
65 150
65 156
65 285
66 84
66 108
66 120
66 147
66 181
66 183
66 205
66 247
67 78
67 98
67 111
67 122
67 164
67 220
67 229
67 248
67 258
67 263
68 126
68 177
68 266
68 272
68 279
68 281
69 87
69 111
69 149
69 164
69 166
69 223
70 75
70 115
70 120
70 221
71 75
71 82
71 94
71 112
71 134
71 263
71 270
72 77
72 93
72 104
72 118
72 230
72 253
73 181
73 209
73 217
73 221
73 263
73 278
74 78
74 89
74 115
74 148
74 168
74 176
74 221
74 224
74 284
75 125
75 131
75 152
75 181
75 192
75 237
75 277
76 177
76 190
76 219
76 225
76 264
76 277
77 118
77 157
77 189
77 268
77 273
77 278
78 111
78 146
78 204
78 215
78 228
78 288
79 94
79 112
79 254
79 289
80 94
80 99
80 132
80 156
80 171
80 179
80 190
80 283
80 299
81 89
81 101
81 104
81 220
81 227
81 277
81 281
81 296
82 97
82 101
82 165
82 166
82 177
82 224
82 229
82 245
82 283
83 107
83 176
83 234
83 250
84 109
84 190
84 196
84 222
84 237
84 243
84 245
84 247
84 277
85 119
86 187
86 236
86 254
87 115
87 195
87 256
87 260
87 265
87 268
88 193
88 230
88 240
88 254
88 273
88 293
89 153
89 204
89 284
89 300
90 96
90 97
90 151
90 153
90 220
90 236
90 277
91 133
91 167
91 183
91 198
91 201
91 241
91 246
92 104
92 192
92 275
93 126
93 129
93 131
93 134
93 148
93 152
93 197
93 209
93 245
93 246
94 158
94 243
94 245
94 253
94 274
95 156
95 193
95 205
95 219
95 222
95 237
95 289
96 97
96 159
96 166
96 235
96 236
97 158
97 292
97 299
98 193
98 205
98 238
98 263
98 266
99 178
99 293
99 299
100 119
100 167
100 171
100 189
100 193
100 280
101 102
101 156
101 172
101 240
102 103
102 110
102 281
103 116
103 123
103 125
103 227
103 271
104 199
105 128
105 129
105 168
106 132
106 259
106 266
106 278
107 224
108 153
108 168
108 184
108 199
108 207
108 220
108 226
108 240
108 248
109 188
109 213
109 267
110 169
110 197
110 200
110 214
110 237
110 252
111 138
111 162
111 218
111 236
111 247
111 252
111 255
111 288
111 289
111 294
112 114
112 119
112 191
112 223
112 235
112 283
112 285
113 220
113 224
114 159
114 161
114 183
114 214
114 263
114 297
114 298
114 299
115 158
115 190
115 297
116 173
116 247
116 264
117 136
117 177
117 180
117 193
117 200
117 218
117 252
117 261
117 272
118 186
118 235
118 275
118 289
119 147
119 300
120 129
120 130
120 151
120 155
120 174
120 226
120 247
120 267
120 295
121 127
121 184
121 296
122 249
122 299
123 177
123 205
123 213
123 235
123 263
123 294
124 192
124 202
124 219
124 227
124 283
125 133
125 147
125 192
125 229
125 288
125 291
126 168
126 209
126 279
126 292
127 223
127 245
127 254
127 267
128 134
128 202
128 298
129 137
129 186
129 226
129 278
129 298
130 161
130 180
130 243
130 299
131 140
131 223
131 240
131 246
132 169
132 282
132 295
133 277
134 159
134 206
134 247
135 139
135 181
135 202
135 226
135 282
135 300
136 165
136 203
136 216
136 249
136 285
137 150
137 188
137 233
137 235
138 170
138 175
138 277
138 284
139 152
139 213
139 234
139 239
139 253
139 284
139 297
140 151
140 208
140 248
141 208
141 255
142 153
142 234
142 236
142 247
142 253
142 275
143 152
143 161
143 267
144 148
144 198
144 241
144 273
144 295
145 166
145 175
145 185
145 201
145 232
145 269
146 186
146 202
146 242
146 266
147 199
147 252
147 266
148 176
148 193
148 195
148 210
148 284
149 165
149 176
149 267
149 270
149 274
150 218
150 224
150 260
150 280
150 286
150 291
151 181
151 299
152 157
152 190
152 241
152 249
152 290
153 192
153 264
154 182
154 193
154 213
154 236
154 273
154 276
154 279
155 186
155 249
156 253
156 260
156 283
157 166
157 215
157 245
157 273
157 295
158 176
158 210
158 223
158 277
159 225
159 230
159 239
159 280
160 162
160 183
161 190
161 194
161 242
161 262
162 185
162 240
162 260
162 261
162 276
163 189
163 191
163 202
163 243
163 246
163 271
163 277
163 280
164 188
164 206
164 207
165 224
166 184
166 244
166 248
167 205
167 210
167 222
167 276
167 284
167 294
167 297
168 282
168 283
168 296
169 201
169 244
169 288
170 179
170 258
170 259
171 175
171 265
171 281
171 287
172 183
172 194
172 217
172 244
172 269
172 296
173 184
173 281
174 181
174 284
175 182
175 191
175 202
175 220
175 256
175 264
175 281
176 217
176 254
177 204
177 206
177 235
177 236
177 253
178 241
178 249
179 188
179 197
179 204
179 215
179 240
179 252
180 221
180 227
180 241
180 296
181 258
181 290
182 244
182 245
182 271
183 193
183 267
184 207
184 223
184 269
185 190
185 204
185 235
185 253
185 262
186 193
186 209
186 236
187 215
187 280
187 300
188 294
189 247
189 290
190 228
190 277
191 272
191 282
191 289
191 297
192 239
193 217
193 249
193 268
193 290
194 208
195 243
195 260
195 264
196 212
196 243
197 261
198 205
198 208
198 211
198 228
198 267
200 234
200 256
200 263
201 236
201 263
201 284
202 254
202 269
202 299
203 234
205 267
205 280
206 209
206 233
206 266
207 235
207 285
209 223
209 229
209 253
211 221
211 250
211 264
211 276
211 286
211 291
212 217
212 246
212 260
212 277
212 282
213 214
213 215
213 249
213 288
214 215
214 242
214 300
215 252
215 256
216 220
217 269
217 277
218 250
218 278
219 299
220 271
221 236
221 253
221 260
221 290
222 232
222 264
223 234
223 286
223 290
224 265
225 255
226 244
228 230
229 243
229 268
229 271
231 245
231 275
231 285
232 243
232 253
232 274
232 275
233 234
233 254
233 260
233 276
233 286
234 242
234 289
236 273
236 276
238 289
239 244
239 277
239 293
239 300
240 266
240 278
240 293
241 249
241 278
241 295
243 248
244 291
245 269
245 280
246 262
246 299
247 252
251 291
256 297
257 271
257 289
258 281
259 270
260 299
263 275
264 282
264 293
265 277
267 272
267 295
269 276
270 287
271 275
271 276
273 286
273 292
273 299
275 284
275 290
276 283
281 298
284 293
285 286
285 289
285 291
288 296
290 299
290 300
291 294
292 295
292 299
