400 1571
1 67
1 173
1 174
1 227
1 236
1 265
1 279
1 285
1 332
2 9
2 97
2 164
2 244
2 292
2 310
2 331
2 341
2 361
3 49
3 100
3 133
3 167
3 184
3 264
3 295
3 375
4 13
4 25
4 122
4 205
4 252
4 326
4 345
5 21
5 45
5 70
5 121
5 132
5 177
5 180
5 251
5 311
5 313
5 357
5 363
5 374
6 20
6 29
6 96
6 190
6 202
6 298
6 331
6 364
6 398
7 120
7 153
7 214
7 366
8 25
8 36
8 45
8 87
8 107
8 136
8 195
8 210
8 258
8 337
8 352
8 361
9 88
9 106
9 123
9 156
9 194
9 203
9 268
9 386
10 22
10 98
10 208
10 218
10 237
10 238
10 241
10 273
10 293
10 313
10 326
10 369
11 140
11 188
11 297
11 299
11 306
11 330
11 334
11 355
11 396
12 14
12 35
12 101
12 156
12 222
12 272
12 345
12 353
12 357
13 35
13 49
13 127
13 131
13 246
13 267
13 272
13 289
13 321
13 337
14 173
14 232
14 261
14 317
15 16
15 43
15 78
15 192
15 260
16 187
16 201
16 279
16 302
16 344
17 21
17 82
17 300
17 333
18 34
18 86
18 136
18 246
18 247
18 254
18 284
18 301
18 326
19 124
19 302
19 310
20 50
20 102
20 184
20 251
20 265
20 291
20 337
20 396
21 72
21 176
21 189
21 238
21 272
21 286
22 23
22 77
22 78
22 136
22 235
22 246
22 345
22 368
23 76
23 83
23 86
23 138
23 160
23 209
23 215
23 241
23 248
23 252
23 292
23 308
23 311
23 351
23 389
24 72
24 101
24 132
24 168
24 383
24 392
24 394
25 68
25 81
25 82
25 253
25 254
25 273
25 277
25 291
26 41
26 43
26 218
26 221
26 229
26 291
26 359
27 58
27 68
27 204
27 235
27 291
27 356
28 48
28 104
28 182
28 205
28 385
29 168
29 210
29 217
29 324
29 337
30 43
30 110
30 219
30 225
30 232
30 294
30 340
30 370
31 90
31 153
31 303
31 325
32 42
32 45
32 106
32 163
32 211
32 384
32 387
33 60
33 93
33 117
33 136
33 174
33 175
33 210
33 220
33 243
33 256
33 257
33 261
33 263
33 271
33 284
33 357
34 77
34 122
34 131
34 212
34 291
34 341
35 246
35 248
35 297
35 312
35 326
35 327
35 369
35 389
35 397
36 204
36 253
36 266
36 272
36 338
36 357
36 385
37 39
37 166
37 272
37 334
37 340
37 350
38 41
38 42
38 225
38 263
38 269
38 277
38 285
38 297
38 304
38 306
38 382
39 52
39 101
39 108
39 240
40 87
40 149
40 198
40 213
40 232
40 318
40 376
41 59
41 99
41 157
41 184
41 227
41 259
41 301
41 313
42 111
42 153
42 155
42 285
42 343
42 366
43 44
43 111
43 205
43 351
44 51
44 154
44 188
44 241
44 301
44 388
44 400
45 49
45 106
45 177
45 237
45 258
45 271
45 292
45 341
45 345
46 59
46 116
46 118
46 158
46 188
46 197
46 242
46 331
46 368
46 396
47 164
47 245
47 305
47 307
47 322
47 335
47 381
47 397
48 81
48 144
48 151
48 271
48 360
48 370
48 373
49 87
49 123
49 124
49 142
49 163
49 184
49 239
49 244
49 264
49 293
50 51
50 109
50 137
50 150
50 193
50 200
50 222
50 269
50 279
50 289
50 361
50 400
51 102
51 108
51 189
51 211
51 230
51 380
52 64
52 105
52 109
52 130
52 319
52 384
52 391
53 62
53 157
53 169
53 184
53 193
53 263
53 265
53 312
53 348
54 168
54 207
54 266
54 350
55 88
55 139
55 353
55 396
56 166
56 195
56 226
56 244
56 284
57 59
57 91
57 105
57 186
57 201
57 381
58 98
58 136
58 137
58 175
58 298
58 306
58 323
58 374
59 74
59 171
59 206
59 272
59 321
59 329
59 330
59 379
60 82
60 155
60 216
60 305
60 323
61 77
61 86
61 156
61 162
61 191
61 213
61 221
61 266
61 269
61 304
61 343
61 359
62 80
62 144
62 167
62 202
62 215
62 216
62 228
62 399
63 120
63 138
63 189
63 335
63 351
63 353
64 134
64 202
64 220
64 321
64 383
64 388
65 82
65 124
65 201
65 205
65 293
65 294
65 315
66 126
66 131
66 181
66 203
66 300
66 344
66 390
67 79
67 92
67 100
67 144
67 149
67 164
67 169
67 171
67 174
67 321
67 349
67 392
68 109
68 124
68 295
68 350
68 360
69 128
69 157
69 164
69 342
69 391
69 399
70 177
70 240
70 250
70 350
70 354
71 181
71 216
71 246
71 354
71 399
72 194
72 203
72 216
72 358
73 124
73 175
73 206
73 390
74 85
74 94
74 102
74 144
74 186
74 234
74 306
74 384
75 155
75 201
75 237
75 312
75 315
76 110
76 113
76 124
76 130
76 204
76 228
76 280
76 337
77 161
77 281
77 285
77 356
77 374
78 137
78 292
78 377
78 385
79 88
79 103
79 108
79 114
79 209
79 246
79 293
79 315
79 337
79 344
80 103
80 137
80 230
80 245
80 247
80 290
81 82
81 89
81 111
81 115
81 120
81 125
81 136
81 189
81 194
81 196
81 259
81 347
81 349
81 362
81 363
81 373
82 125
82 145
82 157
82 222
82 321
83 112
83 192
83 200
83 219
83 333
84 176
84 211
84 225
84 343
85 92
85 94
85 160
85 188
85 358
85 367
85 382
86 130
86 149
86 168
87 97
87 137
87 164
87 200
87 216
87 306
87 383
88 131
88 148
88 190
88 249
88 284
88 319
88 385
89 198
89 245
89 253
89 265
89 381
89 390
90 264
90 286
90 377
91 138
91 149
91 163
91 185
91 188
91 207
91 212
91 236
91 295
91 305
91 391
92 127
92 178
92 180
92 225
92 314
92 329
92 333
93 102
93 134
93 139
93 169
93 199
93 264
93 330
93 342
93 376
94 278
94 292
94 297
94 355
94 364
94 391
94 394
94 395
95 172
95 241
95 305
95 334
96 100
96 118
96 205
96 277
97 156
97 172
97 285
97 378
98 122
98 132
98 243
98 266
98 308
99 189
99 289
99 310
99 330
99 382
99 390
100 126
100 190
100 228
100 279
100 293
100 325
101 190
101 242
101 399
102 203
102 275
102 277
102 315
102 329
103 131
103 132
103 134
103 145
103 184
103 207
103 245
103 321
103 334
103 350
103 367
103 381
104 107
104 167
104 194
104 391
105 195
105 305
105 315
105 334
106 202
106 287
106 308
106 335
106 384
106 399
107 116
107 196
107 202
107 243
107 290
107 368
108 137
108 251
108 316
109 146
109 155
109 181
109 254
109 271
109 358
110 164
110 172
110 245
110 354
111 128
111 135
111 140
111 170
111 186
111 317
111 335
111 388
111 393
112 346
113 131
113 150
113 164
113 258
113 316
113 325
114 186
114 249
114 343
114 350
114 397
115 214
115 262
115 361
116 254
116 255
116 259
116 327
116 359
117 137
117 181
117 187
117 274
117 287
117 349
118 220
118 259
118 273
118 292
118 332
118 380
119 145
119 211
119 233
119 294
119 341
120 123
120 153
120 276
120 382
121 155
121 212
121 234
121 307
121 309
121 349
121 377
122 149
122 189
122 264
122 292
122 313
122 320
122 346
122 387
123 138
123 272
123 328
123 385
124 382
125 162
125 278
125 293
125 315
125 352
126 179
126 182
126 304
126 334
126 370
127 177
127 208
127 248
127 272
127 302
127 374
128 255
128 293
128 371
129 231
129 265
129 332
129 364
130 257
130 368
131 137
131 169
131 208
131 396
132 172
132 206
132 259
132 276
132 278
132 285
132 360
132 392
133 256
133 263
133 268
133 295
133 353
134 203
134 279
134 309
134 328
134 352
134 367
134 394
135 223
135 287
135 298
135 333
135 343
135 400
136 193
136 218
136 273
136 275
136 378
136 379
137 151
137 233
137 289
137 349
137 378
138 167
138 172
138 201
138 215
138 222
138 323
138 353
138 354
138 388
139 157
139 356
139 370
140 184
140 192
141 149
141 156
141 190
141 199
141 303
141 321
141 343
141 349
141 370
141 382
142 160
142 234
142 301
142 322
142 336
142 348
143 144
143 243
143 392
144 276
144 343
144 358
144 373
145 215
145 218
145 226
145 247
145 263
146 149
146 266
146 347
147 250
147 286
147 310
147 318
147 378
148 162
148 245
148 247
148 293
148 296
148 370
148 384
149 212
149 295
149 310
149 357
150 229
150 275
150 395
151 254
151 307
151 361
151 396
152 155
152 164
152 354
152 363
153 167
153 231
153 242
153 272
153 274
153 321
153 328
153 365
154 159
154 192
154 196
154 271
154 279
154 329
154 368
155 203
155 260
155 277
155 305
156 160
156 189
156 195
156 201
156 212
156 220
156 259
156 264
156 285
156 296
156 306
156 312
156 315
156 316
156 324
158 274
158 319
159 168
159 188
159 319
159 333
160 162
160 277
160 364
161 191
161 262
161 308
161 315
161 320
161 321
161 324
161 345
162 244
162 289
163 196
163 242
163 358
163 364
163 385
164 265
164 286
164 306
164 321
164 386
165 193
165 284
165 331
165 337
165 359
166 226
166 234
166 274
166 344
167 176
167 212
167 216
167 247
167 377
167 394
168 189
168 246
168 250
168 294
168 313
168 344
168 368
169 210
169 223
169 245
170 189
170 202
170 221
170 285
170 369
171 197
171 219
171 223
171 358
171 376
171 379
172 241
172 245
172 290
172 349
173 243
173 287
174 228
174 237
174 255
174 277
174 321
174 345
174 384
174 385
175 189
175 284
175 343
175 350
176 205
176 352
177 259
177 271
178 189
178 229
178 250
179 184
179 193
179 243
179 380
180 238
180 251
180 329
180 351
180 397
181 368
182 275
182 313
182 320
182 361
182 397
183 241
183 271
183 281
183 368
183 383
183 395
184 254
184 263
184 272
185 204
185 226
185 245
185 254
185 308
186 309
186 337
186 354
186 364
187 231
187 351
187 355
187 376
187 381
188 197
188 302
188 307
188 316
188 327
188 334
189 339
189 357
190 304
190 341
190 367
190 373
191 236
191 259
191 343
192 269
192 332
193 292
193 391
194 198
194 212
194 232
194 244
194 382
195 317
196 244
196 299
196 357
196 359
197 208
197 225
197 234
197 252
197 288
197 362
198 262
198 271
198 285
198 336
198 393
200 273
200 284
200 398
201 229
201 235
201 264
201 294
201 344
201 389
201 395
202 231
202 303
202 341
202 353
202 366
202 371
203 246
203 289
203 302
203 349
204 370
204 374
204 389
205 246
205 260
205 334
205 366
205 373
206 260
206 298
206 311
206 316
206 364
206 389
207 222
207 260
207 314
207 374
208 363
208 366
209 254
209 269
209 321
210 249
210 320
210 347
210 380
211 223
211 345
211 384
211 392
212 225
212 276
212 298
212 299
212 363
212 365
213 262
213 298
213 312
213 346
213 366
214 255
214 266
214 272
214 279
215 221
215 262
216 250
216 254
216 313
216 397
217 280
217 323
217 349
217 368
217 386
217 397
218 347
218 381
219 322
219 331
219 333
219 359
219 392
220 294
220 324
220 342
220 377
221 234
221 236
221 352
221 377
221 382
221 388
221 397
222 339
222 385
223 270
223 323
223 325
223 352
224 225
224 243
224 264
224 294
224 353
225 381
226 365
226 386
226 394
227 317
227 319
227 377
228 389
229 293
229 309
230 239
230 327
231 257
231 274
231 350
231 387
232 341
232 380
233 235
233 260
233 271
233 321
233 396
234 237
234 256
234 264
234 295
234 299
235 238
235 254
235 257
235 335
235 339
236 285
236 318
236 377
237 247
237 348
238 318
238 366
238 390
239 297
239 310
239 350
239 393
240 256
240 286
240 370
240 379
240 396
241 254
241 279
241 307
241 313
241 332
242 252
242 376
243 244
243 279
243 292
244 316
244 349
244 364
245 260
246 262
246 321
246 355
247 251
247 299
247 325
247 339
247 394
248 254
248 292
249 392
250 252
250 253
250 315
250 347
250 353
250 356
250 386
251 256
251 272
251 291
251 375
251 387
252 278
252 338
252 341
253 294
253 378
254 264
254 269
254 282
254 299
254 352
254 366
255 342
255 354
255 388
258 274
258 275
258 311
258 322
258 360
259 315
260 284
260 315
260 360
261 290
261 303
261 324
261 350
261 359
262 340
263 382
264 279
264 384
265 277
265 315
265 393
266 279
266 289
266 292
266 323
266 333
267 305
267 322
267 391
268 349
268 399
269 271
269 301
269 325
269 357
269 399
270 285
270 359
270 386
271 278
271 305
271 380
271 384
272 320
272 350
272 367
273 345
273 377
273 393
273 399
274 291
274 381
274 386
275 392
276 291
276 343
276 348
277 306
278 292
278 324
279 307
279 332
279 377
280 311
280 349
281 287
281 319
281 351
281 396
282 307
282 315
282 341
283 311
283 328
285 299
285 317
285 374
286 295
286 303
287 292
287 341
288 326
288 350
289 362
289 380
291 293
291 300
291 379
292 297
292 305
293 374
294 312
294 319
294 364
294 370
294 390
296 312
296 313
297 301
297 358
297 388
297 393
298 378
299 381
299 382
299 388
300 328
300 336
301 307
302 318
302 340
302 354
303 308
303 349
304 379
304 390
305 314
305 322
305 377
306 307
306 328
306 333
306 337
308 364
309 332
310 313
311 339
311 349
311 374
312 380
312 383
312 391
313 390
314 347
314 356
314 366
315 321
315 326
316 349
316 400
318 339
319 355
319 360
319 362
321 338
321 362
322 376
322 389
322 399
325 374
326 366
327 349
327 353
329 360
329 371
329 397
331 335
332 370
332 385
332 392
337 372
337 378
338 346
340 356
341 392
342 371
343 397
345 367
346 353
348 388
348 389
349 372
351 365
351 397
353 399
354 391
356 360
356 365
360 387
364 388
370 400
372 389
375 382
375 391
379 399
386 395
387 391
391 400
