300 1504
1 33
1 37
1 55
1 92
1 97
1 195
1 225
1 282
2 62
2 103
2 123
2 170
2 192
2 210
2 219
2 233
2 250
2 269
2 296
3 8
3 130
3 149
3 162
3 170
3 228
3 263
3 270
4 31
4 62
4 83
4 120
4 163
4 204
4 239
5 7
5 26
5 33
5 45
5 48
5 58
5 60
5 66
5 89
5 111
5 132
5 177
5 186
5 206
5 220
6 62
6 125
6 171
6 172
6 189
6 205
6 251
6 285
6 288
6 293
7 17
7 94
7 99
7 126
7 145
7 154
7 195
7 199
7 279
7 283
8 35
8 38
8 42
8 49
8 79
8 116
8 183
8 212
8 289
9 23
9 50
9 75
9 128
9 150
9 167
9 194
9 197
9 246
9 252
9 256
9 286
9 296
10 23
10 32
10 55
10 71
10 110
10 120
10 135
10 162
10 221
10 223
10 255
10 288
10 298
11 21
11 54
11 89
11 98
11 117
11 147
11 178
11 195
11 287
12 22
12 63
12 65
12 82
12 118
12 140
12 142
12 149
12 178
12 199
12 279
12 296
13 39
13 66
13 72
13 103
13 113
13 125
13 126
13 167
13 201
13 222
13 227
14 39
14 61
14 99
14 103
14 125
14 166
14 176
14 178
14 184
14 197
14 202
14 251
15 72
15 78
15 107
15 215
15 218
15 260
15 299
16 18
16 55
16 86
16 107
16 122
16 125
16 193
17 60
17 67
17 112
17 126
17 175
18 43
18 45
18 50
18 60
18 109
18 116
18 167
18 189
18 208
18 233
18 234
18 244
18 249
18 259
18 261
19 41
19 151
19 162
19 188
19 189
19 218
19 221
19 224
19 246
19 248
19 265
20 60
20 75
20 100
20 117
20 134
20 147
20 174
20 222
21 28
21 34
21 39
21 92
21 137
21 143
21 146
21 151
21 196
21 208
21 235
21 263
21 269
21 273
21 275
22 37
22 64
22 75
22 127
22 183
22 222
23 27
23 39
23 54
23 124
23 169
23 221
23 241
23 262
23 271
23 282
24 46
24 60
24 62
24 86
24 91
24 111
24 120
24 161
24 171
24 177
24 190
24 206
24 218
24 273
24 276
24 282
24 287
25 28
25 45
25 54
25 149
25 158
25 163
25 181
25 237
25 239
25 270
25 283
26 52
26 77
26 117
26 123
26 159
26 186
26 227
26 237
26 274
26 275
26 296
27 32
27 52
27 59
27 189
27 201
27 203
27 216
27 231
27 261
28 43
28 54
28 89
28 96
28 115
28 118
28 136
28 140
28 145
28 285
29 40
29 53
29 65
29 102
29 290
29 293
30 119
30 127
31 88
31 97
31 112
31 203
31 213
31 297
32 39
32 145
32 169
32 175
32 181
32 200
32 212
32 282
33 85
33 114
33 126
33 131
33 135
33 139
33 155
33 208
33 223
33 251
33 280
34 37
34 73
34 87
34 89
34 107
34 110
34 119
34 124
34 138
34 162
34 170
34 194
34 263
34 294
35 40
35 53
35 86
35 118
35 123
35 132
35 152
35 168
35 206
35 216
35 237
35 263
36 40
36 52
36 90
36 98
36 140
36 176
36 232
36 237
36 297
37 42
37 83
37 132
37 141
37 142
37 193
37 198
37 224
37 241
37 261
37 278
37 300
38 51
38 93
38 100
38 134
38 236
38 244
38 249
38 264
38 278
39 78
39 121
39 150
39 187
39 189
39 200
39 225
39 229
40 44
40 87
40 99
40 172
40 239
40 243
40 277
40 278
41 43
41 53
41 65
41 124
41 130
41 208
41 214
41 216
41 233
41 277
42 101
42 109
42 144
42 188
42 200
42 207
42 263
43 75
43 145
43 153
43 159
43 167
43 195
43 201
43 222
43 266
44 105
44 162
44 207
44 216
44 218
44 223
44 225
44 246
44 251
44 255
44 267
45 85
45 87
45 108
45 139
45 207
45 210
45 276
46 70
46 95
46 157
46 187
46 203
46 216
47 53
47 91
47 102
47 135
47 203
47 232
47 235
47 289
48 57
48 98
48 106
48 114
48 122
48 155
48 170
48 198
48 206
48 287
49 70
49 113
49 115
49 139
49 251
49 294
50 94
50 196
50 226
50 228
50 229
50 232
50 240
50 266
51 89
51 110
51 122
51 138
51 196
51 224
51 259
51 265
51 269
52 105
52 126
52 209
52 284
53 66
53 72
53 89
53 135
53 138
53 155
53 170
53 184
53 187
53 208
53 239
54 59
54 97
54 108
54 193
54 204
54 216
54 255
54 290
55 95
55 107
55 118
55 138
55 144
55 182
55 227
55 231
56 68
56 111
56 123
56 174
56 205
56 243
56 267
57 62
57 66
57 127
57 154
57 168
57 183
57 185
57 237
57 267
58 121
58 288
59 83
59 91
59 113
59 155
59 166
59 176
59 240
59 244
59 251
59 284
60 91
60 124
60 146
60 155
60 164
60 210
60 225
60 233
60 253
61 115
61 131
61 135
61 156
61 181
61 281
62 85
62 93
62 95
62 120
62 158
62 193
62 208
62 223
62 262
62 263
63 70
63 80
63 121
63 160
63 214
63 241
63 243
63 283
64 110
64 122
64 139
64 164
64 185
64 236
64 239
66 84
66 97
66 142
66 175
66 179
66 225
66 297
67 94
67 120
67 125
67 130
67 135
67 154
67 182
67 231
67 280
68 71
68 118
68 126
68 145
68 220
68 230
68 249
68 253
68 263
68 273
68 278
68 282
69 76
69 85
69 137
69 148
69 170
69 185
69 191
69 198
69 215
69 252
69 277
69 281
69 299
70 78
70 104
70 108
70 166
70 168
70 181
70 195
70 218
70 263
71 104
71 122
71 144
71 154
71 164
72 79
72 227
72 251
72 254
72 269
72 284
73 75
73 119
73 162
73 174
73 180
73 190
73 206
73 279
74 181
74 190
74 204
74 209
74 227
74 262
74 295
75 163
75 259
75 267
76 94
76 153
76 167
76 195
76 209
76 222
76 254
76 278
77 115
77 139
77 166
77 218
77 245
77 283
78 119
78 120
78 145
78 230
78 283
79 225
79 254
79 300
80 87
80 93
80 172
80 184
80 226
80 275
81 160
81 185
81 233
81 237
81 241
82 99
82 188
82 222
82 234
82 281
83 164
83 190
83 193
83 272
83 297
84 92
84 100
84 164
84 183
84 204
84 212
84 222
84 268
85 89
85 131
85 166
85 171
86 118
86 176
86 200
86 216
86 266
86 277
86 279
86 292
87 102
87 108
87 160
87 268
88 111
88 169
88 175
88 216
88 219
88 229
88 235
88 257
88 272
88 286
89 142
89 203
89 275
90 127
90 147
90 172
90 234
90 261
90 283
90 289
90 295
91 131
91 144
91 181
91 192
91 225
91 252
91 270
91 300
92 93
92 188
92 224
92 282
92 299
93 106
93 112
93 185
93 204
93 209
93 236
93 257
94 140
94 158
94 232
94 237
94 261
94 271
94 287
95 117
95 122
95 130
95 149
95 151
95 173
95 218
95 235
95 269
95 282
95 297
96 109
96 122
96 127
96 131
96 158
96 256
97 142
97 168
97 229
97 245
97 262
97 278
98 147
98 200
98 288
99 108
99 109
99 112
99 157
99 200
99 228
99 274
100 178
100 199
100 238
100 269
101 110
101 127
101 164
101 186
101 193
101 224
102 107
102 152
102 170
102 190
102 191
103 232
103 257
103 279
103 292
103 300
104 167
104 256
105 115
105 162
105 167
105 225
105 232
105 235
105 249
106 112
106 147
106 178
106 199
106 207
106 235
106 238
106 250
107 123
107 127
107 173
107 234
107 239
108 127
108 191
108 208
108 250
108 274
109 198
109 210
109 226
109 230
109 268
110 194
110 196
110 207
110 222
110 231
110 247
110 250
110 258
110 293
111 126
111 163
111 172
111 182
111 200
111 253
111 274
112 134
112 161
112 183
112 265
112 285
113 177
113 185
113 197
113 202
113 212
113 278
114 116
114 136
114 140
114 146
114 161
114 164
114 190
114 191
114 216
114 219
114 229
114 246
114 257
115 132
115 145
115 152
115 154
115 192
115 247
115 255
115 265
115 269
115 277
115 299
116 166
116 174
116 238
117 184
117 192
117 207
117 272
117 276
117 293
117 296
118 119
118 128
118 156
118 189
118 219
118 252
119 123
119 158
119 188
119 191
119 198
120 127
120 135
120 142
120 159
120 298
121 132
121 138
121 141
121 142
121 169
121 173
121 205
121 232
121 235
122 228
122 268
122 285
123 159
123 180
123 206
123 223
123 241
123 275
123 285
123 292
124 132
124 234
124 290
124 300
125 161
125 188
125 192
125 215
125 231
125 232
125 263
125 293
126 138
126 148
126 185
126 203
126 204
126 206
126 244
126 249
126 259
126 265
126 273
126 293
126 295
127 133
127 144
127 153
127 165
127 206
127 239
127 252
127 266
127 295
128 133
128 169
128 170
128 192
128 206
128 230
128 243
128 246
128 289
128 299
129 142
129 172
129 248
129 265
129 300
130 152
130 230
130 237
130 255
130 265
131 199
131 205
131 221
131 269
131 270
132 177
132 186
132 214
132 284
132 289
133 137
133 153
133 171
133 188
133 219
133 233
133 267
133 285
133 288
134 224
134 245
134 256
134 260
134 267
135 158
135 195
135 223
135 247
135 259
136 142
136 186
136 190
136 192
136 193
136 228
136 243
136 254
137 177
137 239
137 296
137 300
138 175
138 195
138 218
138 248
138 258
138 261
139 238
139 277
140 160
140 173
140 197
140 224
140 291
141 237
141 244
141 254
141 286
142 143
142 170
142 174
142 207
142 236
142 247
142 279
142 291
143 147
143 196
143 207
143 275
143 279
143 297
144 252
144 255
144 260
144 262
144 295
145 268
146 147
146 153
146 272
147 148
148 190
148 214
148 220
148 264
148 274
148 286
148 297
149 168
149 177
149 196
149 244
149 267
150 155
150 204
150 263
150 298
151 192
151 203
151 248
151 256
151 264
152 157
152 182
152 183
152 184
152 232
152 246
152 275
152 298
153 181
153 224
153 230
153 242
153 262
154 180
154 204
154 274
155 161
155 172
155 191
155 269
156 161
156 173
156 221
156 238
156 239
156 277
156 281
158 173
158 195
158 255
158 262
158 280
159 171
159 226
159 227
159 260
159 281
160 179
160 194
160 207
160 228
160 237
161 198
161 201
161 202
161 230
161 278
161 283
161 286
162 166
162 200
162 201
162 221
162 227
163 176
163 208
163 251
164 182
164 221
164 251
164 274
164 288
164 294
165 203
165 264
165 270
165 272
165 298
166 171
166 232
167 180
167 184
167 220
167 256
167 294
168 175
168 199
168 220
168 246
168 248
168 273
168 276
168 282
169 177
169 257
170 205
170 242
170 285
171 200
171 208
171 255
172 174
172 187
172 212
172 255
172 266
172 291
173 203
173 207
173 212
173 220
173 277
173 289
174 209
174 228
174 258
174 287
175 198
175 243
176 189
176 269
176 295
177 195
177 263
177 269
177 291
178 196
178 227
178 253
178 263
179 235
179 270
179 288
179 290
181 193
181 215
181 226
181 234
181 255
181 284
182 185
182 209
182 275
182 276
182 283
182 293
182 297
182 298
183 198
183 235
183 237
183 257
184 206
184 216
184 247
184 255
184 299
184 300
185 207
185 232
185 256
186 187
186 213
186 273
186 279
187 237
187 261
187 299
188 207
188 222
188 293
189 235
189 270
189 289
189 290
190 265
190 277
191 216
191 220
191 240
191 257
191 274
191 297
192 197
192 244
192 287
193 206
193 214
193 265
194 245
194 264
194 289
194 295
195 217
195 272
195 295
196 261
196 283
197 222
197 228
197 236
198 232
198 272
199 258
199 268
200 243
200 256
200 263
201 227
201 251
202 204
202 210
202 228
202 231
202 238
202 285
203 209
203 239
203 243
203 248
203 298
204 284
205 249
205 253
205 278
206 236
206 255
207 252
207 298
208 212
208 222
208 265
208 272
209 218
209 222
209 224
209 234
209 260
210 240
210 292
211 255
212 244
212 255
213 223
213 245
213 247
213 278
213 298
213 299
214 232
214 254
214 269
214 292
215 239
215 275
215 280
216 228
216 258
216 268
216 271
217 228
217 249
217 296
218 224
218 228
218 239
218 243
218 255
218 261
218 281
218 286
219 256
219 268
219 279
220 241
220 262
220 263
220 276
221 280
221 300
222 246
223 282
224 230
224 265
224 295
224 297
224 299
225 240
225 252
225 286
226 272
226 281
227 238
227 261
227 264
228 244
228 254
228 285
228 297
229 235
230 233
230 291
231 248
231 256
232 294
233 270
233 282
233 298
234 255
234 294
234 297
235 293
235 299
236 241
236 268
236 287
237 271
237 274
238 289
238 290
238 293
239 274
239 287
239 295
241 300
242 243
242 248
242 259
242 279
242 299
243 248
244 267
244 299
244 300
245 263
245 290
246 262
246 278
246 292
248 267
249 254
249 255
249 284
249 296
250 259
250 268
250 296
251 252
251 288
251 295
251 298
252 262
253 261
253 266
254 256
254 259
254 268
256 299
257 265
258 287
262 278
262 280
262 284
262 292
262 297
264 268
264 288
266 278
266 280
266 287
268 275
269 284
269 292
271 297
272 279
272 290
273 297
274 277
274 285
274 289
274 300
275 296
276 292
276 294
281 289
281 290
283 288
284 293
285 295
285 296
285 300
288 289
288 293
288 296
289 295
289 296
