200 982
1 16
1 26
1 35
1 39
1 49
1 64
1 95
1 110
1 111
1 115
1 141
1 165
1 176
1 180
2 6
2 9
2 17
2 28
2 58
2 61
2 69
2 81
2 109
2 163
2 179
2 186
2 194
3 18
3 23
3 38
3 52
3 56
3 92
3 120
3 128
3 130
3 142
3 149
3 159
3 164
4 24
4 49
4 90
4 101
4 108
4 123
4 132
4 161
4 172
4 173
5 24
5 25
5 37
5 40
5 67
5 118
5 125
5 158
5 166
5 195
6 25
6 85
6 87
6 124
6 160
7 25
7 37
7 38
7 86
7 122
8 22
8 73
8 76
8 90
8 91
8 107
8 123
8 149
8 179
8 197
9 11
9 34
9 36
9 47
9 51
9 60
9 129
9 141
9 167
9 173
10 29
10 33
10 67
10 115
10 161
10 194
11 55
11 61
11 114
11 177
12 22
12 37
12 38
12 74
12 90
12 122
12 125
12 147
12 165
12 189
13 15
13 72
13 108
13 117
13 126
13 149
13 150
13 152
13 158
13 167
13 169
14 66
14 76
14 81
14 119
14 131
14 135
14 150
14 170
14 188
15 21
15 38
15 71
15 74
15 112
15 118
15 126
15 130
16 30
16 31
16 33
16 45
16 78
16 85
16 89
16 94
16 98
16 154
16 165
16 168
16 173
16 176
16 198
17 22
17 45
17 61
17 82
17 87
17 88
17 98
17 131
17 139
17 140
17 156
17 189
17 191
17 194
18 49
18 67
18 69
18 93
18 100
18 105
18 158
18 161
18 196
19 31
19 115
19 157
19 193
20 25
20 42
20 50
20 64
20 94
20 114
20 133
20 142
20 148
20 179
20 186
21 64
21 65
21 97
21 122
21 134
21 148
21 165
22 28
22 29
22 62
22 69
22 72
22 121
22 169
23 55
23 123
23 168
23 169
24 34
24 42
24 50
24 65
24 78
24 96
24 107
24 122
24 154
24 163
24 190
25 30
25 43
25 64
25 71
25 125
25 181
26 44
26 45
26 63
26 89
26 117
26 137
26 154
26 158
26 166
27 39
27 40
27 53
27 72
27 101
27 116
27 127
27 147
27 161
27 167
28 39
28 54
28 66
28 70
28 95
28 101
28 114
28 119
28 185
29 83
29 84
29 104
29 109
29 126
29 129
29 164
29 171
29 181
29 187
30 31
30 50
30 70
30 88
30 110
30 112
30 113
30 124
30 127
30 198
31 46
31 62
31 65
31 67
31 100
31 122
31 134
31 148
31 173
31 177
31 191
32 60
32 111
32 120
32 139
32 199
33 45
33 57
33 89
33 145
33 161
34 59
34 69
34 133
34 146
34 166
35 57
35 65
35 87
35 98
35 132
35 137
35 146
36 71
36 86
36 89
36 103
36 120
36 152
37 47
37 56
37 68
37 72
37 109
37 111
37 152
37 162
38 45
38 85
38 120
38 132
38 147
38 174
38 192
39 85
39 92
39 96
39 120
39 138
39 144
39 159
39 161
39 180
39 189
40 55
40 98
40 99
40 100
40 101
40 112
40 115
40 120
40 157
40 161
40 189
40 195
40 198
41 44
41 82
41 102
41 125
41 136
41 159
41 190
42 54
42 63
42 67
42 88
42 105
42 118
42 156
42 183
42 188
42 195
43 70
43 77
43 99
43 103
43 108
43 113
43 124
43 200
44 49
44 52
44 59
44 80
44 81
44 85
44 86
44 105
44 120
44 123
44 161
44 170
45 62
45 81
45 89
45 101
45 123
45 149
45 180
46 52
46 95
46 130
46 153
46 161
46 163
46 189
47 69
47 144
47 145
47 163
47 166
47 181
48 63
48 107
48 125
48 127
48 154
48 157
48 169
48 177
48 188
49 87
49 89
49 91
49 97
49 125
49 129
49 133
49 163
49 190
50 53
50 63
50 65
50 82
50 94
50 103
50 116
50 117
50 127
50 142
50 144
50 167
50 180
50 194
51 57
51 65
51 74
51 79
51 91
51 94
51 135
51 153
51 194
51 196
52 77
52 87
52 102
52 113
52 159
52 163
52 173
52 174
52 178
52 182
53 58
53 81
53 113
53 114
53 119
53 133
53 135
53 157
53 170
53 197
54 63
54 67
54 76
54 87
54 101
54 106
54 136
54 157
54 161
54 162
54 181
54 189
54 199
55 98
55 179
56 61
56 90
56 99
56 113
56 130
56 135
56 138
56 154
56 155
56 161
56 195
57 76
57 103
57 109
57 140
57 159
58 86
58 102
58 193
58 198
59 64
59 75
59 79
59 120
59 141
59 152
59 164
59 167
60 71
61 90
61 100
61 121
61 144
61 148
61 196
62 67
62 76
62 144
62 157
62 172
62 176
62 184
63 71
63 76
63 81
63 117
63 151
64 65
64 89
64 122
64 137
64 156
64 160
64 166
64 179
64 190
65 141
65 162
65 178
65 194
66 73
66 74
66 78
66 83
66 113
66 160
66 165
66 183
67 117
67 122
67 130
67 153
67 180
67 183
68 120
68 145
68 175
69 93
69 94
69 126
69 134
69 198
70 91
70 112
70 124
70 131
70 132
70 146
70 151
70 168
71 85
71 114
71 123
71 150
71 162
71 191
71 199
72 74
72 103
72 112
72 131
72 143
73 86
73 97
73 130
73 133
73 146
73 151
73 179
73 190
74 121
74 157
74 166
75 87
75 109
75 132
75 136
75 143
75 149
75 151
75 154
75 157
75 191
75 200
76 92
76 166
76 172
76 181
77 109
77 131
77 163
77 200
78 81
78 89
78 96
78 130
78 152
78 159
78 174
78 181
79 84
79 154
79 176
79 179
80 82
80 148
80 156
80 177
80 189
81 127
81 130
82 94
82 122
82 131
82 136
82 145
82 168
82 169
82 172
82 173
82 195
83 97
83 100
83 113
83 139
83 144
84 94
84 102
84 134
84 141
84 173
84 177
84 181
85 135
85 150
85 159
85 173
85 176
85 197
86 110
86 124
86 134
86 138
86 165
87 107
87 114
87 132
87 138
87 141
87 150
87 187
88 102
88 113
88 135
88 154
88 167
88 195
88 200
89 109
89 139
89 143
89 166
89 186
90 121
90 125
90 147
90 197
91 123
91 129
91 132
91 145
91 185
91 186
92 94
92 100
92 113
92 119
92 133
92 135
92 149
92 187
92 197
93 113
93 127
93 133
93 153
93 172
94 106
94 127
94 129
94 133
94 139
94 153
94 157
94 182
94 183
95 99
95 111
95 130
95 135
95 184
95 187
96 117
96 160
96 184
97 115
97 116
97 120
97 126
97 135
97 137
97 141
97 155
97 181
97 197
98 102
98 136
98 146
98 183
99 104
99 136
99 145
99 148
99 187
100 105
100 108
100 121
100 131
100 172
100 196
101 119
101 155
101 197
102 122
102 145
102 148
103 106
103 127
103 158
103 161
103 171
103 190
104 127
104 193
104 199
105 116
105 125
105 157
105 169
106 133
106 152
106 199
107 108
107 128
107 140
107 141
107 159
107 199
108 114
108 119
108 136
108 163
108 164
108 167
108 175
108 197
108 198
109 119
109 133
109 135
109 161
109 193
109 199
110 137
110 140
110 145
110 153
110 173
111 145
111 148
111 152
111 192
112 147
112 148
112 165
112 189
113 124
113 141
113 169
113 175
113 183
113 192
114 128
114 144
114 145
114 184
114 192
114 193
115 132
115 162
115 163
116 142
116 147
116 158
116 195
116 197
117 165
117 168
118 132
118 138
118 182
118 195
120 139
120 183
120 186
120 197
121 143
121 159
121 163
122 169
122 196
123 162
123 189
124 150
124 190
125 136
125 150
125 200
126 144
126 156
126 181
126 197
127 166
127 173
127 186
128 138
128 163
129 146
129 176
129 178
130 179
130 190
130 194
130 199
131 163
131 188
132 185
133 147
133 176
133 178
133 180
134 145
134 158
134 166
134 187
135 144
135 151
135 198
136 138
136 165
136 176
136 200
137 178
138 163
138 168
138 179
139 146
139 160
139 168
140 160
140 172
140 186
140 195
141 151
141 161
141 170
141 183
141 184
142 151
142 153
142 178
143 146
143 172
144 147
144 181
144 190
145 150
145 151
145 163
145 199
146 148
146 165
146 199
147 164
147 174
148 172
148 174
148 188
148 194
149 160
149 161
149 183
150 184
151 169
151 179
151 199
152 199
153 174
154 163
154 196
155 170
155 181
155 189
156 185
157 168
157 169
157 174
158 179
158 197
159 171
160 163
160 179
161 165
161 181
161 191
162 167
162 169
162 175
163 169
163 188
164 172
164 182
165 169
165 182
165 189
165 199
166 189
168 172
168 179
170 172
171 200
172 200
173 181
173 196
174 179
176 182
178 189
178 199
182 198
185 188
185 190
185 197
186 189
186 198
190 193
191 196
194 199
